0.874772	0.479351	6.43645e-05	1.58101e-322
0.828808	0.561647	6.27035e-05	0.015
0.77548	0.639005	6.0821e-05	0.03
0.715326	0.710793	5.87431e-05	0.045
0.648934	0.776439	5.64971e-05	0.06
0.576931	0.835435	5.4111e-05	0.075
0.499982	0.887336	5.16136e-05	0.09
0.418778	0.93176	4.9034e-05	0.105
0.334037	0.968395	4.64015e-05	0.12
0.246488	0.996992	4.37454e-05	0.135
0.156877	1.01737	4.10945e-05	0.15
0.0659516	1.02941	3.84775e-05	0.165
-0.0255359	1.03306	3.59222e-05	0.18
-0.116838	1.02832	3.34557e-05	0.195
-0.207216	1.01528	3.11044e-05	0.21
-0.295942	0.994058	2.88934e-05	0.225
-0.382304	0.964848	2.68466e-05	0.24
-0.46561	0.927898	2.49868e-05	0.255
-0.545192	0.88351	2.33351e-05	0.27
-0.62041	0.83204	2.19113e-05	0.285
-0.690654	0.773896	2.07333e-05	0.3
-0.755347	0.709535	1.98175e-05	0.315
-0.813953	0.639462	1.91783e-05	0.33
-0.865974	0.564226	1.88281e-05	0.345
-0.910958	0.484419	1.87772e-05	0.36
-0.948504	0.400671	1.90338e-05	0.375
-0.978259	0.313651	1.96039e-05	0.39
-0.999926	0.224059	2.04909e-05	0.405
-1.01327	0.132625	2.1696e-05	0.42
-1.01811	0.0401045	2.32177e-05	0.435
-1.01435	-0.0527268	2.5052e-05	0.45
-1.00193	-0.145077	2.71922e-05	0.465
-0.980895	-0.236146	2.96289e-05	0.48
-0.95134	-0.325127	3.235e-05	0.495
-0.913444	-0.411218	3.53405e-05	0.51
-0.867464	-0.493626	3.8583e-05	0.525
-0.813733	-0.571576	4.20571e-05	0.54
-0.752661	-0.644318	4.574e-05	0.555
-0.684736	-0.711135	4.96066e-05	0.57
-0.610518	-0.771354	5.36291e-05	0.585
-0.530642	-0.824352	5.7778e-05	0.6
-0.445809	-0.869566	6.20216e-05	0.615
-0.356781	-0.906501	6.6327e-05	0.63
-0.264376	-0.934739	7.06597e-05	0.645
-0.16946	-0.953944	7.49845e-05	0.66
-0.0729372	-0.96387	7.92658e-05	0.675
0.0242606	-0.964367	8.34677e-05	0.69
0.121184	-0.955384	8.7555e-05	0.705
0.216877	-0.936971	9.14931e-05	0.72
0.310393	-0.909281	9.52488e-05	0.735
0.4008	-0.872568	9.87907e-05	0.75
0.4872	-0.827187	0.000102089	0.765
0.568738	-0.773586	0.000105119	0.78
0.64461	-0.712305	0.000107854	0.795
0.714079	-0.643965	0.000110276	0.81
0.776479	-0.569259	0.000112367	0.825
0.831228	-0.488945	0.000114114	0.84
0.877827	-0.403835	0.000115508	0.855
0.91587	-0.314782	0.000116542	0.87
0.945047	-0.22267	0.000117216	0.885
0.965141	-0.128404	0.00011753	0.9
0.976034	-0.0328947	0.000117492	0.915
0.977699	0.0629467	0.000117109	0.93
0.970202	0.158223	0.000116394	0.945
0.953697	0.252058	0.000115363	0.96
0.928421	0.343606	0.000114033	0.975
0.894687	0.432059	0.000112425	0.99
0.852882	0.516652	0.000110561	1.005
0.803455	0.59667	0.000108466	1.02
0.746915	0.671454	0.000106165	1.035
0.683824	0.740399	0.000103686	1.05
0.614787	0.802964	0.000101056	1.065
0.540449	0.858671	9.83046e-05	1.08
0.461485	0.907105	9.54605e-05	1.095
0.378599	0.947916	9.2553e-05	1.11
0.292513	0.980822	8.96115e-05	1.125
0.203963	1.0056	8.6665e-05	1.14
0.113695	1.02211	8.37422e-05	1.155
0.0224596	1.03025	8.08711e-05	1.17
-0.0689951	1.03	7.80792e-05	1.185
-0.159925	1.02139	7.53926e-05	1.2
-0.249596	1.00454	7.2837e-05	1.215
-0.337288	0.979584	7.04364e-05	1.23
-0.422298	0.94675	6.82137e-05	1.245
-0.503944	0.906307	6.61905e-05	1.26
-0.58157	0.858584	6.43867e-05	1.275
-0.654548	0.803958	6.28206e-05	1.29
-0.722283	0.742859	6.15089e-05	1.305
-0.784216	0.675767	6.04662e-05	1.32
-0.839826	0.603207	5.97053e-05	1.335
-0.888636	0.525748	5.9237e-05	1.35
-0.930215	0.443999	5.90699e-05	1.365
-0.964182	0.35861	5.92102e-05	1.38
-0.99021	0.270265	5.96621e-05	1.395
-1.00803	0.179679	6.04271e-05	1.41
-1.01743	0.0875952	6.15043e-05	1.425
-1.01826	-0.00521961	6.28903e-05	1.44
-1.01045	-0.0979804	6.4579e-05	1.455
-0.99398	-0.189889	6.65615e-05	1.47
-0.968922	-0.28014	6.88265e-05	1.485
-0.935411	-0.367926	7.13597e-05	1.5
-0.893662	-0.452447	7.41443e-05	1.515
-0.843967	-0.532917	7.71607e-05	1.53
-0.786696	-0.608568	8.03869e-05	1.545
-0.722296	-0.678664	8.37983e-05	1.56
-0.651292	-0.742507	8.73681e-05	1.575
-0.57428	-0.799444	9.10671e-05	1.59
-0.491928	-0.848881	9.48646e-05	1.605
-0.404969	-0.890284	9.8728e-05	1.62
-0.314193	-0.923193	0.000102623	1.635
-0.220445	-0.947228	0.000106516	1.65
-0.124609	-0.962096	0.000110371	1.665
-0.0276063	-0.967597	0.000114152	1.68
0.0696205	-0.963628	0.000117824	1.695
0.166117	-0.950186	0.000121352	1.71
0.260929	-0.927371	0.000124704	1.725
0.353116	-0.895386	0.000127847	1.74
0.441761	-0.854535	0.000130752	1.755
0.525985	-0.805219	0.000133391	1.77
0.604955	-0.74793	0.000135739	1.785
0.677902	-0.683248	0.000137776	1.8
0.74412	-0.611831	0.000139484	1.815
0.802985	-0.534405	0.000140847	1.83
0.853954	-0.451753	0.000141856	1.845
0.896573	-0.364708	0.000142503	1.86
0.930482	-0.274139	0.000142785	1.875
0.955417	-0.180939	0.000142703	1.89
0.971208	-0.0860175	0.000142262	1.905
0.977781	0.00971524	0.00014147	1.92
0.975155	0.105355	0.000140338	1.935
0.963437	0.200016	0.00013888	1.95
0.942821	0.292835	0.000137114	1.965
0.913579	0.382986	0.000135061	1.98
0.87606	0.469681	0.000132742	1.995
0.83068	0.55218	0.000130181	2.01
0.777916	0.629795	0.000127405	2.025
0.718302	0.701892	0.000124441	2.04
0.652418	0.767898	0.000121318	2.055
0.580887	0.8273	0.000118064	2.07
0.504369	0.87965	0.00011471	2.085
0.423552	0.924564	0.000111286	2.1
0.339145	0.961723	0.00010782	2.115
0.251878	0.990874	0.000104344	2.13
0.162491	1.01183	0.000100887	2.145
0.0717309	1.02446	9.74774e-05	2.16
-0.0196533	1.02872	9.41432e-05	2.175
-0.110915	1.0246	9.09117e-05	2.19
-0.201315	1.01216	8.7809e-05	2.205
-0.290126	0.991543	8.486e-05	2.22
-0.376634	0.962921	8.20882e-05	2.235
-0.460146	0.926536	7.95158e-05	2.25
-0.539992	0.882686	7.71632e-05	2.265
-0.615528	0.831721	7.50494e-05	2.28
-0.686139	0.774042	7.31915e-05	2.295
-0.751246	0.710104	7.16046e-05	2.31
-0.810306	0.640404	7.03019e-05	2.325
-0.862816	0.565489	6.92948e-05	2.34
-0.90832	0.485947	6.8592e-05	2.355
-0.946408	0.402406	6.82003e-05	2.37
-0.976722	0.315533	6.81241e-05	2.385
-0.99896	0.226026	6.83652e-05	2.4
-1.01288	0.134616	6.89231e-05	2.415
-1.01829	0.0420585	6.97944e-05	2.43
-1.01509	-0.05087	7.09734e-05	2.445
-1.00322	-0.143376	7.24514e-05	2.46
-0.98271	-0.234656	7.42171e-05	2.475
-0.953654	-0.3239	7.62566e-05	2.49
-0.916228	-0.410304	7.8553e-05	2.505
-0.870681	-0.493069	8.10869e-05	2.52
-0.817344	-0.571417	8.38363e-05	2.535
-0.756624	-0.644592	8.67766e-05	2.55
-0.689005	-0.711873	8.98808e-05	2.565
-0.615048	-0.772581	9.312e-05	2.58
-0.535385	-0.826089	9.6463e-05	2.595
-0.450715	-0.87183	9.98772e-05	2.61
-0.361801	-0.909302	0.000103328	2.625
-0.269463	-0.938084	0.000106782	2.64
-0.174566	-0.957836	0.000110201	2.655
-0.0780143	-0.968307	0.000113551	2.67
0.019258	-0.969346	0.000116795	2.685
0.1163	-0.960895	0.000119898	2.7
0.212157	-0.943004	0.000122827	2.715
0.305877	-0.915822	0.000125548	2.73
0.396529	-0.879601	0.000128032	2.745
0.483215	-0.834692	0.000130251	2.76
0.565076	-0.781542	0.000132179	2.775
0.641309	-0.720688	0.000133793	2.79
0.711174	-0.652747	0.000135077	2.805
0.774005	-0.57841	0.000136013	2.82
0.829217	-0.498433	0.000136591	2.835
0.87631	-0.413623	0.000136803	2.85
0.914875	-0.324832	0.000136645	2.865
0.944599	-0.23294	0.000136117	2.88
0.965264	-0.138848	0.000135224	2.895
0.976745	-0.0434654	0.000133971	2.91
0.979013	0.0522998	0.000132371	2.925
0.972129	0.147553	0.000130437	2.94
0.956243	0.241418	0.000128185	2.955
0.931586	0.333053	0.000125636	2.97
0.898465	0.421648	0.00012281	2.985
0.857261	0.50644	0.000119733	3
0.808419	0.586713	0.000116429	3.015
0.752441	0.661805	0.000112927	3.03
0.689884	0.731111	0.000109254	3.045
0.621346	0.794087	0.00010544	3.06
0.547467	0.850251	0.000101516	3.075
0.46892	0.899183	9.75108e-05	3.09
0.3864	0.940531	9.34565e-05	3.105
0.300628	0.974006	8.93832e-05	3.12
0.212335	0.999384	8.53213e-05	3.135
0.122266	1.01651	8.13008e-05	3.15
0.0311678	1.02528	7.73507e-05	3.165
-0.0602123	1.02567	7.34994e-05	3.18
-0.151131	1.01771	6.97741e-05	3.195
-0.240854	1.00149	6.62011e-05	3.21
-0.328661	0.977161	6.2805e-05	3.225
-0.413847	0.944936	5.96092e-05	3.24
-0.495728	0.905078	5.66356e-05	3.255
-0.573646	0.857907	5.39042e-05	3.27
-0.646969	0.803799	5.14332e-05	3.285
-0.715097	0.743177	4.92392e-05	3.3
-0.777467	0.676515	4.73364e-05	3.315
-0.833553	0.604334	4.57371e-05	3.33
-0.882872	0.5272	4.44513e-05	3.345
-0.924987	0.445719	4.34867e-05	3.36
-0.959512	0.360539	4.28486e-05	3.375
-0.986111	0.272341	4.25398e-05	3.39
-1.00451	0.181841	4.25605e-05	3.405
-1.01449	0.0897803	4.29083e-05	3.42
-1.0159	-0.00307247	4.35781e-05	3.435
-1.00865	-0.0959312	4.45618e-05	3.45
-0.992731	-0.187996	4.58489e-05	3.465
-0.968197	-0.278457	4.74256e-05	3.48
-0.935183	-0.366507	4.92756e-05	3.495
-0.893896	-0.451339	5.13799e-05	3.51
-0.844626	-0.532163	5.37164e-05	3.525
-0.787739	-0.608208	5.62608e-05	3.54
-0.723679	-0.678732	5.89861e-05	3.555
-0.652968	-0.743033	6.1863e-05	3.57
-0.576202	-0.800452	6.48601e-05	3.585
-0.494047	-0.850389	6.79442e-05	3.6
-0.407234	-0.892306	7.10807e-05	3.615
-0.316555	-0.92574	7.42336e-05	3.63
-0.222854	-0.950304	7.73664e-05	3.645
-0.127018	-0.965703	8.04419e-05	3.66
-0.0299674	-0.971731	8.34233e-05	3.675
0.0673537	-0.968282	8.6274e-05	3.69
0.163989	-0.955351	8.89588e-05	3.705
0.258984	-0.933035	9.14435e-05	3.72
0.351396	-0.901533	9.36963e-05	3.735
0.440306	-0.861146	9.56874e-05	3.75
0.524834	-0.812273	9.739e-05	3.765
0.604147	-0.755405	9.87802e-05	3.78
0.677472	-0.691117	9.98378e-05	3.795
0.744104	-0.620066	0.000100546	3.81
0.803416	-0.542973	0.000100892	3.825
0.854862	-0.460621	0.000100866	3.84
0.897989	-0.373838	0.000100464	3.855
0.932432	-0.28349	9.9685e-05	3.87
0.957925	-0.190469	9.85311e-05	3.885
0.974294	-0.0956784	9.70091e-05	3.9
0.981462	-2.80318e-05	9.5129e-05	3.915
0.979443	0.0955812	9.29042e-05	3.93
0.968339	0.190264	9.03512e-05	3.945
0.94834	0.283162	8.74891e-05	3.96
0.919713	0.373447	8.43398e-05	3.975
0.882799	0.460333	8.0927e-05	3.99
0.83801	0.543079	7.72766e-05	4.005
0.785817	0.620997	7.34159e-05	4.02
0.726746	0.69345	6.93735e-05	4.035
0.661375	0.759864	6.5179e-05	4.05
0.590319	0.819723	6.08629e-05	4.065
0.514233	0.872575	5.64559e-05	4.08
0.4338	0.918031	5.19891e-05	4.095
0.349727	0.955768	4.74935e-05	4.11
0.262737	0.985526	4.3e-05	4.125
0.173569	1.00711	3.8539e-05	4.14
0.0829659	1.0204	3.41402e-05	4.155
-0.00832348	1.02531	2.98328e-05	4.17
-0.0995544	1.02186	2.56448e-05	4.185
-0.189988	1.01009	2.16033e-05	4.2
-0.278896	0.990131	1.7734e-05	4.215
-0.365564	0.962151	1.40614e-05	4.23
-0.449297	0.926388	1.06083e-05	4.245
-0.529422	0.883132	7.39597e-06	4.26
-0.605292	0.832728	4.44401e-06	4.275
-0.676289	0.775572	1.77003e-06	4.29
-0.741828	0.712111	-6.10319e-07	4.305
-0.801362	0.642841	-2.68345e-06	4.32
-0.854383	0.568303	-4.438e-06	4.335
-0.900428	0.489083	-5.86489e-06	4.35
-0.939083	0.405805	-6.95745e-06	4.365
-0.969981	0.319134	-7.7115e-06	4.38
-0.992815	0.229769	-8.12545e-06	4.395
-1.00733	0.138437	-8.20039e-06	4.41
-1.01335	0.0458963	-7.94013e-06	4.425
-1.01074	-0.0470767	-7.3513e-06	4.44
-0.99945	-0.139687	-6.44336e-06	4.455
-0.979499	-0.231127	-5.22866e-06	4.47
-0.950977	-0.320588	-3.72242e-06	4.485
-0.914055	-0.407257	-1.94273e-06	4.5
-0.868977	-0.490336	8.95265e-08	4.515
-0.816071	-0.56904	2.35072e-06	4.53
-0.755738	-0.642608	4.81461e-06	4.545
-0.688462	-0.710316	7.45253e-06	4.56
-0.614801	-0.771479	1.02336e-05	4.575
-0.535384	-0.825465	1.31248e-05	4.59
-0.45091	-0.8717	1.60915e-05	4.605
-0.362143	-0.909682	1.90978e-05	4.62
-0.269901	-0.93898	2.21066e-05	4.635
-0.175049	-0.959253	2.50803e-05	4.65
-0.0784948	-0.970245	2.79811e-05	4.665
0.0188288	-0.971799	3.07718e-05	4.68
0.115969	-0.963858	3.34155e-05	4.695
0.211969	-0.946464	3.5877e-05	4.71
0.305877	-0.919765	3.81226e-05	4.725
0.396761	-0.88401	4.01209e-05	4.74
0.483718	-0.839547	4.18431e-05	4.755
0.56589	-0.786821	4.32635e-05	4.77
0.642472	-0.726364	4.43596e-05	4.785
0.712723	-0.658793	4.51125e-05	4.8
0.775974	-0.584795	4.55072e-05	4.815
0.831639	-0.505123	4.55326e-05	4.83
0.879215	-0.420581	4.51818e-05	4.845
0.918291	-0.332018	4.44516e-05	4.86
0.948552	-0.240312	4.33431e-05	4.875
0.969774	-0.146361	4.18612e-05	4.89
0.981832	-0.0510706	4.00143e-05	4.905
0.98469	0.0446528	3.78146e-05	4.92
0.978407	0.139917	3.52772e-05	4.935
0.963126	0.233848	3.24206e-05	4.95
0.939073	0.325604	2.92655e-05	4.965
0.90655	0.414376	2.58354e-05	4.98
0.865933	0.499402	2.21555e-05	4.995
0.817659	0.579965	1.8253e-05	5.01
0.762227	0.655401	1.41564e-05	5.025
0.700185	0.725104	9.89538e-06	5.04
0.632128	0.788527	5.50043e-06	5.055
0.558689	0.845184	1.00264e-06	5.07
0.480536	0.894653	-3.56657e-06	5.085
0.398361	0.936575	-8.17575e-06	5.1
0.312878	0.970657	-1.27936e-05	5.115
0.224818	0.996669	-1.7389e-05	5.13
0.13492	1.01445	-2.19318e-05	5.145
0.0439303	1.02389	-2.63921e-05	5.16
-0.0474054	1.02496	-3.07412e-05	5.175
-0.138345	1.01768	-3.49514e-05	5.19
-0.228154	1.00213	-3.89962e-05	5.205
-0.31611	0.978471	-4.28505e-05	5.22
-0.401508	0.946891	-4.64905e-05	5.235
-0.483662	0.907653	-4.98942e-05	5.25
-0.561909	0.861073	-5.30412e-05	5.265
-0.635615	0.807518	-5.5913e-05	5.28
-0.704177	0.747407	-5.84931e-05	5.295
-0.767024	0.68121	-6.07669e-05	5.31
-0.823628	0.609443	-6.27221e-05	5.325
-0.873498	0.532669	-6.43486e-05	5.34
-0.916193	0.45149	-6.56386e-05	5.355
-0.951318	0.366552	-6.6587e-05	5.37
-0.978534	0.278535	-6.71909e-05	5.385
-0.997558	0.188153	-6.74504e-05	5.4
-1.00816	0.0961492	-6.7368e-05	5.415
-1.0102	0.003291	-6.69492e-05	5.43
-1.00356	-0.0896336	-6.62021e-05	5.445
-0.98824	-0.181823	-6.51379e-05	5.46
-0.964281	-0.272465	-6.37705e-05	5.475
-0.931814	-0.360747	-6.21168e-05	5.49
-0.891043	-0.445862	-6.01964e-05	5.505
-0.842252	-0.527014	-5.80318e-05	5.52
-0.785803	-0.603427	-5.5648e-05	5.535
-0.722139	-0.674356	-5.30728e-05	5.55
-0.651778	-0.739093	-5.03359e-05	5.565
-0.575313	-0.796974	-4.74695e-05	5.58
-0.493411	-0.847395	-4.45075e-05	5.595
-0.4068	-0.889813	-4.14853e-05	5.61
-0.316273	-0.923759	-3.84395e-05	5.625
-0.222674	-0.948843	-3.54075e-05	5.64
-0.126889	-0.964764	-3.24269e-05	5.655
-0.02984	-0.971314	-2.95355e-05	5.67
0.0675276	-0.968382	-2.67702e-05	5.685
0.164257	-0.955958	-2.4167e-05	5.7
0.259392	-0.934138	-2.17603e-05	5.715
0.351988	-0.903117	-1.95825e-05	5.73
0.441126	-0.863193	-1.76637e-05	5.745
0.525924	-0.814761	-1.60309e-05	5.76
0.605547	-0.75831	-1.47082e-05	5.775
0.679221	-0.694413	-1.3716e-05	5.79
0.746239	-0.623721	-1.30711e-05	5.805
0.805971	-0.546955	-1.27863e-05	5.82
0.857871	-0.464893	-1.28704e-05	5.835
0.901481	-0.378361	-1.33284e-05	5.85
0.936434	-0.288222	-1.4161e-05	5.865
0.962461	-0.195363	-1.53651e-05	5.88
0.979385	-0.100689	-1.69339e-05	5.895
0.987124	-0.00510358	-1.88568e-05	5.91
0.985687	0.0904932	-2.11201e-05	5.925
0.975173	0.185218	-2.37068e-05	5.94
0.955765	0.278213	-2.65973e-05	5.955
0.927725	0.368653	-2.97693e-05	5.97
0.89139	0.45575	-3.31985e-05	5.985
0.847164	0.538764	-3.68585e-05	6
0.795512	0.617005	-4.07215e-05	6.015
0.736957	0.689835	-4.47583e-05	6.03
0.672068	0.756677	-4.89389e-05	6.045
0.601456	0.817012	-5.32324e-05	6.06
0.525771	0.870385	-5.76076e-05	6.075
0.445691	0.916402	-6.20331e-05	6.09
0.361917	0.954734	-6.64775e-05	6.105
0.275171	0.985119	-7.09097e-05	6.12
0.186187	1.00736	-7.52989e-05	6.135
0.0957068	1.02131	-7.96152e-05	6.15
0.0044756	1.0269	-8.38294e-05	6.165
-0.0867622	1.02413	-8.79131e-05	6.18
-0.177268	1.01305	-9.18395e-05	6.195
-0.266313	0.993759	-9.55826e-05	6.21
-0.353182	0.966437	-9.9118e-05	6.225
-0.437179	0.931309	-0.000102423	6.24
-0.517627	0.88866	-0.000105476	6.255
-0.593875	0.838829	-0.000108259	6.27
-0.665303	0.782205	-0.000110752	6.285
-0.73132	0.719232	-0.000112943	6.3
-0.791375	0.650401	-0.000114816	6.315
-0.844955	0.576248	-0.00011636	6.33
-0.89159	0.497355	-0.000117569	6.345
-0.930858	0.414347	-0.000118434	6.36
-0.96239	0.327883	-0.000118953	6.375
-0.985869	0.238663	-0.000119125	6.39
-1.00104	0.147414	-0.000118951	6.405
-1.00771	0.0548928	-0.000118437	6.42
-1.00574	-0.038122	-0.000117588	6.435
-0.995078	-0.130834	-0.000116416	6.45
-0.975736	-0.222434	-0.000114934	6.465
-0.9478	-0.312108	-0.000113158	6.48
-0.911433	-0.399043	-0.000111106	6.495
-0.866877	-0.482434	-0.000108801	6.51
-0.814454	-0.561493	-0.000106266	6.525
-0.754563	-0.635456	-0.000103528	6.54
-0.687684	-0.703592	-0.000100617	6.555
-0.614373	-0.765213	-9.75638e-05	6.57
-0.535258	-0.81968	-9.44019e-05	6.585
-0.451038	-0.866417	-9.11663e-05	6.6
-0.362473	-0.904914	-8.78931e-05	6.615
-0.270383	-0.934739	-8.46194e-05	6.63
-0.175634	-0.955544	-8.13827e-05	6.645
-0.0791314	-0.96707	-7.82205e-05	6.66
0.018189	-0.969156	-7.51701e-05	6.675
0.115375	-0.961741	-7.22677e-05	6.69
0.211467	-0.944864	-6.95479e-05	6.705
0.305513	-0.918669	-6.70439e-05	6.72
0.39658	-0.883402	-6.47864e-05	6.735
0.483764	-0.839408	-6.28031e-05	6.75
0.566205	-0.787129	-6.11192e-05	6.765
0.643097	-0.727094	-5.9756e-05	6.78
0.713697	-0.659916	-5.87314e-05	6.795
0.777335	-0.586279	-5.80594e-05	6.81
0.833421	-0.506933	-5.77501e-05	6.825
0.881451	-0.422679	-5.78096e-05	6.84
0.921012	-0.334363	-5.82398e-05	6.855
0.951783	-0.242858	-5.90388e-05	6.87
0.973539	-0.14906	-6.0201e-05	6.885
0.986149	-0.053874	-6.1717e-05	6.9
0.989574	0.0417986	-6.3574e-05	6.915
0.983868	0.137066	-6.5756e-05	6.93
0.969167	0.231058	-6.82443e-05	6.945
0.945694	0.322931	-7.10173e-05	6.96
0.913745	0.411879	-7.40515e-05	6.975
0.873689	0.497138	-7.73212e-05	6.99
0.825957	0.577991	-8.0799e-05	7.005
0.771043	0.653772	-8.44563e-05	7.02
0.709488	0.723874	-8.82634e-05	7.035
0.641882	0.787746	-9.21897e-05	7.05
0.568854	0.844898	-9.62042e-05	7.065
0.491064	0.894905	-0.000100276	7.08
0.409202	0.937403	-0.000104373	7.095
0.323977	0.972093	-0.000108465	7.11
0.236117	0.99874	-0.00011252	7.125
0.146357	1.01717	-0.00011651	7.14
0.0554428	1.02729	-0.000120404	7.155
-0.0358825	1.02904	-0.000124173	7.17
-0.126877	1.02244	-0.000127792	7.185
-0.216806	1.00757	-0.000131233	7.2
-0.304948	0.984563	-0.000134472	7.215
-0.390594	0.953626	-0.000137486	7.23
-0.473058	0.915005	-0.000140252	7.245
-0.551672	0.86901	-0.000142752	7.26
-0.625801	0.816002	-0.000144966	7.275
-0.694834	0.756395	-0.000146879	7.29
-0.7582	0.690655	-0.000148477	7.305
-0.815361	0.619292	-0.000149748	7.32
-0.865824	0.542866	-0.000150682	7.335
-0.909139	0.461977	-0.000151273	7.35
-0.944907	0.377267	-0.000151516	7.365
-0.972781	0.289416	-0.000151408	7.38
-0.992472	0.199136	-0.000150951	7.395
-1.00375	0.10717	-0.000150149	7.41
-1.00645	0.0142877	-0.000149007	7.425
-1.00047	-0.078723	-0.000147535	7.44
-0.985781	-0.171057	-0.000145746	7.455
-0.962438	-0.261902	-0.000143654	7.47
-0.930558	-0.35044	-0.000141279	7.485
-0.890343	-0.435861	-0.00013864	7.5
-0.84207	-0.517364	-0.000135763	7.515
-0.7861	-0.59417	-0.000132672	7.53
-0.722872	-0.665528	-0.000129398	7.545
-0.6529	-0.730724	-0.000125971	7.56
-0.576778	-0.789094	-0.000122425	7.575
-0.495168	-0.840024	-0.000118794	7.59
-0.408801	-0.882968	-0.000115115	7.605
-0.318467	-0.917453	-0.000111425	7.62
-0.225009	-0.943085	-0.000107762	7.635
-0.129317	-0.959558	-0.000104163	7.65
-0.0323113	-0.96666	-0.000100668	7.665
0.0650619	-0.964276	-9.73112e-05	7.68
0.161845	-0.952394	-9.41298e-05	7.695
0.25708	-0.931105	-9.11573e-05	7.71
0.349823	-0.900601	-8.84251e-05	7.725
0.439151	-0.861178	-8.59622e-05	7.74
0.524184	-0.813227	-8.37947e-05	7.755
0.604083	-0.757233	-8.1945e-05	7.77
0.678075	-0.693766	-8.04322e-05	7.785
0.745449	-0.623475	-7.92713e-05	7.8
0.805575	-0.547076	-7.84736e-05	7.815
0.857903	-0.465345	-7.8046e-05	7.83
0.901973	-0.379104	-7.79917e-05	7.845
0.937417	-0.289212	-7.83097e-05	7.86
0.96396	-0.196555	-7.8995e-05	7.875
0.981422	-0.102032	-8.00391e-05	7.89
0.989716	-0.00654506	-8.14298e-05	7.905
0.988848	0.0890075	-8.31519e-05	7.92
0.97891	0.183745	-8.51867e-05	7.935
0.96008	0.276811	-8.75135e-05	7.95
0.932615	0.367379	-9.01085e-05	7.965
0.896845	0.454665	-9.29465e-05	7.98
0.853168	0.537925	-9.6e-05	7.995
0.802045	0.616469	-9.92405e-05	8.01
0.74399	0.689659	-0.000102638	8.025
0.679567	0.756912	-0.000106162	8.04
0.609382	0.817709	-0.000109781	8.055
0.53408	0.871587	-0.000113464	8.07
0.454333	0.918151	-0.000117179	8.085
0.37084	0.957067	-0.000120895	8.1
0.284317	0.988064	-0.00012458	8.115
0.195495	1.01094	-0.000128204	8.13
0.105114	1.02555	-0.000131738	8.145
0.0139174	1.03181	-0.000135152	8.16
-0.0773513	1.02971	-0.000138419	8.175
-0.167954	1.01929	-0.000141512	8.19
-0.257162	1.00066	-0.000144406	8.205
-0.344258	0.973983	-0.000147078	8.22
-0.428544	0.939477	-0.000149504	8.235
-0.50934	0.89742	-0.000151665	8.25
-0.585994	0.848146	-0.000153543	8.265
-0.65788	0.792039	-0.000155119	8.28
-0.724404	0.729537	-0.000156381	8.295
-0.785009	0.661126	-0.000157315	8.31
-0.839175	0.587339	-0.000157912	8.325
-0.886428	0.508754	-0.000158162	8.34
-0.926341	0.425993	-0.000158062	8.355
-0.958535	0.339715	-0.000157608	8.37
-0.98269	0.250615	-0.000156801	8.385
-0.99854	0.159423	-0.000155642	8.4
-1.00589	0.0668938	-0.000154138	8.415
-1.00459	-0.0261917	-0.000152297	8.43
-0.994588	-0.119036	-0.00015013	8.445
-0.975884	-0.210827	-0.000147651	8.46
-0.948561	-0.300748	-0.000144879	8.475
-0.912777	-0.387983	-0.000141832	8.49
-0.868768	-0.471723	-0.000138534	8.505
-0.816853	-0.551174	-0.000135012	8.52
-0.757429	-0.625569	-0.000131293	8.535
-0.690971	-0.694172	-0.000127408	8.55
-0.618033	-0.756289	-0.000123391	8.565
-0.539242	-0.811277	-0.000119277	8.58
-0.455296	-0.858555	-0.000115101	8.595
-0.366956	-0.897607	-0.000110902	8.61
-0.275039	-0.927999	-0.000106719	8.625
-0.180412	-0.949376	-0.000102589	8.64
-0.083982	-0.961477	-9.85525e-05	8.655
0.0133153	-0.964136	-9.46465e-05	8.67
0.110526	-0.957289	-9.09082e-05	8.685
0.206692	-0.940971	-8.73727e-05	8.7
0.300858	-0.915324	-8.40732e-05	8.715
0.392089	-0.880589	-8.10403e-05	8.73
0.479483	-0.83711	-7.83015e-05	8.745
0.562177	-0.785323	-7.58812e-05	8.76
0.639363	-0.725756	-7.37999e-05	8.775
0.710298	-0.659018	-7.20745e-05	8.79
0.77431	-0.58579	-7.07177e-05	8.805
0.830806	-0.506818	-6.97381e-05	8.82
0.87928	-0.4229	-6.91402e-05	8.835
0.919317	-0.334877	-6.89242e-05	8.85
0.950592	-0.243621	-6.90865e-05	8.865
0.972877	-0.150024	-6.96194e-05	8.88
0.986037	-0.0549862	-7.05117e-05	8.895
0.990028	0.0405914	-7.17487e-05	8.91
0.984899	0.13582	-7.33125e-05	8.925
0.970781	0.229831	-7.51824e-05	8.94
0.94789	0.321783	-7.73351e-05	8.955
0.916517	0.41087	-7.97452e-05	8.97
0.877024	0.496326	-8.23853e-05	8.985
0.829838	0.577435	-8.52266e-05	9
0.775443	0.653531	-8.82387e-05	9.015
0.714378	0.724001	-9.13907e-05	9.03
0.647225	0.788293	-9.46508e-05	9.045
0.574607	0.845915	-9.79867e-05	9.06
0.497181	0.896434	-0.000101366	9.075
0.41563	0.939484	-0.000104757	9.09
0.33066	0.974759	-0.000108128	9.105
0.242996	1.00202	-0.000111446	9.12
0.15337	1.02109	-0.000114683	9.135
0.0625243	1.03185	-0.000117807	9.15
-0.0287981	1.03426	-0.000120791	9.165
-0.119856	1.02832	-0.000123606	9.18
-0.209916	1.0141	-0.000126227	9.195
-0.298253	0.99174	-0.000128628	9.21
-0.384159	0.961424	-0.000130788	9.225
-0.466944	0.923399	-0.000132685	9.24
-0.545939	0.877968	-0.000134298	9.255
-0.620503	0.825486	-0.000135612	9.27
-0.690022	0.766363	-0.000136609	9.285
-0.75392	0.701057	-0.000137278	9.3
-0.811653	0.630076	-0.000137606	9.315
-0.862724	0.553975	-0.000137585	9.33
-0.906675	0.473352	-0.00013721	9.345
-0.943102	0.388846	-0.000136476	9.36
-0.971651	0.301135	-0.000135382	9.375
-0.992024	0.210931	-0.000133931	9.39
-1.00399	0.118976	-0.000132127	9.405
-1.00737	0.0260397	-0.000129977	9.42
-1.00206	-0.0670874	-0.000127492	9.435
-0.988026	-0.159599	-0.000124685	9.45
-0.965313	-0.250679	-0.000121574	9.465
-0.934037	-0.339509	-0.000118176	9.48
-0.894391	-0.425271	-0.000114515	9.495
-0.846651	-0.507164	-0.000110615	9.51
-0.791172	-0.584402	-0.000106505	9.525
-0.72839	-0.656229	-0.000102214	9.54
-0.658817	-0.721929	-9.77751e-05	9.555
-0.583045	-0.780829	-9.32232e-05	9.57
-0.501735	-0.832312	-8.85946e-05	9.585
-0.415616	-0.875828	-8.39272e-05	9.6
-0.325479	-0.910898	-7.92599e-05	9.615
-0.232167	-0.937123	-7.4632e-05	9.63
-0.136569	-0.954193	-7.00831e-05	9.645
-0.0396071	-0.961892	-6.56524e-05	9.66
0.0577721	-0.960103	-6.1378e-05	9.675
0.15461	-0.948809	-5.72967e-05	9.69
0.249948	-0.928096	-5.34434e-05	9.705
0.342839	-0.898156	-4.98506e-05	9.72
0.432362	-0.859279	-4.65479e-05	9.735
0.517633	-0.811854	-4.35618e-05	9.75
0.597814	-0.756363	-4.0915e-05	9.765
0.672129	-0.693373	-3.86266e-05	9.78
0.739866	-0.623529	-3.67114e-05	9.795
0.800392	-0.547544	-3.51804e-05	9.81
0.853157	-0.46619	-3.404e-05	9.825
0.897698	-0.380285	-3.32923e-05	9.84
0.933643	-0.290687	-3.29356e-05	9.855
0.960713	-0.198276	-3.29639e-05	9.87
0.978726	-0.103949	-3.33673e-05	9.885
0.98759	-0.00860541	-3.41325e-05	9.9
0.987305	0.0868595	-3.52426e-05	9.915
0.977959	0.181567	-3.66778e-05	9.93
0.959725	0.274662	-3.84156e-05	9.945
0.932852	0.365319	-4.04308e-05	9.96
0.897666	0.452754	-4.26966e-05	9.975
0.854558	0.536224	-4.51839e-05	9.99
0.803981	0.615037	-4.78627e-05	10.005
0.746445	0.688551	-5.07015e-05	10.02
0.682507	0.756184	-5.36682e-05	10.035
0.612769	0.81741	-5.67301e-05	10.05
0.537868	0.871766	-5.98542e-05	10.065
0.458472	0.918849	-6.30077e-05	10.08
0.375275	0.958321	-6.61578e-05	10.095
0.28899	0.989906	-6.92723e-05	10.11
0.200344	1.01339	-7.23196e-05	10.125
0.110076	1.02863	-7.52689e-05	10.14
0.018926	1.03554	-7.80903e-05	10.155
-0.072363	1.03409	-8.07554e-05	10.17
-0.163053	1.02432	-8.32367e-05	10.185
-0.252415	1.00633	-8.55085e-05	10.2
-0.339732	0.980269	-8.75464e-05	10.215
-0.424301	0.946362	-8.93278e-05	10.23
-0.505443	0.904876	-9.08321e-05	10.245
-0.582499	0.856138	-9.20404e-05	10.26
-0.65484	0.800526	-9.29359e-05	10.275
-0.721869	0.738473	-9.35041e-05	10.29
-0.783022	0.67046	-9.37328e-05	10.305
-0.837775	0.597016	-9.36119e-05	10.32
-0.885647	0.518717	-9.31341e-05	10.335
-0.926205	0.436179	-9.22946e-05	10.35
-0.959064	0.350062	-9.10911e-05	10.365
-0.983895	0.261058	-8.95244e-05	10.38
-1.00043	0.169897	-8.75978e-05	10.395
-1.00846	0.0773348	-8.53179e-05	10.41
-1.00784	-0.0158483	-8.26938e-05	10.425
-0.998494	-0.108852	-7.97381e-05	10.44
-0.980433	-0.200863	-7.64661e-05	10.455
-0.953725	-0.291062	-7.28961e-05	10.47
-0.918526	-0.378628	-6.90495e-05	10.485
-0.875067	-0.462749	-6.49507e-05	10.5
-0.823662	-0.542627	-6.06265e-05	10.515
-0.764704	-0.617489	-5.61067e-05	10.53
-0.698667	-0.686596	-5.14233e-05	10.545
-0.626101	-0.749247	-4.66106e-05	10.56
-0.547632	-0.804796	-4.17047e-05	10.575
-0.463955	-0.852655	-3.67434e-05	10.59
-0.375831	-0.892306	-3.17656e-05	10.605
-0.284079	-0.923307	-2.6811e-05	10.62
-0.189564	-0.9453	-2.19194e-05	10.635
-0.0931936	-0.95802	-1.71308e-05	10.65
0.00409532	-0.961297	-1.24842e-05	10.665
0.101348	-0.955061	-8.01759e-06	10.68
0.197605	-0.939347	-3.76717e-06	10.695
0.29191	-0.91429	2.32974e-07	10.71
0.383329	-0.880131	3.95143e-06	10.725
0.470954	-0.837209	7.35985e-06	10.74
0.553925	-0.785957	1.04333e-05	10.755
0.631431	-0.726899	1.31506e-05	10.77
0.702726	-0.660642	1.54946e-05	10.785
0.767138	-0.587862	1.74522e-05	10.8
0.824072	-0.509303	1.90147e-05	10.815
0.873019	-0.425759	2.01776e-05	10.83
0.913561	-0.338068	2.09407e-05	10.845
0.94537	-0.247099	2.13078e-05	10.86
0.968214	-0.153739	2.1287e-05	10.875
0.981954	-0.0588866	2.08898e-05	10.89
0.986543	0.0365606	2.01315e-05	10.905
0.982021	0.131716	1.90306e-05	10.92
0.968518	0.225712	1.76083e-05	10.935
0.946242	0.31771	1.58886e-05	10.95
0.915478	0.406902	1.38979e-05	10.965
0.876583	0.492526	1.16642e-05	10.98
0.829975	0.573862	9.21727e-06	10.995
0.776135	0.650242	6.58824e-06	11.01
0.715594	0.721054	3.80911e-06	11.025
0.648928	0.785741	9.12582e-07	11.04
0.576755	0.843806	-2.06825e-06	11.055
0.499725	0.894815	-5.10015e-06	11.07
0.418519	0.938394	-8.14999e-06	11.085
0.333837	0.974234	-1.1185e-05	11.1
0.2464	1.00209	-1.41728e-05	11.115
0.156938	1.02177	-1.7082e-05	11.13
0.066191	1.03317	-1.9882e-05	11.145
-0.0250999	1.03621	-2.25431e-05	11.16
-0.116194	1.03092	-2.50372e-05	11.175
-0.206358	1.01734	-2.73374e-05	11.19
-0.294867	0.995602	-2.94181e-05	11.205
-0.381009	0.965893	-3.12558e-05	11.22
-0.464094	0.928449	-3.28284e-05	11.235
-0.543448	0.883566	-3.41159e-05	11.25
-0.618427	0.831595	-3.51002e-05	11.265
-0.688415	0.772939	-3.57655e-05	11.28
-0.752827	0.708051	-3.60981e-05	11.295
-0.811117	0.637436	-3.60867e-05	11.31
-0.862779	0.561643	-3.57224e-05	11.325
-0.907352	0.481268	-3.49989e-05	11.34
-0.944424	0.396947	-3.39128e-05	11.355
-0.973634	0.309358	-3.24631e-05	11.37
-0.994678	0.21921	-3.06518e-05	11.385
-1.00731	0.127246	-2.8484e-05	11.4
-1.01136	0.0342361	-2.59674e-05	11.415
-1.00671	-0.0590284	-2.31132e-05	11.43
-0.993325	-0.151739	-1.99352e-05	11.445
-0.971233	-0.243077	-1.64505e-05	11.46
-0.940549	-0.332221	-1.26794e-05	11.475
-0.901462	-0.418349	-8.64471e-06	11.49
-0.854244	-0.500656	-4.37253e-06	11.505
-0.799246	-0.578352	1.08499e-07	11.52
-0.736899	-0.650676	4.76713e-06	11.535
-0.667714	-0.716907	9.56979e-06	11.55
-0.59228	-0.776367	1.44808e-05	11.565
-0.511256	-0.828434	1.94629e-05	11.58
-0.425371	-0.872553	2.44773e-05	11.595
-0.335415	-0.90824	2.94842e-05	11.61
-0.242231	-0.935092	3.44435e-05	11.625
-0.146707	-0.952795	3.93149e-05	11.64
-0.0497658	-0.961127	4.40585e-05	11.655
0.0476442	-0.959968	4.86357e-05	11.67
0.144564	-0.949297	5.3009e-05	11.685
0.240034	-0.929197	5.71432e-05	11.7
0.333106	-0.899855	6.10053e-05	11.715
0.422858	-0.861559	6.45655e-05	11.73
0.508404	-0.814695	6.77972e-05	11.745
0.588905	-0.75974	7.06772e-05	11.76
0.663582	-0.697258	7.31867e-05	11.775
0.731724	-0.627891	7.53107e-05	11.79
0.792695	-0.552349	7.70385e-05	11.805
0.84594	-0.471399	7.83637e-05	11.82
0.890996	-0.385857	7.92843e-05	11.835
0.927486	-0.296577	7.98025e-05	11.85
0.95513	-0.204436	7.99245e-05	11.865
0.97374	-0.110327	7.96604e-05	11.88
0.98322	-0.0151482	7.90239e-05	11.895
0.983565	0.0802091	7.80322e-05	11.91
0.974858	0.174867	7.67054e-05	11.925
0.957266	0.267973	7.50664e-05	11.94
0.931033	0.358703	7.31406e-05	11.955
0.896477	0.446271	7.09554e-05	11.97
0.853984	0.529935	6.85397e-05	11.985
0.804001	0.609001	6.59243e-05	12
0.747031	0.682827	6.31408e-05	12.015
0.683626	0.750827	6.02215e-05	12.03
0.61438	0.812472	5.71994e-05	12.045
0.539926	0.867295	5.41077e-05	12.06
0.460927	0.914888	5.09796e-05	12.075
0.378072	0.954908	4.7848e-05	12.09
0.29207	0.987074	4.47454e-05	12.105
0.203645	1.01117	4.17037e-05	12.12
0.113532	1.02703	3.87537e-05	12.135
0.0224715	1.03458	3.59255e-05	12.15
-0.0687967	1.03377	3.32479e-05	12.165
-0.159535	1.02465	3.07484e-05	12.18
-0.249012	1.00729	2.8453e-05	12.195
-0.336511	0.981856	2.6386e-05	12.21
-0.421328	0.948548	2.45703e-05	12.225
-0.502779	0.907631	2.30267e-05	12.24
-0.580204	0.859426	2.1774e-05	12.255
-0.652969	0.804308	2.08291e-05	12.27
-0.720471	0.742702	2.02065e-05	12.285
-0.782143	0.675084	1.99186e-05	12.3
-0.837454	0.60198	1.99752e-05	12.315
-0.885917	0.523962	2.03837e-05	12.33
-0.927092	0.441644	2.11488e-05	12.345
-0.960589	0.355682	2.22726e-05	12.36
-0.986072	0.266768	2.37541e-05	12.375
-1.00326	0.175632	2.55898e-05	12.39
-1.01195	0.0830278	2.77729e-05	12.405
-1.01198	-0.0102613	3.02937e-05	12.42
-1.00328	-0.103434	3.31396e-05	12.435
-0.985831	-0.195675	3.62948e-05	12.45
-0.959716	-0.286162	3.97404e-05	12.465
-0.925079	-0.37407	4.34547e-05	12.48
-0.882147	-0.458583	4.74128e-05	12.495
-0.831229	-0.5389	5.15872e-05	12.51
-0.772715	-0.614243	5.59479e-05	12.525
-0.707076	-0.683866	6.04621e-05	12.54
-0.634859	-0.747066	6.50951e-05	12.555
-0.556688	-0.803191	6.98103e-05	12.57
-0.473258	-0.851648	7.45694e-05	12.585
-0.385328	-0.891913	7.93331e-05	12.6
-0.293715	-0.923541	8.40614e-05	12.615
-0.199286	-0.946169	8.8714e-05	12.63
-0.102949	-0.959527	9.32509e-05	12.645
-0.00564088	-0.963441	9.76328e-05	12.66
0.0916842	-0.957838	0.000101822	12.675
0.188064	-0.942748	0.000105781	12.69
0.282543	-0.918303	0.000109478	12.705
0.374185	-0.88474	0.000112879	12.72
0.462082	-0.842395	0.000115959	12.735
0.54537	-0.791696	0.000118691	12.75
0.62324	-0.733166	0.000121055	12.765
0.694943	-0.667406	0.000123034	12.78
0.759803	-0.59509	0.000124616	12.795
0.817224	-0.516957	0.000125794	12.81
0.866696	-0.433799	0.000126562	12.825
0.907795	-0.346449	0.000126921	12.84
0.940192	-0.255772	0.000126877	12.855
0.96365	-0.162654	0.000126438	12.87
0.978025	-0.0679898	0.000125618	12.885
0.983265	0.0273259	0.00012443	12.9
0.979408	0.122409	0.000122897	12.915
0.966574	0.216393	0.000121039	12.93
0.944968	0.308439	0.000118881	12.945
0.914868	0.397743	0.000116451	12.96
0.876624	0.48354	0.000113778	12.975
0.830649	0.56511	0.000110891	12.99
0.777418	0.641784	0.000107824	13.005
0.717453	0.712947	0.000104607	13.02
0.651327	0.778038	0.000101275	13.035
0.57965	0.836559	9.78614e-05	13.05
0.50307	0.88807	9.43989e-05	13.065
0.422259	0.932192	9.09212e-05	13.08
0.337916	0.968611	8.74611e-05	13.095
0.250756	0.997073	8.40509e-05	13.11
0.161508	1.01739	8.07222e-05	13.125
0.0709072	1.02943	7.75053e-05	13.14
-0.0203048	1.03314	7.44296e-05	13.155
-0.111389	1.0285	7.1523e-05	13.17
-0.201612	1.01558	6.88121e-05	13.185
-0.290247	0.994489	6.63219e-05	13.2
-0.376584	0.965406	6.40755e-05	13.215
-0.459926	0.928563	6.20944e-05	13.23
-0.5396	0.88425	6.0398e-05	13.245
-0.614956	0.83281	5.90037e-05	13.26
-0.685374	0.774641	5.79266e-05	13.275
-0.750265	0.710191	5.71795e-05	13.29
-0.809077	0.63996	5.67731e-05	13.305
-0.861299	0.564494	5.67151e-05	13.32
-0.906461	0.484385	5.7011e-05	13.335
-0.944147	0.400267	5.76633e-05	13.35
-0.973987	0.312815	5.86719e-05	13.365
-0.995673	0.222738	6.00338e-05	13.38
-1.00895	0.130778	6.17429e-05	13.395
-1.01364	0.0377069	6.37902e-05	13.41
-1.00963	-0.0556838	6.61637e-05	13.425
-0.996852	-0.148583	6.88483e-05	13.44
-0.975353	-0.240171	7.18259e-05	13.455
-0.945233	-0.32962	7.50752e-05	13.47
-0.906678	-0.416107	7.85722e-05	13.485
-0.859953	-0.498821	8.229e-05	13.5
-0.805407	-0.576969	8.61989e-05	13.515
-0.743466	-0.649785	9.0267e-05	13.53
-0.674641	-0.716541	9.44599e-05	13.545
-0.599516	-0.776556	9.87413e-05	13.56
-0.51875	-0.829204	0.000103073	13.575
-0.43307	-0.873922	0.000107417	13.59
-0.343265	-0.910223	0.000111732	13.605
-0.250179	-0.937699	0.000115979	13.62
-0.1547	-0.956031	0.000120117	13.635
-0.0577506	-0.964995	0.000124106	13.65
0.0397203	-0.964465	0.000127908	13.665
0.136753	-0.954416	0.000131487	13.68
0.232386	-0.934929	0.000134807	13.695
0.325672	-0.906185	0.000137837	13.71
0.415687	-0.86847	0.000140548	13.725
0.501544	-0.822165	0.000142913	13.74
0.582402	-0.767745	0.000144912	13.755
0.657482	-0.705771	0.000146525	13.77
0.726069	-0.636878	0.00014774	13.785
0.787526	-0.561774	0.000148546	13.8
0.841297	-0.481223	0.000148938	13.815
0.886913	-0.396037	0.000148917	13.83
0.923997	-0.307065	0.000148484	13.845
0.952263	-0.215182	0.000147647	13.86
0.971519	-0.121277	0.000146418	13.875
0.981664	-0.0262453	0.000144812	13.89
0.98269	0.0690237	0.000142847	13.905
0.974672	0.163655	0.000140545	13.92
0.957773	0.256795	0.00013793	13.935
0.932229	0.347623	0.000135028	13.95
0.898353	0.435353	0.000131868	13.965
0.856524	0.519241	0.000128482	13.98
0.807183	0.598593	0.000124901	13.995
0.750827	0.672763	0.000121157	14.01
0.688	0.741164	0.000117286	14.025
0.619293	0.803263	0.00011332	14.04
0.545331	0.858589	0.000109295	14.055
0.466773	0.906729	0.000105244	14.07
0.384303	0.947336	0.000101202	14.085
0.298627	0.980121	9.72025e-05	14.1
0.210465	1.00486	9.32771e-05	14.115
0.120549	1.02139	8.94578e-05	14.13
0.0296177	1.02962	8.57752e-05	14.145
-0.0615903	1.0295	8.22583e-05	14.16
-0.152337	1.02106	7.89348e-05	14.175
-0.241894	1.00439	7.58308e-05	14.19
-0.329539	0.979616	7.29706e-05	14.205
-0.414568	0.94695	7.03766e-05	14.22
-0.496296	0.906648	6.80692e-05	14.235
-0.574057	0.859023	6.60669e-05	14.25
-0.647215	0.804443	6.43856e-05	14.265
-0.715162	0.743329	6.30391e-05	14.28
-0.777325	0.676152	6.20387e-05	14.295
-0.833169	0.603433	6.13933e-05	14.31
-0.882199	0.52574	6.11088e-05	14.325
-0.92397	0.443685	6.11886e-05	14.34
-0.958084	0.35792	6.16333e-05	14.355
-0.984198	0.269139	6.24402e-05	14.37
-1.00203	0.178066	6.36041e-05	14.385
-1.01135	0.0854589	6.51164e-05	14.4
-1.01202	-0.00789953	6.69655e-05	14.415
-1.00394	-0.101206	6.91367e-05	14.43
-0.987093	-0.193644	7.16122e-05	14.445
-0.961555	-0.284387	7.4371e-05	14.46
-0.927463	-0.372607	7.73892e-05	14.475
-0.885041	-0.457484	8.06399e-05	14.49
-0.834593	-0.538212	8.40936e-05	14.505
-0.776506	-0.614009	8.77181e-05	14.52
-0.711245	-0.684125	9.14787e-05	14.535
-0.639357	-0.747849	9.5339e-05	14.55
-0.561465	-0.804526	9.92605e-05	14.565
-0.47826	-0.853557	0.000103204	14.58
-0.390501	-0.894414	0.000107128	14.595
-0.299006	-0.926646	0.000110992	14.61
-0.204641	-0.949886	0.000114754	14.625
-0.108314	-0.963859	0.000118375	14.64
-0.0109618	-0.968388	0.000121814	14.655
0.0864591	-0.963396	0.000125034	14.67
0.182986	-0.948907	0.000127998	14.685
0.277663	-0.925052	0.000130674	14.7
0.369552	-0.892063	0.000133031	14.715
0.457745	-0.850272	0.000135041	14.73
0.541377	-0.800106	0.000136681	14.745
0.619635	-0.742081	0.000137933	14.76
0.69177	-0.676795	0.000138781	14.775
0.757105	-0.60492	0.000139215	14.79
0.815042	-0.527191	0.000139227	14.805
0.865065	-0.444394	0.000138817	14.82
0.90675	-0.35736	0.000137987	14.835
0.939764	-0.26695	0.000136742	14.85
0.963866	-0.174047	0.000135094	14.865
0.978907	-0.0795414	0.000133058	14.88
0.98483	0.0156741	0.00013065	14.895
0.981667	0.110717	0.000127892	14.91
0.969534	0.204724	0.000124807	14.925
0.948628	0.296858	0.000121422	14.94
0.919223	0.386313	0.000117766	14.955
0.88166	0.472325	0.000113868	14.97
0.836347	0.554173	0.00010976	14.985
0.783752	0.631186	0.000105477	15
0.724391	0.702747	0.00010105	15.015
0.65883	0.768293	9.65161e-05	15.03
0.587675	0.82732	9.1909e-05	15.045
0.511567	0.879384	8.72637e-05	15.06
0.431174	0.924102	8.26152e-05	15.075
0.34719	0.961153	7.79976e-05	15.09
0.260328	0.990278	7.34447e-05	15.105
0.171311	1.01128	6.89893e-05	15.12
0.0808759	1.02403	6.46631e-05	15.135
-0.0102404	1.02845	6.04967e-05	15.15
-0.101299	1.02453	5.65192e-05	15.165
-0.191565	1.01232	5.27581e-05	15.18
-0.280314	0.991937	4.92394e-05	15.195
-0.366832	0.96354	4.59871e-05	15.21
-0.45042	0.927358	4.3023e-05	15.225
-0.530403	0.883674	4.03673e-05	15.24
-0.606128	0.832825	3.80376e-05	15.255
-0.676969	0.775203	3.60491e-05	15.27
-0.742333	0.711253	3.44147e-05	15.285
-0.801662	0.641467	3.31447e-05	15.3
-0.854439	0.566389	3.22466e-05	15.315
-0.90019	0.486606	3.17253e-05	15.33
-0.938489	0.402751	3.15825e-05	15.345
-0.968963	0.315495	3.18171e-05	15.36
-0.991294	0.225547	3.2425e-05	15.375
-1.00523	0.13365	3.33988e-05	15.39
-1.01056	0.0405725	3.47281e-05	15.405
-1.00719	-0.0528903	3.6399e-05	15.42
-0.995037	-0.145927	3.83946e-05	15.435
-0.97414	-0.237712	4.06949e-05	15.45
-0.944596	-0.327419	4.32764e-05	15.465
-0.906583	-0.414219	4.61129e-05	15.48
-0.860363	-0.497298	4.9175e-05	15.495
-0.806279	-0.575856	5.24308e-05	15.51
-0.744756	-0.649123	5.58456e-05	15.525
-0.676299	-0.716368	5.93827e-05	15.54
-0.60149	-0.776903	6.30033e-05	15.555
-0.520989	-0.830096	6.66671e-05	15.57
-0.435519	-0.875381	7.03325e-05	15.585
-0.345869	-0.912263	7.39574e-05	15.6
-0.252883	-0.940332	7.74993e-05	15.615
-0.157448	-0.959264	8.09163e-05	15.63
-0.0604894	-0.968828	8.4167e-05	15.645
0.0370451	-0.968896	8.72116e-05	15.66
0.134194	-0.959438	9.00122e-05	15.675
0.229996	-0.940531	9.25331e-05	15.69
0.323502	-0.912354	9.47418e-05	15.705
0.413786	-0.875187	9.6609e-05	15.72
0.49996	-0.829409	9.81092e-05	15.735
0.581183	-0.775491	9.92207e-05	15.75
0.656671	-0.713988	9.99263e-05	15.765
0.725711	-0.645536	0.000100213	15.78
0.787661	-0.570836	0.000100073	15.795
0.841963	-0.490649	9.95021e-05	15.81
0.888147	-0.405783	9.85012e-05	15.825
0.92583	-0.317084	9.70753e-05	15.84
0.954724	-0.225423	9.52339e-05	15.855
0.974633	-0.131686	9.29901e-05	15.87
0.98545	-0.036765	9.03608e-05	15.885
0.987162	0.0584528	8.73664e-05	15.9
0.979839	0.153094	8.40303e-05	15.915
0.963637	0.246309	8.03784e-05	15.93
0.938787	0.337275	7.64392e-05	15.945
0.905595	0.425206	7.2243e-05	15.96
0.864434	0.509361	6.78219e-05	15.975
0.815738	0.589041	6.32091e-05	15.99
0.759996	0.6636	5.8439e-05	16.005
0.697749	0.732448	5.35465e-05	16.02
0.629579	0.795049	4.85669e-05	16.035
0.556108	0.850925	4.35359e-05	16.05
0.477987	0.899663	3.84885e-05	16.065
0.395898	0.940906	3.34599e-05	16.08
0.310541	0.974362	2.84844e-05	16.095
0.222634	0.999801	2.35956e-05	16.11
0.132905	1.01705	1.8826e-05	16.125
0.0420919	1.02601	1.42071e-05	16.14
-0.0490681	1.02664	9.76906e-06	16.155
-0.139838	1.01894	5.54047e-06	16.17
-0.229487	1.00299	1.54834e-06	16.185
-0.317295	0.978941	-2.18207e-06	16.2
-0.402554	0.946972	-5.62744e-06	16.215
-0.484576	0.907338	-8.7665e-06	16.23
-0.562693	0.860347	-1.15801e-05	16.245
-0.636264	0.80636	-1.40515e-05	16.26
-0.704677	0.745792	-1.61663e-05	16.275
-0.767354	0.679111	-1.79126e-05	16.29
-0.823753	0.606832	-1.92814e-05	16.305
-0.873375	0.529519	-2.02661e-05	16.32
-0.915767	0.447782	-2.08633e-05	16.335
-0.950525	0.36227	-2.10724e-05	16.35
-0.9773	0.273674	-2.0896e-05	16.365
-0.995801	0.18272	-2.03397e-05	16.38
-1.0058	0.0901633	-1.94124e-05	16.395
-1.00713	-0.0032117	-1.81263e-05	16.41
-0.999702	-0.096601	-1.64967e-05	16.425
-0.983498	-0.189185	-1.45424e-05	16.44
-0.958574	-0.280135	-1.22852e-05	16.455
-0.925068	-0.36862	-9.75016e-06	16.47
-0.883196	-0.453816	-6.9655e-06	16.485
-0.833259	-0.534914	-3.96219e-06	16.5
-0.775639	-0.611125	-7.73947e-07	16.515
-0.710799	-0.681694	2.56306e-06	16.53
-0.639282	-0.745909	6.01051e-06	16.545
-0.561708	-0.803105	9.52829e-06	16.56
-0.478768	-0.852681	1.30749e-05	16.575
-0.391219	-0.894101	1.66078e-05	16.59
-0.299878	-0.926912	2.00842e-05	16.605
-0.205611	-0.95074	2.3461e-05	16.62
-0.109326	-0.965306	2.6696e-05	16.635
-0.0119603	-0.970428	2.97479e-05	16.65
0.085529	-0.966025	3.25772e-05	16.665
0.182179	-0.952118	3.51465e-05	16.68
0.277031	-0.928832	3.74211e-05	16.695
0.369147	-0.896395	3.93696e-05	16.71
0.457618	-0.855136	4.09641e-05	16.725
0.541575	-0.805478	4.21805e-05	16.74
0.620207	-0.747934	4.29991e-05	16.755
0.69276	-0.683098	4.34046e-05	16.77
0.758557	-0.611637	4.3386e-05	16.785
0.816994	-0.534283	4.29373e-05	16.8
0.867557	-0.451818	4.20568e-05	16.815
0.909815	-0.365071	4.07475e-05	16.83
0.943432	-0.274897	3.90165e-05	16.845
0.968164	-0.182177	3.68752e-05	16.86
0.983856	-0.087798	3.43389e-05	16.875
0.990448	0.00734944	3.14264e-05	16.89
0.987964	0.102386	2.81598e-05	16.905
0.976516	0.196448	2.4564e-05	16.92
0.956295	0.288701	2.06667e-05	16.935
0.927566	0.37834	1.64974e-05	16.95
0.890667	0.464599	1.2088e-05	16.965
0.845998	0.546758	7.47132e-06	16.98
0.794019	0.624144	2.68174e-06	16.995
0.735243	0.696136	-2.24569e-06	17.01
0.670227	0.76217	-7.27537e-06	17.025
0.599572	0.821736	-1.23714e-05	17.04
0.523914	0.874387	-1.74981e-05	17.055
0.443915	0.919734	-2.26198e-05	17.07
0.360266	0.957452	-2.77014e-05	17.085
0.273675	0.987275	-3.27086e-05	17.1
0.184863	1.009	-3.76081e-05	17.115
0.0945635	1.02249	-4.23674e-05	17.13
0.00351246	1.02766	-4.69557e-05	17.145
-0.0875522	1.02449	-5.13432e-05	17.16
-0.177896	1.01303	-5.5502e-05	17.175
-0.266793	0.993383	-5.94058e-05	17.19
-0.353528	0.965705	-6.30303e-05	17.205
-0.4374	0.930217	-6.63531e-05	17.22
-0.517731	0.887194	-6.9354e-05	17.235
-0.593863	0.836969	-7.2015e-05	17.25
-0.665168	0.779927	-7.43207e-05	17.265
-0.731046	0.716507	-7.62581e-05	17.28
-0.790934	0.647198	-7.78167e-05	17.295
-0.84431	0.572538	-7.89889e-05	17.31
-0.890694	0.493113	-7.97699e-05	17.325
-0.929651	0.40955	-8.01579e-05	17.34
-0.960804	0.322521	-8.01541e-05	17.355
-0.983826	0.232732	-7.97628e-05	17.37
-0.998454	0.140926	-7.89916e-05	17.385
-1.00449	0.0478722	-7.78512e-05	17.4
-1.0018	-0.0456336	-7.63555e-05	17.415
-0.990325	-0.138778	-7.45219e-05	17.43
-0.970082	-0.230735	-7.2371e-05	17.445
-0.941165	-0.320671	-6.99264e-05	17.46
-0.903748	-0.407758	-6.7215e-05	17.475
-0.858088	-0.491175	-6.42666e-05	17.49
-0.804522	-0.57012	-6.11138e-05	17.505
-0.743473	-0.643818	-5.77917e-05	17.52
-0.675442	-0.711531	-5.43378e-05	17.535
-0.601009	-0.772568	-5.07914e-05	17.55
-0.52083	-0.826291	-4.71934e-05	17.565
-0.435628	-0.872129	-4.3586e-05	17.58
-0.346192	-0.909584	-4.0012e-05	17.595
-0.253363	-0.938238	-3.65143e-05	17.61
-0.158029	-0.957762	-3.31356e-05	17.625
-0.0611141	-0.967924	-2.99177e-05	17.64
0.036432	-0.968588	-2.69008e-05	17.655
0.133648	-0.959722	-2.41233e-05	17.67
0.229572	-0.941397	-2.16211e-05	17.685
0.323253	-0.913789	-1.94271e-05	17.7
0.413764	-0.877173	-1.75708e-05	17.715
0.500217	-0.831924	-1.6078e-05	17.73
0.581768	-0.778509	-1.49703e-05	17.745
0.657632	-0.717481	-1.42651e-05	17.76
0.727092	-0.649469	-1.39751e-05	17.775
0.789507	-0.575171	-1.41085e-05	17.79
0.844313	-0.495345	-1.46691e-05	17.805
0.891038	-0.410794	-1.56558e-05	17.82
0.929296	-0.322361	-1.70635e-05	17.835
0.958793	-0.230913	-1.88825e-05	17.85
0.979329	-0.137334	-2.10994e-05	17.865
0.990793	-0.0425117	-2.36969e-05	17.88
0.993166	0.0526681	-2.66545e-05	17.895
0.986513	0.147335	-2.99484e-05	17.91
0.970982	0.240638	-3.35522e-05	17.925
0.9468	0.331758	-3.74373e-05	17.94
0.914265	0.419908	-4.15728e-05	17.955
0.873744	0.504345	-4.59264e-05	17.97
0.825664	0.584371	-5.04644e-05	17.985
0.770509	0.659337	-5.51521e-05	18
0.708811	0.728648	-5.99542e-05	18.015
0.641149	0.791766	-6.48349e-05	18.03
0.568136	0.848211	-6.97586e-05	18.045
0.490422	0.897561	-7.46894e-05	18.06
0.408681	0.939456	-7.95921e-05	18.075
0.323611	0.973598	-8.44321e-05	18.09
0.235925	0.99975	-8.91756e-05	18.105
0.14635	1.01774	-9.37897e-05	18.12
0.0556192	1.02745	-9.82428e-05	18.135
-0.035529	1.02882	-0.000102505	18.15
-0.126359	1.02188	-0.000106546	18.165
-0.21614	1.00668	-0.000110341	18.18
-0.304149	0.983357	-0.000113863	18.195
-0.389678	0.952096	-0.000117089	18.21
-0.472036	0.913141	-0.000119999	18.225
-0.550552	0.866794	-0.000122572	18.24
-0.62458	0.813409	-0.000124793	18.255
-0.693504	0.753396	-0.000126646	18.27
-0.75674	0.687216	-0.000128122	18.285
-0.813741	0.615383	-0.00012921	18.3
-0.864002	0.538455	-0.000129905	18.315
-0.907063	0.457038	-0.000130203	18.33
-0.942513	0.371781	-0.000130105	18.345
-0.969997	0.283373	-0.000129614	18.36
-0.989215	0.192538	-0.000128737	18.375
-0.999933	0.100032	-0.000127482	18.39
-1.00198	0.0066404	-0.000125864	18.405
-0.995259	-0.0868321	-0.000123897	18.42
-0.979742	-0.179563	-0.000121603	18.435
-0.955483	-0.270722	-0.000119003	18.45
-0.922612	-0.359474	-0.000116123	18.465
-0.881341	-0.444992	-0.000112993	18.48
-0.831967	-0.526461	-0.000109644	18.495
-0.774866	-0.60309	-0.000106111	18.51
-0.710499	-0.674118	-0.000102431	18.525
-0.639407	-0.738827	-9.86428e-05	18.54
-0.562206	-0.79655	-9.47866e-05	18.555
-0.479586	-0.846677	-9.09044e-05	18.57
-0.392302	-0.888672	-8.70392e-05	18.585
-0.30117	-0.922071	-8.3234e-05	18.6
-0.207057	-0.9465	-7.95316e-05	18.615
-0.110869	-0.961675	-7.59742e-05	18.63
-0.0135444	-0.967408	-7.26029e-05	18.645
0.0839597	-0.963613	-6.94568e-05	18.66
0.18068	-0.950308	-6.65725e-05	18.675
0.275657	-0.927613	-6.39842e-05	18.69
0.367951	-0.895754	-6.17226e-05	18.705
0.456653	-0.855053	-5.98147e-05	18.72
0.540893	-0.80593	-5.82835e-05	18.735
0.619857	-0.748894	-5.71478e-05	18.75
0.69279	-0.684535	-5.6422e-05	18.765
0.759012	-0.613515	-5.61157e-05	18.78
0.817918	-0.536561	-5.62341e-05	18.795
0.868988	-0.454454	-5.67777e-05	18.81
0.911791	-0.368015	-5.77427e-05	18.825
0.945985	-0.278099	-5.91208e-05	18.84
0.97132	-0.185581	-6.08996e-05	18.855
0.98764	-0.0913469	-6.30632e-05	18.87
0.994876	0.00371713	-6.55919e-05	18.885
0.993049	0.0987331	-6.84629e-05	18.9
0.982263	0.19284	-7.16507e-05	18.915
0.962703	0.285203	-7.5127e-05	18.93
0.934628	0.375018	-7.88618e-05	18.945
0.898369	0.461519	-8.2823e-05	18.96
0.854319	0.543984	-8.69773e-05	18.975
0.802932	0.621738	-9.12903e-05	18.99
0.744714	0.694159	-9.57267e-05	19.005
0.680217	0.760677	-0.000100251	19.02
0.610035	0.820781	-0.000104827	19.035
0.534798	0.874017	-0.000109419	19.05
0.455165	0.919993	-0.000113992	19.065
0.371822	0.958376	-0.000118511	19.08
0.285472	0.988894	-0.000122941	19.095
0.196834	1.01134	-0.00012725	19.11
0.106639	1.02556	-0.000131406	19.125
0.0156221	1.03148	-0.000135377	19.14
-0.0754805	1.02907	-0.000139135	19.155
-0.165934	1.01835	-0.000142652	19.17
-0.255012	0.999438	-0.000145901	19.185
-0.341998	0.972475	-0.00014886	19.2
-0.426189	0.937676	-0.000151505	19.215
-0.506902	0.89531	-0.000153818	19.23
-0.583478	0.845702	-0.00015578	19.245
-0.655282	0.789232	-0.000157377	19.26
-0.721712	0.726334	-0.000158596	19.275
-0.782198	0.657492	-0.000159427	19.29
-0.836212	0.583239	-0.000159863	19.305
-0.883266	0.504158	-0.000159899	19.32
-0.922922	0.420875	-0.000159535	19.335
-0.954793	0.334057	-0.000158772	19.35
-0.978547	0.24441	-0.000157616	19.365
-0.993913	0.152677	-0.000156075	19.38
-1.00068	0.059627	-0.000154161	19.395
-0.998722	-0.0339429	-0.000151888	19.41
-0.987962	-0.127217	-0.000149276	19.425
-0.968413	-0.219368	-0.000146347	19.44
-0.940163	-0.309559	-0.000143124	19.455
-0.903381	-0.396957	-0.000139638	19.47
-0.858318	-0.480738	-0.000135918	19.485
-0.80531	-0.560096	-0.000131999	19.5
-0.744772	-0.63425	-0.000127918	19.515
-0.677205	-0.702458	-0.000123714	19.53
-0.603186	-0.764024	-0.000119427	19.545
-0.523368	-0.818305	-0.000115099	19.56
-0.438473	-0.864725	-0.000110773	19.575
-0.349288	-0.90278	-0.000106494	19.59
-0.256654	-0.932049	-0.000102305	19.605
-0.16146	-0.952198	-9.82482e-05	19.62
-0.0646287	-0.962989	-9.43667e-05	19.635
0.0328903	-0.964282	-9.07007e-05	19.65
0.130135	-0.956042	-8.72882e-05	19.665
0.226142	-0.938335	-8.41647e-05	19.68
0.319961	-0.911333	-8.13624e-05	19.695
0.410665	-0.875307	-7.891e-05	19.71
0.497361	-0.830627	-7.68322e-05	19.725
0.579207	-0.777757	-7.51495e-05	19.74
0.655416	-0.717245	-7.38777e-05	19.755
0.725269	-0.649716	-7.30282e-05	19.77
0.78812	-0.575863	-7.26077e-05	19.785
0.843406	-0.496441	-7.2618e-05	19.8
0.890649	-0.412248	-7.30566e-05	19.815
0.929461	-0.324122	-7.39165e-05	19.83
0.959543	-0.232928	-7.51864e-05	19.845
0.98069	-0.139546	-7.68511e-05	19.86
0.992786	-0.0448606	-7.88918e-05	19.875
0.995807	0.0502453	-8.12862e-05	19.89
0.989811	0.144903	-8.40091e-05	19.905
0.97494	0.238263	-8.70329e-05	19.92
0.951414	0.329507	-9.03273e-05	19.935
0.919526	0.417848	-9.38606e-05	19.95
0.879633	0.502541	-9.75991e-05	19.965
0.832158	0.582888	-0.000101508	19.98
0.777577	0.658237	-0.000105552	19.995
0.716417	0.727991	-0.000109696	20.01
0.649248	0.791607	-0.000113902	20.025
0.576681	0.848601	-0.000118134	20.04
0.499358	0.898547	-0.000122357	20.055
0.41795	0.941078	-0.000126534	20.07
0.333149	0.97589	-0.000130632	20.085
0.245666	1.00274	-0.000134615	20.1
0.156225	1.02145	-0.000138452	20.115
0.0655588	1.03189	-0.000142111	20.13
-0.0255978	1.03401	-0.000145562	20.145
-0.116509	1.0278	-0.000148775	20.16
-0.206442	1.01333	-0.000151726	20.175
-0.294675	0.990726	-0.000154388	20.19
-0.380497	0.960159	-0.00015674	20.205
-0.463214	0.921868	-0.00015876	20.22
-0.542152	0.876149	-0.00016043	20.235
-0.616662	0.823349	-0.000161733	20.25
-0.686121	0.763874	-0.000162658	20.265
-0.749941	0.69818	-0.000163192	20.28
-0.80757	0.626774	-0.000163327	20.295
-0.858497	0.550212	-0.00016306	20.31
-0.902253	0.469096	-0.000162386	20.325
-0.938423	0.384073	-0.000161307	20.34
-0.966643	0.29583	-0.000159827	20.355
-0.986607	0.205089	-0.000157954	20.37
-0.998074	0.112609	-0.000155698	20.385
-1.00087	0.0191726	-0.000153072	20.4
-0.994876	-0.0744123	-0.000150095	20.415
-0.980075	-0.167322	-0.000146786	20.43
-0.956507	-0.258722	-0.000143171	20.445
-0.924297	-0.347775	-0.000139275	20.46
-0.883653	-0.43365	-0.000135131	20.475
-0.834865	-0.515528	-0.00013077	20.49
-0.778308	-0.592612	-0.00012623	20.505
-0.714438	-0.664137	-0.000121548	20.52
-0.643792	-0.729381	-0.000116766	20.535
-0.566985	-0.787669	-0.000111925	20.55
-0.484705	-0.838389	-0.00010707	20.565
-0.397706	-0.880998	-0.000102245	20.58
-0.306803	-0.915029	-9.74939e-05	20.595
-0.212861	-0.940101	-9.28617e-05	20.61
-0.116789	-0.955926	-8.83916e-05	20.625
-0.0195227	-0.962312	-8.41259e-05	20.64
0.0779791	-0.959168	-8.01043e-05	20.655
0.174752	-0.946509	-7.63645e-05	20.67
0.269838	-0.92445	-7.29408e-05	20.685
0.362296	-0.893212	-6.98641e-05	20.7
0.451213	-0.853115	-6.71614e-05	20.715
0.535722	-0.804574	-6.48552e-05	20.73
0.615004	-0.748092	-6.29639e-05	20.745
0.688305	-0.684256	-6.1501e-05	20.76
0.754941	-0.613725	-6.04752e-05	20.775
0.814306	-0.537221	-5.98904e-05	20.79
0.865876	-0.455519	-5.97459e-05	20.805
0.909217	-0.369437	-6.00363e-05	20.82
0.943982	-0.279827	-6.07518e-05	20.835
0.969919	-0.187559	-6.18784e-05	20.85
0.986864	-0.0935159	-6.33985e-05	20.865
0.994745	0.00141903	-6.52905e-05	20.88
0.993575	0.0963701	-6.753e-05	20.895
0.983454	0.190478	-7.00896e-05	20.91
0.964558	0.28291	-7.29394e-05	20.925
0.937142	0.37286	-7.60476e-05	20.94
0.901527	0.459565	-7.93804e-05	20.955
0.858102	0.542299	-8.2903e-05	20.97
0.807312	0.620387	-8.65794e-05	20.985
0.749657	0.693203	-9.03728e-05	21
0.685683	0.760175	-9.42463e-05	21.015
0.615978	0.820787	-9.81626e-05	21.03
0.541166	0.874581	-0.000102085	21.045
0.461902	0.921158	-0.000105977	21.06
0.378865	0.96018	-0.000109802	21.075
0.292757	0.99137	-0.000113526	21.09
0.204294	1.01451	-0.000117114	21.105
0.114202	1.02945	-0.000120534	21.12
0.0232161	1.03609	-0.000123755	21.135
-0.0679283	1.03441	-0.000126747	21.15
-0.158497	1.02442	-0.000129482	21.165
-0.247762	1.00622	-0.000131934	21.18
-0.335005	0.979948	-0.000134079	21.195
-0.419522	0.945817	-0.000135894	21.21
-0.500627	0.904087	-0.000137361	21.225
-0.577656	0.855076	-0.000138462	21.24
-0.64997	0.799158	-0.000139182	21.255
-0.716962	0.736761	-0.00013951	21.27
-0.778057	0.668364	-0.000139435	21.285
-0.83272	0.594498	-0.000138952	21.3
-0.880459	0.515739	-0.000138057	21.315
-0.920826	0.432711	-0.000136749	21.33
-0.953429	0.346081	-0.000135032	21.345
-0.977928	0.256552	-0.000132912	21.36
-0.994046	0.164866	-0.000130398	21.375
-1.00157	0.0717936	-0.000127502	21.39
-1.00035	-0.0218683	-0.000124241	21.405
-0.990319	-0.115302	-0.000120635	21.42
-0.971478	-0.207678	-0.000116707	21.435
-0.943909	-0.298156	-0.000112483	21.45
-0.907776	-0.3859	-0.000107992	21.465
-0.863324	-0.470082	-0.000103267	21.48
-0.810884	-0.54989	-9.83431e-05	21.495
-0.75087	-0.62454	-9.32587e-05	21.51
-0.683777	-0.693285	-8.8054e-05	21.525
-0.61018	-0.755422	-8.2771e-05	21.54
-0.530729	-0.810304	-7.74535e-05	21.555
-0.446147	-0.85735	-7.21461e-05	21.57
-0.357217	-0.896051	-6.68941e-05	21.585
-0.264781	-0.92598	-6.17428e-05	21.6
-0.169727	-0.9468	-5.67367e-05	21.615
-0.0729789	-0.958266	-5.19195e-05	21.63
0.0245148	-0.960236	-4.73329e-05	21.645
0.121791	-0.952669	-4.30164e-05	21.66
0.217886	-0.935626	-3.90065e-05	21.675
0.311848	-0.909276	-3.53367e-05	21.69
0.402749	-0.873886	-3.20363e-05	21.705
0.489697	-0.829823	-2.91307e-05	21.72
0.571845	-0.777544	-2.66408e-05	21.735
0.648407	-0.717593	-2.45829e-05	21.75
0.718661	-0.650593	-2.29683e-05	21.765
0.781959	-0.577232	-2.18036e-05	21.78
0.837736	-0.498259	-2.10903e-05	21.795
0.885509	-0.414469	-2.08256e-05	21.81
0.924887	-0.326697	-2.10017e-05	21.825
0.955567	-0.235802	-2.16065e-05	21.84
0.97734	-0.142662	-2.2624e-05	21.855
0.990085	-0.0481577	-2.40343e-05	21.87
0.99377	0.0468306	-2.5814e-05	21.885
0.988449	0.141436	-2.79368e-05	21.9
0.974257	0.234811	-3.03736e-05	21.915
0.951407	0.326138	-3.30931e-05	21.93
0.920184	0.41463	-3.60619e-05	21.945
0.880942	0.499542	-3.92451e-05	21.96
0.834093	0.580173	-4.26067e-05	21.975
0.780108	0.655871	-4.61097e-05	21.99
0.719506	0.726034	-4.97165e-05	22.005
0.652853	0.790116	-5.33896e-05	22.02
0.580753	0.847628	-5.70911e-05	22.035
0.503842	0.89814	-6.07836e-05	22.05
0.422786	0.941279	-6.44304e-05	22.065
0.338274	0.976735	-6.79952e-05	22.08
0.251013	1.00426	-7.14431e-05	22.095
0.161724	1.02366	-7.474e-05	22.11
0.0711376	1.03481	-7.78533e-05	22.125
-0.0200122	1.03765	-8.0752e-05	22.14
-0.11099	1.03216	-8.34066e-05	22.155
-0.201063	1.0184	-8.57897e-05	22.17
-0.289509	0.996489	-8.78755e-05	22.185
-0.375614	0.966594	-8.96407e-05	22.2
-0.458681	0.928947	-9.10639e-05	22.215
-0.538034	0.883835	-9.21264e-05	22.23
-0.613017	0.831601	-9.28117e-05	22.245
-0.683006	0.772643	-9.31062e-05	22.26
-0.747407	0.707413	-9.29989e-05	22.275
-0.80566	0.636413	-9.24817e-05	22.29
-0.857248	0.560195	-9.15496e-05	22.305
-0.901698	0.479359	-9.02005e-05	22.32
-0.938586	0.394548	-8.84358e-05	22.335
-0.967541	0.306447	-8.62599e-05	22.35
-0.988251	0.215779	-8.36807e-05	22.365
-1.00047	0.123299	-8.07095e-05	22.38
-1.004	0.0297944	-7.73612e-05	22.395
-0.998747	-0.0639281	-7.36539e-05	22.41
-0.984663	-0.157042	-6.96095e-05	22.425
-0.961787	-0.248711	-6.52529e-05	22.44
-0.93024	-0.338094	-6.06127e-05	22.455
-0.890225	-0.424355	-5.57204e-05	22.47
-0.842025	-0.506673	-5.06105e-05	22.485
-0.786012	-0.584245	-4.53204e-05	22.5
-0.722638	-0.656303	-3.98898e-05	22.515
-0.652437	-0.722117	-3.43605e-05	22.53
-0.576021	-0.781009	-2.87761e-05	22.545
-0.494077	-0.832361	-2.31815e-05	22.56
-0.407356	-0.875625	-1.76221e-05	22.575
-0.316674	-0.910328	-1.21438e-05	22.59
-0.222894	-0.936086	-6.79205e-06	22.605
-0.126924	-0.952604	-1.61145e-06	22.62
-0.0297027	-0.959686	3.35491e-06	22.635
0.0678133	-0.957238	8.06597e-06	22.65
0.164659	-0.945269	1.24833e-05	22.665
0.259874	-0.923889	1.65716e-05	22.68
0.352516	-0.893317	2.02991e-05	22.695
0.441674	-0.853866	2.36381e-05	22.71
0.526476	-0.805948	2.65653e-05	22.725
0.606104	-0.750062	2.90618e-05	22.74
0.6798	-0.686791	3.11136e-05	22.755
0.74688	-0.616788	3.27116e-05	22.77
0.806733	-0.540772	3.38516e-05	22.785
0.858833	-0.459513	3.45342e-05	22.8
0.902743	-0.373827	3.47647e-05	22.815
0.938112	-0.284559	3.45528e-05	22.83
0.964682	-0.192578	3.39127e-05	22.845
0.982286	-0.0987608	3.28624e-05	22.86
0.990845	-0.00398974	3.14234e-05	22.875
0.990367	0.0908625	2.96208e-05	22.89
0.980944	0.184939	2.74823e-05	22.905
0.962748	0.277406	2.50384e-05	22.92
0.936025	0.367461	2.23213e-05	22.935
0.901091	0.454339	1.93655e-05	22.95
0.858327	0.537313	1.62065e-05	22.965
0.808171	0.615707	1.28811e-05	22.98
0.751116	0.688891	9.42662e-06	22.995
0.687702	0.756291	5.88101e-06	23.01
0.618511	0.817386	2.28217e-06	23.025
0.54416	0.871714	-1.33209e-06	23.04
0.465301	0.918871	-4.92438e-06	23.055
0.382607	0.958512	-8.45796e-06	23.07
0.296776	0.990354	-1.18969e-05	23.085
0.20852	1.01417	-1.52065e-05	23.1
0.118565	1.02981	-1.83531e-05	23.115
0.0276427	1.03716	-2.13046e-05	23.13
-0.0635124	1.03619	-2.40304e-05	23.145
-0.154166	1.02691	-2.65017e-05	23.16
-0.243589	1.00941	-2.86917e-05	23.175
-0.331063	0.98382	-3.05756e-05	23.19
-0.41588	0.950344	-3.21306e-05	23.205
-0.497351	0.909236	-3.33364e-05	23.22
-0.574809	0.860808	-3.41752e-05	23.235
-0.647611	0.805428	-3.46316e-05	23.25
-0.715144	0.743518	-3.46932e-05	23.265
-0.776829	0.675553	-3.43501e-05	23.28
-0.832122	0.602057	-3.35955e-05	23.295
-0.880527	0.523606	-3.24259e-05	23.31
-0.921589	0.440819	-3.08406e-05	23.325
-0.954907	0.35436	-2.88424e-05	23.34
-0.980136	0.264933	-2.64376e-05	23.355
-0.996991	0.173277	-2.36355e-05	23.37
-1.00525	0.0801642	-2.04494e-05	23.385
-1.00476	-0.0136079	-1.68958e-05	23.4
-0.995446	-0.10722	-1.29947e-05	23.415
-0.9773	-0.19984	-8.76977e-06	23.43
-0.9504	-0.290625	-4.24788e-06	23.445
-0.914903	-0.378736	5.40712e-07	23.46
-0.871051	-0.463339	5.56267e-06	23.475
-0.819169	-0.543621	1.07817e-05	23.49
-0.759666	-0.618791	1.61591e-05	23.505
-0.693034	-0.688097	2.16535e-05	23.52
-0.619847	-0.750831	2.7222e-05	23.535
-0.540751	-0.806343	3.28198e-05	23.55
-0.456466	-0.854044	3.84015e-05	23.565
-0.367776	-0.893421	4.39209e-05	23.58
-0.275521	-0.924042	4.9332e-05	23.595
-0.180589	-0.945564	5.45893e-05	23.61
-0.0839016	-0.957739	5.96487e-05	23.625
0.0135902	-0.96042	6.44678e-05	23.64
0.110924	-0.953559	6.90066e-05	23.655
0.207136	-0.937216	7.3228e-05	23.67
0.301272	-0.911552	7.70983e-05	23.685
0.392404	-0.876833	8.05878e-05	23.7
0.479638	-0.833418	8.36709e-05	23.715
0.562128	-0.781762	8.63266e-05	23.73
0.639082	-0.722405	8.85385e-05	23.745
0.709779	-0.655963	9.02953e-05	23.76
0.773568	-0.583121	9.15905e-05	23.775
0.829879	-0.504624	9.24226e-05	23.79
0.878228	-0.421264	9.27948e-05	23.805
0.918219	-0.333869	9.27151e-05	23.82
0.949545	-0.243296	9.21957e-05	23.835
0.971992	-0.150418	9.1253e-05	23.85
0.985433	-0.0561153	8.99072e-05	23.865
0.98983	0.0387366	8.81819e-05	23.88
0.985233	0.133272	8.61038e-05	23.895
0.971768	0.226646	8.37023e-05	23.91
0.949643	0.31804	8.1009e-05	23.925
0.919136	0.406669	7.80577e-05	23.94
0.880593	0.491786	7.48834e-05	23.955
0.834419	0.572689	7.15225e-05	23.97
0.781079	0.648723	6.80122e-05	23.985
0.721085	0.719284	6.43904e-05	24
0.654997	0.783823	6.06948e-05	24.015
0.583412	0.841845	5.69636e-05	24.03
0.506961	0.892916	5.32343e-05	24.045
0.426306	0.936657	4.95441e-05	24.06
0.34213	0.972752	4.59291e-05	24.075
0.255139	1.00094	4.24248e-05	24.09
0.166048	1.02104	3.90652e-05	24.105
0.0755868	1.0329	3.58832e-05	24.12
-0.0155119	1.03645	3.291e-05	24.135
-0.106513	1.03168	3.01751e-05	24.15
-0.196685	1.01863	2.77063e-05	24.165
-0.285302	0.997415	2.55292e-05	24.18
-0.371651	0.968195	2.36676e-05	24.195
-0.45503	0.931193	2.21426e-05	24.21
-0.53476	0.886691	2.09733e-05	24.225
-0.610183	0.835024	2.0176e-05	24.24
-0.680668	0.776586	1.97644e-05	24.255
-0.745616	0.711821	1.97495e-05	24.27
-0.804462	0.641228	2.01392e-05	24.285
-0.856682	0.565355	2.09386e-05	24.3
-0.901796	0.484797	2.21495e-05	24.315
-0.939373	0.400197	2.37705e-05	24.33
-0.969037	0.312236	2.57968e-05	24.345
-0.990466	0.221637	2.82203e-05	24.36
-1.0034	0.129155	3.10294e-05	24.375
-1.00766	0.0355767	3.42089e-05	24.39
-1.00311	-0.0582886	3.77401e-05	24.405
-0.989719	-0.151613	4.1601e-05	24.42
-0.967512	-0.243557	4.5766e-05	24.435
-0.936604	-0.333277	5.02062e-05	24.45
-0.897192	-0.419933	5.48893e-05	24.465
-0.849557	-0.502699	5.97805e-05	24.48
-0.794064	-0.580769	6.48419e-05	24.495
-0.731162	-0.653368	7.00331e-05	24.51
-0.661382	-0.719763	7.53118e-05	24.525
-0.585335	-0.77927	8.06341e-05	24.54
-0.503702	-0.831267	8.59546e-05	24.555
-0.417237	-0.875198	9.12274e-05	24.57
-0.326751	-0.910588	9.64064e-05	24.585
-0.233108	-0.937046	0.000101446	24.6
-0.137215	-0.954274	0.000106301	24.615
-0.0400108	-0.96207	0.000110928	24.63
0.057548	-0.960334	0.000115287	24.645
0.154496	-0.949072	0.000119338	24.66
0.249873	-0.92839	0.000123048	24.675
0.342735	-0.8985	0.000126383	24.69
0.43217	-0.859714	0.000129317	24.705
0.517305	-0.812436	0.000131827	24.72
0.59732	-0.757162	0.000133893	24.735
0.671456	-0.69447	0.000135504	24.75
0.739025	-0.62501	0.000136649	24.765
0.799414	-0.549493	0.000137326	24.78
0.852095	-0.468689	0.000137536	24.795
0.896625	-0.383406	0.000137284	24.81
0.93265	-0.294486	0.000136581	24.825
0.959908	-0.202794	0.000135443	24.84
0.978224	-0.109206	0.000133887	24.855
0.987516	-0.0145984	0.000131938	24.87
0.987784	0.0801569	0.000129619	24.885
0.979116	0.174205	0.000126961	24.9
0.961675	0.266713	0.000123995	24.915
0.935701	0.35688	0.000120753	24.93
0.901502	0.443938	0.000117272	24.945
0.859453	0.527162	0.000113588	24.96
0.809985	0.605872	0.000109737	24.975
0.753585	0.679436	0.000105759	24.99
0.690784	0.747277	0.000101692	25.005
0.62216	0.808869	9.75741e-05	25.02
0.548325	0.863746	9.34438e-05	25.035
0.469922	0.911499	8.9339e-05	25.05
0.387623	0.951776	8.52966e-05	25.065
0.302121	0.984288	8.13528e-05	25.08
0.214125	1.00881	7.75425e-05	25.095
0.124356	1.02516	7.38994e-05	25.11
0.0335461	1.03324	7.04555e-05	25.125
-0.0575715	1.033	6.72413e-05	25.14
-0.148263	1.02446	6.42852e-05	25.155
-0.237799	1.00768	6.16139e-05	25.17
-0.325458	0.982795	5.92519e-05	25.185
-0.410532	0.949999	5.72214e-05	25.2
-0.492328	0.909538	5.5542e-05	25.215
-0.570176	0.861719	5.42312e-05	25.23
-0.643427	0.806902	5.33034e-05	25.245
-0.711465	0.745505	5.27705e-05	25.26
-0.773703	0.677995	5.26414e-05	25.275
-0.829594	0.604895	5.29219e-05	25.29
-0.878631	0.526774	5.36147e-05	25.305
-0.920357	0.44425	5.47193e-05	25.32
-0.954361	0.357984	5.62318e-05	25.335
-0.980291	0.268679	5.8145e-05	25.35
-0.997855	0.177072	6.04479e-05	25.365
-1.00682	0.0839368	6.31265e-05	25.38
-1.00704	-0.00992898	6.61626e-05	25.395
-0.998411	-0.103705	6.95352e-05	25.41
-0.980934	-0.196554	7.32191e-05	25.425
-0.954676	-0.287634	7.71864e-05	25.44
-0.919789	-0.3761	8.14054e-05	25.455
-0.876509	-0.461115	8.58416e-05	25.47
-0.825157	-0.541859	9.04577e-05	25.485
-0.766138	-0.61754	9.52137e-05	25.5
-0.69994	-0.687398	0.000100068	25.515
-0.627134	-0.750722	0.000104975	25.53
-0.548364	-0.806855	0.000109892	25.545
-0.464349	-0.855204	0.00011477	25.56
-0.375871	-0.89525	0.000119565	25.575
-0.283768	-0.926556	0.00012423	25.59
-0.188928	-0.948775	0.000128718	25.605
-0.0922741	-0.961654	0.000132988	25.62
0.00524493	-0.965039	0.000136995	25.635
0.102666	-0.95888	0.000140701	25.65
0.199024	-0.943232	0.000144069	25.665
0.293365	-0.918252	0.000147067	25.68
0.38476	-0.884198	0.000149665	25.695
0.472314	-0.841428	0.000151839	25.71
0.555178	-0.790392	0.000153569	25.725
0.632562	-0.731623	0.00015484	25.74
0.703739	-0.665735	0.000155641	25.755
0.768057	-0.593407	0.000155968	25.77
0.824944	-0.515379	0.000155819	25.785
0.873911	-0.432438	0.0001552	25.8
0.914559	-0.34541	0.000154119	25.815
0.946576	-0.255146	0.00015259	25.83
0.969742	-0.162516	0.00015063	25.845
0.983926	-0.0683965	0.00014826	25.86
0.989083	0.0263387	0.000145506	25.875
0.985257	0.120827	0.000142396	25.89
0.972568	0.214223	0.000138959	25.905
0.951215	0.305711	0.00013523	25.92
0.921471	0.394505	0.000131243	25.935
0.883673	0.479857	0.000127034	25.95
0.838221	0.561064	0.000122642	25.965
0.785571	0.637468	0.000118104	25.98
0.726231	0.708463	0.000113461	25.995
0.660752	0.773495	0.000108751	26.01
0.589726	0.832065	0.000104015	26.025
0.513779	0.883733	9.92902e-05	26.04
0.433567	0.928116	9.46158e-05	26.055
0.34977	0.964891	9.00292e-05	26.07
0.263089	0.993794	8.55667e-05	26.085
0.174237	1.01462	8.12634e-05	26.1
0.0839404	1.02723	7.7153e-05	26.115
-0.00706838	1.03155	7.32674e-05	26.13
-0.0980555	1.02754	6.96366e-05	26.145
-0.188289	1.01525	6.62888e-05	26.16
-0.277042	0.994778	6.32499e-05	26.175
-0.363599	0.966281	6.05437e-05	26.19
-0.447258	0.929973	5.81914e-05	26.205
-0.527335	0.88613	5.62116e-05	26.22
-0.603167	0.83508	5.46203e-05	26.235
-0.67412	0.777211	5.34308e-05	26.25
-0.739589	0.712962	5.2653e-05	26.265
-0.799003	0.642826	5.22943e-05	26.28
-0.851832	0.567347	5.23584e-05	26.295
-0.89759	0.487117	5.28459e-05	26.31
-0.935838	0.402775	5.37542e-05	26.325
-0.966192	0.315002	5.50768e-05	26.34
-0.988324	0.224517	5.6804e-05	26.355
-1.00197	0.132077	5.89222e-05	26.37
-1.00693	0.0384679	6.14144e-05	26.385
-1.00308	-0.0554997	6.42598e-05	26.4
-0.990367	-0.148996	6.74343e-05	26.415
-0.968816	-0.241178	7.09098e-05	26.43
-0.938535	-0.3312	7.46553e-05	26.445
-0.899715	-0.418219	7.86364e-05	26.46
-0.852632	-0.501402	8.28156e-05	26.475
-0.797646	-0.579939	8.71528e-05	26.49
-0.735203	-0.653052	9.16056e-05	26.505
-0.66583	-0.720001	9.61294e-05	26.52
-0.590134	-0.780097	0.000100678	26.535
-0.508797	-0.832712	0.000105205	26.55
-0.422569	-0.877286	0.000109662	26.565
-0.33226	-0.913338	0.000114002	26.58
-0.238735	-0.940472	0.000118178	26.595
-0.1429	-0.958384	0.000122144	26.61
-0.0456913	-0.966869	0.000125856	26.625
0.0519315	-0.965822	0.000129273	26.64
0.149003	-0.955242	0.000132357	26.655
0.244563	-0.935233	0.000135073	26.67
0.337667	-0.906002	0.000137389	26.685
0.427401	-0.867855	0.000139279	26.7
0.512891	-0.821193	0.000140722	26.715
0.593315	-0.766507	0.000141699	26.73
0.667914	-0.70437	0.0001422	26.745
0.735995	-0.635426	0.000142217	26.76
0.796944	-0.560385	0.000141748	26.775
0.850229	-0.480008	0.000140796	26.79
0.895404	-0.395102	0.000139369	26.805
0.93211	-0.306504	0.00013748	26.82
0.96008	-0.215074	0.000135144	26.835
0.979135	-0.121684	0.000132383	26.85
0.989185	-0.0272093	0.000129221	26.865
0.990227	0.0674819	0.000125686	26.88
0.982339	0.161536	0.000121807	26.895
0.96568	0.254122	0.000117617	26.91
0.94048	0.344439	0.000113151	26.925
0.907043	0.431718	0.000108445	26.94
0.865735	0.515234	0.000103538	26.955
0.81698	0.594304	9.84678e-05	26.97
0.761257	0.668295	9.32744e-05	26.985
0.699093	0.736623	8.79974e-05	27
0.631058	0.798762	8.26768e-05	27.015
0.557758	0.854239	7.73521e-05	27.03
0.479832	0.902638	7.20628e-05	27.045
0.397946	0.943605	6.68472e-05	27.06
0.31279	0.976841	6.17429e-05	27.075
0.225069	1.00211	5.67864e-05	27.09
0.135502	1.01924	5.20127e-05	27.105
0.0448195	1.02811	4.74553e-05	27.12
-0.0462472	1.02866	4.31459e-05	27.135
-0.136964	1.02091	3.91145e-05	27.15
-0.226601	1.00491	3.53887e-05	27.165
-0.314435	0.980789	3.19942e-05	27.18
-0.399757	0.948733	2.8954e-05	27.195
-0.48187	0.908981	2.62889e-05	27.21
-0.5601	0.861831	2.40166e-05	27.225
-0.633796	0.80764	2.21523e-05	27.24
-0.702334	0.746817	2.07082e-05	27.255
-0.765123	0.679826	1.96933e-05	27.27
-0.82161	0.607184	1.91134e-05	27.285
-0.871283	0.529457	1.89709e-05	27.3
-0.913674	0.447258	1.9265e-05	27.315
-0.94837	0.361248	1.9991e-05	27.33
-0.975008	0.272125	2.11408e-05	27.345
-0.993289	0.180629	2.27027e-05	27.36
-1.00298	0.0875301	2.46609e-05	27.375
-1.00391	-0.00637175	2.69963e-05	27.39
-0.995984	-0.100255	2.96857e-05	27.405
-0.97919	-0.193281	3.27025e-05	27.42
-0.953591	-0.284604	3.60165e-05	27.435
-0.919331	-0.373375	3.95939e-05	27.45
-0.876641	-0.458754	4.3398e-05	27.465
-0.825836	-0.539918	4.73889e-05	27.48
-0.767318	-0.616067	5.15242e-05	27.495
-0.70157	-0.686438	5.57592e-05	27.51
-0.629161	-0.750315	6.00475e-05	27.525
-0.550731	-0.807033	6.43411e-05	27.54
-0.466998	-0.855996	6.85914e-05	27.555
-0.378742	-0.896679	7.27496e-05	27.57
-0.286801	-0.92864	7.6767e-05	27.585
-0.19206	-0.951525	8.05962e-05	27.6
-0.0954438	-0.965077	8.41911e-05	27.615
0.00209935	-0.969138	8.75079e-05	27.63
0.0996056	-0.963652	9.05059e-05	27.645
0.19611	-0.948668	9.31472e-05	27.66
0.290657	-0.92434	9.53983e-05	27.675
0.382317	-0.890921	9.72296e-05	27.69
0.470194	-0.848764	9.86162e-05	27.705
0.553437	-0.798314	9.95383e-05	27.72
0.631253	-0.740101	9.9981e-05	27.735
0.702914	-0.674732	9.99347e-05	27.75
0.767765	-0.602884	9.93949e-05	27.765
0.825231	-0.52529	9.83624e-05	27.78
0.87482	-0.442734	9.68429e-05	27.795
0.916127	-0.356037	9.4847e-05	27.81
0.948837	-0.266047	9.23896e-05	27.825
0.972725	-0.173629	8.949e-05	27.84
0.987654	-0.0796575	8.61714e-05	27.855
0.993574	0.0149973	8.24603e-05	27.87
0.99052	0.109474	7.83865e-05	27.885
0.978607	0.202931	7.39822e-05	27.9
0.958028	0.294551	6.92821e-05	27.915
0.929047	0.383548	6.43229e-05	27.93
0.891995	0.469175	5.91424e-05	27.945
0.847264	0.550727	5.37799e-05	27.96
0.795304	0.627543	4.82754e-05	27.975
0.736615	0.699014	4.26692e-05	27.99
0.671741	0.764583	3.70019e-05	28.005
0.60127	0.823746	3.13139e-05	28.02
0.525821	0.876058	2.56453e-05	28.035
0.446045	0.92113	2.00353e-05	28.05
0.362618	0.958632	1.45226e-05	28.065
0.276236	0.988295	9.14438e-06	28.08
0.187611	1.00991	3.93682e-06	28.095
0.0974672	1.02332	-1.06549e-06	28.11
0.00653408	1.02845	-5.82963e-06	28.125
-0.0844544	1.02525	-1.03245e-05	28.14
-0.174766	1.01377	-1.4521e-05	28.155
-0.263673	0.994094	-1.83921e-05	28.17
-0.350458	0.96637	-2.19133e-05	28.185
-0.434417	0.930809	-2.50624e-05	28.2
-0.514861	0.887676	-2.78197e-05	28.215
-0.591125	0.837296	-3.01686e-05	28.23
-0.662569	0.780048	-3.2095e-05	28.245
-0.728583	0.716367	-3.35882e-05	28.26
-0.788591	0.646741	-3.46404e-05	28.275
-0.842056	0.57171	-3.52473e-05	28.29
-0.888485	0.491861	-3.54079e-05	28.305
-0.927434	0.407831	-3.51247e-05	28.32
-0.958509	0.320298	-3.4404e-05	28.335
-0.981376	0.229981	-3.32556e-05	28.35
-0.995763	0.137635	-3.16931e-05	28.365
-1.00147	0.0440475	-2.97339e-05	28.38
-0.998349	-0.049971	-2.73994e-05	28.395
-0.986354	-0.143589	-2.47143e-05	28.41
-0.9655	-0.235961	-2.17073e-05	28.425
-0.935889	-0.326238	-1.84105e-05	28.44
-0.897705	-0.413572	-1.48595e-05	28.455
-0.851218	-0.497129	-1.10928e-05	28.47
-0.796786	-0.576094	-7.15193e-06	28.485
-0.734848	-0.649682	-3.08081e-06	28.5
-0.665928	-0.717149	1.07451e-06	28.515
-0.590631	-0.777802	5.26638e-06	28.53
-0.509635	-0.831005	9.44601e-06	28.545
-0.423688	-0.876195	1.35641e-05	28.56
-0.3336	-0.912884	1.75713e-05	28.575
-0.240234	-0.940672	2.14191e-05	28.59
-0.144494	-0.959248	2.506e-05	28.605
-0.0473189	-0.968403	2.84487e-05	28.62
0.0503338	-0.968026	3.15422e-05	28.635
0.147498	-0.958112	3.43007e-05	28.65
0.243212	-0.938759	3.6688e-05	28.665
0.336531	-0.910169	3.8672e-05	28.68
0.42654	-0.872643	4.02252e-05	28.695
0.512363	-0.826579	4.13246e-05	28.71
0.593177	-0.772461	4.19527e-05	28.725
0.668219	-0.710857	4.20968e-05	28.74
0.736795	-0.642409	4.17496e-05	28.755
0.798288	-0.567819	4.09093e-05	28.77
0.852162	-0.487845	3.95787e-05	28.785
0.897965	-0.40329	3.7766e-05	28.8
0.935336	-0.314985	3.54838e-05	28.815
0.964003	-0.223789	3.27494e-05	28.83
0.98378	-0.130569	2.95839e-05	28.845
0.994573	-0.0361985	2.60124e-05	28.86
0.996371	0.058458	2.20631e-05	28.875
0.989246	0.152548	1.77671e-05	28.89
0.97335	0.245242	1.31582e-05	28.905
0.948907	0.335738	8.27231e-06	28.92
0.916212	0.423269	3.1469e-06	28.935
0.875624	0.507106	-2.1791e-06	28.95
0.827562	0.586567	-7.66579e-06	28.965
0.772496	0.661013	-1.32726e-05	28.98
0.710947	0.729861	-1.89588e-05	28.995
0.643478	0.792576	-2.46834e-05	29.01
0.57069	0.848683	-3.04058e-05	29.025
0.493217	0.89776	-3.60861e-05	29.04
0.41172	0.939446	-4.16848e-05	29.055
0.326883	0.973437	-4.71637e-05	29.07
0.239409	0.999491	-5.24858e-05	29.085
0.150016	1.01742	-5.76154e-05	29.1
0.0594298	1.02711	-6.25183e-05	29.115
-0.0316177	1.02849	-6.71624e-05	29.13
-0.122393	1.02155	-7.15172e-05	29.145
-0.212165	1.00637	-7.55546e-05	29.16
-0.300211	0.983044	-7.92486e-05	29.175
-0.385818	0.951757	-8.25756e-05	29.19
-0.468287	0.912743	-8.55148e-05	29.205
-0.546939	0.866293	-8.80479e-05	29.22
-0.62112	0.812755	-9.01596e-05	29.235
-0.6902	0.752535	-9.18375e-05	29.25
-0.753583	0.686091	-9.30725e-05	29.265
-0.81071	0.613934	-9.38587e-05	29.28
-0.861062	0.536628	-9.41934e-05	29.295
-0.904164	0.454782	-9.40778e-05	29.31
-0.939596	0.369053	-9.35165e-05	29.325
-0.966988	0.28014	-9.25177e-05	29.34
-0.986035	0.18878	-9.10934e-05	29.355
-0.996491	0.0957433	-8.92596e-05	29.37
-0.998184	0.00183108	-8.70357e-05	29.385
-0.991014	-0.0921338	-8.44453e-05	29.4
-0.974955	-0.185311	-8.15153e-05	29.415
-0.950067	-0.276852	-7.82765e-05	29.43
-0.916487	-0.365905	-7.4763e-05	29.445
-0.874441	-0.451627	-7.10122e-05	29.46
-0.82424	-0.533187	-6.70644e-05	29.475
-0.76628	-0.609785	-6.29625e-05	29.49
-0.701042	-0.680651	-5.87518e-05	29.505
-0.629088	-0.745063	-5.44794e-05	29.52
-0.551059	-0.802353	-5.01936e-05	29.535
-0.467668	-0.851918	-4.59437e-05	29.55
-0.379694	-0.893229	-4.1779e-05	29.565
-0.287974	-0.925837	-3.77486e-05	29.58
-0.193392	-0.949385	-3.39004e-05	29.595
-0.0968704	-0.963609	-3.02808e-05	29.61
0.000640953	-0.968346	-2.69339e-05	29.625
0.0981789	-0.963535	-2.3901e-05	29.64
0.194778	-0.94922	-2.12198e-05	29.655
0.289483	-0.92555	-1.89244e-05	29.67
0.381362	-0.892772	-1.70443e-05	29.685
0.469518	-0.851236	-1.56044e-05	29.7
0.553099	-0.80138	-1.46247e-05	29.715
0.631309	-0.743728	-1.412e-05	29.73
0.70342	-0.678885	-1.40999e-05	29.745
0.768771	-0.60752	-1.45688e-05	29.76
0.826786	-0.530363	-1.55258e-05	29.775
0.876967	-0.448193	-1.69651e-05	29.79
0.918906	-0.361827	-1.8876e-05	29.805
0.952283	-0.272108	-2.12433e-05	29.82
0.976867	-0.179899	-2.40474e-05	29.835
0.992515	-0.0860686	-2.72652e-05	29.85
0.999172	0.00851325	-3.08698e-05	29.865
0.996865	0.102988	-3.48313e-05	29.88
0.985703	0.196515	-3.91171e-05	29.895
0.965871	0.288277	-4.36922e-05	29.91
0.937627	0.37749	-4.852e-05	29.925
0.901293	0.463405	-5.35621e-05	29.94
0.857255	0.545314	-5.8779e-05	29.955
0.805956	0.622555	-6.41305e-05	29.97
0.747889	0.694515	-6.9576e-05	29.985
