2.59195	-4.40597	-0.039712	1.58101e-322
2.62708	-4.38305	-0.0405929	0.015
2.66203	-4.35984	-0.0414711	0.03
2.6968	-4.33634	-0.0423466	0.045
2.73139	-4.31255	-0.0432192	0.06
2.76581	-4.28847	-0.044089	0.075
2.80003	-4.26411	-0.0449558	0.09
2.83407	-4.23946	-0.0458196	0.105
2.86793	-4.21453	-0.0466804	0.12
2.90159	-4.18931	-0.047538	0.135
2.93505	-4.16382	-0.0483925	0.15
2.96832	-4.13805	-0.0492437	0.165
3.00139	-4.112	-0.0500916	0.18
3.03425	-4.08567	-0.0509361	0.195
3.06692	-4.05907	-0.0517772	0.21
3.09937	-4.03219	-0.0526149	0.225
3.13162	-4.00505	-0.0534489	0.24
3.16366	-3.97763	-0.0542794	0.255
3.19548	-3.94994	-0.0551062	0.27
3.22709	-3.92199	-0.0559293	0.285
3.25848	-3.89377	-0.0567486	0.3
3.28965	-3.86529	-0.0575641	0.315
3.32059	-3.83655	-0.0583756	0.33
3.35131	-3.80754	-0.0591832	0.345
3.3818	-3.77828	-0.0599868	0.36
3.41206	-3.74876	-0.0607863	0.375
3.44209	-3.71899	-0.0615817	0.39
3.47189	-3.68896	-0.0623728	0.405
3.50145	-3.65868	-0.0631597	0.42
3.53077	-3.62815	-0.0639423	0.435
3.55985	-3.59737	-0.0647206	0.45
3.58868	-3.56635	-0.0654944	0.465
3.61727	-3.53508	-0.0662637	0.48
3.64561	-3.50357	-0.0670285	0.495
3.67371	-3.47183	-0.0677887	0.51
3.70155	-3.43984	-0.0685442	0.525
3.72913	-3.40761	-0.0692951	0.54
3.75646	-3.37516	-0.0700411	0.555
3.78353	-3.34247	-0.0707824	0.57
3.81034	-3.30954	-0.0715187	0.585
3.83689	-3.2764	-0.0722502	0.6
3.86317	-3.24302	-0.0729766	0.615
3.88919	-3.20942	-0.0736981	0.63
3.91493	-3.1756	-0.0744144	0.645
3.94041	-3.14156	-0.0751256	0.66
3.96561	-3.1073	-0.0758315	0.675
3.99054	-3.07283	-0.0765322	0.69
4.01519	-3.03814	-0.0772276	0.705
4.03956	-3.00324	-0.0779177	0.72
4.06366	-2.96814	-0.0786023	0.735
4.08747	-2.93282	-0.0792815	0.75
4.11099	-2.89731	-0.0799551	0.765
4.13423	-2.86159	-0.0806232	0.78
4.15718	-2.82567	-0.0812856	0.795
4.17984	-2.78956	-0.0819424	0.81
4.20221	-2.75325	-0.0825935	0.825
4.22428	-2.71674	-0.0832388	0.84
4.24606	-2.68005	-0.0838782	0.855
4.26754	-2.64317	-0.0845118	0.87
4.28873	-2.6061	-0.0851395	0.885
4.30961	-2.56886	-0.0857612	0.9
4.33019	-2.53143	-0.0863769	0.915
4.35046	-2.49382	-0.0869865	0.93
4.37043	-2.45604	-0.08759	0.945
4.3901	-2.41809	-0.0881873	0.96
4.40945	-2.37996	-0.0887785	0.975
4.42849	-2.34167	-0.0893634	0.99
4.44722	-2.30321	-0.0899419	1.005
4.46564	-2.26459	-0.0905142	1.02
4.48374	-2.22581	-0.09108	1.035
4.50153	-2.18688	-0.0916395	1.05
4.51899	-2.14778	-0.0921924	1.065
4.53614	-2.10854	-0.0927388	1.08
4.55297	-2.06915	-0.0932787	1.095
4.56947	-2.02961	-0.0938119	1.11
4.58565	-1.98993	-0.0943385	1.125
4.6015	-1.9501	-0.0948584	1.14
4.61703	-1.91014	-0.0953716	1.155
4.63223	-1.87004	-0.0958779	1.17
4.6471	-1.82981	-0.0963775	1.185
4.66164	-1.78945	-0.0968702	1.2
4.67585	-1.74896	-0.0973561	1.215
4.68972	-1.70835	-0.097835	1.23
4.70326	-1.66761	-0.0983069	1.245
4.71647	-1.62676	-0.0987718	1.26
4.72934	-1.58579	-0.0992297	1.275
4.74187	-1.5447	-0.0996804	1.29
4.75406	-1.50351	-0.100124	1.305
4.76592	-1.46221	-0.100561	1.32
4.77743	-1.4208	-0.10099	1.335
4.7886	-1.3793	-0.101412	1.35
4.79943	-1.33769	-0.101827	1.365
4.80991	-1.29599	-0.102234	1.38
4.82005	-1.25419	-0.102635	1.395
4.82984	-1.21231	-0.103027	1.41
4.83929	-1.17034	-0.103413	1.425
4.84839	-1.12828	-0.103791	1.44
4.85714	-1.08614	-0.104161	1.455
4.86554	-1.04393	-0.104525	1.47
4.87359	-1.00164	-0.10488	1.485
4.88129	-0.959278	-0.105228	1.5
4.88864	-0.916847	-0.105569	1.515
4.89564	-0.87435	-0.105901	1.53
4.90229	-0.831789	-0.106227	1.545
4.90858	-0.78917	-0.106544	1.56
4.91452	-0.746493	-0.106854	1.575
4.9201	-0.703762	-0.107156	1.59
4.92533	-0.66098	-0.107451	1.605
4.9302	-0.618151	-0.107737	1.62
4.93472	-0.575277	-0.108016	1.635
4.93888	-0.532362	-0.108287	1.65
4.94268	-0.489408	-0.108551	1.665
4.94613	-0.446419	-0.108806	1.68
4.94922	-0.403397	-0.109054	1.695
4.95195	-0.360346	-0.109293	1.71
4.95432	-0.31727	-0.109525	1.725
4.95633	-0.27417	-0.109749	1.74
4.95799	-0.23105	-0.109965	1.755
4.95928	-0.187914	-0.110173	1.77
4.96022	-0.144764	-0.110373	1.785
4.9608	-0.101603	-0.110565	1.8
4.96101	-0.0584351	-0.110749	1.815
4.96087	-0.0152629	-0.110924	1.83
4.96036	0.0279104	-0.111092	1.845
4.9595	0.0710817	-0.111252	1.86
4.95828	0.114248	-0.111404	1.875
4.95669	0.157406	-0.111547	1.89
4.95475	0.200552	-0.111683	1.905
4.95245	0.243684	-0.11181	1.92
4.94978	0.286798	-0.111929	1.935
4.94676	0.329891	-0.112041	1.95
4.94338	0.37296	-0.112144	1.965
4.93963	0.416003	-0.112238	1.98
4.93553	0.459015	-0.112325	1.995
4.93107	0.501993	-0.112403	2.01
4.92625	0.544935	-0.112474	2.025
4.92107	0.587837	-0.112536	2.04
4.91554	0.630697	-0.11259	2.055
4.90964	0.673511	-0.112636	2.07
4.90339	0.716275	-0.112673	2.085
4.89679	0.758988	-0.112702	2.1
4.88982	0.801645	-0.112724	2.115
4.8825	0.844244	-0.112737	2.13
4.87482	0.886781	-0.112741	2.145
4.86679	0.929254	-0.112738	2.16
4.85841	0.971659	-0.112726	2.175
4.84967	1.01399	-0.112706	2.19
4.84057	1.05625	-0.112678	2.205
4.83113	1.09844	-0.112642	2.22
4.82133	1.14054	-0.112597	2.235
4.81118	1.18256	-0.112544	2.25
4.80068	1.2245	-0.112483	2.265
4.78983	1.26634	-0.112414	2.28
4.77864	1.30809	-0.112337	2.295
4.76709	1.34975	-0.112251	2.31
4.7552	1.39131	-0.112158	2.325
4.74296	1.43277	-0.112056	2.34
4.73037	1.47412	-0.111946	2.355
4.71744	1.51537	-0.111828	2.37
4.70417	1.55651	-0.111701	2.385
4.69056	1.59753	-0.111567	2.4
4.6766	1.63843	-0.111424	2.415
4.6623	1.67922	-0.111274	2.43
4.64766	1.71989	-0.111115	2.445
4.63269	1.76043	-0.110948	2.46
4.61738	1.80084	-0.110773	2.475
4.60173	1.84112	-0.11059	2.49
4.58575	1.88126	-0.110399	2.505
4.56943	1.92127	-0.1102	2.52
4.55278	1.96114	-0.109993	2.535
4.5358	2.00087	-0.109778	2.55
4.51849	2.04045	-0.109555	2.565
4.50085	2.07989	-0.109324	2.58
4.48288	2.11917	-0.109085	2.595
4.46459	2.1583	-0.108838	2.61
4.44598	2.19727	-0.108583	2.625
4.42704	2.23608	-0.10832	2.64
4.40778	2.27473	-0.10805	2.655
4.3882	2.31321	-0.107771	2.67
4.3683	2.35153	-0.107485	2.685
4.34808	2.38967	-0.107191	2.7
4.32755	2.42765	-0.106889	2.715
4.30671	2.46544	-0.10658	2.73
4.28555	2.50306	-0.106262	2.745
4.26408	2.5405	-0.105937	2.76
4.24231	2.57775	-0.105605	2.775
4.22022	2.61482	-0.105264	2.79
4.19783	2.65169	-0.104916	2.805
4.17514	2.68838	-0.104561	2.82
4.15214	2.72487	-0.104198	2.835
4.12885	2.76116	-0.103827	2.85
4.10525	2.79725	-0.103449	2.865
4.08136	2.83314	-0.103063	2.88
4.05718	2.86883	-0.10267	2.895
4.0327	2.90431	-0.10227	2.91
4.00793	2.93958	-0.101862	2.925
3.98287	2.97463	-0.101447	2.94
3.95752	3.00948	-0.101024	2.955
3.93189	3.0441	-0.100594	2.97
3.90597	3.07851	-0.100157	2.985
3.87978	3.11269	-0.099713	3
3.8533	3.14665	-0.0992615	3.015
3.82655	3.18039	-0.0988029	3.03
3.79952	3.21389	-0.0983372	3.045
3.77222	3.24717	-0.0978644	3.06
3.74465	3.28021	-0.0973846	3.075
3.71681	3.31301	-0.0968978	3.09
3.6887	3.34558	-0.096404	3.105
3.66032	3.37791	-0.0959034	3.12
3.63169	3.40999	-0.0953958	3.135
3.60279	3.44184	-0.0948814	3.15
3.57364	3.47343	-0.0943602	3.165
3.54423	3.50478	-0.0938323	3.18
3.51457	3.53587	-0.0932976	3.195
3.48465	3.56671	-0.0927563	3.21
3.45449	3.5973	-0.0922083	3.225
3.42408	3.62763	-0.0916538	3.24
3.39342	3.6577	-0.0910927	3.255
3.36253	3.68751	-0.0905251	3.27
3.33139	3.71706	-0.0899511	3.285
3.30001	3.74634	-0.0893706	3.3
3.26841	3.77536	-0.0887838	3.315
3.23656	3.8041	-0.0881907	3.33
3.20449	3.83258	-0.0875913	3.345
3.17219	3.86079	-0.0869856	3.36
3.13967	3.88872	-0.0863738	3.375
3.10692	3.91637	-0.0857559	3.39
3.07395	3.94374	-0.0851319	3.405
3.04077	3.97084	-0.0845018	3.42
3.00736	3.99766	-0.0838658	3.435
2.97375	4.02419	-0.0832238	3.45
2.93992	4.05044	-0.0825759	3.465
2.90589	4.0764	-0.0819222	3.48
2.87165	4.10207	-0.0812627	3.495
2.83721	4.12746	-0.0805975	3.51
2.80257	4.15255	-0.0799266	3.525
2.76774	4.17735	-0.07925	3.54
2.7327	4.20185	-0.0785679	3.555
2.69748	4.22606	-0.0778802	3.57
2.66206	4.24998	-0.0771871	3.585
2.62646	4.27359	-0.0764885	3.6
2.59067	4.2969	-0.0757846	3.615
2.5547	4.31992	-0.0750754	3.63
2.51856	4.34263	-0.0743608	3.645
2.48223	4.36503	-0.0736411	3.66
2.44573	4.38713	-0.0729162	3.675
2.40907	4.40893	-0.0721863	3.69
2.37223	4.43041	-0.0714513	3.705
2.33523	4.45159	-0.0707112	3.72
2.29806	4.47245	-0.0699663	3.735
2.26073	4.493	-0.0692165	3.75
2.22325	4.51325	-0.0684618	3.765
2.18561	4.53317	-0.0677024	3.78
2.14782	4.55278	-0.0669383	3.795
2.10988	4.57208	-0.0661695	3.81
2.0718	4.59105	-0.0653962	3.825
2.03357	4.60971	-0.0646183	3.84
1.9952	4.62805	-0.0638359	3.855
1.95669	4.64607	-0.0630491	3.87
1.91804	4.66377	-0.062258	3.885
1.87927	4.68114	-0.0614625	3.9
1.84036	4.6982	-0.0606628	3.915
1.80133	4.71492	-0.0598589	3.93
1.76217	4.73133	-0.0590509	3.945
1.72289	4.7474	-0.0582388	3.96
1.68349	4.76315	-0.0574227	3.975
1.64398	4.77858	-0.0566027	3.99
1.60436	4.79367	-0.0557788	4.005
1.56462	4.80844	-0.054951	4.02
1.52478	4.82287	-0.0541195	4.035
1.48483	4.83698	-0.0532843	4.05
1.44478	4.85075	-0.0524454	4.065
1.40463	4.86419	-0.0516029	4.08
1.36439	4.87731	-0.0507569	4.095
1.32405	4.89008	-0.0499075	4.11
1.28362	4.90253	-0.0490546	4.125
1.24311	4.91464	-0.0481984	4.14
1.20251	4.92641	-0.047339	4.155
1.16182	4.93786	-0.0464763	4.17
1.12106	4.94896	-0.0456104	4.185
1.08023	4.95973	-0.0447415	4.2
1.03932	4.97017	-0.0438695	4.215
0.998338	4.98026	-0.0429946	4.23
0.957291	4.99002	-0.0421167	4.245
0.916179	4.99945	-0.041236	4.26
0.875005	5.00853	-0.0403525	4.275
0.833772	5.01728	-0.0394663	4.29
0.792482	5.02569	-0.0385775	4.305
0.75114	5.03376	-0.037686	4.32
0.709747	5.0415	-0.036792	4.335
0.668306	5.04889	-0.0358955	4.35
0.62682	5.05595	-0.0349967	4.365
0.585292	5.06266	-0.0340955	4.38
0.543726	5.06904	-0.0331919	4.395
0.502122	5.07508	-0.0322862	4.41
0.460486	5.08078	-0.0313783	4.425
0.418818	5.08614	-0.0304684	4.44
0.377122	5.09116	-0.0295563	4.455
0.335402	5.09584	-0.0286424	4.47
0.293659	5.10018	-0.0277265	4.485
0.251896	5.10419	-0.0268087	4.5
0.210117	5.10785	-0.0258892	4.515
0.168324	5.11117	-0.024968	4.53
0.12652	5.11416	-0.0240451	4.545
0.084707	5.11681	-0.0231206	4.56
0.0428887	5.11912	-0.0221946	4.575
0.00106756	5.12109	-0.0212672	4.59
-0.0407537	5.12272	-0.0203383	4.605
-0.0825722	5.12402	-0.0194081	4.62
-0.124385	5.12498	-0.0184766	4.635
-0.16619	5.1256	-0.0175439	4.65
-0.207984	5.12588	-0.01661	4.665
-0.249765	5.12583	-0.015675	4.68
-0.291529	5.12544	-0.0147391	4.695
-0.333273	5.12471	-0.0138021	4.71
-0.374996	5.12365	-0.0128642	4.725
-0.416695	5.12226	-0.0119256	4.74
-0.458366	5.12053	-0.0109861	4.755
-0.500008	5.11846	-0.0100459	4.77
-0.541616	5.11606	-0.00910504	4.785
-0.58319	5.11333	-0.0081636	4.8
-0.624726	5.11027	-0.00722163	4.815
-0.666221	5.10687	-0.00627919	4.83
-0.707673	5.10315	-0.00533634	4.845
-0.749078	5.09909	-0.00439315	4.86
-0.790436	5.0947	-0.00344967	4.875
-0.831742	5.08998	-0.00250597	4.89
-0.872995	5.08494	-0.00156211	4.905
-0.914191	5.07956	-0.000618143	4.92
-0.955328	5.07386	0.000325861	4.935
-0.996404	5.06783	0.00126984	4.95
-1.03742	5.06147	0.00221375	4.965
-1.07836	5.05479	0.0031575	4.98
-1.11924	5.04779	0.00410106	4.995
-1.16004	5.04046	0.00504435	5.01
-1.20077	5.03281	0.00598732	5.025
-1.24142	5.02483	0.00692991	5.04
-1.282	5.01654	0.00787205	5.055
-1.32249	5.00792	0.0088137	5.07
-1.36289	4.99899	0.00975478	5.085
-1.40321	4.98973	0.0106952	5.1
-1.44345	4.98016	0.011635	5.115
-1.48358	4.97027	0.012574	5.13
-1.52363	4.96007	0.0135123	5.145
-1.56358	4.94955	0.0144497	5.16
-1.60343	4.93872	0.0153861	5.175
-1.64317	4.92757	0.0163216	5.19
-1.68282	4.91611	0.0172561	5.205
-1.72235	4.90435	0.0181894	5.22
-1.76178	4.89227	0.0191217	5.235
-1.8011	4.87988	0.0200527	5.25
-1.8403	4.86719	0.0209824	5.265
-1.87939	4.85419	0.0219109	5.28
-1.91836	4.84089	0.0228379	5.295
-1.95721	4.82728	0.0237635	5.31
-1.99594	4.81336	0.0246877	5.325
-2.03454	4.79915	0.0256102	5.34
-2.07301	4.78464	0.0265312	5.355
-2.11136	4.76983	0.0274505	5.37
-2.14957	4.75472	0.0283681	5.385
-2.18765	4.73931	0.029284	5.4
-2.22559	4.72361	0.030198	5.415
-2.2634	4.70761	0.0311101	5.43
-2.30106	4.69132	0.0320203	5.445
-2.33858	4.67474	0.0329285	5.46
-2.37596	4.65787	0.0338347	5.475
-2.41318	4.64071	0.0347387	5.49
-2.45026	4.62326	0.0356406	5.505
-2.48719	4.60552	0.0365404	5.52
-2.52396	4.58751	0.0374378	5.535
-2.56058	4.5692	0.0383329	5.55
-2.59704	4.55062	0.0392257	5.565
-2.63333	4.53176	0.0401161	5.58
-2.66947	4.51261	0.0410039	5.595
-2.70544	4.49319	0.0418893	5.61
-2.74125	4.4735	0.0427721	5.625
-2.77689	4.45352	0.0436522	5.64
-2.81236	4.43328	0.0445297	5.655
-2.84765	4.41276	0.0454045	5.67
-2.88277	4.39198	0.0462765	5.685
-2.91772	4.37092	0.0471456	5.7
-2.95248	4.3496	0.0480119	5.715
-2.98707	4.32802	0.0488752	5.73
-3.02147	4.30616	0.0497356	5.745
-3.0557	4.28405	0.0505929	5.76
-3.08973	4.26168	0.0514472	5.775
-3.12358	4.23905	0.0522983	5.79
-3.15723	4.21616	0.0531462	5.805
-3.1907	4.19301	0.053991	5.82
-3.22397	4.16961	0.0548324	5.835
-3.25705	4.14596	0.0556706	5.85
-3.28993	4.12205	0.0565053	5.865
-3.32261	4.0979	0.0573367	5.88
-3.35509	4.0735	0.0581646	5.895
-3.38737	4.04886	0.058989	5.91
-3.41944	4.02397	0.0598098	5.925
-3.45131	3.99884	0.060627	5.94
-3.48297	3.97346	0.0614406	5.955
-3.51442	3.94785	0.0622505	5.97
-3.54567	3.92201	0.0630567	5.985
-3.57669	3.89592	0.0638591	6
-3.60751	3.86961	0.0646576	6.015
-3.63811	3.84306	0.0654523	6.03
-3.66849	3.81628	0.066243	6.045
-3.69865	3.78928	0.0670298	6.06
-3.72859	3.76204	0.0678127	6.075
-3.7583	3.73459	0.0685914	6.09
-3.7878	3.70691	0.0693661	6.105
-3.81707	3.67901	0.0701366	6.12
-3.84611	3.65089	0.070903	6.135
-3.87492	3.62255	0.0716652	6.15
-3.9035	3.594	0.0724231	6.165
-3.93185	3.56524	0.0731767	6.18
-3.95997	3.53626	0.0739259	6.195
-3.98785	3.50708	0.0746708	6.21
-4.0155	3.47769	0.0754113	6.225
-4.04291	3.44809	0.0761473	6.24
-4.07008	3.41829	0.0768788	6.255
-4.09701	3.38828	0.0776058	6.27
-4.1237	3.35808	0.0783282	6.285
-4.15015	3.32768	0.0790459	6.3
-4.17635	3.29708	0.0797591	6.315
-4.20231	3.26629	0.0804675	6.33
-4.22802	3.23531	0.0811712	6.345
-4.25348	3.20414	0.0818702	6.36
-4.27869	3.17278	0.0825643	6.375
-4.30365	3.14123	0.0832536	6.39
-4.32836	3.1095	0.083938	6.405
-4.35281	3.07758	0.0846175	6.42
-4.37701	3.04549	0.085292	6.435
-4.40096	3.01322	0.0859616	6.45
-4.42464	2.98077	0.0866261	6.465
-4.44807	2.94815	0.0872856	6.48
-4.47124	2.91536	0.08794	6.495
-4.49415	2.8824	0.0885893	6.51
-4.5168	2.84926	0.0892334	6.525
-4.53918	2.81597	0.0898723	6.54
-4.5613	2.78251	0.090506	6.555
-4.58316	2.74889	0.0911345	6.57
-4.60475	2.7151	0.0917576	6.585
-4.62607	2.68116	0.0923754	6.6
-4.64712	2.64707	0.0929879	6.615
-4.66791	2.61282	0.093595	6.63
-4.68842	2.57842	0.0941967	6.645
-4.70867	2.54387	0.0947929	6.66
-4.72864	2.50918	0.0953836	6.675
-4.74834	2.47434	0.0959688	6.69
-4.76776	2.43936	0.0965485	6.705
-4.78691	2.40423	0.0971226	6.72
-4.80578	2.36897	0.0976912	6.735
-4.82438	2.33357	0.098254	6.75
-4.8427	2.29804	0.0988113	6.765
-4.86074	2.26237	0.0993628	6.78
-4.8785	2.22658	0.0999087	6.795
-4.89598	2.19065	0.100449	6.81
-4.91318	2.1546	0.100983	6.825
-4.93009	2.11843	0.101512	6.84
-4.94673	2.08214	0.102034	6.855
-4.96308	2.04572	0.102551	6.87
-4.97915	2.00919	0.103062	6.885
-4.99493	1.97254	0.103567	6.9
-5.01042	1.93579	0.104066	6.915
-5.02563	1.89892	0.10456	6.93
-5.04055	1.86194	0.105047	6.945
-5.05519	1.82485	0.105528	6.96
-5.06953	1.78767	0.106003	6.975
-5.08359	1.75037	0.106472	6.99
-5.09736	1.71298	0.106936	7.005
-5.11083	1.6755	0.107393	7.02
-5.12402	1.63791	0.107843	7.035
-5.13691	1.60024	0.108288	7.05
-5.14951	1.56247	0.108727	7.065
-5.16182	1.52461	0.109159	7.08
-5.17384	1.48667	0.109585	7.095
-5.18556	1.44864	0.110005	7.11
-5.19698	1.41053	0.110419	7.125
-5.20812	1.37234	0.110827	7.14
-5.21895	1.33407	0.111228	7.155
-5.22949	1.29573	0.111623	7.17
-5.23974	1.25731	0.112011	7.185
-5.24969	1.21883	0.112393	7.2
-5.25934	1.18027	0.112769	7.215
-5.26869	1.14165	0.113139	7.23
-5.27775	1.10296	0.113502	7.245
-5.2865	1.06421	0.113859	7.26
-5.29496	1.0254	0.114209	7.275
-5.30312	0.986528	0.114553	7.29
-5.31098	0.947603	0.11489	7.305
-5.31854	0.908626	0.115221	7.32
-5.3258	0.869597	0.115545	7.335
-5.33276	0.830519	0.115863	7.35
-5.33942	0.791394	0.116174	7.365
-5.34578	0.752224	0.116479	7.38
-5.35184	0.713013	0.116777	7.395
-5.35759	0.673761	0.117069	7.41
-5.36305	0.634471	0.117354	7.425
-5.3682	0.595145	0.117632	7.44
-5.37305	0.555786	0.117904	7.455
-5.3776	0.516396	0.118169	7.47
-5.38185	0.476977	0.118428	7.485
-5.38579	0.437531	0.118679	7.5
-5.38944	0.39806	0.118925	7.515
-5.39278	0.358567	0.119163	7.53
-5.39581	0.319054	0.119395	7.545
-5.39855	0.279523	0.11962	7.56
-5.40098	0.239976	0.119839	7.575
-5.40311	0.200416	0.12005	7.59
-5.40493	0.160845	0.120255	7.605
-5.40646	0.121264	0.120454	7.62
-5.40768	0.0816771	0.120645	7.635
-5.4086	0.0420853	0.12083	7.65
-5.40921	0.00249117	0.121008	7.665
-5.40952	-0.0371031	0.121179	7.68
-5.40953	-0.0766953	0.121344	7.695
-5.40924	-0.116283	0.121501	7.71
-5.40864	-0.155865	0.121652	7.725
-5.40774	-0.195437	0.121796	7.74
-5.40654	-0.234999	0.121933	7.755
-5.40504	-0.274548	0.122064	7.77
-5.40323	-0.314081	0.122188	7.785
-5.40113	-0.353597	0.122304	7.8
-5.39872	-0.393093	0.122414	7.815
-5.39601	-0.432567	0.122517	7.83
-5.393	-0.472017	0.122614	7.845
-5.38969	-0.51144	0.122703	7.86
-5.38607	-0.550835	0.122786	7.875
-5.38216	-0.590199	0.122861	7.89
-5.37794	-0.629531	0.12293	7.905
-5.37343	-0.668827	0.122992	7.92
-5.36861	-0.708086	0.123047	7.935
-5.3635	-0.747305	0.123096	7.95
-5.35809	-0.786483	0.123137	7.965
-5.35237	-0.825616	0.123172	7.98
-5.34636	-0.864704	0.123199	7.995
-5.34005	-0.903744	0.12322	8.01
-5.33345	-0.942733	0.123234	8.025
-5.32654	-0.981669	0.123241	8.04
-5.31934	-1.02055	0.123241	8.055
-5.31185	-1.05938	0.123235	8.07
-5.30405	-1.09814	0.123221	8.085
-5.29596	-1.13685	0.123201	8.1
-5.28758	-1.17549	0.123173	8.115
-5.2789	-1.21406	0.123139	8.13
-5.26993	-1.25257	0.123098	8.145
-5.26066	-1.29101	0.12305	8.16
-5.2511	-1.32938	0.122995	8.175
-5.24125	-1.36767	0.122934	8.19
-5.2311	-1.40588	0.122865	8.205
-5.22066	-1.44402	0.12279	8.22
-5.20994	-1.48208	0.122708	8.235
-5.19892	-1.52005	0.122619	8.25
-5.18761	-1.55794	0.122523	8.265
-5.17601	-1.59575	0.122421	8.28
-5.16413	-1.63346	0.122311	8.295
-5.15195	-1.67108	0.122195	8.31
-5.13949	-1.70861	0.122072	8.325
-5.12674	-1.74605	0.121942	8.34
-5.11371	-1.78339	0.121805	8.355
-5.10039	-1.82062	0.121662	8.37
-5.08679	-1.85776	0.121511	8.385
-5.0729	-1.89479	0.121354	8.4
-5.05873	-1.93172	0.12119	8.415
-5.04428	-1.96854	0.12102	8.43
-5.02954	-2.00525	0.120842	8.445
-5.01453	-2.04184	0.120658	8.46
-4.99924	-2.07833	0.120467	8.475
-4.98366	-2.11469	0.12027	8.49
-4.96781	-2.15094	0.120066	8.505
-4.95168	-2.18707	0.119855	8.52
-4.93528	-2.22308	0.119637	8.535
-4.9186	-2.25896	0.119413	8.55
-4.90164	-2.29472	0.119182	8.565
-4.88441	-2.33035	0.118944	8.58
-4.86691	-2.36585	0.1187	8.595
-4.84913	-2.40121	0.118449	8.61
-4.83109	-2.43644	0.118191	8.625
-4.81277	-2.47154	0.117927	8.64
-4.79418	-2.50649	0.117656	8.655
-4.77533	-2.54131	0.117379	8.67
-4.75621	-2.57599	0.117095	8.685
-4.73682	-2.61052	0.116804	8.7
-4.71717	-2.6449	0.116507	8.715
-4.69725	-2.67914	0.116203	8.73
-4.67707	-2.71322	0.115893	8.745
-4.65663	-2.74716	0.115577	8.76
-4.63592	-2.78094	0.115254	8.775
-4.61496	-2.81456	0.114924	8.79
-4.59374	-2.84803	0.114588	8.805
-4.57226	-2.88133	0.114246	8.82
-4.55052	-2.91448	0.113897	8.835
-4.52853	-2.94746	0.113542	8.85
-4.50628	-2.98027	0.11318	8.865
-4.48378	-3.01292	0.112812	8.88
-4.46103	-3.0454	0.112438	8.895
-4.43803	-3.07771	0.112057	8.91
-4.41478	-3.10984	0.11167	8.925
-4.39128	-3.1418	0.111277	8.94
-4.36753	-3.17358	0.110878	8.955
-4.34354	-3.20519	0.110472	8.97
-4.3193	-3.23661	0.11006	8.985
-4.29482	-3.26785	0.109642	9
-4.27009	-3.29891	0.109218	9.015
-4.24513	-3.32978	0.108787	9.03
-4.21993	-3.36046	0.108351	9.045
-4.19448	-3.39095	0.107908	9.06
-4.1688	-3.42125	0.107459	9.075
-4.14289	-3.45136	0.107004	9.09
-4.11674	-3.48128	0.106543	9.105
-4.09036	-3.51099	0.106076	9.12
-4.06375	-3.54051	0.105604	9.135
-4.03691	-3.56983	0.105125	9.15
-4.00983	-3.59894	0.10464	9.165
-3.98254	-3.62785	0.104149	9.18
-3.95501	-3.65656	0.103652	9.195
-3.92726	-3.68506	0.10315	9.21
-3.89929	-3.71335	0.102641	9.225
-3.8711	-3.74143	0.102127	9.24
-3.84269	-3.76929	0.101607	9.255
-3.81406	-3.79695	0.101081	9.27
-3.78521	-3.82438	0.100549	9.285
-3.75615	-3.8516	0.100012	9.3
-3.72687	-3.8786	0.0994691	9.315
-3.69738	-3.90538	0.0989204	9.33
-3.66768	-3.93193	0.0983662	9.345
-3.63777	-3.95827	0.0978063	9.36
-3.60766	-3.98437	0.0972408	9.375
-3.57734	-4.01025	0.0966698	9.39
-3.54681	-4.0359	0.0960932	9.405
-3.51608	-4.06132	0.0955112	9.42
-3.48515	-4.08651	0.0949237	9.435
-3.45402	-4.11146	0.0943307	9.45
-3.4227	-4.13618	0.0937324	9.465
-3.39117	-4.16066	0.0931287	9.48
-3.35946	-4.18491	0.0925197	9.495
-3.32755	-4.20891	0.0919054	9.51
-3.29545	-4.23267	0.0912858	9.525
-3.26316	-4.25619	0.0906609	9.54
-3.23068	-4.27946	0.0900309	9.555
-3.19802	-4.30249	0.0893956	9.57
-3.16517	-4.32527	0.0887552	9.585
-3.13214	-4.3478	0.0881098	9.6
-3.09893	-4.37008	0.0874592	9.615
-3.06554	-4.39211	0.0868036	9.63
-3.03198	-4.41389	0.086143	9.645
-2.99824	-4.43541	0.0854774	9.66
-2.96432	-4.45668	0.0848069	9.675
-2.93024	-4.47768	0.0841315	9.69
-2.89599	-4.49843	0.0834512	9.705
-2.86156	-4.51892	0.0827661	9.72
-2.82698	-4.53915	0.0820762	9.735
-2.79223	-4.55911	0.0813815	9.75
-2.75731	-4.57881	0.0806822	9.765
-2.72224	-4.59824	0.0799781	9.78
-2.68701	-4.61741	0.0792694	9.795
-2.65162	-4.63631	0.0785561	9.81
-2.61608	-4.65493	0.0778382	9.825
-2.58039	-4.67329	0.0771158	9.84
-2.54454	-4.69138	0.0763889	9.855
-2.50855	-4.70919	0.0756575	9.87
-2.47241	-4.72672	0.0749217	9.885
-2.43613	-4.74398	0.0741816	9.9
-2.3997	-4.76097	0.0734371	9.915
-2.36314	-4.77767	0.0726883	9.93
-2.32643	-4.7941	0.0719353	9.945
-2.28959	-4.81024	0.071178	9.96
-2.25262	-4.8261	0.0704166	9.975
-2.21551	-4.84168	0.069651	9.99
-2.17827	-4.85698	0.0688814	10.005
-2.14091	-4.87199	0.0681077	10.02
-2.10342	-4.88671	0.06733	10.035
-2.0658	-4.90115	0.0665483	10.05
-2.02806	-4.91529	0.0657627	10.065
-1.99021	-4.92915	0.0649733	10.08
-1.95224	-4.94272	0.06418	10.095
-1.91415	-4.95599	0.0633829	10.11
-1.87594	-4.96897	0.0625821	10.125
-1.83763	-4.98166	0.0617775	10.14
-1.79921	-4.99405	0.0609694	10.155
-1.76068	-5.00615	0.0601575	10.17
-1.72205	-5.01795	0.0593422	10.185
-1.68331	-5.02945	0.0585233	10.2
-1.64448	-5.04065	0.0577009	10.215
-1.60555	-5.05155	0.0568751	10.23
-1.56652	-5.06216	0.0560459	10.245
-1.5274	-5.07246	0.0552134	10.26
-1.48818	-5.08245	0.0543776	10.275
-1.44888	-5.09215	0.0535385	10.29
-1.40949	-5.10154	0.0526962	10.305
-1.37002	-5.11063	0.0518508	10.32
-1.33047	-5.1194	0.0510023	10.335
-1.29083	-5.12788	0.0501507	10.35
-1.25112	-5.13604	0.0492962	10.365
-1.21133	-5.1439	0.0484386	10.38
-1.17147	-5.15145	0.0475782	10.395
-1.13154	-5.15869	0.0467149	10.41
-1.09155	-5.16562	0.0458487	10.425
-1.05148	-5.17223	0.0449799	10.44
-1.01136	-5.17854	0.0441083	10.455
-0.971167	-5.18453	0.043234	10.47
-0.930921	-5.19021	0.0423571	10.485
-0.890618	-5.19558	0.0414777	10.5
-0.850261	-5.20063	0.0405958	10.515
-0.809852	-5.20537	0.0397114	10.53
-0.769395	-5.20979	0.0388246	10.545
-0.72889	-5.21389	0.0379354	10.56
-0.688342	-5.21768	0.037044	10.575
-0.647751	-5.22115	0.0361502	10.59
-0.607122	-5.2243	0.0352543	10.605
-0.566455	-5.22714	0.0343562	10.62
-0.525753	-5.22965	0.0334561	10.635
-0.48502	-5.23185	0.0325539	10.65
-0.444257	-5.23373	0.0316497	10.665
-0.403466	-5.23528	0.0307435	10.68
-0.362651	-5.23652	0.0298355	10.695
-0.321814	-5.23743	0.0289257	10.71
-0.280957	-5.23803	0.0280141	10.725
-0.240083	-5.2383	0.0271007	10.74
-0.199194	-5.23825	0.0261857	10.755
-0.158292	-5.23787	0.0252691	10.77
-0.117381	-5.23718	0.0243509	10.785
-0.0764629	-5.23616	0.0234313	10.8
-0.0355399	-5.23482	0.0225101	10.815
0.00538534	-5.23315	0.0215876	10.83
0.0463102	-5.23116	0.0206638	10.845
0.0872323	-5.22885	0.0197386	10.86
0.128149	-5.22621	0.0188123	10.875
0.169058	-5.22325	0.0178848	10.89
0.209956	-5.21997	0.0169561	10.905
0.250841	-5.21636	0.0160265	10.92
0.29171	-5.21242	0.0150958	10.935
0.332562	-5.20816	0.0141642	10.95
0.373392	-5.20358	0.0132316	10.965
0.4142	-5.19867	0.0122983	10.98
0.454981	-5.19343	0.0113642	10.995
0.495734	-5.18787	0.0104294	11.01
0.536456	-5.18199	0.00949393	11.025
0.577144	-5.17578	0.00855787	11.04
0.617796	-5.16924	0.00762127	11.055
0.658409	-5.16239	0.00668419	11.07
0.698981	-5.1552	0.0057467	11.085
0.739509	-5.14769	0.00480884	11.1
0.77999	-5.13986	0.00387067	11.115
0.820422	-5.1317	0.00293226	11.13
0.860802	-5.12322	0.00199367	11.145
0.901128	-5.11442	0.00105495	11.16
0.941397	-5.10529	0.000116167	11.175
0.981606	-5.09584	-0.000822626	11.19
1.02175	-5.08606	-0.00176137	11.205
1.06183	-5.07596	-0.0027	11.22
1.10185	-5.06554	-0.00363845	11.235
1.14179	-5.0548	-0.00457668	11.25
1.18166	-5.04373	-0.00551462	11.265
1.22146	-5.03234	-0.0064522	11.28
1.26118	-5.02063	-0.00738937	11.295
1.30082	-5.0086	-0.00832607	11.31
1.34037	-4.99625	-0.00926224	11.325
1.37984	-4.98358	-0.0101978	11.34
1.41922	-4.97059	-0.0111327	11.355
1.45851	-4.95729	-0.0120669	11.37
1.4977	-4.94366	-0.0130004	11.385
1.5368	-4.92971	-0.013933	11.4
1.5758	-4.91545	-0.0148647	11.415
1.6147	-4.90087	-0.0157954	11.43
1.6535	-4.88598	-0.0167251	11.445
1.69218	-4.87076	-0.0176537	11.46
1.73076	-4.85524	-0.0185812	11.475
1.76923	-4.8394	-0.0195075	11.49
1.80758	-4.82324	-0.0204326	11.505
1.84581	-4.80678	-0.0213563	11.52
1.88393	-4.79	-0.0222786	11.535
1.92192	-4.77291	-0.0231995	11.55
1.95978	-4.7555	-0.0241188	11.565
1.99752	-4.73779	-0.0250366	11.58
2.03513	-4.71977	-0.0259528	11.595
2.07261	-4.70145	-0.0268672	11.61
2.10995	-4.68281	-0.0277799	11.625
2.14715	-4.66387	-0.0286908	11.64
2.18421	-4.64462	-0.0295998	11.655
2.22113	-4.62507	-0.0305069	11.67
2.2579	-4.60521	-0.031412	11.685
2.29453	-4.58505	-0.032315	11.7
2.331	-4.56459	-0.0332158	11.715
2.36732	-4.54383	-0.0341145	11.73
2.40348	-4.52277	-0.035011	11.745
2.43949	-4.50142	-0.0359051	11.76
2.47533	-4.47976	-0.0367969	11.775
2.51101	-4.45781	-0.0376862	11.79
2.54653	-4.43556	-0.038573	11.805
2.58187	-4.41302	-0.0394573	11.82
2.61705	-4.39019	-0.040339	11.835
2.65205	-4.36706	-0.0412179	11.85
2.68687	-4.34365	-0.0420942	11.865
2.72152	-4.31994	-0.0429676	11.88
2.75598	-4.29595	-0.0438382	11.895
2.79026	-4.27167	-0.0447058	11.91
2.82436	-4.24711	-0.0455705	11.925
2.85826	-4.22226	-0.0464321	11.94
2.89198	-4.19713	-0.0472907	11.955
2.9255	-4.17172	-0.048146	11.97
2.95882	-4.14603	-0.0489982	11.985
2.99195	-4.12006	-0.049847	12
3.02487	-4.09382	-0.0506925	12.015
3.0576	-4.0673	-0.0515346	12.03
3.09011	-4.04051	-0.0523732	12.045
3.12242	-4.01344	-0.0532083	12.06
3.15452	-3.9861	-0.0540398	12.075
3.1864	-3.9585	-0.0548677	12.09
3.21807	-3.93063	-0.0556918	12.105
3.24952	-3.90249	-0.0565122	12.12
3.28076	-3.87408	-0.0573288	12.135
3.31177	-3.84542	-0.0581415	12.15
3.34255	-3.81649	-0.0589502	12.165
3.37311	-3.78731	-0.0597549	12.18
3.40344	-3.75787	-0.0605556	12.195
3.43354	-3.72817	-0.0613522	12.21
3.4634	-3.69822	-0.0621445	12.225
3.49303	-3.66801	-0.0629327	12.24
3.52242	-3.63756	-0.0637165	12.255
3.55157	-3.60686	-0.0644961	12.27
3.58047	-3.57591	-0.0652711	12.285
3.60914	-3.54471	-0.0660418	12.3
3.63755	-3.51328	-0.0668079	12.315
3.66572	-3.4816	-0.0675694	12.33
3.69363	-3.44969	-0.0683263	12.345
3.72129	-3.41753	-0.0690785	12.36
3.74869	-3.38515	-0.069826	12.375
3.77584	-3.35253	-0.0705686	12.39
3.80273	-3.31967	-0.0713064	12.405
3.82935	-3.28659	-0.0720393	12.42
3.85571	-3.25329	-0.0727672	12.435
3.88181	-3.21976	-0.0734901	12.45
3.90763	-3.186	-0.0742079	12.465
3.93319	-3.15203	-0.0749206	12.48
3.95847	-3.11784	-0.0756281	12.495
3.98348	-3.08343	-0.0763304	12.51
4.00821	-3.04881	-0.0770273	12.525
4.03267	-3.01397	-0.077719	12.54
4.05685	-2.97893	-0.0784052	12.555
4.08074	-2.94368	-0.079086	12.57
4.10435	-2.90823	-0.0797612	12.585
4.12767	-2.87257	-0.080431	12.6
4.15071	-2.83671	-0.0810951	12.615
4.17345	-2.80066	-0.0817535	12.63
4.19591	-2.76441	-0.0824063	12.645
4.21807	-2.72796	-0.0830533	12.66
4.23994	-2.69133	-0.0836945	12.675
4.26151	-2.65451	-0.0843298	12.69
4.28278	-2.6175	-0.0849592	12.705
4.30375	-2.58031	-0.0855827	12.72
4.32442	-2.54293	-0.0862002	12.735
4.34479	-2.50538	-0.0868116	12.75
4.36485	-2.46766	-0.0874169	12.765
4.3846	-2.42975	-0.0880161	12.78
4.40405	-2.39168	-0.0886091	12.795
4.42319	-2.35344	-0.0891958	12.81
4.44201	-2.31504	-0.0897763	12.825
4.46052	-2.27647	-0.0903504	12.84
4.47872	-2.23774	-0.0909182	12.855
4.4966	-2.19885	-0.0914795	12.87
4.51416	-2.15981	-0.0920344	12.885
4.5314	-2.12061	-0.0925828	12.9
4.54833	-2.08126	-0.0931246	12.915
4.56493	-2.04177	-0.0936598	12.93
4.5812	-2.00213	-0.0941884	12.945
4.59715	-1.96235	-0.0947103	12.96
4.61278	-1.92243	-0.0952255	12.975
4.62808	-1.88238	-0.0957339	12.99
4.64305	-1.84219	-0.0962356	13.005
4.65769	-1.80187	-0.0967303	13.02
4.672	-1.76142	-0.0972182	13.035
4.68597	-1.72085	-0.0976992	13.05
4.69961	-1.68015	-0.0981732	13.065
4.71292	-1.63933	-0.0986403	13.08
4.72589	-1.5984	-0.0991003	13.095
4.73853	-1.55735	-0.0995532	13.11
4.75082	-1.51619	-0.099999	13.125
4.76278	-1.47493	-0.100438	13.14
4.77439	-1.43355	-0.100869	13.155
4.78567	-1.39208	-0.101293	13.17
4.7966	-1.3505	-0.10171	13.185
4.80719	-1.30883	-0.10212	13.2
4.81743	-1.26707	-0.102523	13.215
4.82733	-1.22521	-0.102918	13.23
4.83688	-1.18327	-0.103305	13.245
4.84609	-1.14124	-0.103686	13.26
4.85494	-1.09913	-0.104059	13.275
4.86345	-1.05694	-0.104424	13.29
4.87161	-1.01468	-0.104782	13.305
4.87942	-0.972337	-0.105132	13.32
4.88688	-0.929928	-0.105475	13.335
4.89398	-0.887453	-0.10581	13.35
4.90073	-0.844914	-0.106138	13.365
4.90714	-0.802314	-0.106457	13.38
4.91318	-0.759656	-0.10677	13.395
4.91887	-0.716943	-0.107074	13.41
4.92421	-0.674179	-0.107371	13.425
4.92919	-0.631366	-0.10766	13.44
4.93382	-0.588507	-0.107941	13.455
4.93809	-0.545606	-0.108215	13.47
4.942	-0.502666	-0.108481	13.485
4.94556	-0.459689	-0.108738	13.5
4.94876	-0.416679	-0.108988	13.515
4.9516	-0.373639	-0.10923	13.53
4.95408	-0.330571	-0.109465	13.545
4.95621	-0.28748	-0.109691	13.56
4.95797	-0.244368	-0.109909	13.575
4.95938	-0.201238	-0.11012	13.59
4.96042	-0.158094	-0.110322	13.605
4.96111	-0.114938	-0.110516	13.62
4.96144	-0.0717743	-0.110703	13.635
4.96141	-0.028605	-0.110881	13.65
4.96101	0.0145664	-0.111051	13.665
4.96026	0.0577367	-0.111214	13.68
4.95915	0.100903	-0.111368	13.695
4.95768	0.144062	-0.111514	13.71
4.95585	0.18721	-0.111652	13.725
4.95365	0.230345	-0.111782	13.74
4.9511	0.273463	-0.111904	13.755
4.94819	0.316561	-0.112017	13.77
4.94492	0.359636	-0.112123	13.785
4.94129	0.402685	-0.11222	13.8
4.9373	0.445705	-0.112309	13.815
4.93295	0.488692	-0.11239	13.83
4.92824	0.531644	-0.112463	13.845
4.92318	0.574557	-0.112528	13.86
4.91775	0.617429	-0.112584	13.875
4.91197	0.660255	-0.112633	13.89
4.90583	0.703033	-0.112673	13.905
4.89933	0.745761	-0.112705	13.92
4.89248	0.788434	-0.112728	13.935
4.88527	0.831049	-0.112744	13.95
4.87771	0.873604	-0.112751	13.965
4.86979	0.916096	-0.11275	13.98
4.86151	0.95852	-0.112741	13.995
4.85288	1.00088	-0.112724	14.01
4.8439	1.04316	-0.112698	14.025
4.83457	1.08536	-0.112664	14.04
4.82488	1.12749	-0.112622	14.055
4.81484	1.16954	-0.112572	14.07
4.80445	1.2115	-0.112514	14.085
4.79371	1.25337	-0.112447	14.1
4.78263	1.29515	-0.112373	14.115
4.77119	1.33683	-0.11229	14.13
4.75941	1.37842	-0.112198	14.145
4.74728	1.41991	-0.112099	14.16
4.7348	1.4613	-0.111992	14.175
4.72198	1.50257	-0.111876	14.19
4.70882	1.54374	-0.111752	14.205
4.69531	1.5848	-0.111621	14.22
4.68146	1.62574	-0.111481	14.235
4.66727	1.66656	-0.111332	14.25
4.65274	1.70727	-0.111176	14.265
4.63787	1.74784	-0.111012	14.28
4.62267	1.78829	-0.110839	14.295
4.60712	1.82861	-0.110659	14.31
4.59125	1.8688	-0.11047	14.325
4.57504	1.90885	-0.110274	14.34
4.55849	1.94876	-0.110069	14.355
4.54162	1.98854	-0.109857	14.37
4.52441	2.02816	-0.109636	14.385
4.50688	2.06764	-0.109408	14.4
4.48902	2.10697	-0.109171	14.415
4.47083	2.14614	-0.108927	14.43
4.45232	2.18516	-0.108675	14.445
4.43348	2.22402	-0.108414	14.46
4.41432	2.26272	-0.108146	14.475
4.39485	2.30126	-0.10787	14.49
4.37505	2.33963	-0.107587	14.505
4.35493	2.37783	-0.107295	14.52
4.3345	2.41585	-0.106996	14.535
4.31376	2.4537	-0.106689	14.55
4.2927	2.49138	-0.106374	14.565
4.27133	2.52887	-0.106051	14.58
4.24966	2.56618	-0.105721	14.595
4.22767	2.6033	-0.105383	14.61
4.20538	2.64024	-0.105038	14.625
4.18278	2.67698	-0.104685	14.64
4.15989	2.71353	-0.104324	14.655
4.13669	2.74988	-0.103956	14.67
4.11319	2.78604	-0.10358	14.685
4.08939	2.82199	-0.103197	14.7
4.0653	2.85774	-0.102806	14.715
4.04092	2.89329	-0.102408	14.73
4.01624	2.92862	-0.102002	14.745
3.99128	2.96375	-0.10159	14.76
3.96602	2.99866	-0.101169	14.775
3.94048	3.03335	-0.100742	14.79
3.91466	3.06783	-0.100307	14.805
3.88855	3.10208	-0.0998653	14.82
3.86217	3.13611	-0.0994161	14.835
3.83551	3.16992	-0.0989598	14.85
3.80857	3.20349	-0.0984964	14.865
3.78135	3.23684	-0.0980259	14.88
3.75387	3.26996	-0.0975484	14.895
3.72612	3.30284	-0.0970638	14.91
3.69809	3.33548	-0.0965723	14.925
3.66981	3.36788	-0.0960739	14.94
3.64126	3.40004	-0.0955686	14.955
3.61245	3.43196	-0.0950564	14.97
3.58338	3.46363	-0.0945374	14.985
3.55405	3.49506	-0.0940117	15
3.52447	3.52623	-0.0934792	15.015
3.49464	3.55716	-0.09294	15.03
3.46456	3.58782	-0.0923942	15.045
3.43423	3.61824	-0.0918418	15.06
3.40365	3.64839	-0.0912829	15.075
3.37283	3.67828	-0.0907174	15.09
3.34178	3.70791	-0.0901455	15.105
3.31048	3.73728	-0.0895671	15.12
3.27895	3.76638	-0.0889824	15.135
3.24718	3.79521	-0.0883913	15.15
3.21519	3.82378	-0.087794	15.165
3.18296	3.85207	-0.0871904	15.18
3.15051	3.88009	-0.0865806	15.195
3.11784	3.90783	-0.0859647	15.21
3.08494	3.93529	-0.0853426	15.225
3.05183	3.96248	-0.0847146	15.24
3.0185	3.98938	-0.0840805	15.255
2.98495	4.01601	-0.0834404	15.27
2.9512	4.04235	-0.0827945	15.285
2.91723	4.0684	-0.0821427	15.3
2.88307	4.09417	-0.0814851	15.315
2.84869	4.11964	-0.0808218	15.33
2.81412	4.14483	-0.0801528	15.345
2.77935	4.16972	-0.0794781	15.36
2.74438	4.19432	-0.0787978	15.375
2.70922	4.21863	-0.078112	15.39
2.67386	4.24264	-0.0774207	15.405
2.63832	4.26635	-0.0767239	15.42
2.6026	4.28976	-0.0760217	15.435
2.56669	4.31287	-0.0753143	15.45
2.5306	4.33568	-0.0746015	15.465
2.49434	4.35818	-0.0738835	15.48
2.4579	4.38038	-0.0731603	15.495
2.42129	4.40227	-0.0724321	15.51
2.38451	4.42386	-0.0716987	15.525
2.34756	4.44513	-0.0709604	15.54
2.31045	4.4661	-0.0702171	15.555
2.27318	4.48675	-0.0694689	15.57
2.23575	4.5071	-0.0687159	15.585
2.19816	4.52712	-0.067958	15.6
2.16042	4.54684	-0.0671955	15.615
2.12253	4.56624	-0.0664283	15.63
2.0845	4.58532	-0.0656565	15.645
2.04632	4.60408	-0.0648801	15.66
2.00799	4.62252	-0.0640992	15.675
1.96953	4.64065	-0.0633139	15.69
1.93093	4.65845	-0.0625242	15.705
1.8922	4.67593	-0.0617302	15.72
1.85334	4.69309	-0.0609319	15.735
1.81435	4.70992	-0.0601295	15.75
1.77524	4.72643	-0.0593228	15.765
1.736	4.74261	-0.0585121	15.78
1.69664	4.75847	-0.0576974	15.795
1.65717	4.774	-0.0568787	15.81
1.61758	4.7892	-0.0560561	15.825
1.57788	4.80408	-0.0552296	15.84
1.53808	4.81862	-0.0543994	15.855
1.49817	4.83283	-0.0535654	15.87
1.45815	4.84672	-0.0527278	15.885
1.41804	4.86027	-0.0518865	15.9
1.37783	4.87349	-0.0510418	15.915
1.33752	4.88638	-0.0501935	15.93
1.29713	4.89893	-0.0493418	15.945
1.25664	4.91115	-0.0484867	15.96
1.21607	4.92304	-0.0476284	15.975
1.17542	4.93459	-0.0467668	15.99
1.13469	4.94581	-0.0459021	16.005
1.09388	4.95669	-0.0450342	16.02
1.05299	4.96723	-0.0441632	16.035
1.01204	4.97744	-0.0432893	16.05
0.971016	4.98731	-0.0424125	16.065
0.929927	4.99685	-0.0415328	16.08
0.888775	5.00605	-0.0406502	16.095
0.847563	5.01491	-0.039765	16.11
0.806295	5.02343	-0.038877	16.125
0.764972	5.03161	-0.0379865	16.14
0.723597	5.03946	-0.0370934	16.155
0.682174	5.04696	-0.0361978	16.17
0.640705	5.05413	-0.0352997	16.185
0.599193	5.06096	-0.0343993	16.2
0.557641	5.06745	-0.0334966	16.215
0.516052	5.0736	-0.0325917	16.23
0.474428	5.07942	-0.0316846	16.245
0.432773	5.08489	-0.0307753	16.26
0.391088	5.09002	-0.029864	16.275
0.349378	5.09482	-0.0289507	16.29
0.307644	5.09927	-0.0280355	16.305
0.26589	5.10339	-0.0271185	16.32
0.224118	5.10717	-0.0261996	16.335
0.182332	5.11061	-0.025279	16.35
0.140533	5.11371	-0.0243567	16.365
0.0987249	5.11647	-0.0234328	16.38
0.0569103	5.11889	-0.0225073	16.395
0.015092	5.12098	-0.0215804	16.41
-0.0267274	5.12272	-0.020652	16.425
-0.068545	5.12413	-0.0197223	16.44
-0.110358	5.1252	-0.0187913	16.455
-0.152164	5.12594	-0.017859	16.47
-0.19396	5.12633	-0.0169256	16.485
-0.235743	5.12639	-0.015991	16.5
-0.27751	5.12612	-0.0150554	16.515
-0.31926	5.1255	-0.0141188	16.53
-0.360988	5.12456	-0.0131813	16.545
-0.402693	5.12327	-0.012243	16.56
-0.444372	5.12166	-0.0113038	16.575
-0.486022	5.11971	-0.0103639	16.59
-0.52764	5.11742	-0.0094233	16.605
-0.569223	5.1148	-0.0084821	16.62
-0.61077	5.11185	-0.00754035	16.635
-0.652277	5.10857	-0.00659811	16.65
-0.693741	5.10495	-0.00565545	16.665
-0.735161	5.10101	-0.00471241	16.68
-0.776533	5.09673	-0.00376907	16.695
-0.817855	5.09213	-0.00282549	16.71
-0.859124	5.08719	-0.00188172	16.725
-0.900337	5.08193	-0.000937837	16.74
-0.941492	5.07634	6.11138e-06	16.755
-0.982587	5.07042	0.000950059	16.77
-1.02362	5.06417	0.00189395	16.785
-1.06458	5.0576	0.00283771	16.8
-1.10548	5.05071	0.00378129	16.815
-1.14631	5.04349	0.00472463	16.83
-1.18706	5.03595	0.00566767	16.845
-1.22774	5.02808	0.00661035	16.86
-1.26834	5.0199	0.0075526	16.875
-1.30885	5.01139	0.00849437	16.89
-1.34929	5.00256	0.00943559	16.905
-1.38964	4.99342	0.0103762	16.92
-1.4299	4.98396	0.0113162	16.935
-1.47006	4.97418	0.0122554	16.95
-1.51014	4.96408	0.0131939	16.965
-1.55012	4.95367	0.0141315	16.98
-1.59	4.94294	0.0150683	16.995
-1.62978	4.93191	0.016004	17.01
-1.66946	4.92056	0.0169388	17.025
-1.70903	4.9089	0.0178725	17.04
-1.74849	4.89692	0.0188051	17.055
-1.78785	4.88464	0.0197365	17.07
-1.82709	4.87206	0.0206666	17.085
-1.86621	4.85916	0.0215954	17.1
-1.90522	4.84596	0.0225229	17.115
-1.94411	4.83246	0.023449	17.13
-1.98288	4.81865	0.0243736	17.145
-2.02152	4.80454	0.0252967	17.16
-2.06004	4.79013	0.0262181	17.175
-2.09843	4.77543	0.027138	17.19
-2.13668	4.76042	0.0280561	17.205
-2.1748	4.74511	0.0289725	17.22
-2.21279	4.72951	0.0298871	17.235
-2.25064	4.71362	0.0307999	17.25
-2.28835	4.69743	0.0317107	17.265
-2.32592	4.68095	0.0326195	17.28
-2.36334	4.66418	0.0335264	17.295
-2.40062	4.64712	0.0344311	17.31
-2.43775	4.62977	0.0353337	17.325
-2.47472	4.61214	0.0362341	17.34
-2.51155	4.59422	0.0371323	17.355
-2.54822	4.57601	0.0380282	17.37
-2.58473	4.55753	0.0389218	17.385
-2.62108	4.53876	0.0398129	17.4
-2.65727	4.51972	0.0407016	17.415
-2.6933	4.50039	0.0415878	17.43
-2.72916	4.48079	0.0424714	17.445
-2.76486	4.46092	0.0433525	17.46
-2.80038	4.44077	0.0442308	17.475
-2.83573	4.42035	0.0451065	17.49
-2.87091	4.39966	0.0459794	17.505
-2.90592	4.3787	0.0468495	17.52
-2.94075	4.35747	0.0477167	17.535
-2.97539	4.33597	0.048581	17.55
-3.00986	4.31422	0.0494424	17.565
-3.04414	4.29219	0.0503007	17.58
-3.07824	4.26991	0.051156	17.595
-3.11215	4.24737	0.0520082	17.61
-3.14587	4.22457	0.0528572	17.625
-3.1794	4.20152	0.053703	17.64
-3.21274	4.1782	0.0545456	17.655
-3.24588	4.15464	0.0553848	17.67
-3.27883	4.13083	0.0562207	17.685
-3.31158	4.10676	0.0570532	17.7
-3.34413	4.08245	0.0578823	17.715
-3.37648	4.05789	0.0587079	17.73
-3.40862	4.03309	0.0595299	17.745
-3.44056	4.00804	0.0603483	17.76
-3.47229	3.98276	0.0611632	17.775
-3.50381	3.95723	0.0619743	17.79
-3.53513	3.93147	0.0627817	17.805
-3.56623	3.90547	0.0635854	17.82
-3.59712	3.87923	0.0643852	17.835
-3.62779	3.85277	0.0651812	17.85
-3.65824	3.82607	0.0659733	17.865
-3.68848	3.79915	0.0667615	17.88
-3.7185	3.772	0.0675457	17.895
-3.74829	3.74462	0.0683258	17.91
-3.77786	3.71702	0.0691019	17.925
-3.80721	3.6892	0.0698738	17.94
-3.83633	3.66116	0.0706416	17.955
-3.86522	3.6329	0.0714052	17.97
-3.89388	3.60443	0.0721646	17.985
-3.92231	3.57574	0.0729197	18
-3.95051	3.54684	0.0736704	18.015
-3.97847	3.51773	0.0744168	18.03
-4.0062	3.48841	0.0751588	18.045
-4.03369	3.45889	0.0758963	18.06
-4.06095	3.42916	0.0766294	18.075
-4.08796	3.39923	0.0773579	18.09
-4.11474	3.3691	0.0780819	18.105
-4.14127	3.33877	0.0788013	18.12
-4.16755	3.30824	0.079516	18.135
-4.1936	3.27752	0.0802261	18.15
-4.21939	3.24661	0.0809314	18.165
-4.24494	3.2155	0.081632	18.18
-4.27024	3.18421	0.0823278	18.195
-4.29528	3.15273	0.0830188	18.21
-4.32008	3.12106	0.0837049	18.225
-4.34462	3.08922	0.0843861	18.24
-4.36891	3.05719	0.0850624	18.255
-4.39295	3.02498	0.0857337	18.27
-4.41672	2.9926	0.0863999	18.285
-4.44024	2.96004	0.0870612	18.3
-4.4635	2.92731	0.0877174	18.315
-4.4865	2.89441	0.0883684	18.33
-4.50924	2.86134	0.0890143	18.345
-4.53172	2.8281	0.0896551	18.36
-4.55393	2.7947	0.0902906	18.375
-4.57588	2.76114	0.0909209	18.39
-4.59756	2.72742	0.0915459	18.405
-4.61898	2.69354	0.0921656	18.42
-4.64013	2.6595	0.0927799	18.435
-4.66101	2.62531	0.0933889	18.45
-4.68162	2.59096	0.0939924	18.465
-4.70196	2.55647	0.0945906	18.48
-4.72203	2.52183	0.0951832	18.495
-4.74182	2.48704	0.0957704	18.51
-4.76134	2.45211	0.096352	18.525
-4.78059	2.41704	0.0969281	18.54
-4.79956	2.38183	0.0974986	18.555
-4.81825	2.34648	0.0980635	18.57
-4.83667	2.31099	0.0986227	18.585
-4.85481	2.27538	0.0991762	18.6
-4.87267	2.23963	0.0997241	18.615
-4.89025	2.20375	0.100266	18.63
-4.90755	2.16775	0.100803	18.645
-4.92456	2.13162	0.101333	18.66
-4.9413	2.09537	0.101858	18.675
-4.95775	2.05901	0.102377	18.69
-4.97392	2.02252	0.10289	18.705
-4.9898	1.98592	0.103397	18.72
-5.0054	1.9492	0.103898	18.735
-5.02071	1.91237	0.104394	18.75
-5.03573	1.87543	0.104883	18.765
-5.05047	1.83839	0.105366	18.78
-5.06492	1.80124	0.105844	18.795
-5.07908	1.76399	0.106315	18.81
-5.09295	1.72663	0.10678	18.825
-5.10653	1.68918	0.10724	18.84
-5.11982	1.65164	0.107693	18.855
-5.13282	1.61399	0.10814	18.87
-5.14552	1.57626	0.10858	18.885
-5.15794	1.53844	0.109015	18.9
-5.17006	1.50053	0.109443	18.915
-5.18188	1.46253	0.109866	18.93
-5.19341	1.42445	0.110282	18.945
-5.20465	1.3863	0.110691	18.96
-5.2156	1.34806	0.111095	18.975
-5.22624	1.30974	0.111492	18.99
-5.23659	1.27136	0.111883	19.005
-5.24665	1.2329	0.112267	19.02
-5.25641	1.19436	0.112645	19.035
-5.26587	1.15577	0.113017	19.05
-5.27503	1.1171	0.113382	19.065
-5.28389	1.07838	0.113741	19.08
-5.29246	1.03959	0.114094	19.095
-5.30073	1.00075	0.11444	19.11
-5.3087	0.961843	0.11478	19.125
-5.31636	0.922886	0.115113	19.14
-5.32373	0.883878	0.11544	19.155
-5.3308	0.844819	0.11576	19.17
-5.33757	0.805713	0.116073	19.185
-5.34404	0.766562	0.11638	19.2
-5.3502	0.727367	0.116681	19.215
-5.35607	0.688132	0.116975	19.23
-5.36163	0.648857	0.117262	19.245
-5.3669	0.609547	0.117543	19.26
-5.37186	0.570202	0.117817	19.275
-5.37652	0.530825	0.118085	19.29
-5.38087	0.491418	0.118346	19.305
-5.38493	0.451983	0.1186	19.32
-5.38868	0.412523	0.118848	19.335
-5.39213	0.37304	0.119089	19.35
-5.39528	0.333536	0.119323	19.365
-5.39812	0.294014	0.119551	19.38
-5.40067	0.254475	0.119772	19.395
-5.40291	0.214921	0.119986	19.41
-5.40484	0.175356	0.120193	19.425
-5.40648	0.13578	0.120394	19.44
-5.40781	0.0961975	0.120588	19.455
-5.40884	0.0566093	0.120775	19.47
-5.40956	0.0170178	0.120956	19.485
-5.40998	-0.0225746	0.121129	19.5
-5.41011	-0.0621657	0.121296	19.515
-5.40992	-0.101753	0.121456	19.53
-5.40944	-0.141335	0.12161	19.545
-5.40865	-0.180909	0.121756	19.56
-5.40756	-0.220473	0.121896	19.575
-5.40617	-0.260025	0.122029	19.59
-5.40448	-0.299562	0.122155	19.605
-5.40248	-0.339083	0.122274	19.62
-5.40018	-0.378584	0.122387	19.635
-5.39758	-0.418064	0.122492	19.65
-5.39468	-0.457521	0.122591	19.665
-5.39148	-0.496953	0.122683	19.68
-5.38798	-0.536356	0.122768	19.695
-5.38417	-0.57573	0.122846	19.71
-5.38007	-0.615072	0.122918	19.725
-5.37567	-0.654379	0.122982	19.74
-5.37096	-0.69365	0.12304	19.755
-5.36596	-0.732882	0.123091	19.77
-5.36066	-0.772073	0.123135	19.785
-5.35506	-0.811222	0.123172	19.8
-5.34916	-0.850325	0.123202	19.815
-5.34296	-0.88938	0.123225	19.83
-5.33646	-0.928386	0.123242	19.845
-5.32967	-0.967341	0.123251	19.86
-5.32258	-1.00624	0.123254	19.875
-5.31519	-1.04509	0.12325	19.89
-5.30751	-1.08387	0.123239	19.905
-5.29953	-1.1226	0.123221	19.92
-5.29125	-1.16126	0.123196	19.935
-5.28268	-1.19986	0.123165	19.95
-5.27382	-1.23839	0.123126	19.965
-5.26466	-1.27685	0.123081	19.98
-5.25521	-1.31524	0.123029	19.995
-5.24547	-1.35356	0.12297	20.01
-5.23543	-1.3918	0.122904	20.025
-5.2251	-1.42997	0.122831	20.04
-5.21448	-1.46805	0.122752	20.055
-5.20357	-1.50606	0.122665	20.07
-5.19237	-1.54398	0.122572	20.085
-5.18088	-1.58181	0.122472	20.1
-5.16911	-1.61956	0.122365	20.115
-5.15704	-1.65721	0.122251	20.13
-5.14469	-1.69478	0.122131	20.145
-5.13205	-1.73224	0.122003	20.16
-5.11912	-1.76962	0.121869	20.175
-5.10591	-1.80689	0.121728	20.19
-5.09241	-1.84406	0.12158	20.205
-5.07863	-1.88113	0.121426	20.22
-5.06457	-1.91809	0.121264	20.235
-5.05022	-1.95495	0.121096	20.25
-5.03559	-1.9917	0.120922	20.265
-5.02069	-2.02834	0.12074	20.28
-5.0055	-2.06486	0.120552	20.295
-4.99003	-2.10127	0.120357	20.31
-4.97428	-2.13756	0.120155	20.325
-4.95826	-2.17374	0.119946	20.34
-4.94196	-2.20979	0.119731	20.355
-4.92538	-2.24572	0.119509	20.37
-4.90853	-2.28152	0.119281	20.385
-4.8914	-2.31719	0.119046	20.4
-4.874	-2.35274	0.118804	20.415
-4.85633	-2.38815	0.118555	20.43
-4.83839	-2.42343	0.1183	20.445
-4.82017	-2.45858	0.118039	20.46
-4.80169	-2.49358	0.11777	20.475
-4.78294	-2.52845	0.117495	20.49
-4.76392	-2.56318	0.117214	20.505
-4.74463	-2.59776	0.116926	20.52
-4.72508	-2.6322	0.116631	20.535
-4.70526	-2.66649	0.11633	20.55
-4.68518	-2.70063	0.116023	20.565
-4.66484	-2.73462	0.115708	20.58
-4.64423	-2.76846	0.115388	20.595
-4.62337	-2.80214	0.115061	20.61
-4.60225	-2.83566	0.114727	20.625
-4.58086	-2.86903	0.114387	20.64
-4.55923	-2.90223	0.114041	20.655
-4.53733	-2.93527	0.113688	20.67
-4.51518	-2.96815	0.113329	20.685
-4.49278	-3.00086	0.112963	20.7
-4.47012	-3.0334	0.112592	20.715
-4.44722	-3.06577	0.112213	20.73
-4.42406	-3.09797	0.111829	20.745
-4.40066	-3.12999	0.111438	20.76
-4.377	-3.16184	0.111041	20.775
-4.3531	-3.19351	0.110638	20.79
-4.32896	-3.225	0.110228	20.805
-4.30457	-3.25631	0.109812	20.82
-4.27994	-3.28744	0.10939	20.835
-4.25507	-3.31838	0.108962	20.85
-4.22996	-3.34913	0.108528	20.865
-4.20461	-3.37969	0.108088	20.88
-4.17902	-3.41007	0.107641	20.895
-4.15319	-3.44025	0.107189	20.91
-4.12714	-3.47023	0.10673	20.925
-4.10084	-3.50002	0.106265	20.94
-4.07432	-3.52961	0.105795	20.955
-4.04757	-3.55901	0.105318	20.97
-4.02058	-3.5882	0.104836	20.985
-3.99337	-3.61719	0.104347	21
-3.96594	-3.64597	0.103853	21.015
-3.93827	-3.67455	0.103352	21.03
-3.91039	-3.70291	0.102846	21.045
-3.88228	-3.73107	0.102334	21.06
-3.85396	-3.75902	0.101816	21.075
-3.82541	-3.78675	0.101293	21.09
-3.79665	-3.81427	0.100763	21.105
-3.76767	-3.84157	0.100228	21.12
-3.73847	-3.86865	0.0996874	21.135
-3.70907	-3.89551	0.0991409	21.15
-3.67945	-3.92215	0.0985888	21.165
-3.64962	-3.94857	0.0980311	21.18
-3.61959	-3.97476	0.0974678	21.195
-3.58935	-4.00073	0.0968989	21.21
-3.5589	-4.02646	0.0963245	21.225
-3.52825	-4.05197	0.0957446	21.24
-3.4974	-4.07725	0.0951592	21.255
-3.46635	-4.10229	0.0945684	21.27
-3.4351	-4.1271	0.0939722	21.285
-3.40365	-4.15167	0.0933706	21.3
-3.37201	-4.176	0.0927636	21.315
-3.34018	-4.2001	0.0921513	21.33
-3.30815	-4.22395	0.0915338	21.345
-3.27593	-4.24756	0.090911	21.36
-3.24353	-4.27093	0.0902829	21.375
-3.21094	-4.29405	0.0896497	21.39
-3.17817	-4.31692	0.0890114	21.405
-3.14521	-4.33955	0.0883679	21.42
-3.11207	-4.36193	0.0877193	21.435
-3.07875	-4.38405	0.0870657	21.45
-3.04526	-4.40593	0.086407	21.465
-3.01159	-4.42754	0.0857434	21.48
-2.97774	-4.44891	0.0850748	21.495
-2.94372	-4.47001	0.0844013	21.51
-2.90954	-4.49086	0.0837229	21.525
-2.87518	-4.51145	0.0830397	21.54
-2.84066	-4.53178	0.0823517	21.555
-2.80597	-4.55184	0.0816589	21.57
-2.77112	-4.57164	0.0809614	21.585
-2.73612	-4.59118	0.0802592	21.6
-2.70095	-4.61044	0.0795523	21.615
-2.66562	-4.62945	0.0788408	21.63
-2.63014	-4.64818	0.0781247	21.645
-2.59451	-4.66664	0.077404	21.66
-2.55872	-4.68483	0.0766789	21.675
-2.52279	-4.70274	0.0759493	21.69
-2.48671	-4.72039	0.0752153	21.705
-2.45048	-4.73775	0.0744768	21.72
-2.41411	-4.75484	0.0737341	21.735
-2.3776	-4.77166	0.072987	21.75
-2.34095	-4.78819	0.0722356	21.765
-2.30417	-4.80444	0.07148	21.78
-2.26725	-4.82041	0.0707203	21.795
-2.23019	-4.8361	0.0699563	21.81
-2.19301	-4.85151	0.0691883	21.825
-2.15569	-4.86663	0.0684162	21.84
-2.11825	-4.88146	0.0676401	21.855
-2.08069	-4.89601	0.06686	21.87
-2.043	-4.91027	0.066076	21.885
-2.00519	-4.92424	0.0652881	21.9
-1.96727	-4.93792	0.0644963	21.915
-1.92922	-4.9513	0.0637008	21.93
-1.89107	-4.9644	0.0629014	21.945
-1.8528	-4.9772	0.0620984	21.96
-1.81442	-4.98971	0.0612916	21.975
-1.77594	-5.00192	0.0604813	21.99
-1.73735	-5.01383	0.0596673	22.005
-1.69865	-5.02545	0.0588498	22.02
-1.65986	-5.03677	0.0580289	22.035
-1.62097	-5.04779	0.0572044	22.05
-1.58198	-5.05851	0.0563766	22.065
-1.54289	-5.06893	0.0555454	22.08
-1.50372	-5.07904	0.0547109	22.095
-1.46445	-5.08886	0.0538731	22.11
-1.4251	-5.09837	0.0530322	22.125
-1.38566	-5.10757	0.052188	22.14
-1.34614	-5.11647	0.0513407	22.155
-1.30654	-5.12506	0.0504904	22.17
-1.26686	-5.13335	0.049637	22.185
-1.2271	-5.14133	0.0487807	22.2
-1.18727	-5.149	0.0479214	22.215
-1.14737	-5.15636	0.0470593	22.23
-1.1074	-5.16341	0.0461943	22.245
-1.06737	-5.17015	0.0453265	22.26
-1.02727	-5.17658	0.044456	22.275
-0.987105	-5.18269	0.0435829	22.29
-0.946883	-5.18849	0.0427071	22.305
-0.906603	-5.19398	0.0418287	22.32
-0.866269	-5.19916	0.0409478	22.335
-0.825882	-5.20402	0.0400644	22.35
-0.785446	-5.20856	0.0391785	22.365
-0.744961	-5.21279	0.0382903	22.38
-0.704432	-5.21671	0.0373998	22.395
-0.663859	-5.2203	0.036507	22.41
-0.623247	-5.22358	0.035612	22.425
-0.582596	-5.22654	0.0347148	22.44
-0.54191	-5.22918	0.0338155	22.455
-0.50119	-5.2315	0.0329142	22.47
-0.46044	-5.23351	0.0320108	22.485
-0.419662	-5.23519	0.0311054	22.5
-0.378859	-5.23655	0.0301982	22.515
-0.338032	-5.23759	0.0292891	22.53
-0.297184	-5.23831	0.0283782	22.545
-0.256318	-5.23871	0.0274656	22.56
-0.215436	-5.23879	0.0265513	22.575
-0.174541	-5.23854	0.0256354	22.59
-0.133636	-5.23798	0.0247178	22.605
-0.0927219	-5.23709	0.0237988	22.62
-0.0518023	-5.23587	0.0228783	22.635
-0.0108794	-5.23434	0.0219564	22.65
0.0300441	-5.23248	0.0210331	22.665
0.0709658	-5.23029	0.0201085	22.68
0.111883	-5.22778	0.0191827	22.695
0.152793	-5.22495	0.0182556	22.71
0.193694	-5.22179	0.0173275	22.725
0.234583	-5.21831	0.0163982	22.74
0.275457	-5.21451	0.015468	22.755
0.316314	-5.21038	0.0145368	22.77
0.357152	-5.20592	0.0136047	22.785
0.397967	-5.20114	0.0126717	22.8
0.438757	-5.19604	0.0117379	22.815
0.47952	-5.19061	0.0108034	22.83
0.520253	-5.18485	0.00986826	22.845
0.560953	-5.17877	0.00893247	22.86
0.601618	-5.17237	0.00799612	22.875
0.642245	-5.16564	0.00705927	22.89
0.682832	-5.15859	0.00612197	22.905
0.723376	-5.15121	0.00518429	22.92
0.763874	-5.1435	0.00424628	22.935
0.804324	-5.13548	0.003308	22.95
0.844724	-5.12713	0.00236952	22.965
0.88507	-5.11845	0.00143088	22.98
0.92536	-5.10945	0.000492159	22.995
0.965591	-5.10013	-0.000446597	23.01
1.00576	-5.09048	-0.00138532	23.025
1.04587	-5.08051	-0.00232397	23.04
1.08591	-5.07022	-0.00326246	23.055
1.12588	-5.05961	-0.00420074	23.07
1.16578	-5.04867	-0.00513876	23.085
1.2056	-5.03741	-0.00607645	23.1
1.24535	-5.02583	-0.00701375	23.115
1.28502	-5.01393	-0.00795061	23.13
1.32461	-5.00171	-0.00888696	23.145
1.36411	-4.98917	-0.00982273	23.16
1.40352	-4.97631	-0.0107579	23.175
1.44285	-4.96313	-0.0116923	23.19
1.48208	-4.94963	-0.012626	23.205
1.52121	-4.93582	-0.0135589	23.22
1.56025	-4.92168	-0.014491	23.235
1.59919	-4.90723	-0.0154221	23.25
1.63802	-4.89246	-0.0163522	23.265
1.67675	-4.87738	-0.0172812	23.28
1.71537	-4.86198	-0.0182091	23.295
1.75388	-4.84627	-0.0191359	23.31
1.79228	-4.83024	-0.0200614	23.325
1.83056	-4.8139	-0.0209856	23.34
1.86872	-4.79725	-0.0219084	23.355
1.90676	-4.78028	-0.0228298	23.37
1.94468	-4.76301	-0.0237498	23.385
1.98247	-4.74542	-0.0246682	23.4
2.02013	-4.72753	-0.025585	23.415
2.05765	-4.70932	-0.0265001	23.43
2.09505	-4.69081	-0.0274135	23.445
2.1323	-4.672	-0.028325	23.46
2.16942	-4.65287	-0.0292348	23.475
2.2064	-4.63344	-0.0301426	23.49
2.24323	-4.61371	-0.0310484	23.505
2.27991	-4.59368	-0.0319523	23.52
2.31644	-4.57334	-0.032854	23.535
2.35282	-4.5527	-0.0337535	23.55
2.38905	-4.53176	-0.0346508	23.565
2.42512	-4.51053	-0.0355459	23.58
2.46103	-4.48899	-0.0364385	23.595
2.49677	-4.46716	-0.0373288	23.61
2.53235	-4.44504	-0.0382166	23.625
2.56777	-4.42262	-0.0391019	23.64
2.60301	-4.3999	-0.0399846	23.655
2.63808	-4.3769	-0.0408647	23.67
2.67297	-4.3536	-0.041742	23.685
2.70769	-4.33001	-0.0426165	23.7
2.74223	-4.30614	-0.0434882	23.715
2.77658	-4.28198	-0.0443571	23.73
2.81075	-4.25753	-0.0452229	23.745
2.84473	-4.2328	-0.0460858	23.76
2.87852	-4.20779	-0.0469455	23.775
2.91212	-4.18249	-0.0478021	23.79
2.94552	-4.15692	-0.0486555	23.805
2.97873	-4.13106	-0.0495057	23.82
3.01174	-4.10493	-0.0503525	23.835
3.04454	-4.07853	-0.051196	23.85
3.07714	-4.05185	-0.052036	23.865
3.10953	-4.02489	-0.0528725	23.88
3.14171	-3.99767	-0.0537054	23.895
3.17368	-3.97017	-0.0545348	23.91
3.20544	-3.94241	-0.0553604	23.925
3.23698	-3.91438	-0.0561823	23.94
3.2683	-3.88609	-0.0570004	23.955
3.2994	-3.85753	-0.0578146	23.97
3.33028	-3.82871	-0.058625	23.985
3.36093	-3.79963	-0.0594313	24
3.39135	-3.7703	-0.0602336	24.015
3.42154	-3.74071	-0.0610318	24.03
3.4515	-3.71086	-0.0618259	24.045
3.48122	-3.68076	-0.0626158	24.06
3.51071	-3.65041	-0.0634013	24.075
3.53996	-3.61981	-0.0641826	24.09
3.56896	-3.58896	-0.0649595	24.105
3.59772	-3.55787	-0.0657319	24.12
3.62624	-3.52654	-0.0664999	24.135
3.65451	-3.49496	-0.0672632	24.15
3.68252	-3.46314	-0.068022	24.165
3.71028	-3.43109	-0.0687761	24.18
3.73779	-3.3988	-0.0695255	24.195
3.76505	-3.36628	-0.0702701	24.21
3.79204	-3.33352	-0.0710099	24.225
3.81877	-3.30054	-0.0717448	24.24
3.84524	-3.26733	-0.0724747	24.255
3.87144	-3.23389	-0.0731996	24.27
3.89738	-3.20023	-0.0739195	24.285
3.92304	-3.16635	-0.0746343	24.3
3.94844	-3.13224	-0.0753439	24.315
3.97356	-3.09793	-0.0760483	24.33
3.99841	-3.06339	-0.0767474	24.345
4.02298	-3.02865	-0.0774412	24.36
4.04727	-2.9937	-0.0781297	24.375
4.07127	-2.95853	-0.0788127	24.39
4.095	-2.92316	-0.0794902	24.405
4.11844	-2.88759	-0.0801622	24.42
4.14159	-2.85182	-0.0808286	24.435
4.16446	-2.81585	-0.0814894	24.45
4.18703	-2.77968	-0.0821445	24.465
4.20932	-2.74332	-0.0827938	24.48
4.23131	-2.70676	-0.0834374	24.495
4.253	-2.67002	-0.0840751	24.51
4.27439	-2.63309	-0.084707	24.525
4.29549	-2.59597	-0.0853329	24.54
4.31628	-2.55868	-0.0859528	24.555
4.33677	-2.5212	-0.0865667	24.57
4.35696	-2.48355	-0.0871746	24.585
4.37684	-2.44572	-0.0877763	24.6
4.39642	-2.40772	-0.0883718	24.615
4.41568	-2.36955	-0.0889611	24.63
4.43463	-2.33122	-0.0895442	24.645
4.45327	-2.29272	-0.0901209	24.66
4.4716	-2.25405	-0.0906913	24.675
4.48961	-2.21523	-0.0912553	24.69
4.50731	-2.17626	-0.0918129	24.705
4.52468	-2.13712	-0.0923639	24.72
4.54174	-2.09784	-0.0929084	24.735
4.55847	-2.05841	-0.0934464	24.75
4.57488	-2.01884	-0.0939777	24.765
4.59097	-1.97912	-0.0945024	24.78
4.60673	-1.93926	-0.0950204	24.795
4.62216	-1.89926	-0.0955316	24.81
4.63727	-1.85913	-0.096036	24.825
4.65205	-1.81886	-0.0965337	24.84
4.66649	-1.77847	-0.0970244	24.855
4.68061	-1.73795	-0.0975083	24.87
4.69439	-1.6973	-0.0979852	24.885
4.70783	-1.65654	-0.0984551	24.9
4.72095	-1.61566	-0.098918	24.915
4.73372	-1.57466	-0.0993739	24.93
4.74616	-1.53355	-0.0998227	24.945
4.75825	-1.49233	-0.100264	24.96
4.77001	-1.451	-0.100699	24.975
4.78143	-1.40957	-0.101126	24.99
4.7925	-1.36804	-0.101546	25.005
4.80323	-1.32641	-0.101959	25.02
4.81362	-1.28468	-0.102364	25.035
4.82366	-1.24287	-0.102763	25.05
4.83336	-1.20096	-0.103153	25.065
4.84271	-1.15897	-0.103537	25.08
4.85171	-1.1169	-0.103913	25.095
4.86037	-1.07474	-0.104281	25.11
4.86867	-1.03251	-0.104642	25.125
4.87663	-0.990203	-0.104996	25.14
4.88423	-0.947826	-0.105341	25.155
4.89149	-0.90538	-0.10568	25.17
4.89839	-0.862869	-0.106011	25.185
4.90494	-0.820296	-0.106334	25.2
4.91113	-0.777664	-0.106649	25.215
4.91697	-0.734976	-0.106957	25.23
4.92246	-0.692235	-0.107257	25.245
4.92759	-0.649444	-0.107549	25.26
4.93237	-0.606606	-0.107834	25.275
4.93679	-0.563724	-0.108111	25.29
4.94085	-0.520802	-0.10838	25.305
4.94456	-0.477842	-0.108641	25.32
4.94791	-0.434847	-0.108894	25.335
4.9509	-0.391821	-0.109139	25.35
4.95353	-0.348767	-0.109377	25.365
4.95581	-0.305687	-0.109607	25.38
4.95773	-0.262585	-0.109828	25.395
4.95928	-0.219465	-0.110042	25.41
4.96048	-0.176328	-0.110248	25.425
4.96132	-0.133179	-0.110445	25.44
4.9618	-0.0900196	-0.110635	25.455
4.96192	-0.046854	-0.110817	25.47
4.96168	-0.00368506	-0.110991	25.485
4.96108	0.0394842	-0.111156	25.5
4.96012	0.0826506	-0.111314	25.515
4.9588	0.125811	-0.111463	25.53
4.95712	0.168962	-0.111605	25.545
4.95508	0.212101	-0.111738	25.56
4.95268	0.255225	-0.111863	25.575
4.94992	0.29833	-0.11198	25.59
4.94681	0.341413	-0.112089	25.605
4.94333	0.384472	-0.11219	25.62
4.93949	0.427503	-0.112283	25.635
4.93529	0.470502	-0.112367	25.65
4.93074	0.513468	-0.112444	25.665
4.92583	0.556396	-0.112512	25.68
4.92055	0.599283	-0.112572	25.695
4.91492	0.642127	-0.112624	25.71
4.90894	0.684925	-0.112667	25.725
4.90259	0.727672	-0.112702	25.74
4.89589	0.770367	-0.11273	25.755
4.88883	0.813005	-0.112749	25.77
4.88142	0.855584	-0.112759	25.785
4.87365	0.898101	-0.112762	25.8
4.86553	0.940553	-0.112756	25.815
4.85705	0.982936	-0.112742	25.83
4.84822	1.02525	-0.11272	25.845
4.83904	1.06748	-0.11269	25.86
4.8295	1.10964	-0.112652	25.875
4.81961	1.15172	-0.112605	25.89
4.80937	1.19372	-0.11255	25.905
4.79878	1.23563	-0.112487	25.92
4.78785	1.27744	-0.112416	25.935
4.77656	1.31917	-0.112336	25.95
4.76492	1.3608	-0.112249	25.965
4.75294	1.40233	-0.112153	25.98
4.74062	1.44375	-0.112049	25.995
4.72794	1.48508	-0.111937	26.01
4.71493	1.52629	-0.111817	26.025
4.70157	1.56739	-0.111688	26.04
4.68786	1.60838	-0.111552	26.055
4.67382	1.64926	-0.111407	26.07
4.65944	1.69001	-0.111254	26.085
4.64472	1.73064	-0.111094	26.1
4.62966	1.77114	-0.110925	26.115
4.61426	1.81152	-0.110748	26.13
4.59853	1.85176	-0.110563	26.145
4.58246	1.89187	-0.11037	26.16
4.56606	1.93184	-0.110168	26.175
4.54933	1.97167	-0.109959	26.19
4.53226	2.01135	-0.109742	26.205
4.51487	2.05089	-0.109517	26.22
4.49715	2.09029	-0.109284	26.235
4.47911	2.12953	-0.109043	26.25
4.46073	2.16861	-0.108794	26.265
4.44204	2.20754	-0.108537	26.28
4.42302	2.24631	-0.108273	26.295
4.40368	2.28491	-0.108	26.31
4.38402	2.32335	-0.10772	26.325
4.36404	2.36162	-0.107432	26.34
4.34375	2.39972	-0.107136	26.355
4.32314	2.43764	-0.106832	26.37
4.30222	2.47539	-0.10652	26.385
4.28099	2.51296	-0.106201	26.4
4.25944	2.55035	-0.105874	26.415
4.23759	2.58755	-0.10554	26.43
4.21544	2.62457	-0.105198	26.445
4.19297	2.66139	-0.104848	26.46
4.17021	2.69802	-0.10449	26.475
4.14714	2.73446	-0.104125	26.49
4.12377	2.7707	-0.103753	26.505
4.1001	2.80674	-0.103373	26.52
4.07614	2.84258	-0.102986	26.535
4.05188	2.87821	-0.102591	26.55
4.02734	2.91363	-0.102188	26.565
4.0025	2.94885	-0.101779	26.58
3.97737	2.98385	-0.101362	26.595
3.95195	3.01864	-0.100938	26.61
3.92626	3.0532	-0.100506	26.625
3.90027	3.08755	-0.100067	26.64
3.87401	3.12168	-0.0996211	26.655
3.84747	3.15558	-0.099168	26.67
3.82065	3.18926	-0.0987077	26.685
3.79356	3.2227	-0.0982403	26.7
3.76619	3.25592	-0.0977658	26.715
3.73856	3.2889	-0.0972843	26.73
3.71065	3.32164	-0.0967959	26.745
3.68248	3.35415	-0.0963005	26.76
3.65405	3.38642	-0.0957982	26.775
3.62535	3.41844	-0.095289	26.79
3.5964	3.45022	-0.094773	26.805
3.56718	3.48175	-0.0942502	26.82
3.53771	3.51303	-0.0937207	26.835
3.50799	3.54406	-0.0931845	26.85
3.47802	3.57484	-0.0926416	26.865
3.4478	3.60536	-0.0920921	26.88
3.41733	3.63563	-0.091536	26.895
3.38662	3.66563	-0.0909734	26.91
3.35567	3.69538	-0.0904043	26.925
3.32448	3.72486	-0.0898288	26.94
3.29305	3.75407	-0.0892469	26.955
3.26139	3.78302	-0.0886586	26.97
3.2295	3.8117	-0.088064	26.985
3.19737	3.84011	-0.0874632	27
3.16502	3.86825	-0.0868561	27.015
3.13245	3.89611	-0.0862429	27.03
3.09965	3.92369	-0.0856236	27.045
3.06663	3.951	-0.0849982	27.06
3.0334	3.97803	-0.0843667	27.075
2.99995	4.00477	-0.0837293	27.09
2.96629	4.03124	-0.083086	27.105
2.93242	4.05741	-0.0824368	27.12
2.89834	4.08331	-0.0817818	27.135
2.86406	4.10891	-0.081121	27.15
2.82957	4.13422	-0.0804545	27.165
2.79489	4.15924	-0.0797823	27.18
2.76001	4.18397	-0.0791045	27.195
2.72493	4.20841	-0.0784212	27.21
2.68967	4.23254	-0.0777323	27.225
2.65421	4.25638	-0.0770379	27.24
2.61857	4.27993	-0.0763382	27.255
2.58274	4.30317	-0.0756331	27.27
2.54674	4.32611	-0.0749227	27.285
2.51055	4.34874	-0.074207	27.3
2.47419	4.37108	-0.0734861	27.315
2.43766	4.3931	-0.0727602	27.33
2.40095	4.41482	-0.0720291	27.345
2.36408	4.43623	-0.071293	27.36
2.32704	4.45734	-0.0705519	27.375
2.28984	4.47813	-0.0698059	27.39
2.25248	4.49861	-0.069055	27.405
2.21497	4.51877	-0.0682993	27.42
2.1773	4.53862	-0.0675389	27.435
2.13948	4.55816	-0.0667738	27.45
2.10151	4.57738	-0.066004	27.465
2.06339	4.59628	-0.0652297	27.48
2.02513	4.61487	-0.0644509	27.495
1.98674	4.63313	-0.0636675	27.51
1.9482	4.65107	-0.0628798	27.525
1.90953	4.6687	-0.0620878	27.54
1.87073	4.686	-0.0612914	27.555
1.83179	4.70297	-0.0604908	27.57
1.79274	4.71962	-0.0596861	27.585
1.75355	4.73595	-0.0588772	27.6
1.71425	4.75195	-0.0580643	27.615
1.67483	4.76763	-0.0572474	27.63
1.6353	4.78297	-0.0564265	27.645
1.59565	4.79799	-0.0556018	27.66
1.55589	4.81268	-0.0547733	27.675
1.51603	4.82704	-0.053941	27.69
1.47606	4.84107	-0.053105	27.705
1.436	4.85477	-0.0522654	27.72
1.39583	4.86814	-0.0514223	27.735
1.35557	4.88117	-0.0505756	27.75
1.31521	4.89387	-0.0497254	27.765
1.27477	4.90624	-0.0488719	27.78
1.23424	4.91828	-0.0480151	27.795
1.19363	4.92998	-0.047155	27.81
1.15293	4.94134	-0.0462917	27.825
1.11216	4.95237	-0.0454252	27.84
1.07131	4.96307	-0.0445557	27.855
1.03039	4.97343	-0.0436831	27.87
0.989397	4.98345	-0.0428076	27.885
0.948339	4.99313	-0.0419292	27.9
0.907217	5.00248	-0.041048	27.915
0.866034	5.01149	-0.040164	27.93
0.824792	5.02016	-0.0392773	27.945
0.783495	5.0285	-0.0383879	27.96
0.742145	5.03649	-0.037496	27.975
0.700746	5.04415	-0.0366015	27.99
0.659299	5.05147	-0.0357046	28.005
0.617808	5.05845	-0.0348053	28.02
0.576276	5.06509	-0.0339037	28.035
0.534705	5.0714	-0.0329998	28.05
0.493099	5.07736	-0.0320937	28.065
0.451459	5.08299	-0.0311854	28.08
0.40979	5.08827	-0.0302751	28.095
0.368093	5.09322	-0.0293627	28.11
0.326371	5.09783	-0.0284484	28.125
0.284628	5.10209	-0.0275322	28.14
0.242866	5.10602	-0.0266142	28.155
0.201088	5.10961	-0.0256944	28.17
0.159296	5.11287	-0.0247729	28.185
0.117494	5.11578	-0.0238498	28.2
0.0756843	5.11835	-0.0229251	28.215
0.0338695	5.12059	-0.0219988	28.23
-0.00794762	5.12249	-0.0210711	28.245
-0.0497642	5.12405	-0.0201421	28.26
-0.0915775	5.12527	-0.0192117	28.275
-0.133385	5.12616	-0.01828	28.29
-0.175183	5.12671	-0.0173471	28.305
-0.21697	5.12692	-0.0164131	28.32
-0.258743	5.12679	-0.015478	28.335
-0.300499	5.12633	-0.0145419	28.35
-0.342235	5.12554	-0.0136049	28.365
-0.383949	5.1244	-0.0126669	28.38
-0.425637	5.12294	-0.0117282	28.395
-0.467298	5.12114	-0.0107886	28.41
-0.508929	5.119	-0.0098484	28.425
-0.550526	5.11653	-0.00890753	28.44
-0.592088	5.11373	-0.00796607	28.455
-0.633611	5.1106	-0.00702409	28.47
-0.675092	5.10714	-0.00608166	28.485
-0.716531	5.10334	-0.00513883	28.5
-0.757922	5.09921	-0.00419567	28.515
-0.799265	5.09476	-0.00325224	28.53
-0.840556	5.08997	-0.0023086	28.545
-0.881793	5.08486	-0.00136481	28.56
-0.922972	5.07941	-0.000420929	28.575
-0.964093	5.07364	0.000522977	28.59
-1.00515	5.06755	0.00146685	28.605
-1.04614	5.06113	0.00241063	28.62
-1.08707	5.05438	0.00335425	28.635
-1.12793	5.04731	0.00429766	28.65
-1.16871	5.03991	0.00524079	28.665
-1.20942	5.03219	0.00618359	28.68
-1.25005	5.02415	0.00712599	28.695
-1.29061	5.01579	0.00806794	28.71
-1.33108	5.00711	0.00900937	28.725
-1.37146	4.99811	0.00995023	28.74
-1.41176	4.9888	0.0108905	28.755
-1.45197	4.97916	0.01183	28.77
-1.49208	4.96921	0.0127688	28.785
-1.53211	4.95894	0.0137067	28.8
-1.57203	4.94836	0.0146438	28.815
-1.61185	4.93746	0.01558	28.83
-1.65158	4.92626	0.0165152	28.845
-1.69119	4.91474	0.0174493	28.86
-1.73071	4.90291	0.0183824	28.875
-1.77011	4.89077	0.0193143	28.89
-1.8094	4.87832	0.0202449	28.905
-1.84858	4.86557	0.0211743	28.92
-1.88764	4.85251	0.0221024	28.935
-1.92658	4.83915	0.023029	28.95
-1.9654	4.82548	0.0239543	28.965
-2.0041	4.81151	0.024878	28.98
-2.04267	4.79724	0.0258002	28.995
-2.08111	4.78266	0.0267207	29.01
-2.11943	4.76779	0.0276396	29.025
-2.15761	4.75263	0.0285568	29.04
-2.19566	4.73716	0.0294721	29.055
-2.23357	4.7214	0.0303857	29.07
-2.27134	4.70535	0.0312973	29.085
-2.30897	4.689	0.0322071	29.1
-2.34646	4.67237	0.0331148	29.115
-2.3838	4.65544	0.0340204	29.13
-2.421	4.63822	0.034924	29.145
-2.45804	4.62072	0.0358254	29.16
-2.49493	4.60293	0.0367245	29.175
-2.53167	4.58486	0.0376214	29.19
-2.56825	4.56651	0.038516	29.205
-2.60468	4.54787	0.0394082	29.22
-2.64094	4.52895	0.040298	29.235
-2.67704	4.50976	0.0411853	29.25
-2.71298	4.49029	0.0420701	29.265
-2.74875	4.47054	0.0429522	29.28
-2.78435	4.45052	0.0438318	29.295
-2.81978	4.43022	0.0447087	29.31
-2.85504	4.40966	0.0455828	29.325
-2.89012	4.38882	0.0464541	29.34
-2.92503	4.36772	0.0473226	29.355
-2.95976	4.34635	0.0481883	29.37
-2.99431	4.32471	0.0490509	29.385
-3.02867	4.30281	0.0499106	29.4
-3.06285	4.28065	0.0507673	29.415
-3.09685	4.25823	0.0516209	29.43
-3.13066	4.23555	0.0524713	29.445
-3.16427	4.21261	0.0533185	29.46
-3.1977	4.18942	0.0541626	29.475
-3.23093	4.16598	0.0550033	29.49
-3.26397	4.14228	0.0558407	29.505
-3.29681	4.11833	0.0566748	29.52
-3.32945	4.09413	0.0575054	29.535
-3.36189	4.06969	0.0583325	29.55
-3.39412	4.045	0.0591561	29.565
-3.42615	4.02007	0.0599762	29.58
-3.45798	3.9949	0.0607927	29.595
-3.4896	3.96948	0.0616055	29.61
-3.52101	3.94383	0.0624146	29.625
-3.55221	3.91794	0.06322	29.64
-3.58319	3.89182	0.0640215	29.655
-3.61396	3.86546	0.0648193	29.67
-3.64451	3.83887	0.0656132	29.685
-3.67485	3.81205	0.0664031	29.7
-3.70497	3.78501	0.0671891	29.715
-3.73486	3.75774	0.0679711	29.73
-3.76454	3.73024	0.068749	29.745
-3.79399	3.70253	0.0695228	29.76
-3.82321	3.67459	0.0702925	29.775
-3.85221	3.64643	0.071058	29.79
-3.88097	3.61806	0.0718193	29.805
-3.90951	3.58948	0.0725764	29.82
-3.93782	3.56068	0.0733291	29.835
-3.96589	3.53167	0.0740775	29.85
-3.99372	3.50245	0.0748215	29.865
-4.02133	3.47302	0.0755611	29.88
-4.04869	3.44339	0.0762962	29.895
-4.07581	3.41355	0.0770268	29.91
-4.1027	3.38352	0.0777529	29.925
-4.12934	3.35328	0.0784743	29.94
-4.15574	3.32285	0.0791912	29.955
-4.1819	3.29222	0.0799034	29.97
-4.2078	3.2614	0.0806109	29.985
