-0.00248053	0.00421067	3.79644e-05	1.58101e-322
-0.00251397	0.00418851	3.88066e-05	0.015
-0.00254722	0.00416609	3.96462e-05	0.03
-0.00258029	0.00414341	4.04831e-05	0.045
-0.00261316	0.00412047	4.13174e-05	0.06
-0.00264584	0.00409727	4.21489e-05	0.075
-0.00267833	0.00407382	4.29776e-05	0.09
-0.00271063	0.00405013	4.38034e-05	0.105
-0.00274274	0.00402618	4.46263e-05	0.12
-0.00277466	0.00400199	4.54462e-05	0.135
-0.00280638	0.00397756	4.62631e-05	0.15
-0.00283791	0.00395289	4.70768e-05	0.165
-0.00286925	0.00392797	4.78874e-05	0.18
-0.0029004	0.00390282	4.86948e-05	0.195
-0.00293135	0.00387742	4.94989e-05	0.21
-0.00296211	0.00385179	5.02997e-05	0.225
-0.00299268	0.00382593	5.10971e-05	0.24
-0.00302306	0.00379983	5.1891e-05	0.255
-0.00305324	0.0037735	5.26815e-05	0.27
-0.00308324	0.00374693	5.34683e-05	0.285
-0.00311303	0.00372013	5.42516e-05	0.3
-0.00314263	0.00369309	5.50312e-05	0.315
-0.00317204	0.00366582	5.5807e-05	0.33
-0.00320125	0.00363832	5.65791e-05	0.345
-0.00323027	0.00361058	5.73473e-05	0.36
-0.00325909	0.00358261	5.81116e-05	0.375
-0.00328771	0.00355441	5.8872e-05	0.39
-0.00331613	0.00352597	5.96283e-05	0.405
-0.00334434	0.0034973	6.03806e-05	0.42
-0.00337236	0.00346839	6.11288e-05	0.435
-0.00340017	0.00343925	6.18728e-05	0.45
-0.00342777	0.00340987	6.26125e-05	0.465
-0.00345517	0.00338025	6.3348e-05	0.48
-0.00348235	0.00335039	6.40791e-05	0.495
-0.00350932	0.0033203	6.48058e-05	0.51
-0.00353607	0.00328997	6.55281e-05	0.525
-0.00356261	0.00325939	6.62459e-05	0.54
-0.00358892	0.00322858	6.69591e-05	0.555
-0.003615	0.00319753	6.76677e-05	0.57
-0.00364085	0.00316624	6.83717e-05	0.585
-0.00366647	0.00313471	6.90709e-05	0.6
-0.00369185	0.00310294	6.97654e-05	0.615
-0.00371699	0.00307093	7.04551e-05	0.63
-0.00374188	0.00303868	7.11399e-05	0.645
-0.00376652	0.00300619	7.18197e-05	0.66
-0.0037909	0.00297347	7.24946e-05	0.675
-0.00381503	0.00294052	7.31645e-05	0.69
-0.00383888	0.00290733	7.38293e-05	0.705
-0.00386247	0.00287391	7.44889e-05	0.72
-0.00388578	0.00284027	7.51434e-05	0.735
-0.00390882	0.0028064	7.57927e-05	0.75
-0.00393157	0.00277231	7.64367e-05	0.765
-0.00395403	0.002738	7.70754e-05	0.78
-0.00397619	0.00270348	7.77086e-05	0.795
-0.00399807	0.00266875	7.83365e-05	0.81
-0.00401964	0.00263381	7.89589e-05	0.825
-0.0040409	0.00259867	7.95758e-05	0.84
-0.00406186	0.00256334	8.01871e-05	0.855
-0.00408252	0.00252782	8.07928e-05	0.87
-0.00410285	0.0024921	8.13929e-05	0.885
-0.00412288	0.00245621	8.19872e-05	0.9
-0.00414258	0.00242014	8.25758e-05	0.915
-0.00416197	0.00238391	8.31586e-05	0.93
-0.00418104	0.0023475	8.37355e-05	0.945
-0.00419979	0.00231094	8.43066e-05	0.96
-0.00421821	0.00227421	8.48717e-05	0.975
-0.00423632	0.00223734	8.54309e-05	0.99
-0.0042541	0.00220032	8.5984e-05	1.005
-0.00427156	0.00216316	8.65311e-05	1.02
-0.00428869	0.00212586	8.7072e-05	1.035
-0.00430551	0.00208843	8.76068e-05	1.05
-0.004322	0.00205088	8.81354e-05	1.065
-0.00433817	0.00201319	8.86578e-05	1.08
-0.00435402	0.00197539	8.91739e-05	1.095
-0.00436954	0.00193747	8.96837e-05	1.11
-0.00438475	0.00189943	9.01871e-05	1.125
-0.00439964	0.00186128	9.06842e-05	1.14
-0.00441422	0.00182303	9.11747e-05	1.155
-0.00442847	0.00178467	9.16589e-05	1.17
-0.00444242	0.00174621	9.21365e-05	1.185
-0.00445604	0.00170765	9.26075e-05	1.2
-0.00446936	0.001669	9.3072e-05	1.215
-0.00448236	0.00163024	9.35298e-05	1.23
-0.00449505	0.0015914	9.39809e-05	1.245
-0.00450743	0.00155246	9.44254e-05	1.26
-0.0045195	0.00151344	9.48631e-05	1.275
-0.00453126	0.00147433	9.52941e-05	1.29
-0.00454271	0.00143513	9.57182e-05	1.305
-0.00455386	0.00139585	9.61355e-05	1.32
-0.0045647	0.00135648	9.65459e-05	1.335
-0.00457523	0.00131703	9.69494e-05	1.35
-0.00458545	0.0012775	9.7346e-05	1.365
-0.00459537	0.00123789	9.77356e-05	1.38
-0.00460499	0.0011982	9.81182e-05	1.395
-0.0046143	0.00115843	9.84937e-05	1.41
-0.0046233	0.00111858	9.88622e-05	1.425
-0.00463199	0.00107866	9.92236e-05	1.44
-0.00464038	0.00103865	9.95778e-05	1.455
-0.00464847	0.000998572	9.99249e-05	1.47
-0.00465624	0.000958414	0.000100265	1.485
-0.0046637	0.000918179	0.000100598	1.5
-0.00467085	0.000877869	0.000100923	1.515
-0.00467769	0.000837483	0.000101241	1.53
-0.00468422	0.000797023	0.000101552	1.545
-0.00469043	0.000756489	0.000101856	1.56
-0.00469632	0.000715881	0.000102152	1.575
-0.00470188	0.000675202	0.000102441	1.59
-0.00470713	0.000634451	0.000102722	1.605
-0.00471205	0.000593631	0.000102996	1.62
-0.00471664	0.000552742	0.000103263	1.635
-0.0047209	0.000511787	0.000103522	1.65
-0.00472482	0.000470768	0.000103774	1.665
-0.00472841	0.000429687	0.000104018	1.68
-0.00473165	0.000388547	0.000104255	1.695
-0.00473455	0.00034735	0.000104484	1.71
-0.0047371	0.0003061	0.000104705	1.725
-0.00473931	0.000264801	0.000104919	1.74
-0.00474115	0.000223456	0.000105126	1.755
-0.00474264	0.00018207	0.000105324	1.77
-0.00474377	0.000140647	0.000105515	1.785
-0.00474454	9.91917e-05	0.000105699	1.8
-0.00474495	5.77091e-05	0.000105875	1.815
-0.00474499	1.62044e-05	0.000106043	1.83
-0.00474466	-2.5317e-05	0.000106203	1.845
-0.00474396	-6.68496e-05	0.000106356	1.86
-0.00474289	-0.000108388	0.000106501	1.875
-0.00474145	-0.000149926	0.000106638	1.89
-0.00473964	-0.000191459	0.000106768	1.905
-0.00473746	-0.00023298	0.00010689	1.92
-0.00473491	-0.000274483	0.000107004	1.935
-0.00473198	-0.000315964	0.00010711	1.95
-0.00472868	-0.000357417	0.000107208	1.965
-0.00472502	-0.000398835	0.000107299	1.98
-0.00472098	-0.000440215	0.000107382	1.995
-0.00471658	-0.000481549	0.000107457	2.01
-0.00471182	-0.000522835	0.000107524	2.025
-0.00470669	-0.000564065	0.000107583	2.04
-0.0047012	-0.000605237	0.000107635	2.055
-0.00469535	-0.000646345	0.000107679	2.07
-0.00468914	-0.000687384	0.000107715	2.085
-0.00468258	-0.000728352	0.000107743	2.1
-0.00467567	-0.000769244	0.000107763	2.115
-0.00466841	-0.000810055	0.000107775	2.13
-0.0046608	-0.000850784	0.00010778	2.145
-0.00465285	-0.000891426	0.000107776	2.16
-0.00464456	-0.000931977	0.000107765	2.175
-0.00463593	-0.000972436	0.000107746	2.19
-0.00462697	-0.0010128	0.000107719	2.205
-0.00461767	-0.00105307	0.000107685	2.22
-0.00460805	-0.00109323	0.000107642	2.235
-0.0045981	-0.00113329	0.000107592	2.25
-0.00458782	-0.00117325	0.000107533	2.265
-0.00457722	-0.0012131	0.000107467	2.28
-0.0045663	-0.00125284	0.000107393	2.295
-0.00455507	-0.00129248	0.000107311	2.31
-0.00454352	-0.001332	0.000107222	2.325
-0.00453166	-0.00137141	0.000107125	2.34
-0.0045195	-0.0014107	0.000107019	2.355
-0.00450702	-0.00144988	0.000106906	2.37
-0.00449424	-0.00148895	0.000106786	2.385
-0.00448116	-0.0015279	0.000106657	2.4
-0.00446777	-0.00156673	0.000106521	2.415
-0.00445409	-0.00160544	0.000106377	2.43
-0.00444011	-0.00164404	0.000106225	2.445
-0.00442582	-0.00168252	0.000106065	2.46
-0.00441125	-0.00172088	0.000105898	2.475
-0.00439637	-0.00175912	0.000105723	2.49
-0.00438121	-0.00179724	0.000105541	2.505
-0.00436574	-0.00183524	0.00010535	2.52
-0.00434999	-0.00187312	0.000105152	2.535
-0.00433394	-0.00191088	0.000104947	2.55
-0.00431759	-0.00194851	0.000104733	2.565
-0.00430095	-0.00198603	0.000104512	2.58
-0.00428401	-0.00202342	0.000104284	2.595
-0.00426678	-0.00206069	0.000104048	2.61
-0.00424925	-0.00209784	0.000103804	2.625
-0.00423142	-0.00213485	0.000103553	2.64
-0.00421329	-0.00217174	0.000103294	2.655
-0.00419486	-0.0022085	0.000103028	2.67
-0.00417613	-0.00224513	0.000102754	2.685
-0.0041571	-0.00228162	0.000102473	2.7
-0.00413776	-0.00231798	0.000102185	2.715
-0.00411811	-0.00235419	0.000101889	2.73
-0.00409816	-0.00239026	0.000101585	2.745
-0.00407789	-0.00242618	0.000101275	2.76
-0.00405732	-0.00246196	0.000100957	2.775
-0.00403644	-0.00249757	0.000100631	2.79
-0.00401524	-0.00253303	0.000100299	2.805
-0.00399373	-0.00256832	9.99588e-05	2.82
-0.00397192	-0.00260345	9.96116e-05	2.835
-0.00394979	-0.0026384	9.92573e-05	2.85
-0.00392735	-0.00267317	9.88958e-05	2.865
-0.0039046	-0.00270776	9.85271e-05	2.88
-0.00388154	-0.00274215	9.81514e-05	2.895
-0.00385817	-0.00277636	9.77685e-05	2.91
-0.00383449	-0.00281036	9.73786e-05	2.925
-0.00381052	-0.00284416	9.69816e-05	2.94
-0.00378624	-0.00287775	9.65777e-05	2.955
-0.00376166	-0.00291113	9.61668e-05	2.97
-0.00373679	-0.00294429	9.5749e-05	2.985
-0.00371162	-0.00297722	9.53242e-05	3
-0.00368616	-0.00300993	9.48926e-05	3.015
-0.00366042	-0.0030424	9.44542e-05	3.03
-0.00363439	-0.00307464	9.4009e-05	3.045
-0.00360808	-0.00310664	9.3557e-05	3.06
-0.0035815	-0.0031384	9.30983e-05	3.075
-0.00355465	-0.0031699	9.2633e-05	3.09
-0.00352753	-0.00320116	9.21609e-05	3.105
-0.00350015	-0.00323217	9.16823e-05	3.12
-0.00347251	-0.00326292	9.11971e-05	3.135
-0.00344462	-0.00329341	9.07053e-05	3.15
-0.00341647	-0.00332364	9.02071e-05	3.165
-0.00338808	-0.00335361	8.97024e-05	3.18
-0.00335945	-0.00338331	8.91912e-05	3.195
-0.00333058	-0.00341274	8.86737e-05	3.21
-0.00330148	-0.00344191	8.81499e-05	3.225
-0.00327215	-0.00347081	8.76198e-05	3.24
-0.0032426	-0.00349944	8.70834e-05	3.255
-0.00321283	-0.0035278	8.65408e-05	3.27
-0.00318284	-0.00355588	8.5992e-05	3.285
-0.00315265	-0.00358369	8.54371e-05	3.3
-0.00312224	-0.00361123	8.48761e-05	3.315
-0.00309163	-0.0036385	8.4309e-05	3.33
-0.00306082	-0.00366549	8.3736e-05	3.345
-0.00302982	-0.00369221	8.3157e-05	3.36
-0.00299862	-0.00371865	8.25721e-05	3.375
-0.00296723	-0.00374482	8.19814e-05	3.39
-0.00293566	-0.00377072	8.13848e-05	3.405
-0.00290391	-0.00379635	8.07825e-05	3.42
-0.00287197	-0.00382171	8.01744e-05	3.435
-0.00283986	-0.00384679	7.95606e-05	3.45
-0.00280757	-0.00387161	7.89413e-05	3.465
-0.00277511	-0.00389616	7.83163e-05	3.48
-0.00274247	-0.00392044	7.76858e-05	3.495
-0.00270967	-0.00394445	7.70499e-05	3.51
-0.0026767	-0.00396819	7.64085e-05	3.525
-0.00264357	-0.00399167	7.57617e-05	3.54
-0.00261027	-0.00401489	7.51095e-05	3.555
-0.00257681	-0.00403784	7.44521e-05	3.57
-0.00254318	-0.00406053	7.37895e-05	3.585
-0.00250939	-0.00408295	7.31217e-05	3.6
-0.00247544	-0.00410512	7.24487e-05	3.615
-0.00244132	-0.00412701	7.17706e-05	3.63
-0.00240705	-0.00414865	7.10875e-05	3.645
-0.00237261	-0.00417002	7.03995e-05	3.66
-0.00233801	-0.00419113	6.97065e-05	3.675
-0.00230325	-0.00421198	6.90086e-05	3.69
-0.00226832	-0.00423256	6.83059e-05	3.705
-0.00223323	-0.00425287	6.75985e-05	3.72
-0.00219798	-0.00427291	6.68863e-05	3.735
-0.00216256	-0.00429268	6.61695e-05	3.75
-0.00212698	-0.00431217	6.5448e-05	3.765
-0.00209124	-0.00433139	6.4722e-05	3.78
-0.00205533	-0.00435033	6.39915e-05	3.795
-0.00201926	-0.00436899	6.32566e-05	3.81
-0.00198303	-0.00438736	6.25172e-05	3.825
-0.00194663	-0.00440545	6.17736e-05	3.84
-0.00191008	-0.00442324	6.10256e-05	3.855
-0.00187337	-0.00444074	6.02734e-05	3.87
-0.0018365	-0.00445794	5.95171e-05	3.885
-0.00179948	-0.00447483	5.87566e-05	3.9
-0.00176231	-0.00449142	5.79921e-05	3.915
-0.00172499	-0.0045077	5.72236e-05	3.93
-0.00168752	-0.00452366	5.64511e-05	3.945
-0.00164991	-0.00453931	5.56748e-05	3.96
-0.00161216	-0.00455464	5.48946e-05	3.975
-0.00157427	-0.00456964	5.41107e-05	3.99
-0.00153626	-0.00458432	5.3323e-05	4.005
-0.00149811	-0.00459867	5.25317e-05	4.02
-0.00145984	-0.00461268	5.17368e-05	4.035
-0.00142146	-0.00462637	5.09383e-05	4.05
-0.00138296	-0.00463972	5.01363e-05	4.065
-0.00134435	-0.00465273	4.9331e-05	4.08
-0.00130563	-0.0046654	4.85222e-05	4.095
-0.00126682	-0.00467772	4.77102e-05	4.11
-0.00122791	-0.00468971	4.68948e-05	4.125
-0.00118891	-0.00470135	4.60763e-05	4.14
-0.00114982	-0.00471265	4.52547e-05	4.155
-0.00111066	-0.0047236	4.443e-05	4.17
-0.00107142	-0.00473421	4.36022e-05	4.185
-0.00103211	-0.00474447	4.27715e-05	4.2
-0.00099273	-0.00475438	4.19379e-05	4.215
-0.000953294	-0.00476395	4.11015e-05	4.23
-0.000913801	-0.00477317	4.02623e-05	4.245
-0.000874258	-0.00478205	3.94204e-05	4.26
-0.000834668	-0.00479059	3.85758e-05	4.275
-0.000795036	-0.00479878	3.77285e-05	4.29
-0.000755367	-0.00480663	3.68788e-05	4.305
-0.000715665	-0.00481414	3.60266e-05	4.32
-0.000675934	-0.0048213	3.51719e-05	4.335
-0.000636179	-0.00482814	3.43149e-05	4.35
-0.000596402	-0.00483463	3.34556e-05	4.365
-0.000556609	-0.00484079	3.2594e-05	4.38
-0.000516803	-0.00484662	3.17303e-05	4.395
-0.000476987	-0.00485212	3.08644e-05	4.41
-0.000437164	-0.00485729	2.99965e-05	4.425
-0.000397338	-0.00486213	2.91265e-05	4.44
-0.000357511	-0.00486665	2.82546e-05	4.455
-0.000317686	-0.00487086	2.73809e-05	4.47
-0.000277865	-0.00487474	2.65053e-05	4.485
-0.000238051	-0.00487831	2.56279e-05	4.5
-0.000198246	-0.00488156	2.47489e-05	4.515
-0.00015845	-0.0048845	2.38682e-05	4.53
-0.000118667	-0.00488713	2.29859e-05	4.545
-7.88956e-05	-0.00488946	2.21021e-05	4.56
-3.91384e-05	-0.00489149	2.12168e-05	4.575
6.04276e-07	-0.00489321	2.03301e-05	4.59
4.03318e-05	-0.00489463	1.94421e-05	4.605
8.00439e-05	-0.00489575	1.85528e-05	4.62
0.00011974	-0.00489658	1.76623e-05	4.635
0.000159421	-0.00489711	1.67706e-05	4.65
0.000199086	-0.00489735	1.58778e-05	4.665
0.000238736	-0.0048973	1.4984e-05	4.68
0.000278371	-0.00489695	1.40892e-05	4.695
0.000317991	-0.0048963	1.31935e-05	4.71
0.000357596	-0.00489537	1.22969e-05	4.725
0.000397187	-0.00489414	1.13995e-05	4.74
0.000436764	-0.00489262	1.05013e-05	4.755
0.000476327	-0.00489081	9.60252e-06	4.77
0.000515875	-0.00488869	8.70307e-06	4.785
0.000555408	-0.00488629	7.80305e-06	4.8
0.000594926	-0.00488358	6.90253e-06	4.815
0.000634429	-0.00488057	6.00156e-06	4.83
0.000673914	-0.00487726	5.1002e-06	4.845
0.00071338	-0.00487365	4.19852e-06	4.86
0.000752827	-0.00486973	3.29656e-06	4.875
0.000792252	-0.0048655	2.39439e-06	4.89
0.000831653	-0.00486096	1.49206e-06	4.905
0.000871028	-0.00485611	5.89643e-07	4.92
0.000910374	-0.00485094	-3.12813e-07	4.935
0.000949688	-0.00484546	-1.21525e-06	4.95
0.000988967	-0.00483966	-2.11761e-06	4.965
0.00102821	-0.00483354	-3.01982e-06	4.98
0.00106741	-0.00482709	-3.92185e-06	4.995
0.00110656	-0.00482033	-4.82362e-06	5.01
0.00114566	-0.00481324	-5.72509e-06	5.025
0.00118471	-0.00480583	-6.62618e-06	5.04
0.00122371	-0.00479808	-7.52685e-06	5.055
0.00126264	-0.00479002	-8.42705e-06	5.07
0.0013015	-0.00478162	-9.3267e-06	5.085
0.00134029	-0.0047729	-1.02258e-05	5.1
0.00137901	-0.00476385	-1.11242e-05	5.115
0.00141764	-0.00475448	-1.20219e-05	5.13
0.0014562	-0.00474477	-1.29188e-05	5.145
0.00149466	-0.00473475	-1.38149e-05	5.16
0.00153303	-0.00472439	-1.47102e-05	5.175
0.0015713	-0.00471372	-1.56045e-05	5.19
0.00160947	-0.00470272	-1.64978e-05	5.205
0.00164753	-0.00469139	-1.73901e-05	5.22
0.00168548	-0.00467975	-1.82813e-05	5.235
0.00172331	-0.00466779	-1.91713e-05	5.25
0.00176103	-0.00465552	-2.00601e-05	5.265
0.00179862	-0.00464293	-2.09477e-05	5.28
0.00183608	-0.00463003	-2.18339e-05	5.295
0.00187341	-0.00461682	-2.27188e-05	5.31
0.0019106	-0.00460331	-2.36023e-05	5.325
0.00194765	-0.00458949	-2.44843e-05	5.34
0.00198456	-0.00457537	-2.53647e-05	5.355
0.00202132	-0.00456095	-2.62436e-05	5.37
0.00205794	-0.00454624	-2.71208e-05	5.385
0.0020944	-0.00453124	-2.79963e-05	5.4
0.0021307	-0.00451595	-2.88701e-05	5.415
0.00216685	-0.00450038	-2.97421e-05	5.43
0.00220283	-0.00448453	-3.06122e-05	5.445
0.00223866	-0.0044684	-3.14805e-05	5.46
0.00227431	-0.004452	-3.23468e-05	5.475
0.00230981	-0.00443533	-3.3211e-05	5.49
0.00234513	-0.00441839	-3.40733e-05	5.505
0.00238029	-0.0044012	-3.49334e-05	5.52
0.00241527	-0.00438374	-3.57914e-05	5.535
0.00245009	-0.00436603	-3.66471e-05	5.55
0.00248473	-0.00434807	-3.75006e-05	5.565
0.0025192	-0.00432986	-3.83518e-05	5.58
0.0025535	-0.00431141	-3.92006e-05	5.595
0.00258763	-0.00429272	-4.0047e-05	5.61
0.00262159	-0.00427379	-4.08909e-05	5.625
0.00265538	-0.00425462	-4.17324e-05	5.64
0.002689	-0.00423521	-4.25712e-05	5.655
0.00272245	-0.00421558	-4.34075e-05	5.67
0.00275573	-0.00419572	-4.42411e-05	5.685
0.00278885	-0.00417563	-4.5072e-05	5.7
0.0028218	-0.00415531	-4.59002e-05	5.715
0.00285459	-0.00413476	-4.67255e-05	5.73
0.00288721	-0.00411399	-4.7548e-05	5.745
0.00291967	-0.004093	-4.83677e-05	5.76
0.00295197	-0.00407178	-4.91843e-05	5.775
0.0029841	-0.00405033	-4.9998e-05	5.79
0.00301608	-0.00402866	-5.08086e-05	5.805
0.00304789	-0.00400676	-5.16162e-05	5.82
0.00307955	-0.00398464	-5.24206e-05	5.835
0.00311104	-0.00396229	-5.32219e-05	5.85
0.00314236	-0.00393971	-5.40199e-05	5.865
0.00317353	-0.0039169	-5.48146e-05	5.88
0.00320453	-0.00389385	-5.56061e-05	5.895
0.00323536	-0.00387058	-5.63942e-05	5.91
0.00326603	-0.00384707	-5.71789e-05	5.925
0.00329653	-0.00382333	-5.79602e-05	5.94
0.00332686	-0.00379935	-5.87379e-05	5.955
0.00335701	-0.00377514	-5.95122e-05	5.97
0.00338698	-0.00375069	-6.02828e-05	5.985
0.00341678	-0.003726	-6.10499e-05	6
0.00344639	-0.00370108	-6.18133e-05	6.015
0.00347582	-0.00367592	-6.2573e-05	6.03
0.00350505	-0.00365052	-6.33289e-05	6.045
0.0035341	-0.00362488	-6.40811e-05	6.06
0.00356295	-0.00359901	-6.48294e-05	6.075
0.0035916	-0.0035729	-6.55739e-05	6.09
0.00362005	-0.00354655	-6.63145e-05	6.105
0.00364829	-0.00351997	-6.70511e-05	6.12
0.00367632	-0.00349315	-6.77837e-05	6.135
0.00370413	-0.00346611	-6.85123e-05	6.15
0.00373173	-0.00343883	-6.92368e-05	6.165
0.00375911	-0.00341132	-6.99573e-05	6.18
0.00378626	-0.00338359	-7.06735e-05	6.195
0.00381318	-0.00335563	-7.13856e-05	6.21
0.00383987	-0.00332745	-7.20935e-05	6.225
0.00386633	-0.00329905	-7.27971e-05	6.24
0.00389255	-0.00327043	-7.34964e-05	6.255
0.00391852	-0.00324159	-7.41914e-05	6.27
0.00394425	-0.00321255	-7.4882e-05	6.285
0.00396973	-0.0031833	-7.55681e-05	6.3
0.00399496	-0.00315384	-7.62499e-05	6.315
0.00401993	-0.00312418	-7.69271e-05	6.33
0.00404465	-0.00309432	-7.75999e-05	6.345
0.00406911	-0.00306427	-7.8268e-05	6.36
0.00409331	-0.00303403	-7.89316e-05	6.375
0.00411724	-0.00300361	-7.95906e-05	6.39
0.0041409	-0.002973	-8.02449e-05	6.405
0.0041643	-0.00294221	-8.08944e-05	6.42
0.00418743	-0.00291125	-8.15393e-05	6.435
0.00421029	-0.00288012	-8.21794e-05	6.45
0.00423288	-0.00284883	-8.28147e-05	6.465
0.00425519	-0.00281737	-8.34452e-05	6.48
0.00427723	-0.00278576	-8.40708e-05	6.495
0.004299	-0.002754	-8.46915e-05	6.51
0.00432049	-0.00272209	-8.53072e-05	6.525
0.00434171	-0.00269003	-8.5918e-05	6.54
0.00436266	-0.00265784	-8.65239e-05	6.555
0.00438333	-0.00262551	-8.71246e-05	6.57
0.00440373	-0.00259305	-8.77204e-05	6.585
0.00442386	-0.00256047	-8.8311e-05	6.6
0.00444373	-0.00252776	-8.88965e-05	6.615
0.00446332	-0.00249492	-8.94769e-05	6.63
0.00448265	-0.00246198	-9.00521e-05	6.645
0.00450171	-0.00242891	-9.06221e-05	6.66
0.00452051	-0.00239574	-9.11868e-05	6.675
0.00453905	-0.00236245	-9.17463e-05	6.69
0.00455733	-0.00232906	-9.23005e-05	6.705
0.00457536	-0.00229556	-9.28493e-05	6.72
0.00459312	-0.00226195	-9.33928e-05	6.735
0.00461064	-0.00222824	-9.39309e-05	6.75
0.00462791	-0.00219443	-9.44636e-05	6.765
0.00464492	-0.00216051	-9.49909e-05	6.78
0.00466169	-0.00212649	-9.55127e-05	6.795
0.00467821	-0.00209237	-9.6029e-05	6.81
0.00469448	-0.00205815	-9.65398e-05	6.825
0.00471051	-0.00202382	-9.70451e-05	6.84
0.00472629	-0.00198938	-9.75448e-05	6.855
0.00474183	-0.00195485	-9.80389e-05	6.87
0.00475712	-0.0019202	-9.85274e-05	6.885
0.00477217	-0.00188546	-9.90102e-05	6.9
0.00478698	-0.0018506	-9.94874e-05	6.915
0.00480153	-0.00181564	-9.99589e-05	6.93
0.00481584	-0.00178057	-0.000100425	6.945
0.0048299	-0.00174539	-0.000100885	6.96
0.00484371	-0.00171011	-0.000101339	6.975
0.00485727	-0.00167471	-0.000101788	6.99
0.00487057	-0.00163921	-0.00010223	7.005
0.00488362	-0.0016036	-0.000102667	7.02
0.00489641	-0.00156788	-0.000103098	7.035
0.00490894	-0.00153205	-0.000103523	7.05
0.00492121	-0.00149612	-0.000103943	7.065
0.00493321	-0.00146008	-0.000104356	7.08
0.00494494	-0.00142393	-0.000104763	7.095
0.0049564	-0.00138768	-0.000105165	7.11
0.00496759	-0.00135133	-0.00010556	7.125
0.0049785	-0.00131487	-0.00010595	7.14
0.00498913	-0.00127832	-0.000106333	7.155
0.00499948	-0.00124167	-0.000106711	7.17
0.00500955	-0.00120492	-0.000107082	7.185
0.00501933	-0.00116808	-0.000107448	7.2
0.00502882	-0.00113115	-0.000107807	7.215
0.00503801	-0.00109413	-0.00010816	7.23
0.00504692	-0.00105703	-0.000108507	7.245
0.00505553	-0.00101985	-0.000108848	7.26
0.00506383	-0.000982586	-0.000109183	7.275
0.00507184	-0.000945248	-0.000109512	7.29
0.00507954	-0.000907839	-0.000109834	7.305
0.00508694	-0.000870362	-0.00011015	7.32
0.00509403	-0.000832821	-0.00011046	7.335
0.00510082	-0.000795219	-0.000110764	7.35
0.00510729	-0.000757562	-0.000111062	7.365
0.00511345	-0.000719852	-0.000111353	7.38
0.0051193	-0.000682094	-0.000111638	7.395
0.00512484	-0.000644293	-0.000111917	7.41
0.00513006	-0.000606453	-0.000112189	7.425
0.00513497	-0.000568579	-0.000112456	7.44
0.00513956	-0.000530674	-0.000112715	7.455
0.00514384	-0.000492745	-0.000112969	7.47
0.00514781	-0.000454794	-0.000113216	7.485
0.00515146	-0.000416827	-0.000113457	7.5
0.00515479	-0.000378848	-0.000113691	7.515
0.00515782	-0.000340862	-0.000113919	7.53
0.00516053	-0.000302874	-0.000114141	7.545
0.00516294	-0.000264886	-0.000114356	7.56
0.00516503	-0.000226904	-0.000114565	7.575
0.00516682	-0.000188932	-0.000114767	7.59
0.00516831	-0.000150972	-0.000114963	7.605
0.00516949	-0.00011303	-0.000115153	7.62
0.00517038	-7.51075e-05	-0.000115336	7.635
0.00517097	-3.72082e-05	-0.000115513	7.65
0.00517127	6.65288e-07	-0.000115683	7.665
0.00517127	3.85105e-05	-0.000115847	7.68
0.00517099	7.63251e-05	-0.000116004	7.695
0.00517042	0.000114108	-0.000116154	7.71
0.00516958	0.000151856	-0.000116299	7.725
0.00516845	0.000189569	-0.000116436	7.74
0.00516705	0.000227247	-0.000116568	7.755
0.00516537	0.000264888	-0.000116692	7.77
0.00516342	0.000302491	-0.00011681	7.785
0.0051612	0.000340057	-0.000116922	7.8
0.00515872	0.000377587	-0.000117027	7.815
0.00515597	0.000415079	-0.000117126	7.83
0.00515296	0.000452534	-0.000117218	7.845
0.00514969	0.000489954	-0.000117303	7.86
0.00514615	0.000527338	-0.000117382	7.875
0.00514236	0.000564686	-0.000117455	7.89
0.0051383	0.000602001	-0.00011752	7.905
0.00513399	0.000639281	-0.00011758	7.92
0.00512942	0.000676529	-0.000117632	7.935
0.00512458	0.000713744	-0.000117678	7.95
0.00511949	0.000750926	-0.000117718	7.965
0.00511414	0.000788076	-0.000117751	7.98
0.00510852	0.000825194	-0.000117777	7.995
0.00510264	0.000862281	-0.000117797	8.01
0.0050965	0.000899335	-0.000117811	8.025
0.00509009	0.000936357	-0.000117817	8.04
0.00508342	0.000973345	-0.000117817	8.055
0.00507648	0.0010103	-0.000117811	8.07
0.00506927	0.00104722	-0.000117798	8.085
0.00506178	0.00108411	-0.000117779	8.1
0.00505403	0.00112095	-0.000117752	8.115
0.005046	0.00115776	-0.00011772	8.13
0.00503769	0.00119453	-0.00011768	8.145
0.0050291	0.00123126	-0.000117635	8.16
0.00502024	0.00126795	-0.000117582	8.175
0.00501109	0.00130459	-0.000117523	8.19
0.00500166	0.00134118	-0.000117458	8.205
0.00499194	0.00137772	-0.000117386	8.22
0.00498194	0.0014142	-0.000117307	8.235
0.00497164	0.00145063	-0.000117222	8.25
0.00496106	0.001487	-0.000117131	8.265
0.00495019	0.00152331	-0.000117033	8.28
0.00493903	0.00155955	-0.000116928	8.295
0.00492757	0.00159573	-0.000116817	8.31
0.00491582	0.00163183	-0.000116699	8.325
0.00490378	0.00166785	-0.000116575	8.34
0.00489144	0.00170379	-0.000116444	8.355
0.0048788	0.00173965	-0.000116307	8.37
0.00486587	0.00177542	-0.000116163	8.385
0.00485264	0.0018111	-0.000116013	8.4
0.00483911	0.00184668	-0.000115856	8.415
0.00482529	0.00188216	-0.000115693	8.43
0.00481118	0.00191753	-0.000115524	8.445
0.00479677	0.00195279	-0.000115348	8.46
0.00478206	0.00198794	-0.000115165	8.475
0.00476707	0.00202297	-0.000114976	8.49
0.00475178	0.00205787	-0.000114781	8.505
0.00473621	0.00209265	-0.000114579	8.52
0.00472034	0.0021273	-0.000114371	8.535
0.0047042	0.00216181	-0.000114157	8.55
0.00468777	0.00219618	-0.000113936	8.565
0.00467106	0.0022304	-0.000113709	8.58
0.00465407	0.00226448	-0.000113475	8.595
0.00463681	0.00229841	-0.000113235	8.61
0.00461929	0.00233218	-0.000112989	8.625
0.00460149	0.00236579	-0.000112736	8.64
0.00458343	0.00239925	-0.000112477	8.655
0.00456512	0.00243254	-0.000112212	8.67
0.00454655	0.00246567	-0.000111941	8.685
0.00452772	0.00249863	-0.000111663	8.7
0.00450865	0.00253143	-0.000111379	8.715
0.00448934	0.00256405	-0.000111089	8.73
0.00446978	0.00259651	-0.000110792	8.745
0.00444999	0.00262879	-0.00011049	8.76
0.00442997	0.00266091	-0.000110181	8.775
0.00440971	0.00269285	-0.000109866	8.79
0.00438923	0.00272463	-0.000109545	8.805
0.00436853	0.00275623	-0.000109217	8.82
0.0043476	0.00278767	-0.000108884	8.835
0.00432646	0.00281893	-0.000108544	8.85
0.0043051	0.00285003	-0.000108199	8.865
0.00428352	0.00288096	-0.000107847	8.88
0.00426173	0.00291172	-0.000107489	8.895
0.00423973	0.00294232	-0.000107125	8.91
0.00421751	0.00297276	-0.000106755	8.925
0.00419509	0.00300303	-0.000106379	8.94
0.00417245	0.00303314	-0.000105997	8.955
0.00414961	0.00306308	-0.00010561	8.97
0.00412656	0.00309287	-0.000105216	8.985
0.00410329	0.00312249	-0.000104816	9
0.00407982	0.00315195	-0.00010441	9.015
0.00405614	0.00318125	-0.000103999	9.03
0.00403224	0.00321039	-0.000103581	9.045
0.00400814	0.00323937	-0.000103158	9.06
0.00398382	0.00326819	-0.000102729	9.075
0.00395929	0.00329684	-0.000102294	9.09
0.00393455	0.00332533	-0.000101853	9.105
0.00390959	0.00335366	-0.000101407	9.12
0.00388442	0.00338182	-0.000100955	9.135
0.00385903	0.00340982	-0.000100497	9.15
0.00383342	0.00343765	-0.000100033	9.165
0.0038076	0.0034653	-9.95642e-05	9.18
0.00378155	0.00349279	-9.90893e-05	9.195
0.00375529	0.0035201	-9.86088e-05	9.21
0.00372881	0.00354724	-9.81228e-05	9.225
0.0037021	0.00357419	-9.76311e-05	9.24
0.00367518	0.00360097	-9.71339e-05	9.255
0.00364803	0.00362756	-9.66312e-05	9.27
0.00362066	0.00365397	-9.6123e-05	9.285
0.00359307	0.00368019	-9.56093e-05	9.3
0.00356525	0.00370621	-9.50902e-05	9.315
0.00353721	0.00373204	-9.45657e-05	9.33
0.00350895	0.00375767	-9.40358e-05	9.345
0.00348047	0.0037831	-9.35005e-05	9.36
0.00345177	0.00380832	-9.29599e-05	9.375
0.00342284	0.00383333	-9.2414e-05	9.39
0.00339369	0.00385813	-9.18628e-05	9.405
0.00336432	0.00388271	-9.13064e-05	9.42
0.00333474	0.00390706	-9.07447e-05	9.435
0.00330494	0.0039312	-9.01779e-05	9.45
0.00327492	0.0039551	-8.96059e-05	9.465
0.00324469	0.00397877	-8.90287e-05	9.48
0.00321425	0.00400221	-8.84465e-05	9.495
0.0031836	0.0040254	-8.78592e-05	9.51
0.00315275	0.00404835	-8.72669e-05	9.525
0.00312169	0.00407105	-8.66695e-05	9.54
0.00309043	0.00409349	-8.60672e-05	9.555
0.00305898	0.00411568	-8.54599e-05	9.57
0.00302733	0.00413762	-8.48477e-05	9.585
0.0029955	0.00415929	-8.42306e-05	9.6
0.00296348	0.00418069	-8.36087e-05	9.615
0.00293128	0.00420183	-8.29819e-05	9.63
0.00289891	0.0042227	-8.23504e-05	9.645
0.00286636	0.0042433	-8.17141e-05	9.66
0.00283365	0.00426362	-8.10731e-05	9.675
0.00280077	0.00428367	-8.04274e-05	9.69
0.00276774	0.00430345	-7.97771e-05	9.705
0.00273455	0.00432294	-7.91221e-05	9.72
0.00270122	0.00434216	-7.84626e-05	9.735
0.00266774	0.0043611	-7.77985e-05	9.75
0.00263412	0.00437977	-7.71299e-05	9.765
0.00260037	0.00439816	-7.64568e-05	9.78
0.00256648	0.00441627	-7.57792e-05	9.795
0.00253247	0.00443411	-7.50973e-05	9.81
0.00249834	0.00445168	-7.4411e-05	9.825
0.00246408	0.00446897	-7.37204e-05	9.84
0.0024297	0.00448599	-7.30254e-05	9.855
0.00239521	0.00450274	-7.23262e-05	9.87
0.00236061	0.00451922	-7.16228e-05	9.885
0.0023259	0.00453544	-7.09152e-05	9.9
0.00229107	0.00455138	-7.02035e-05	9.915
0.00225615	0.00456707	-6.94876e-05	9.93
0.00222111	0.00458249	-6.87677e-05	9.945
0.00218597	0.00459766	-6.80438e-05	9.96
0.00215073	0.00461256	-6.73158e-05	9.975
0.00211538	0.0046272	-6.65839e-05	9.99
0.00207994	0.00464159	-6.58481e-05	10.005
0.00204439	0.00465572	-6.51085e-05	10.02
0.00200874	0.00466959	-6.4365e-05	10.035
0.00197299	0.0046832	-6.36177e-05	10.05
0.00193714	0.00469657	-6.28666e-05	10.065
0.00190118	0.00470967	-6.21119e-05	10.08
0.00186513	0.00472252	-6.13535e-05	10.095
0.00182898	0.00473512	-6.05915e-05	10.11
0.00179272	0.00474746	-5.98259e-05	10.125
0.00175636	0.00475954	-5.90567e-05	10.14
0.00171991	0.00477137	-5.82841e-05	10.155
0.00168335	0.00478293	-5.7508e-05	10.17
0.00164668	0.00479424	-5.67284e-05	10.185
0.00160992	0.00480529	-5.59456e-05	10.2
0.00157306	0.00481608	-5.51594e-05	10.215
0.00153609	0.00482661	-5.43699e-05	10.23
0.00149902	0.00483687	-5.35772e-05	10.245
0.00146185	0.00484686	-5.27813e-05	10.26
0.00142458	0.00485659	-5.19822e-05	10.275
0.00138721	0.00486604	-5.118e-05	10.29
0.00134974	0.00487522	-5.03748e-05	10.305
0.00131217	0.00488413	-4.95666e-05	10.32
0.0012745	0.00489276	-4.87554e-05	10.335
0.00123673	0.0049011	-4.79413e-05	10.35
0.00119886	0.00490917	-4.71243e-05	10.365
0.0011609	0.00491695	-4.63045e-05	10.38
0.00112285	0.00492444	-4.54819e-05	10.395
0.0010847	0.00493164	-4.46566e-05	10.41
0.00104646	0.00493854	-4.38286e-05	10.425
0.00100813	0.00494514	-4.2998e-05	10.44
0.000969712	0.00495145	-4.21647e-05	10.455
0.000931212	0.00495745	-4.13289e-05	10.47
0.00089263	0.00496314	-4.04907e-05	10.485
0.00085397	0.00496852	-3.96499e-05	10.5
0.000815234	0.00497359	-3.88068e-05	10.515
0.000776426	0.00497834	-3.79613e-05	10.53
0.000737551	0.00498278	-3.71135e-05	10.545
0.000698611	0.00498689	-3.62635e-05	10.56
0.000659611	0.00499068	-3.54113e-05	10.575
0.000620555	0.00499414	-3.45569e-05	10.59
0.000581449	0.00499727	-3.37004e-05	10.605
0.000542296	0.00500007	-3.28419e-05	10.62
0.000503101	0.00500254	-3.19813e-05	10.635
0.000463871	0.00500468	-3.11188e-05	10.65
0.000424609	0.00500649	-3.02544e-05	10.665
0.000385322	0.00500795	-2.93882e-05	10.68
0.000346014	0.00500909	-2.85201e-05	10.695
0.00030669	0.00500989	-2.76503e-05	10.71
0.000267357	0.00501035	-2.67788e-05	10.725
0.000228018	0.00501048	-2.59056e-05	10.74
0.000188679	0.00501028	-2.50309e-05	10.755
0.000149344	0.00500975	-2.41546e-05	10.77
0.000110019	0.00500888	-2.32768e-05	10.785
7.07082e-05	0.00500769	-2.23976e-05	10.8
3.14149e-05	0.00500617	-2.1517e-05	10.815
-7.85656e-06	0.00500433	-2.06351e-05	10.83
-4.71025e-05	0.00500217	-1.97519e-05	10.845
-8.63195e-05	0.00499968	-1.88675e-05	10.86
-0.000125504	0.00499688	-1.79819e-05	10.875
-0.000164654	0.00499377	-1.70952e-05	10.89
-0.000203767	0.00499034	-1.62074e-05	10.905
-0.00024284	0.0049866	-1.53186e-05	10.92
-0.000281871	0.00498256	-1.44289e-05	10.935
-0.000320858	0.00497821	-1.35382e-05	10.95
-0.0003598	0.00497356	-1.26467e-05	10.965
-0.000398695	0.00496861	-1.17545e-05	10.98
-0.000437542	0.00496336	-1.08614e-05	10.995
-0.000476341	0.00495782	-9.96776e-06	11.01
-0.000515089	0.00495198	-9.07344e-06	11.025
-0.000553787	0.00494585	-8.17855e-06	11.04
-0.000592434	0.00493943	-7.28315e-06	11.055
-0.000631029	0.00493272	-6.38729e-06	11.07
-0.000669573	0.00492572	-5.49103e-06	11.085
-0.000708063	0.00491843	-4.59442e-06	11.1
-0.000746501	0.00491086	-3.69752e-06	11.115
-0.000784886	0.004903	-2.80039e-06	11.13
-0.000823217	0.00489486	-1.90309e-06	11.145
-0.000861494	0.00488643	-1.00566e-06	11.16
-0.000899718	0.00487772	-1.0817e-07	11.175
-0.000937888	0.00486873	7.89327e-07	11.19
-0.000976002	0.00485945	1.68677e-06	11.205
-0.00101406	0.00484988	2.58411e-06	11.22
-0.00105207	0.00484003	3.48128e-06	11.235
-0.00109002	0.00482989	4.37824e-06	11.25
-0.00112791	0.00481947	5.27491e-06	11.265
-0.00116574	0.00480876	6.17124e-06	11.28
-0.00120352	0.00479776	7.06718e-06	11.295
-0.00124124	0.00478647	7.96267e-06	11.31
-0.0012789	0.00477489	8.85765e-06	11.325
-0.0013165	0.00476302	9.75205e-06	11.34
-0.00135403	0.00475086	1.06458e-05	11.355
-0.00139151	0.0047384	1.15389e-05	11.37
-0.00142891	0.00472564	1.24313e-05	11.385
-0.00146625	0.00471258	1.33228e-05	11.4
-0.00150353	0.00469923	1.42135e-05	11.415
-0.00154073	0.00468557	1.51033e-05	11.43
-0.00157785	0.00467161	1.59921e-05	11.445
-0.00161491	0.00465734	1.68799e-05	11.46
-0.00165188	0.00464276	1.77666e-05	11.475
-0.00168877	0.00462788	1.86521e-05	11.49
-0.00172557	0.00461268	1.95364e-05	11.505
-0.00176229	0.00459717	2.04195e-05	11.52
-0.00179892	0.00458135	2.13012e-05	11.535
-0.00183544	0.00456521	2.21815e-05	11.55
-0.00187187	0.00454875	2.30604e-05	11.565
-0.00190819	0.00453198	2.39378e-05	11.58
-0.0019444	0.00451488	2.48136e-05	11.595
-0.0019805	0.00449747	2.56879e-05	11.61
-0.00201648	0.00447973	2.65604e-05	11.625
-0.00205233	0.00446167	2.74312e-05	11.64
-0.00208805	0.0044433	2.83002e-05	11.655
-0.00212364	0.0044246	2.91673e-05	11.67
-0.00215908	0.00440559	3.00326e-05	11.685
-0.00219438	0.00438626	3.08958e-05	11.7
-0.00222953	0.00436661	3.1757e-05	11.715
-0.00226452	0.00434665	3.26162e-05	11.73
-0.00229935	0.00432638	3.34732e-05	11.745
-0.00233401	0.00430579	3.43279e-05	11.76
-0.0023685	0.0042849	3.51805e-05	11.775
-0.00240282	0.00426371	3.60307e-05	11.79
-0.00243695	0.00424221	3.68785e-05	11.805
-0.0024709	0.00422042	3.77238e-05	11.82
-0.00250466	0.00419834	3.85667e-05	11.835
-0.00253823	0.00417596	3.9407e-05	11.85
-0.00257161	0.0041533	4.02447e-05	11.865
-0.00260479	0.00413036	4.10797e-05	11.88
-0.00263776	0.00410713	4.1912e-05	11.895
-0.00267053	0.00408364	4.27414e-05	11.91
-0.0027031	0.00405987	4.35681e-05	11.925
-0.00273546	0.00403584	4.43918e-05	11.94
-0.00276762	0.00401154	4.52125e-05	11.955
-0.00279956	0.00398699	4.60303e-05	11.97
-0.00283129	0.00396218	4.68449e-05	11.985
-0.00286281	0.00393711	4.76564e-05	12
-0.00289411	0.0039118	4.84647e-05	12.015
-0.00292521	0.00388624	4.92698e-05	12.03
-0.00295608	0.00386045	5.00715e-05	12.045
-0.00298675	0.00383441	5.08699e-05	12.06
-0.00301719	0.00380813	5.16648e-05	12.075
-0.00304743	0.00378162	5.24562e-05	12.09
-0.00307745	0.00375488	5.32441e-05	12.105
-0.00310725	0.0037279	5.40284e-05	12.12
-0.00313684	0.0037007	5.48091e-05	12.135
-0.00316621	0.00367328	5.5586e-05	12.15
-0.00319537	0.00364563	5.63592e-05	12.165
-0.00322431	0.00361775	5.71285e-05	12.18
-0.00325303	0.00358966	5.78939e-05	12.195
-0.00328154	0.00356134	5.86555e-05	12.21
-0.00330984	0.00353281	5.9413e-05	12.225
-0.00333792	0.00350406	6.01664e-05	12.24
-0.00336578	0.00347509	6.09158e-05	12.255
-0.00339343	0.0034459	6.1661e-05	12.27
-0.00342086	0.0034165	6.2402e-05	12.285
-0.00344808	0.00338688	6.31387e-05	12.3
-0.00347508	0.00335705	6.38711e-05	12.315
-0.00350186	0.003327	6.45991e-05	12.33
-0.00352842	0.00329673	6.53227e-05	12.345
-0.00355476	0.00326625	6.60418e-05	12.36
-0.00358088	0.00323556	6.67564e-05	12.375
-0.00360679	0.00320465	6.74664e-05	12.39
-0.00363246	0.00317352	6.81717e-05	12.405
-0.00365792	0.00314217	6.88723e-05	12.42
-0.00368314	0.00311061	6.95682e-05	12.435
-0.00370814	0.00307883	7.02593e-05	12.45
-0.00373291	0.00304684	7.09455e-05	12.465
-0.00375744	0.00301462	7.16268e-05	12.48
-0.00378174	0.00298219	7.23032e-05	12.495
-0.00380581	0.00294954	7.29745e-05	12.51
-0.00382963	0.00291666	7.36408e-05	12.525
-0.0038532	0.00288357	7.4302e-05	12.54
-0.00387653	0.00285026	7.4958e-05	12.555
-0.00389961	0.00281673	7.56088e-05	12.57
-0.00392243	0.00278298	7.62543e-05	12.585
-0.00394499	0.00274901	7.68945e-05	12.6
-0.00396729	0.00271483	7.75294e-05	12.615
-0.00398931	0.00268043	7.81589e-05	12.63
-0.00401107	0.00264581	7.87829e-05	12.645
-0.00403255	0.00261098	7.94014e-05	12.66
-0.00405375	0.00257595	8.00144e-05	12.675
-0.00407466	0.0025407	8.06217e-05	12.69
-0.00409527	0.00250524	8.12235e-05	12.705
-0.0041156	0.00246959	8.18195e-05	12.72
-0.00413562	0.00243373	8.24098e-05	12.735
-0.00415534	0.00239768	8.29943e-05	12.75
-0.00417475	0.00236144	8.3573e-05	12.765
-0.00419386	0.00232501	8.41458e-05	12.78
-0.00421264	0.00228839	8.47126e-05	12.795
-0.00423111	0.0022516	8.52736e-05	12.81
-0.00424925	0.00221464	8.58285e-05	12.825
-0.00426707	0.0021775	8.63774e-05	12.84
-0.00428456	0.00214021	8.69201e-05	12.855
-0.00430173	0.00210275	8.74568e-05	12.87
-0.00431856	0.00206514	8.79872e-05	12.885
-0.00433506	0.00202738	8.85115e-05	12.9
-0.00435123	0.00198948	8.90294e-05	12.915
-0.00436706	0.00195145	8.95411e-05	12.93
-0.00438255	0.00191328	9.00464e-05	12.945
-0.00439771	0.00187498	9.05454e-05	12.96
-0.00441254	0.00183656	9.10379e-05	12.975
-0.00442702	0.00179802	9.1524e-05	12.99
-0.00444117	0.00175937	9.20035e-05	13.005
-0.00445499	0.00172061	9.24765e-05	13.02
-0.00446847	0.00168174	9.2943e-05	13.035
-0.00448162	0.00164278	9.34028e-05	13.05
-0.00449443	0.00160372	9.3856e-05	13.065
-0.00450691	0.00156457	9.43025e-05	13.08
-0.00451905	0.00152533	9.47422e-05	13.095
-0.00453087	0.001486	9.51752e-05	13.11
-0.00454236	0.00144659	9.56014e-05	13.125
-0.00455351	0.0014071	9.60208e-05	13.14
-0.00456435	0.00136754	9.64333e-05	13.155
-0.00457485	0.00132791	9.68389e-05	13.17
-0.00458503	0.0012882	9.72376e-05	13.185
-0.00459489	0.00124842	9.76293e-05	13.2
-0.00460442	0.00120858	9.8014e-05	13.215
-0.00461363	0.00116868	9.83917e-05	13.23
-0.00462252	0.00112872	9.87624e-05	13.245
-0.0046311	0.00108869	9.91259e-05	13.26
-0.00463935	0.00104861	9.94823e-05	13.275
-0.00464729	0.00100847	9.98316e-05	13.29
-0.00465492	0.000968274	0.000100174	13.305
-0.00466222	0.000928025	0.000100509	13.32
-0.00466922	0.000887723	0.000100836	13.335
-0.0046759	0.000847369	0.000101157	13.35
-0.00468227	0.000806964	0.00010147	13.365
-0.00468832	0.000766509	0.000101776	13.38
-0.00469406	0.000726004	0.000102074	13.395
-0.00469949	0.00068545	0.000102365	13.41
-0.0047046	0.000644848	0.000102649	13.425
-0.0047094	0.000604198	0.000102925	13.44
-0.00471389	0.0005635	0.000103194	13.455
-0.00471806	0.000522755	0.000103456	13.47
-0.00472192	0.000481963	0.00010371	13.485
-0.00472546	0.000441126	0.000103956	13.5
-0.00472868	0.000400243	0.000104195	13.515
-0.00473158	0.000359315	0.000104427	13.53
-0.00473416	0.000318343	0.00010465	13.545
-0.00473642	0.000277328	0.000104867	13.56
-0.00473835	0.000236271	0.000105075	13.575
-0.00473995	0.000195173	0.000105276	13.59
-0.00474122	0.000154037	0.00010547	13.605
-0.00474215	0.000112862	0.000105656	13.62
-0.00474275	7.16527e-05	0.000105834	13.635
-0.00474301	3.04099e-05	0.000106004	13.65
-0.00474293	-1.08633e-05	0.000106167	13.665
-0.0047425	-5.21641e-05	0.000106322	13.68
-0.00474173	-9.34891e-05	0.00010647	13.695
-0.0047406	-0.000134835	0.000106609	13.71
-0.00473912	-0.000176198	0.000106741	13.725
-0.00473728	-0.000217573	0.000106865	13.74
-0.00473508	-0.000258957	0.000106982	13.755
-0.00473252	-0.000300345	0.00010709	13.77
-0.0047296	-0.000341731	0.000107191	13.785
-0.00472632	-0.000383111	0.000107284	13.8
-0.00472266	-0.000424479	0.00010737	13.815
-0.00471864	-0.000465831	0.000107447	13.83
-0.00471425	-0.000507159	0.000107517	13.845
-0.00470949	-0.00054846	0.000107578	13.86
-0.00470437	-0.000589726	0.000107632	13.875
-0.00469887	-0.000630953	0.000107679	13.89
-0.004693	-0.000672135	0.000107717	13.905
-0.00468677	-0.000713266	0.000107747	13.92
-0.00468016	-0.00075434	0.00010777	13.935
-0.0046732	-0.000795353	0.000107785	13.95
-0.00466586	-0.000836298	0.000107792	13.965
-0.00465816	-0.000877172	0.000107791	13.98
-0.00465011	-0.000917968	0.000107782	13.995
-0.00464169	-0.000958681	0.000107766	14.01
-0.00463291	-0.000999308	0.000107741	14.025
-0.00462378	-0.00103984	0.000107709	14.04
-0.0046143	-0.00108028	0.000107669	14.055
-0.00460447	-0.00112062	0.000107621	14.07
-0.00459429	-0.00116086	0.000107565	14.085
-0.00458376	-0.00120098	0.000107501	14.1
-0.0045729	-0.001241	0.00010743	14.115
-0.0045617	-0.0012809	0.000107351	14.13
-0.00455016	-0.00132068	0.000107264	14.145
-0.00453829	-0.00136035	0.000107169	14.16
-0.00452609	-0.00139988	0.000107066	14.175
-0.00451356	-0.0014393	0.000106956	14.19
-0.00450072	-0.00147858	0.000106837	14.205
-0.00448755	-0.00151773	0.000106711	14.22
-0.00447406	-0.00155675	0.000106577	14.235
-0.00446026	-0.00159563	0.000106436	14.25
-0.00444615	-0.00163438	0.000106286	14.265
-0.00443174	-0.00167299	0.000106129	14.28
-0.00441701	-0.00171146	0.000105964	14.295
-0.00440199	-0.00174979	0.000105792	14.31
-0.00438666	-0.00178797	0.000105612	14.325
-0.00437104	-0.00182601	0.000105424	14.34
-0.00435512	-0.00186391	0.000105228	14.355
-0.00433891	-0.00190167	0.000105025	14.37
-0.00432241	-0.00193928	0.000104814	14.385
-0.00430562	-0.00197674	0.000104596	14.4
-0.00428854	-0.00201406	0.00010437	14.415
-0.00427118	-0.00205123	0.000104136	14.43
-0.00425353	-0.00208825	0.000103895	14.445
-0.0042356	-0.00212513	0.000103646	14.46
-0.00421739	-0.00216186	0.00010339	14.475
-0.00419889	-0.00219845	0.000103126	14.49
-0.00418012	-0.00223489	0.000102855	14.505
-0.00416106	-0.00227118	0.000102576	14.52
-0.00414173	-0.00230732	0.00010229	14.535
-0.00412211	-0.00234331	0.000101996	14.55
-0.00410221	-0.00237916	0.000101695	14.565
-0.00408203	-0.00241485	0.000101387	14.58
-0.00406157	-0.0024504	0.000101071	14.595
-0.00404083	-0.00248579	0.000100748	14.61
-0.0040198	-0.00252103	0.000100418	14.625
-0.00399849	-0.00255612	0.00010008	14.64
-0.00397689	-0.00259104	9.97352e-05	14.655
-0.00395501	-0.00262581	9.93832e-05	14.67
-0.00393283	-0.00266042	9.9024e-05	14.685
-0.00391037	-0.00269486	9.86576e-05	14.7
-0.00388761	-0.00272914	9.82841e-05	14.715
-0.00386456	-0.00276324	9.79035e-05	14.73
-0.00384122	-0.00279717	9.75158e-05	14.745
-0.00381759	-0.00283093	9.71211e-05	14.76
-0.00379367	-0.0028645	9.67194e-05	14.775
-0.00376945	-0.00289788	9.63108e-05	14.79
-0.00374493	-0.00293107	9.58952e-05	14.805
-0.00372013	-0.00296406	9.54727e-05	14.82
-0.00369503	-0.00299686	9.50433e-05	14.835
-0.00366964	-0.00302945	9.46071e-05	14.85
-0.00364395	-0.00306183	9.4164e-05	14.865
-0.00361798	-0.00309399	9.37142e-05	14.88
-0.00359173	-0.00312593	9.32577e-05	14.895
-0.00356518	-0.00315765	9.27945e-05	14.91
-0.00353836	-0.00318914	9.23246e-05	14.925
-0.00351125	-0.00322039	9.18481e-05	14.94
-0.00348387	-0.00325141	9.1365e-05	14.955
-0.00345622	-0.00328218	9.08754e-05	14.97
-0.00342829	-0.0033127	9.03793e-05	14.985
-0.0034001	-0.00334297	8.98767e-05	15
-0.00337164	-0.00337299	8.93676e-05	15.015
-0.00334292	-0.00340275	8.88522e-05	15.03
-0.00331395	-0.00343225	8.83304e-05	15.045
-0.00328473	-0.00346147	8.78023e-05	15.06
-0.00325526	-0.00349044	8.7268e-05	15.075
-0.00322554	-0.00351912	8.67274e-05	15.09
-0.00319559	-0.00354754	8.61807e-05	15.105
-0.0031654	-0.00357568	8.56278e-05	15.12
-0.00313499	-0.00360353	8.50688e-05	15.135
-0.00310435	-0.00363111	8.45037e-05	15.15
-0.00307349	-0.00365841	8.39326e-05	15.165
-0.00304241	-0.00368541	8.33556e-05	15.18
-0.00301112	-0.00371214	8.27727e-05	15.195
-0.00297962	-0.00373857	8.21838e-05	15.21
-0.00294792	-0.00376472	8.15892e-05	15.225
-0.00291603	-0.00379058	8.09887e-05	15.24
-0.00288394	-0.00381615	8.03826e-05	15.255
-0.00285166	-0.00384143	7.97707e-05	15.27
-0.00281919	-0.00386641	7.91532e-05	15.285
-0.00278654	-0.00389111	7.85301e-05	15.3
-0.00275372	-0.00391552	7.79014e-05	15.315
-0.00272072	-0.00393963	7.72673e-05	15.33
-0.00268755	-0.00396346	7.66277e-05	15.345
-0.00265422	-0.003987	7.59827e-05	15.36
-0.00262072	-0.00401024	7.53323e-05	15.375
-0.00258707	-0.0040332	7.46767e-05	15.39
-0.00255325	-0.00405588	7.40158e-05	15.405
-0.00251929	-0.00407826	7.33496e-05	15.42
-0.00248517	-0.00410037	7.26784e-05	15.435
-0.00245091	-0.00412218	7.2002e-05	15.45
-0.00241649	-0.00414372	7.13206e-05	15.465
-0.00238194	-0.00416497	7.06342e-05	15.48
-0.00234724	-0.00418594	6.99428e-05	15.495
-0.0023124	-0.00420664	6.92466e-05	15.51
-0.00227743	-0.00422705	6.85455e-05	15.525
-0.00224231	-0.00424719	6.78396e-05	15.54
-0.00220706	-0.00426705	6.7129e-05	15.555
-0.00217167	-0.00428664	6.64137e-05	15.57
-0.00213614	-0.00430595	6.56938e-05	15.585
-0.00210048	-0.00432498	6.49693e-05	15.6
-0.00206468	-0.00434374	6.42403e-05	15.615
-0.00202874	-0.00436223	6.35069e-05	15.63
-0.00199267	-0.00438044	6.2769e-05	15.645
-0.00195646	-0.00439838	6.20268e-05	15.66
-0.00192012	-0.00441604	6.12802e-05	15.675
-0.00188363	-0.00443342	6.05295e-05	15.69
-0.00184702	-0.00445052	5.97745e-05	15.705
-0.00181026	-0.00446735	5.90154e-05	15.72
-0.00177337	-0.00448389	5.82523e-05	15.735
-0.00173633	-0.00450014	5.74851e-05	15.75
-0.00169917	-0.00451611	5.6714e-05	15.765
-0.00166186	-0.00453178	5.59389e-05	15.78
-0.00162442	-0.00454717	5.51601e-05	15.795
-0.00158685	-0.00456225	5.43774e-05	15.81
-0.00154914	-0.00457704	5.3591e-05	15.825
-0.00151131	-0.00459153	5.28009e-05	15.84
-0.00147334	-0.0046057	5.20072e-05	15.855
-0.00143524	-0.00461957	5.12099e-05	15.87
-0.00139702	-0.00463313	5.04091e-05	15.885
-0.00135868	-0.00464637	4.96049e-05	15.9
-0.00132021	-0.00465929	4.87973e-05	15.915
-0.00128163	-0.00467189	4.79864e-05	15.93
-0.00124294	-0.00468417	4.71722e-05	15.945
-0.00120414	-0.00469611	4.63547e-05	15.96
-0.00116523	-0.00470773	4.55342e-05	15.975
-0.00112622	-0.00471901	4.47105e-05	15.99
-0.00108711	-0.00472996	4.38838e-05	16.005
-0.00104791	-0.00474057	4.30541e-05	16.02
-0.00100862	-0.00475083	4.22215e-05	16.035
-0.00096925	-0.00476076	4.13861e-05	16.05
-0.000929797	-0.00477034	4.05478e-05	16.065
-0.00089027	-0.00477958	3.97068e-05	16.08
-0.000850673	-0.00478848	3.88632e-05	16.095
-0.000811011	-0.00479702	3.80169e-05	16.11
-0.000771289	-0.00480522	3.7168e-05	16.125
-0.000731512	-0.00481307	3.63167e-05	16.14
-0.000691684	-0.00482057	3.54629e-05	16.155
-0.000651812	-0.00482773	3.46067e-05	16.17
-0.000611898	-0.00483453	3.37482e-05	16.185
-0.00057195	-0.00484099	3.28874e-05	16.2
-0.00053197	-0.0048471	3.20244e-05	16.215
-0.000491965	-0.00485286	3.11593e-05	16.23
-0.000451939	-0.00485827	3.02921e-05	16.245
-0.000411895	-0.00486334	2.94229e-05	16.26
-0.00037184	-0.00486807	2.85517e-05	16.275
-0.000331777	-0.00487245	2.76786e-05	16.29
-0.00029171	-0.00487649	2.68037e-05	16.305
-0.000251645	-0.0048802	2.5927e-05	16.32
-0.000211584	-0.00488356	2.50485e-05	16.335
-0.000171532	-0.00488659	2.41684e-05	16.35
-0.000131492	-0.00488929	2.32867e-05	16.365
-9.1468e-05	-0.00489166	2.24034e-05	16.38
-5.14634e-05	-0.00489369	2.15187e-05	16.395
-1.14812e-05	-0.00489541	2.06326e-05	16.41
2.84757e-05	-0.0048968	1.9745e-05	16.425
6.84046e-05	-0.00489786	1.88562e-05	16.44
0.000108303	-0.00489862	1.79661e-05	16.455
0.000148169	-0.00489905	1.70749e-05	16.47
0.000188	-0.00489917	1.61825e-05	16.485
0.000227794	-0.00489899	1.52891e-05	16.5
0.000267551	-0.0048985	1.43946e-05	16.515
0.000307269	-0.0048977	1.34993e-05	16.53
0.000346947	-0.0048966	1.2603e-05	16.545
0.000386584	-0.0048952	1.17059e-05	16.56
0.00042618	-0.00489351	1.08081e-05	16.575
0.000465734	-0.00489152	9.9095e-06	16.59
0.000505247	-0.00488923	9.01029e-06	16.605
0.000544718	-0.00488666	8.1105e-06	16.62
0.000584147	-0.00488379	7.21018e-06	16.635
0.000623536	-0.00488064	6.30939e-06	16.65
0.000662883	-0.00487719	5.4082e-06	16.665
0.00070219	-0.00487346	4.50665e-06	16.68
0.000741457	-0.00486944	3.60482e-06	16.695
0.000780684	-0.00486514	2.70275e-06	16.71
0.000819872	-0.00486054	1.80051e-06	16.725
0.00085902	-0.00485566	8.9815e-07	16.74
0.000898128	-0.00485049	-4.26364e-09	16.755
0.000937197	-0.00484502	-9.06675e-07	16.77
0.000976225	-0.00483927	-1.80903e-06	16.785
0.00101521	-0.00483322	-2.71126e-06	16.8
0.00105416	-0.00482687	-3.61332e-06	16.815
0.00109306	-0.00482023	-4.51514e-06	16.83
0.00113192	-0.00481329	-5.41668e-06	16.845
0.00117073	-0.00480605	-6.31787e-06	16.86
0.0012095	-0.00479851	-7.21865e-06	16.875
0.00124821	-0.00479066	-8.11897e-06	16.89
0.00128688	-0.00478251	-9.01877e-06	16.905
0.00132548	-0.00477405	-9.91799e-06	16.92
0.00136403	-0.00476528	-1.08166e-05	16.935
0.00140252	-0.0047562	-1.17145e-05	16.95
0.00144094	-0.0047468	-1.26116e-05	16.965
0.00147929	-0.0047371	-1.3508e-05	16.98
0.00151758	-0.00472708	-1.44035e-05	16.995
0.00155578	-0.00471674	-1.52981e-05	17.01
0.00159391	-0.00470609	-1.61917e-05	17.025
0.00163195	-0.00469512	-1.70843e-05	17.04
0.00166991	-0.00468383	-1.79758e-05	17.055
0.00170777	-0.00467223	-1.88662e-05	17.07
0.00174553	-0.0046603	-1.97554e-05	17.085
0.0017832	-0.00464807	-2.06433e-05	17.1
0.00182076	-0.00463551	-2.153e-05	17.115
0.0018582	-0.00462264	-2.24153e-05	17.13
0.00189554	-0.00460946	-2.32992e-05	17.145
0.00193275	-0.00459596	-2.41816e-05	17.16
0.00196985	-0.00458215	-2.50625e-05	17.175
0.00200681	-0.00456803	-2.59419e-05	17.19
0.00204364	-0.0045536	-2.68196e-05	17.205
0.00208034	-0.00453886	-2.76957e-05	17.22
0.0021169	-0.00452382	-2.857e-05	17.235
0.00215331	-0.00450847	-2.94426e-05	17.25
0.00218958	-0.00449282	-3.03133e-05	17.265
0.00222569	-0.00447688	-3.11822e-05	17.28
0.00226164	-0.00446064	-3.20491e-05	17.295
0.00229744	-0.0044441	-3.2914e-05	17.31
0.00233307	-0.00442728	-3.37769e-05	17.325
0.00236854	-0.00441017	-3.46377e-05	17.34
0.00240384	-0.00439278	-3.54964e-05	17.355
0.00243896	-0.00437511	-3.63528e-05	17.37
0.00247391	-0.00435716	-3.7207e-05	17.385
0.00250868	-0.00433894	-3.8059e-05	17.4
0.00254327	-0.00432045	-3.89086e-05	17.415
0.00257768	-0.0043017	-3.97558e-05	17.43
0.0026119	-0.00428268	-4.06005e-05	17.445
0.00264594	-0.00426341	-4.14428e-05	17.46
0.00267979	-0.00424389	-4.22825e-05	17.475
0.00271345	-0.00422411	-4.31196e-05	17.49
0.00274692	-0.00420409	-4.39541e-05	17.505
0.0027802	-0.00418383	-4.47859e-05	17.52
0.00281329	-0.00416334	-4.5615e-05	17.535
0.00284619	-0.00414261	-4.64413e-05	17.55
0.0028789	-0.00412164	-4.72648e-05	17.565
0.00291142	-0.00410045	-4.80853e-05	17.58
0.00294375	-0.00407904	-4.8903e-05	17.595
0.00297589	-0.0040574	-4.97177e-05	17.61
0.00300784	-0.00403555	-5.05293e-05	17.625
0.0030396	-0.00401348	-5.13379e-05	17.64
0.00307118	-0.00399119	-5.21434e-05	17.655
0.00310257	-0.00396869	-5.29457e-05	17.67
0.00313378	-0.00394598	-5.37449e-05	17.685
0.00316481	-0.00392305	-5.45407e-05	17.7
0.00319565	-0.00389992	-5.53333e-05	17.715
0.00322632	-0.00387658	-5.61226e-05	17.73
0.0032568	-0.00385303	-5.69084e-05	17.745
0.00328711	-0.00382926	-5.76909e-05	17.76
0.00331724	-0.00380529	-5.84698e-05	17.775
0.00334719	-0.00378111	-5.92453e-05	17.79
0.00337696	-0.00375672	-6.00172e-05	17.805
0.00340655	-0.00373212	-6.07854e-05	17.82
0.00343596	-0.00370731	-6.15501e-05	17.835
0.00346519	-0.00368228	-6.2311e-05	17.85
0.00349425	-0.00365704	-6.30683e-05	17.865
0.00352312	-0.00363158	-6.38217e-05	17.88
0.00355181	-0.00360591	-6.45714e-05	17.895
0.00358031	-0.00358002	-6.53172e-05	17.91
0.00360863	-0.00355392	-6.60591e-05	17.925
0.00363675	-0.00352759	-6.6797e-05	17.94
0.00366469	-0.00350105	-6.7531e-05	17.955
0.00369243	-0.00347429	-6.8261e-05	17.97
0.00371997	-0.00344731	-6.89869e-05	17.985
0.00374732	-0.00342011	-6.97088e-05	18
0.00377446	-0.00339269	-7.04265e-05	18.015
0.0038014	-0.00336505	-7.114e-05	18.03
0.00382813	-0.00333719	-7.18493e-05	18.045
0.00385464	-0.00330911	-7.25544e-05	18.06
0.00388094	-0.00328082	-7.32552e-05	18.075
0.00390702	-0.0032523	-7.39516e-05	18.09
0.00393288	-0.00322358	-7.46437e-05	18.105
0.00395851	-0.00319463	-7.53314e-05	18.12
0.00398391	-0.00316548	-7.60147e-05	18.135
0.00400908	-0.00313611	-7.66935e-05	18.15
0.00403402	-0.00310654	-7.73678e-05	18.165
0.00405871	-0.00307676	-7.80375e-05	18.18
0.00408316	-0.00304677	-7.87027e-05	18.195
0.00410736	-0.00301658	-7.93632e-05	18.21
0.00413131	-0.00298619	-8.00191e-05	18.225
0.00415501	-0.00295561	-8.06703e-05	18.24
0.00417845	-0.00292483	-8.13168e-05	18.255
0.00420163	-0.00289386	-8.19586e-05	18.27
0.00422455	-0.0028627	-8.25955e-05	18.285
0.00424721	-0.00283136	-8.32277e-05	18.3
0.0042696	-0.00279984	-8.3855e-05	18.315
0.00429171	-0.00276814	-8.44774e-05	18.33
0.00431356	-0.00273627	-8.50948e-05	18.345
0.00433513	-0.00270423	-8.57074e-05	18.36
0.00435642	-0.00267203	-8.63149e-05	18.375
0.00437744	-0.00263966	-8.69175e-05	18.39
0.00439817	-0.00260714	-8.7515e-05	18.405
0.00441863	-0.00257447	-8.81074e-05	18.42
0.0044388	-0.00254165	-8.86947e-05	18.435
0.00445868	-0.00250869	-8.92769e-05	18.45
0.00447829	-0.00247559	-8.98539e-05	18.465
0.00449761	-0.00244236	-9.04257e-05	18.48
0.00451665	-0.002409	-9.09923e-05	18.495
0.0045354	-0.00237551	-9.15536e-05	18.51
0.00455387	-0.0023419	-9.21096e-05	18.525
0.00457205	-0.00230818	-9.26603e-05	18.54
0.00458996	-0.00227435	-9.32057e-05	18.555
0.00460758	-0.0022404	-9.37458e-05	18.57
0.00462492	-0.00220635	-9.42804e-05	18.585
0.00464199	-0.0021722	-9.48096e-05	18.6
0.00465878	-0.00213796	-9.53333e-05	18.615
0.0046753	-0.00210361	-9.58516e-05	18.63
0.00469154	-0.00206918	-9.63643e-05	18.645
0.00470752	-0.00203465	-9.68716e-05	18.66
0.00472323	-0.00200003	-9.73733e-05	18.675
0.00473867	-0.00196533	-9.78694e-05	18.69
0.00475385	-0.00193055	-9.83598e-05	18.705
0.00476877	-0.00189568	-9.88447e-05	18.72
0.00478343	-0.00186072	-9.93239e-05	18.735
0.00479783	-0.00182569	-9.97974e-05	18.75
0.00481197	-0.00179057	-0.000100265	18.765
0.00482586	-0.00175536	-0.000100727	18.78
0.00483949	-0.00172008	-0.000101184	18.795
0.00485288	-0.00168471	-0.000101634	18.81
0.00486601	-0.00164926	-0.000102079	18.825
0.00487889	-0.00161373	-0.000102518	18.84
0.00489152	-0.00157811	-0.000102951	18.855
0.00490389	-0.00154241	-0.000103378	18.87
0.00491602	-0.00150662	-0.0001038	18.885
0.00492789	-0.00147075	-0.000104215	18.9
0.00493951	-0.00143479	-0.000104625	18.915
0.00495087	-0.00139874	-0.000105028	18.93
0.00496198	-0.00136261	-0.000105426	18.945
0.00497284	-0.00132639	-0.000105818	18.96
0.00498343	-0.00129008	-0.000106203	18.975
0.00499376	-0.00125368	-0.000106583	18.99
0.00500383	-0.0012172	-0.000106957	19.005
0.00501364	-0.00118063	-0.000107324	19.02
0.00502318	-0.00114398	-0.000107686	19.035
0.00503245	-0.00110724	-0.000108041	19.05
0.00504144	-0.00107041	-0.00010839	19.065
0.00505017	-0.0010335	-0.000108733	19.08
0.00505862	-0.000996516	-0.00010907	19.095
0.00506678	-0.000959446	-0.000109401	19.11
0.00507467	-0.000922298	-0.000109726	19.125
0.00508228	-0.000885073	-0.000110044	19.14
0.00508959	-0.000847774	-0.000110357	19.155
0.00509662	-0.000810401	-0.000110663	19.17
0.00510336	-0.000772959	-0.000110963	19.185
0.0051098	-0.000735449	-0.000111256	19.2
0.00511595	-0.000697874	-0.000111543	19.215
0.0051218	-0.000660238	-0.000111824	19.23
0.00512735	-0.000622543	-0.000112099	19.245
0.0051326	-0.000584792	-0.000112368	19.26
0.00513754	-0.000546989	-0.00011263	19.275
0.00514217	-0.000509138	-0.000112886	19.29
0.0051465	-0.000471242	-0.000113135	19.305
0.00515052	-0.000433305	-0.000113378	19.32
0.00515422	-0.000395332	-0.000113615	19.335
0.00515762	-0.000357325	-0.000113845	19.35
0.0051607	-0.00031929	-0.000114069	19.365
0.00516346	-0.000281231	-0.000114287	19.38
0.00516591	-0.000243152	-0.000114498	19.395
0.00516805	-0.000205058	-0.000114703	19.41
0.00516987	-0.000166954	-0.000114901	19.425
0.00517137	-0.000128843	-0.000115093	19.44
0.00517256	-9.07311e-05	-0.000115278	19.455
0.00517343	-5.26223e-05	-0.000115457	19.47
0.00517399	-1.45214e-05	-0.00011563	19.485
0.00517423	2.35672e-05	-0.000115796	19.5
0.00517417	6.1639e-05	-0.000115955	19.515
0.00517379	9.96896e-05	-0.000116109	19.53
0.0051731	0.000137715	-0.000116255	19.545
0.00517211	0.000175711	-0.000116395	19.56
0.00517081	0.000213673	-0.000116529	19.575
0.00516921	0.000251599	-0.000116656	19.59
0.00516732	0.000289484	-0.000116776	19.605
0.00516512	0.000327327	-0.00011689	19.62
0.00516264	0.000365123	-0.000116998	19.635
0.00515986	0.00040287	-0.000117099	19.65
0.00515679	0.000440566	-0.000117193	19.665
0.00515344	0.00047821	-0.000117281	19.68
0.00514981	0.000515799	-0.000117363	19.695
0.00514591	0.000553332	-0.000117437	19.71
0.00514172	0.000590809	-0.000117506	19.725
0.00513727	0.000628228	-0.000117567	19.74
0.00513254	0.00066559	-0.000117622	19.755
0.00512755	0.000702893	-0.000117671	19.77
0.00512229	0.000740139	-0.000117713	19.785
0.00511677	0.000777326	-0.000117748	19.8
0.00511099	0.000814457	-0.000117777	19.815
0.00510494	0.000851529	-0.0001178	19.83
0.00509864	0.000888546	-0.000117815	19.845
0.00509208	0.000925506	-0.000117824	19.86
0.00508527	0.000962411	-0.000117827	19.875
0.0050782	0.000999261	-0.000117823	19.89
0.00507087	0.00103606	-0.000117813	19.905
0.00506329	0.0010728	-0.000117795	19.92
0.00505544	0.00110949	-0.000117772	19.935
0.00504735	0.00114612	-0.000117742	19.95
0.00503899	0.0011827	-0.000117705	19.965
0.00503038	0.00121923	-0.000117661	19.98
0.00502151	0.00125571	-0.000117611	19.995
0.00501238	0.00129213	-0.000117555	20.01
0.00500298	0.0013285	-0.000117492	20.025
0.00499333	0.00136482	-0.000117422	20.04
0.00498341	0.00140108	-0.000117346	20.055
0.00497322	0.00143728	-0.000117264	20.07
0.00496277	0.00147343	-0.000117174	20.085
0.00495205	0.00150952	-0.000117079	20.1
0.00494105	0.00154554	-0.000116976	20.115
0.00492979	0.00158151	-0.000116868	20.13
0.00491825	0.00161742	-0.000116752	20.145
0.00490644	0.00165325	-0.000116631	20.16
0.00489435	0.00168903	-0.000116502	20.175
0.00488199	0.00172473	-0.000116368	20.19
0.00486934	0.00176035	-0.000116226	20.205
0.00485642	0.00179591	-0.000116078	20.22
0.00484321	0.00183138	-0.000115924	20.235
0.00482972	0.00186678	-0.000115764	20.25
0.00481594	0.00190209	-0.000115596	20.265
0.00480188	0.00193731	-0.000115423	20.28
0.00478753	0.00197244	-0.000115243	20.295
0.0047729	0.00200748	-0.000115056	20.31
0.00475797	0.00204242	-0.000114863	20.325
0.00474276	0.00207725	-0.000114664	20.34
0.00472726	0.00211198	-0.000114458	20.355
0.00471148	0.0021466	-0.000114246	20.37
0.0046954	0.00218111	-0.000114028	20.385
0.00467903	0.00221549	-0.000113803	20.4
0.00466238	0.00224976	-0.000113572	20.415
0.00464544	0.00228389	-0.000113334	20.43
0.00462822	0.00231789	-0.00011309	20.445
0.00461071	0.00235176	-0.00011284	20.46
0.00459291	0.00238548	-0.000112584	20.475
0.00457484	0.00241906	-0.000112321	20.49
0.00455649	0.00245249	-0.000112052	20.505
0.00453786	0.00248577	-0.000111777	20.52
0.00451895	0.00251889	-0.000111495	20.535
0.00449978	0.00255184	-0.000111207	20.55
0.00448034	0.00258463	-0.000110913	20.565
0.00446063	0.00261726	-0.000110613	20.58
0.00444066	0.00264971	-0.000110306	20.595
0.00442043	0.00268198	-0.000109994	20.61
0.00439994	0.00271408	-0.000109675	20.625
0.00437921	0.00274599	-0.00010935	20.64
0.00435823	0.00277773	-0.000109019	20.655
0.00433701	0.00280928	-0.000108681	20.67
0.00431555	0.00284064	-0.000108338	20.685
0.00429386	0.00287182	-0.000107988	20.7
0.00427193	0.00290281	-0.000107633	20.715
0.00424978	0.00293361	-0.000107271	20.73
0.0042274	0.00296422	-0.000106904	20.745
0.00420481	0.00299464	-0.00010653	20.76
0.00418199	0.00302488	-0.000106151	20.775
0.00415897	0.00305493	-0.000105765	20.79
0.00413573	0.00308479	-0.000105373	20.805
0.00411229	0.00311446	-0.000104976	20.82
0.00408863	0.00314395	-0.000104573	20.835
0.00406478	0.00317325	-0.000104163	20.85
0.00404072	0.00320237	-0.000103748	20.865
0.00401646	0.0032313	-0.000103327	20.88
0.003992	0.00326005	-0.0001029	20.895
0.00396735	0.00328862	-0.000102468	20.91
0.00394249	0.00331701	-0.000102029	20.925
0.00391744	0.00334522	-0.000101585	20.94
0.00389219	0.00337325	-0.000101135	20.955
0.00386674	0.0034011	-0.000100679	20.97
0.0038411	0.00342877	-0.000100218	20.985
0.00381526	0.00345627	-9.97509e-05	21
0.00378922	0.00348358	-9.92782e-05	21.015
0.00376298	0.00351072	-9.87998e-05	21.03
0.00373655	0.00353768	-9.83159e-05	21.045
0.00370992	0.00356446	-9.78264e-05	21.06
0.00368308	0.00359106	-9.73313e-05	21.075
0.00365605	0.00361748	-9.68307e-05	21.09
0.00362882	0.00364372	-9.63246e-05	21.105
0.00360138	0.00366977	-9.58131e-05	21.12
0.00357375	0.00369564	-9.5296e-05	21.135
0.00354591	0.00372133	-9.47736e-05	21.15
0.00351787	0.00374682	-9.42458e-05	21.165
0.00348962	0.00377213	-9.37126e-05	21.18
0.00346117	0.00379725	-9.3174e-05	21.195
0.00343251	0.00382218	-9.26301e-05	21.21
0.00340365	0.00384691	-9.2081e-05	21.225
0.00337458	0.00387144	-9.15266e-05	21.24
0.0033453	0.00389577	-9.09669e-05	21.255
0.00331581	0.0039199	-9.04021e-05	21.27
0.00328612	0.00394382	-8.98321e-05	21.285
0.00325622	0.00396753	-8.9257e-05	21.3
0.00322612	0.00399103	-8.86767e-05	21.315
0.00319581	0.00401431	-8.80914e-05	21.33
0.00316529	0.00403738	-8.7501e-05	21.345
0.00313456	0.00406022	-8.69056e-05	21.36
0.00310363	0.00408283	-8.63052e-05	21.375
0.0030725	0.00410521	-8.56998e-05	21.39
0.00304116	0.00412736	-8.50895e-05	21.405
0.00300962	0.00414928	-8.44744e-05	21.42
0.00297789	0.00417094	-8.38543e-05	21.435
0.00294595	0.00419237	-8.32295e-05	21.45
0.00291382	0.00421354	-8.25998e-05	21.465
0.0028815	0.00423446	-8.19654e-05	21.48
0.00284898	0.00425512	-8.13262e-05	21.495
0.00281628	0.00427553	-8.06824e-05	21.51
0.0027834	0.00429566	-8.00338e-05	21.525
0.00275033	0.00431553	-7.93807e-05	21.54
0.00271709	0.00433513	-7.87229e-05	21.555
0.00268368	0.00435445	-7.80606e-05	21.57
0.0026501	0.0043735	-7.73938e-05	21.585
0.00261635	0.00439226	-7.67225e-05	21.6
0.00258244	0.00441074	-7.60467e-05	21.615
0.00254838	0.00442894	-7.53665e-05	21.63
0.00251417	0.00444686	-7.46819e-05	21.645
0.00247981	0.00446448	-7.3993e-05	21.66
0.00244531	0.00448182	-7.32998e-05	21.675
0.00241068	0.00449887	-7.26023e-05	21.69
0.00237591	0.00451563	-7.19005e-05	21.705
0.00234102	0.0045321	-7.11946e-05	21.72
0.00230601	0.00454828	-7.04845e-05	21.735
0.00227087	0.00456418	-6.97703e-05	21.75
0.00223562	0.00457978	-6.9052e-05	21.765
0.00220027	0.0045951	-6.83297e-05	21.78
0.0021648	0.00461013	-6.76033e-05	21.795
0.00212923	0.00462488	-6.6873e-05	21.81
0.00209357	0.00463934	-6.61388e-05	21.825
0.0020578	0.00465352	-6.54006e-05	21.84
0.00202194	0.00466743	-6.46587e-05	21.855
0.00198599	0.00468105	-6.39129e-05	21.87
0.00194995	0.00469439	-6.31633e-05	21.885
0.00191382	0.00470747	-6.24101e-05	21.9
0.00187761	0.00472026	-6.16531e-05	21.915
0.00184131	0.00473279	-6.08925e-05	21.93
0.00180493	0.00474504	-6.01284e-05	21.945
0.00176846	0.00475702	-5.93606e-05	21.96
0.00173191	0.00476874	-5.85894e-05	21.975
0.00169528	0.00478019	-5.78146e-05	21.99
0.00165857	0.00479137	-5.70365e-05	22.005
0.00162178	0.00480228	-5.6255e-05	22.02
0.00158491	0.00481293	-5.54701e-05	22.035
0.00154796	0.00482331	-5.46819e-05	22.05
0.00151092	0.00483343	-5.38905e-05	22.065
0.00147381	0.00484328	-5.30958e-05	22.08
0.00143662	0.00485287	-5.2298e-05	22.095
0.00139935	0.0048622	-5.14971e-05	22.11
0.001362	0.00487125	-5.06931e-05	22.125
0.00132457	0.00488004	-4.98861e-05	22.14
0.00128707	0.00488857	-4.90761e-05	22.155
0.00124948	0.00489682	-4.82632e-05	22.17
0.00121181	0.00490481	-4.74473e-05	22.185
0.00117406	0.00491253	-4.66287e-05	22.2
0.00113623	0.00491997	-4.58072e-05	22.215
0.00109832	0.00492715	-4.4983e-05	22.23
0.00106034	0.00493404	-4.4156e-05	22.245
0.00102227	0.00494066	-4.33264e-05	22.26
0.00098413	0.004947	-4.24942e-05	22.275
0.00094591	0.00495306	-4.16595e-05	22.29
0.000907612	0.00495884	-4.08222e-05	22.305
0.000869238	0.00496433	-3.99825e-05	22.32
0.000830789	0.00496953	-3.91403e-05	22.335
0.000792266	0.00497444	-3.82958e-05	22.35
0.000753671	0.00497906	-3.74489e-05	22.365
0.000715004	0.00498338	-3.65998e-05	22.38
0.000676268	0.0049874	-3.57485e-05	22.395
0.000637465	0.00499112	-3.4895e-05	22.41
0.000598597	0.00499453	-3.40393e-05	22.425
0.000559666	0.00499764	-3.31816e-05	22.44
0.000520675	0.00500043	-3.23219e-05	22.455
0.000481627	0.00500291	-3.14602e-05	22.47
0.000442526	0.00500507	-3.05966e-05	22.485
0.000403374	0.00500691	-2.97311e-05	22.5
0.000364175	0.00500843	-2.88638e-05	22.515
0.000324934	0.00500962	-2.79947e-05	22.53
0.000285654	0.00501049	-2.71239e-05	22.545
0.00024634	0.00501102	-2.62515e-05	22.56
0.000206997	0.00501123	-2.53774e-05	22.575
0.000167629	0.0050111	-2.45018e-05	22.59
0.000128242	0.00501063	-2.36246e-05	22.605
8.88403e-05	0.00500983	-2.2746e-05	22.62
4.94293e-05	0.00500869	-2.1866e-05	22.635
1.00144e-05	0.00500722	-2.09847e-05	22.65
-2.93991e-05	0.0050054	-2.0102e-05	22.665
-6.8806e-05	0.00500325	-1.92181e-05	22.68
-0.000108201	0.00500076	-1.8333e-05	22.695
-0.000147579	0.00499793	-1.74468e-05	22.71
-0.000186935	0.00499477	-1.65595e-05	22.725
-0.000226263	0.00499128	-1.56712e-05	22.74
-0.00026556	0.00498745	-1.47818e-05	22.755
-0.000304821	0.00498329	-1.38916e-05	22.77
-0.000344041	0.0049788	-1.30005e-05	22.785
-0.000383217	0.00497399	-1.21086e-05	22.8
-0.000422344	0.00496885	-1.12159e-05	22.815
-0.000461419	0.00496339	-1.03225e-05	22.83
-0.00050044	0.00495762	-9.42848e-06	22.845
-0.000539402	0.00495152	-8.53386e-06	22.86
-0.000578304	0.00494511	-7.6387e-06	22.875
-0.000617142	0.0049384	-6.74306e-06	22.89
-0.000655915	0.00493137	-5.84699e-06	22.905
-0.00069462	0.00492404	-4.95056e-06	22.92
-0.000733256	0.00491641	-4.05381e-06	22.935
-0.000771822	0.00490847	-3.15681e-06	22.95
-0.000810316	0.00490024	-2.2596e-06	22.965
-0.000848736	0.00489171	-1.36225e-06	22.98
-0.000887082	0.00488289	-4.6482e-07	22.995
-0.000925354	0.00487377	4.32645e-07	23.01
-0.000963549	0.00486437	1.33008e-06	23.025
-0.00100167	0.00485467	2.22744e-06	23.04
-0.00103971	0.00484469	3.12465e-06	23.055
-0.00107767	0.00483443	4.02166e-06	23.07
-0.00111556	0.00482388	4.91842e-06	23.085
-0.00115337	0.00481304	5.81487e-06	23.1
-0.0011911	0.00480193	6.71094e-06	23.115
-0.00122875	0.00479053	7.60659e-06	23.13
-0.00126632	0.00477885	8.50175e-06	23.145
-0.00130381	0.00476689	9.39636e-06	23.16
-0.00134122	0.00475464	1.02904e-05	23.175
-0.00137855	0.00474212	1.11837e-05	23.19
-0.0014158	0.00472932	1.20764e-05	23.205
-0.00145297	0.00471623	1.29682e-05	23.22
-0.00149006	0.00470286	1.38592e-05	23.235
-0.00152707	0.00468921	1.47494e-05	23.25
-0.00156399	0.00467528	1.56385e-05	23.265
-0.00160083	0.00466106	1.65267e-05	23.28
-0.00163759	0.00464656	1.74138e-05	23.295
-0.00167426	0.00463178	1.82998e-05	23.31
-0.00171084	0.0046167	1.91845e-05	23.325
-0.00174734	0.00460134	2.00681e-05	23.34
-0.00178374	0.00458569	2.09503e-05	23.355
-0.00182006	0.00456975	2.18312e-05	23.37
-0.00185628	0.00455351	2.27106e-05	23.385
-0.00189241	0.00453698	2.35886e-05	23.4
-0.00192844	0.00452015	2.4465e-05	23.415
-0.00196437	0.00450303	2.53399e-05	23.43
-0.0020002	0.00448561	2.62131e-05	23.445
-0.00203593	0.00446788	2.70845e-05	23.46
-0.00207154	0.00444985	2.79542e-05	23.475
-0.00210704	0.00443152	2.88221e-05	23.49
-0.00214243	0.00441288	2.96881e-05	23.505
-0.0021777	0.00439394	3.05521e-05	23.52
-0.00221285	0.00437468	3.14141e-05	23.535
-0.00224786	0.00435512	3.2274e-05	23.55
-0.00228275	0.00433525	3.31319e-05	23.565
-0.0023175	0.00431506	3.39875e-05	23.58
-0.0023521	0.00429457	3.48409e-05	23.595
-0.00238656	0.00427376	3.5692e-05	23.61
-0.00242086	0.00425265	3.65407e-05	23.625
-0.00245501	0.00423122	3.7387e-05	23.64
-0.002489	0.00420948	3.82309e-05	23.655
-0.00252281	0.00418744	3.90722e-05	23.67
-0.00255645	0.00416509	3.99109e-05	23.685
-0.00258992	0.00414244	4.0747e-05	23.7
-0.00262319	0.00411949	4.15803e-05	23.715
-0.00265628	0.00409624	4.24109e-05	23.73
-0.00268918	0.00407269	4.32386e-05	23.745
-0.00272188	0.00404884	4.40635e-05	23.76
-0.00275437	0.00402471	4.48854e-05	23.775
-0.00278666	0.0040003	4.57043e-05	23.79
-0.00281874	0.0039756	4.65202e-05	23.805
-0.00285061	0.00395062	4.7333e-05	23.82
-0.00288226	0.00392536	4.81425e-05	23.835
-0.00291368	0.00389984	4.89489e-05	23.85
-0.00294489	0.00387405	4.97519e-05	23.865
-0.00297587	0.003848	5.05516e-05	23.88
-0.00300662	0.00382169	5.13479e-05	23.895
-0.00303714	0.00379512	5.21408e-05	23.91
-0.00306744	0.00376831	5.29301e-05	23.925
-0.0030975	0.00374125	5.37158e-05	23.94
-0.00312733	0.00371394	5.44979e-05	23.955
-0.00315692	0.0036864	5.52764e-05	23.97
-0.00318628	0.00365862	5.6051e-05	23.985
-0.0032154	0.00363061	5.68219e-05	24
-0.00324428	0.00360237	5.75889e-05	24.015
-0.00327293	0.00357391	5.8352e-05	24.03
-0.00330134	0.00354522	5.91112e-05	24.045
-0.00332952	0.00351631	5.98663e-05	24.06
-0.00335745	0.00348719	6.06173e-05	24.075
-0.00338515	0.00345785	6.13642e-05	24.09
-0.00341261	0.0034283	6.21069e-05	24.105
-0.00343984	0.00339854	6.28454e-05	24.12
-0.00346682	0.00336858	6.35795e-05	24.135
-0.00349357	0.0033384	6.43093e-05	24.15
-0.00352009	0.00330803	6.50347e-05	24.165
-0.00354636	0.00327745	6.57556e-05	24.18
-0.0035724	0.00324667	6.64721e-05	24.195
-0.0035982	0.00321568	6.71839e-05	24.21
-0.00362377	0.0031845	6.78911e-05	24.225
-0.0036491	0.00315313	6.85937e-05	24.24
-0.00367419	0.00312155	6.92915e-05	24.255
-0.00369905	0.00308978	6.99845e-05	24.27
-0.00372366	0.00305781	7.06727e-05	24.285
-0.00374804	0.00302565	7.13561e-05	24.3
-0.00377219	0.00299329	7.20344e-05	24.315
-0.00379609	0.00296074	7.27078e-05	24.33
-0.00381975	0.00292799	7.33762e-05	24.345
-0.00384318	0.00289504	7.40395e-05	24.36
-0.00386636	0.0028619	7.46976e-05	24.375
-0.0038893	0.00282857	7.53505e-05	24.39
-0.003912	0.00279504	7.59982e-05	24.405
-0.00393444	0.00276131	7.66406e-05	24.42
-0.00395665	0.00272739	7.72777e-05	24.435
-0.0039786	0.00269327	7.79094e-05	24.45
-0.0040003	0.00265895	7.85356e-05	24.465
-0.00402174	0.00262444	7.91564e-05	24.48
-0.00404293	0.00258972	7.97716e-05	24.495
-0.00406386	0.00255482	8.03813e-05	24.51
-0.00408452	0.00251971	8.09853e-05	24.525
-0.00410491	0.00248441	8.15837e-05	24.54
-0.00412504	0.00244891	8.21763e-05	24.555
-0.00414489	0.00241321	8.27632e-05	24.57
-0.00416446	0.00237732	8.33443e-05	24.585
-0.00418375	0.00234124	8.39195e-05	24.6
-0.00420275	0.00230496	8.44888e-05	24.615
-0.00422145	0.0022685	8.50522e-05	24.63
-0.00423986	0.00223184	8.56095e-05	24.645
-0.00425798	0.002195	8.61609e-05	24.66
-0.00427578	0.00215798	8.67062e-05	24.675
-0.00429328	0.00212078	8.72453e-05	24.69
-0.00431046	0.0020834	8.77783e-05	24.705
-0.00432733	0.00204585	8.83051e-05	24.72
-0.00434387	0.00200813	8.88257e-05	24.735
-0.00436009	0.00197024	8.93399e-05	24.75
-0.00437599	0.0019322	8.98479e-05	24.765
-0.00439155	0.001894	9.03495e-05	24.78
-0.00440677	0.00185565	9.08446e-05	24.795
-0.00442166	0.00181716	9.13334e-05	24.81
-0.00443621	0.00177853	9.18156e-05	24.825
-0.00445042	0.00173976	9.22913e-05	24.84
-0.00446428	0.00170086	9.27605e-05	24.855
-0.0044778	0.00166184	9.32231e-05	24.87
-0.00449098	0.0016227	9.3679e-05	24.885
-0.00450381	0.00158345	9.41283e-05	24.9
-0.00451629	0.00154409	9.45708e-05	24.915
-0.00452842	0.00150462	9.50066e-05	24.93
-0.00454021	0.00146506	9.54356e-05	24.945
-0.00455165	0.0014254	9.58579e-05	24.96
-0.00456274	0.00138566	9.62732e-05	24.975
-0.00457349	0.00134583	9.66817e-05	24.99
-0.00458388	0.00130592	9.70833e-05	25.005
-0.00459394	0.00126594	9.74779e-05	25.02
-0.00460365	0.00122589	9.78655e-05	25.035
-0.00461301	0.00118577	9.82462e-05	25.05
-0.00462204	0.00114559	9.86198e-05	25.065
-0.00463072	0.00110535	9.89863e-05	25.08
-0.00463906	0.00106505	9.93457e-05	25.095
-0.00464706	0.0010247	9.9698e-05	25.11
-0.00465473	0.000984302	0.000100043	25.125
-0.00466206	0.000943858	0.000100381	25.14
-0.00466906	0.000903371	0.000100712	25.155
-0.00467573	0.000862844	0.000101035	25.17
-0.00468206	0.000822278	0.000101351	25.185
-0.00468807	0.000781677	0.00010166	25.2
-0.00469374	0.000741042	0.000101962	25.215
-0.00469909	0.000700376	0.000102256	25.23
-0.00470412	0.00065968	0.000102543	25.245
-0.00470882	0.000618956	0.000102822	25.26
-0.0047132	0.000578206	0.000103094	25.275
-0.00471726	0.00053743	0.000103359	25.29
-0.004721	0.000496631	0.000103616	25.305
-0.00472441	0.000455809	0.000103866	25.32
-0.00472751	0.000414965	0.000104108	25.335
-0.0047303	0.0003741	0.000104342	25.35
-0.00473276	0.000333215	0.00010457	25.365
-0.00473491	0.000292311	0.000104789	25.38
-0.00473674	0.000251387	0.000105001	25.395
-0.00473826	0.000210445	0.000105205	25.41
-0.00473945	0.000169486	0.000105402	25.425
-0.00474033	0.000128508	0.000105591	25.44
-0.0047409	8.75138e-05	0.000105772	25.455
-0.00474114	4.65027e-05	0.000105946	25.47
-0.00474107	5.47562e-06	0.000106112	25.485
-0.00474067	-3.55669e-05	0.00010627	25.5
-0.00473995	-7.66242e-05	0.000106421	25.515
-0.00473891	-0.000117695	0.000106564	25.53
-0.00473754	-0.000158779	0.000106699	25.545
-0.00473584	-0.000199875	0.000106827	25.56
-0.00473381	-0.000240981	0.000106946	25.575
-0.00473145	-0.000282095	0.000107058	25.59
-0.00472875	-0.000323216	0.000107162	25.605
-0.00472572	-0.000364341	0.000107259	25.62
-0.00472234	-0.000405468	0.000107347	25.635
-0.00471862	-0.000446594	0.000107428	25.65
-0.00471456	-0.000487716	0.000107501	25.665
-0.00471014	-0.000528829	0.000107566	25.68
-0.00470538	-0.000569932	0.000107623	25.695
-0.00470026	-0.000611019	0.000107673	25.71
-0.00469478	-0.000652086	0.000107714	25.725
-0.00468895	-0.000693129	0.000107748	25.74
-0.00468276	-0.000734142	0.000107774	25.755
-0.0046762	-0.000775121	0.000107792	25.77
-0.00466929	-0.000816061	0.000107803	25.785
-0.00466201	-0.000856956	0.000107805	25.8
-0.00465436	-0.0008978	0.0001078	25.815
-0.00464635	-0.000938589	0.000107787	25.83
-0.00463798	-0.000979317	0.000107765	25.845
-0.00462924	-0.00101998	0.000107736	25.86
-0.00462014	-0.00106057	0.0001077	25.875
-0.00461068	-0.00110108	0.000107655	25.89
-0.00460085	-0.0011415	0.000107603	25.905
-0.00459066	-0.00118184	0.000107542	25.92
-0.00458012	-0.00122208	0.000107474	25.935
-0.00456921	-0.00126223	0.000107398	25.95
-0.00455795	-0.00130227	0.000107315	25.965
-0.00454634	-0.0013422	0.000107223	25.98
-0.00453438	-0.00138202	0.000107124	25.995
-0.00452207	-0.00142172	0.000107016	26.01
-0.00450941	-0.00146129	0.000106902	26.025
-0.00449641	-0.00150074	0.000106779	26.04
-0.00448307	-0.00154006	0.000106648	26.055
-0.00446939	-0.00157925	0.00010651	26.07
-0.00445538	-0.00161829	0.000106364	26.085
-0.00444104	-0.0016572	0.00010621	26.1
-0.00442637	-0.00169595	0.000106049	26.115
-0.00441138	-0.00173457	0.00010588	26.13
-0.00439607	-0.00177302	0.000105703	26.145
-0.00438044	-0.00181133	0.000105518	26.16
-0.00436449	-0.00184948	0.000105326	26.175
-0.00434824	-0.00188747	0.000105126	26.19
-0.00433167	-0.0019253	0.000104918	26.205
-0.00431481	-0.00196297	0.000104703	26.22
-0.00429764	-0.00200048	0.00010448	26.235
-0.00428017	-0.00203782	0.00010425	26.25
-0.00426241	-0.00207499	0.000104012	26.265
-0.00424436	-0.00211199	0.000103767	26.28
-0.00422602	-0.00214883	0.000103514	26.295
-0.00420739	-0.00218549	0.000103253	26.31
-0.00418849	-0.00222199	0.000102985	26.325
-0.0041693	-0.00225831	0.000102709	26.34
-0.00414983	-0.00229446	0.000102426	26.355
-0.00413009	-0.00233044	0.000102136	26.37
-0.00411007	-0.00236625	0.000101838	26.385
-0.00408978	-0.00240188	0.000101533	26.4
-0.00406923	-0.00243734	0.000101221	26.415
-0.0040484	-0.00247263	0.000100901	26.43
-0.00402731	-0.00250775	0.000100574	26.445
-0.00400595	-0.00254269	0.000100239	26.46
-0.00398433	-0.00257746	9.98974e-05	26.475
-0.00396244	-0.00261206	9.95485e-05	26.49
-0.00394028	-0.00264649	9.91924e-05	26.505
-0.00391787	-0.00268074	9.88292e-05	26.52
-0.00389519	-0.00271482	9.84587e-05	26.535
-0.00387224	-0.00274872	9.80812e-05	26.55
-0.00384903	-0.00278246	9.76966e-05	26.565
-0.00382556	-0.00281601	9.7305e-05	26.58
-0.00380182	-0.00284939	9.69063e-05	26.595
-0.00377781	-0.00288259	9.65007e-05	26.61
-0.00375353	-0.00291561	9.60881e-05	26.625
-0.00372898	-0.00294845	9.56686e-05	26.64
-0.00370417	-0.00298111	9.52422e-05	26.655
-0.00367908	-0.00301358	9.4809e-05	26.67
-0.00365372	-0.00304586	9.43689e-05	26.685
-0.00362809	-0.00307795	9.39221e-05	26.7
-0.00360219	-0.00310984	9.34685e-05	26.715
-0.00357601	-0.00314154	9.30082e-05	26.73
-0.00354955	-0.00317303	9.25412e-05	26.745
-0.00352283	-0.00320431	9.20676e-05	26.76
-0.00349583	-0.00323538	9.15874e-05	26.775
-0.00346855	-0.00326623	9.11006e-05	26.79
-0.00344101	-0.00329687	9.06073e-05	26.805
-0.00341319	-0.00332728	9.01075e-05	26.82
-0.0033851	-0.00335746	8.96013e-05	26.835
-0.00335674	-0.0033874	8.90887e-05	26.85
-0.00332812	-0.00341711	8.85697e-05	26.865
-0.00329923	-0.00344657	8.80444e-05	26.88
-0.00327008	-0.00347579	8.75128e-05	26.895
-0.00324067	-0.00350475	8.69749e-05	26.91
-0.00321101	-0.00353346	8.64309e-05	26.925
-0.00318109	-0.0035619	8.58807e-05	26.94
-0.00315092	-0.00359008	8.53244e-05	26.955
-0.00312051	-0.003618	8.4762e-05	26.97
-0.00308985	-0.00364563	8.41936e-05	26.985
-0.00305895	-0.003673	8.36192e-05	27
-0.00302782	-0.00370008	8.30389e-05	27.015
-0.00299646	-0.00372688	8.24526e-05	27.03
-0.00296487	-0.0037534	8.18606e-05	27.045
-0.00293306	-0.00377963	8.12627e-05	27.06
-0.00290103	-0.00380557	8.06591e-05	27.075
-0.00286879	-0.00383121	8.00497e-05	27.09
-0.00283634	-0.00385656	7.94347e-05	27.105
-0.00280369	-0.00388161	7.88141e-05	27.12
-0.00277084	-0.00390636	7.81879e-05	27.135
-0.00273779	-0.00393082	7.75562e-05	27.15
-0.00270456	-0.00395497	7.6919e-05	27.165
-0.00267114	-0.00397881	7.62764e-05	27.18
-0.00263753	-0.00400236	7.56285e-05	27.195
-0.00260376	-0.0040256	7.49752e-05	27.21
-0.00256981	-0.00404853	7.43166e-05	27.225
-0.00253569	-0.00407116	7.36528e-05	27.24
-0.00250141	-0.00409348	7.29839e-05	27.255
-0.00246697	-0.0041155	7.23098e-05	27.27
-0.00243238	-0.00413721	7.16306e-05	27.285
-0.00239764	-0.00415862	7.09464e-05	27.3
-0.00236275	-0.00417972	7.02573e-05	27.315
-0.00232772	-0.00420052	6.95632e-05	27.33
-0.00229255	-0.00422102	6.88643e-05	27.345
-0.00225724	-0.00424121	6.81606e-05	27.36
-0.00222181	-0.00426111	6.74521e-05	27.375
-0.00218624	-0.0042807	6.67389e-05	27.39
-0.00215055	-0.0043	6.60211e-05	27.405
-0.00211474	-0.004319	6.52986e-05	27.42
-0.0020788	-0.0043377	6.45717e-05	27.435
-0.00204275	-0.00435611	6.38402e-05	27.45
-0.00200658	-0.00437423	6.31043e-05	27.465
-0.00197029	-0.00439205	6.2364e-05	27.48
-0.00193389	-0.00440959	6.16194e-05	27.495
-0.00189738	-0.00442684	6.08706e-05	27.51
-0.00186076	-0.0044438	6.01175e-05	27.525
-0.00182402	-0.00446048	5.93603e-05	27.54
-0.00178718	-0.00447687	5.85989e-05	27.555
-0.00175022	-0.00449298	5.78336e-05	27.57
-0.00171316	-0.0045088	5.70642e-05	27.585
-0.00167599	-0.00452434	5.62909e-05	27.6
-0.0016387	-0.0045396	5.55138e-05	27.615
-0.00160131	-0.00455457	5.47328e-05	27.63
-0.00156381	-0.00456926	5.3948e-05	27.645
-0.0015262	-0.00458366	5.31596e-05	27.66
-0.00148847	-0.00459777	5.23675e-05	27.675
-0.00145064	-0.0046116	5.15719e-05	27.69
-0.00141269	-0.00462514	5.07727e-05	27.705
-0.00137464	-0.00463839	4.997e-05	27.72
-0.00133647	-0.00465134	4.91639e-05	27.735
-0.0012982	-0.004664	4.83545e-05	27.75
-0.00125981	-0.00467635	4.75418e-05	27.765
-0.00122132	-0.00468841	4.67258e-05	27.78
-0.00118272	-0.00470016	4.59067e-05	27.795
-0.00114402	-0.00471161	4.50844e-05	27.81
-0.00110521	-0.00472274	4.42591e-05	27.825
-0.00106631	-0.00473356	4.34308e-05	27.84
-0.0010273	-0.00474407	4.25995e-05	27.855
-0.000988198	-0.00475426	4.17654e-05	27.87
-0.000949001	-0.00476412	4.09284e-05	27.885
-0.000909714	-0.00477366	4.00886e-05	27.9
-0.00087034	-0.00478287	3.92462e-05	27.915
-0.000830882	-0.00479175	3.84011e-05	27.93
-0.000791344	-0.0048003	3.75534e-05	27.945
-0.00075173	-0.00480851	3.67032e-05	27.96
-0.000712044	-0.00481638	3.58506e-05	27.975
-0.00067229	-0.00482392	3.49955e-05	27.99
-0.000632472	-0.00483111	3.41381e-05	28.005
-0.000592596	-0.00483796	3.32783e-05	28.02
-0.000552665	-0.00484447	3.24164e-05	28.035
-0.000512684	-0.00485063	3.15523e-05	28.05
-0.000472658	-0.00485644	3.06861e-05	28.065
-0.000432591	-0.00486191	2.98178e-05	28.08
-0.000392489	-0.00486703	2.89475e-05	28.095
-0.000352357	-0.0048718	2.80753e-05	28.11
-0.000312198	-0.00487622	2.72013e-05	28.125
-0.000272019	-0.00488029	2.63254e-05	28.14
-0.000231824	-0.00488401	2.54478e-05	28.155
-0.000191617	-0.00488738	2.45685e-05	28.17
-0.000151404	-0.00489041	2.36875e-05	28.185
-0.00011119	-0.00489308	2.2805e-05	28.2
-7.09781e-05	-0.00489542	2.1921e-05	28.215
-3.07744e-05	-0.0048974	2.10355e-05	28.23
9.41689e-06	-0.00489904	2.01487e-05	28.245
4.95914e-05	-0.00490034	1.92605e-05	28.26
8.97448e-05	-0.0049013	1.8371e-05	28.275
0.000129873	-0.00490193	1.74803e-05	28.29
0.000169971	-0.00490221	1.65885e-05	28.305
0.000210036	-0.00490216	1.56956e-05	28.32
0.000250064	-0.00490178	1.48017e-05	28.335
0.000290051	-0.00490107	1.39068e-05	28.35
0.000329994	-0.00490003	1.30109e-05	28.365
0.000369889	-0.00489866	1.21143e-05	28.38
0.000409734	-0.00489698	1.12168e-05	28.395
0.000449526	-0.00489498	1.03186e-05	28.41
0.000489262	-0.00489266	9.41973e-06	28.425
0.00052894	-0.00489003	8.52024e-06	28.44
0.000568558	-0.00488709	7.6202e-06	28.455
0.000608114	-0.00488384	6.71966e-06	28.47
0.000647608	-0.00488029	5.81869e-06	28.485
0.000687037	-0.00487644	4.91733e-06	28.5
0.0007264	-0.00487229	4.01566e-06	28.515
0.000765698	-0.00486785	3.11373e-06	28.53
0.000804929	-0.00486312	2.2116e-06	28.545
0.000844093	-0.00485809	1.30933e-06	28.56
0.00088319	-0.00485278	4.06973e-07	28.575
0.000922221	-0.00484718	-4.95409e-07	28.59
0.000961186	-0.00484129	-1.39776e-06	28.605
0.00100008	-0.00483513	-2.30002e-06	28.62
0.00103892	-0.00482868	-3.20213e-06	28.635
0.00107768	-0.00482194	-4.10403e-06	28.65
0.00111639	-0.00481493	-5.00567e-06	28.665
0.00115502	-0.00480764	-5.90698e-06	28.68
0.0011936	-0.00480007	-6.80792e-06	28.695
0.00123211	-0.00479221	-7.70842e-06	28.71
0.00127056	-0.00478407	-8.60843e-06	28.725
0.00130894	-0.00477566	-9.50788e-06	28.74
0.00134726	-0.00476695	-1.04067e-05	28.755
0.00138551	-0.00475796	-1.13049e-05	28.77
0.0014237	-0.00474869	-1.22024e-05	28.785
0.00146182	-0.00473913	-1.30991e-05	28.8
0.00149988	-0.00472928	-1.39949e-05	28.815
0.00153787	-0.00471913	-1.48899e-05	28.83
0.00157578	-0.0047087	-1.57839e-05	28.845
0.00161362	-0.00469797	-1.66769e-05	28.86
0.00165139	-0.00468694	-1.75689e-05	28.875
0.00168908	-0.00467562	-1.84598e-05	28.89
0.00172669	-0.004664	-1.93495e-05	28.905
0.00176421	-0.00465208	-2.0238e-05	28.92
0.00180165	-0.00463986	-2.11252e-05	28.935
0.001839	-0.00462733	-2.2011e-05	28.95
0.00187626	-0.0046145	-2.28955e-05	28.965
0.00191342	-0.00460137	-2.37786e-05	28.98
0.00195048	-0.00458793	-2.46602e-05	28.995
0.00198744	-0.00457419	-2.55402e-05	29.01
0.00202428	-0.00456014	-2.64186e-05	29.025
0.00206102	-0.00454579	-2.72954e-05	29.04
0.00209764	-0.00453113	-2.81705e-05	29.055
0.00213413	-0.00451616	-2.90438e-05	29.07
0.00217051	-0.00450089	-2.99153e-05	29.085
0.00220675	-0.00448532	-3.0785e-05	29.1
0.00224286	-0.00446944	-3.16527e-05	29.115
0.00227883	-0.00445327	-3.25185e-05	29.13
0.00231466	-0.00443679	-3.33823e-05	29.145
0.00235034	-0.00442001	-3.4244e-05	29.16
0.00238588	-0.00440293	-3.51036e-05	29.175
0.00242126	-0.00438556	-3.5961e-05	29.19
0.00245648	-0.0043679	-3.68162e-05	29.205
0.00249153	-0.00434994	-3.76691e-05	29.22
0.00252642	-0.0043317	-3.85198e-05	29.235
0.00256114	-0.00431316	-3.9368e-05	29.25
0.00259569	-0.00429435	-4.02138e-05	29.265
0.00263005	-0.00427525	-4.10572e-05	29.28
0.00266424	-0.00425588	-4.1898e-05	29.295
0.00269824	-0.00423623	-4.27363e-05	29.31
0.00273205	-0.00421631	-4.3572e-05	29.325
0.00276568	-0.00419613	-4.4405e-05	29.34
0.0027991	-0.00417568	-4.52353e-05	29.355
0.00283233	-0.00415497	-4.60628e-05	29.37
0.00286537	-0.004134	-4.68875e-05	29.385
0.0028982	-0.00411278	-4.77094e-05	29.4
0.00293083	-0.00409132	-4.85283e-05	29.415
0.00296325	-0.00406961	-4.93444e-05	29.43
0.00299547	-0.00404766	-5.01574e-05	29.445
0.00302748	-0.00402548	-5.09674e-05	29.46
0.00305929	-0.00400306	-5.17742e-05	29.475
0.00309088	-0.00398042	-5.2578e-05	29.49
0.00312227	-0.00395755	-5.33786e-05	29.505
0.00315345	-0.00393446	-5.41759e-05	29.52
0.00318442	-0.00391116	-5.497e-05	29.535
0.00321518	-0.00388764	-5.57607e-05	29.55
0.00324573	-0.00386391	-5.65481e-05	29.565
0.00327608	-0.00383998	-5.73321e-05	29.58
0.00330622	-0.00381584	-5.81127e-05	29.595
0.00333616	-0.0037915	-5.88897e-05	29.61
0.00336589	-0.00376696	-5.96632e-05	29.625
0.00339543	-0.00374223	-6.04332e-05	29.64
0.00342476	-0.0037173	-6.11995e-05	29.655
0.00345389	-0.00369217	-6.19621e-05	29.67
0.00348282	-0.00366685	-6.2721e-05	29.685
0.00351156	-0.00364134	-6.34762e-05	29.7
0.0035401	-0.00361563	-6.42276e-05	29.715
0.00356845	-0.00358973	-6.49752e-05	29.73
0.0035966	-0.00356364	-6.57189e-05	29.745
0.00362455	-0.00353736	-6.64586e-05	29.76
0.00365232	-0.00351088	-6.71945e-05	29.775
0.00367989	-0.00348421	-6.79263e-05	29.79
0.00370726	-0.00345735	-6.86541e-05	29.805
0.00373444	-0.00343029	-6.93778e-05	29.82
0.00376143	-0.00340303	-7.00974e-05	29.835
0.00378822	-0.00337558	-7.08128e-05	29.85
0.00381481	-0.00334793	-7.1524e-05	29.865
0.0038412	-0.00332008	-7.22311e-05	29.88
0.0038674	-0.00329203	-7.29338e-05	29.895
0.00389339	-0.00326378	-7.36323e-05	29.91
0.00391917	-0.00323533	-7.43263e-05	29.925
0.00394475	-0.00320669	-7.50161e-05	29.94
0.00397012	-0.00317784	-7.57014e-05	29.955
0.00399528	-0.00314879	-7.63822e-05	29.97
0.00402022	-0.00311954	-7.70586e-05	29.985
