x	v	u	e
0	0.0952538604667	0	6.95334847696e-310
0.010101010101	0.180304680427	0.0859755461889	0.092727185433
0.020202020202	0.256132728198	0.162720475828	0.555011338174
0.030303030303	0.323624091742	0.231121630534	0.915708859233
0.040404040404	0.383579727146	0.291980647643	1.15926630233
0.0505050505051	0.436723637765	0.346022146304	1.33892897879
0.0606060606061	0.483710267533	0.393901127085	1.47841317446
0.0707070707071	0.525131183967	0.436209660656	1.59036878062
0.0808080808081	0.561521119086	0.473482933848	1.68234522589
0.0909090909091	0.593363429942	0.506204714828	1.75921039395
0.10101010101	0.621095034528	0.534812293208	1.82428623812
0.111111111111	0.645110873461	0.559700945518	1.87994026892
0.121212121212	0.665767943006	0.581227971662	1.9279186018
0.131313131313	0.683388940617	0.599716343565	1.96954525366
0.141414141414	0.698265560239	0.615458003268	2.00584738642
0.151515151515	0.710661470999	0.628716844162	2.03763725039
0.161616161616	0.720815009725	0.639731405788	2.06556764006
0.171717171717	0.728941614772	0.64871730974	2.09017051939
0.181818181818	0.735236026016	0.655869461533	2.11188460023
0.191919191919	0.73987427349	0.661364040916	2.13107546338
0.20202020202	0.743015474945	0.66536030098	2.14805052066
0.212121212121	0.744803460721	0.668002194397	2.16307032993
0.222222222222	0.7453682425	0.669419843429	2.17635728184
0.232323232323	0.744827340949	0.6697308687	2.18810235957
0.242424242424	0.743286985806	0.669041590303	2.19847046373
0.252525252525	0.740843200674	0.66744811351	2.20760465367
0.262626262626	0.73758278358	0.665037310175	2.21562955999
0.272727272727	0.733584193336	0.661887705842	2.22265415543
0.282828282828	0.728918350737	0.658070281628	2.22877402407
0.292929292929	0.723649362787	0.653649199062	2.2340732337
0.30303030303	0.717835177337	0.648682455282	2.23862589206
0.313131313131	0.711528174835	0.643222475289	2.24249744838
0.323232323232	0.704775703221	0.637316647292	2.24574578857
0.333333333333	0.697620561428	0.631007806629	2.2484221616
0.343434343434	0.690101436436	0.624334673184	2.25057196685
0.353535353535	0.68225329833	0.617332246785	2.25223542639
0.363636363636	0.674107757407	0.610032164615	2.25344816091
0.373737373737	0.665693386968	0.602463024278	2.25424168489
0.383838383838	0.657036015104	0.594650675833	2.2546438335
0.393939393939	0.648158988445	0.586618485767	2.25467913129
0.40404040404	0.639083410564	0.578387575604	2.25436911106
0.414141414141	0.62982835749	0.569977037595	2.25373258995
0.424242424242	0.620411072498	0.561404129684	2.25278590814
0.434343434343	0.610847142198	0.552684451736	2.25154313515
0.444444444444	0.601150655699	0.543832104845	2.25001624746
0.454545454545	0.591334348483	0.534859835324	2.24821528067
0.464646464646	0.581409732457	0.525779164872	2.24614845904
0.474747474747	0.571387213509	0.516600508228	2.24382230428
0.484848484848	0.56127619777	0.507333279521	2.24124172568
0.494949494949	0.551085187665	0.497985988411	2.23841009273
0.505050505051	0.540821868742	0.48856632698	2.23532929145
0.515151515152	0.53049318815	0.479081248288	2.23199976515
0.525252525253	0.520105425582	0.469537037368	2.22842054016
0.535353535354	0.509664257404	0.459939375414	2.22458923675
0.545454545455	0.499174814619	0.450293397794	2.22050206519
0.555555555556	0.488641735263	0.440603746488	2.21615380678
0.565656565657	0.478069211767	0.430874617493	2.21153777916
0.575757575758	0.467461033771	0.421109803672	2.206645785
0.585858585859	0.456820626819	0.411312733483	2.20146804306
0.59595959596	0.446151087343	0.401486505993	2.19599309983
0.606060606061	0.435455214284	0.391633922521	2.19020771975
0.616161616162	0.424735537669	0.381757515246	2.18409675163
0.626262626263	0.41399434445	0.371859573068	2.17764296788
0.636363636364	0.40323370186	0.361942164975	2.17082687288
0.646464646465	0.392455478517	0.352007161177	2.16362647552
0.656565656566	0.381661363512	0.3420562522	2.15601702019
0.666666666667	0.370852883654	0.332090966152	2.14797066887
0.676767676768	0.360031419061	0.322112684325	2.13945612549
0.686868686869	0.349198217257	0.312122655304	2.13043819143
0.69696969697	0.338354405907	0.302122007713	2.12087723854
0.707070707071	0.327501004334	0.292111761743	2.11072858238
0.717171717172	0.316638933931	0.282092839568	2.09994173432
0.727272727273	0.305769027563	0.272066074765	2.08845950508
0.737373737374	0.294892038081	0.262032220822	2.07621692506
0.747474747475	0.284008646001	0.251991958837	2.06313993686
0.757575757576	0.273119466462	0.241945904469	2.04914380235
0.767676767677	0.262225055498	0.231894614228	2.03413114886
0.777777777778	0.251325915726	0.221838591155	2.01798955512
0.787878787879	0.24042250147	0.211778289964	2.00058854429
0.79797979798	0.229515223407	0.201714121678	1.98177580536
0.808080808081	0.218604452755	0.191646457834	1.96137239827
0.818181818182	0.207690525069	0.18157563427	1.93916660431
0.828282828283	0.196773743665	0.171501954561	1.91490594499
0.838383838384	0.185854382717	0.161425693114	1.88828668724
0.848484848485	0.174932690056	0.151347097971	1.85893984027
0.858585858586	0.164008889706	0.141266393346	1.82641216172
0.868686868687	0.153083184164	0.131183781909	1.7901399132
0.878787878788	0.142155756475	0.121099446859	1.7494118235
0.888888888889	0.131226772094	0.111013553795	1.70331553845
0.89898989899	0.120296380584	0.100926252404	1.65065798104
0.909090909091	0.109364717135	0.090837677992	1.58984291506
0.919191919192	0.0984319039511	0.080747952867	1.51867510044
0.929292929293	0.0874980514933	0.0706571875846	1.43403153056
0.939393939394	0.0765632596115	0.0605654820791	1.33127531977
0.949494949495	0.0656276185617	0.0504729266834	1.2031269083
0.959595959596	0.0546912099288	0.0403796030517	1.03725390475
0.969696969697	0.0437541074591	0.0302855849931	0.810316562823
0.979797979798	0.0328163778138	0.0201909392254	0.469520236345
0.989898989899	0.0218780812494	0.0100957260565	0.154490918167
1	0.0109392722334	5.88857304931e-18	0
