x	v	u	e
0	0.00905119584541	0	0
0.001001001001	0.0180021913904	0.00895912105435	0.0093266301231
0.002002002002	0.0268539846377	0.0178190389826	0.679167582351
0.003003003003	0.0356075636497	0.0265807418556	1.07998661849
0.004004004004	0.0442639066478	0.0352452079026	1.36302951361
0.00500500500501	0.0528239821101	0.0438134056101	1.58154078067
0.00600600600601	0.0612887488687	0.0522862938179	1.75923694468
0.00700700700701	0.0696591562054	0.0606648218161	1.90876912151
0.00800800800801	0.0779361439475	0.0689499294395	2.03768889916
0.00900900900901	0.0861206425612	0.0771425471622	2.15086720607
0.01001001001	0.0942135732453	0.0852435961908	2.2516298773
0.011011011011	0.102215848023	0.0932539885564	2.34234909507
0.012012012012	0.110128369835	0.101174627206	2.4247763904
0.013013013013	0.117952032627	0.109006406095	2.50024189469
0.014014014014	0.125687721442	0.116750210271	2.56977953961
0.015015015015	0.133336312508	0.124406915971	2.63420895778
0.016016016016	0.140898673324	0.131977390701	2.69419089726
0.017017017017	0.148375662751	0.139462493329	2.75026580672
0.018018018018	0.155768131093	0.146863074167	2.8028813751
0.019019019019	0.163076920189	0.154179975059	2.85241261534
0.02002002002	0.170302863488	0.161414029464	2.89917679057
0.021021021021	0.177446786143	0.168566062538	2.94344469486
0.022022022022	0.184509505084	0.175636891222	2.98544930722
0.023023023023	0.191491829107	0.182627324316	3.0253925204
0.024024024024	0.198394558951	0.189538162566	3.0634504365
0.025025025025	0.205218487381	0.196370198745	3.09977758091
0.026026026026	0.211964399265	0.203124217725	3.13451028924
0.027027027027	0.218633071653	0.209800996565	3.16776945469
0.028028028028	0.225225273857	0.216401304582	3.19966277557
0.029029029029	0.231741767526	0.222925903432	3.23028660821
0.03003003003	0.238183306722	0.229375547183	3.25972750565
0.031031031031	0.244550637998	0.235750982395	3.28806350392
0.032032032032	0.25084450047	0.242052948189	3.31536520407
0.033033033033	0.257065625893	0.248282176327	3.34169668757
0.034034034034	0.263214738734	0.254439391282	3.36711629513
0.035035035035	0.269292556244	0.26052531031	3.39167729248
0.036036036036	0.27529978853	0.266540643524	3.41542844243
0.037037037037	0.281237138625	0.272486093965	3.43841449848
0.038038038038	0.287105302562	0.278362357669	3.46067663262
0.039039039039	0.292904969441	0.284170123743	3.48225280753
0.04004004004	0.298636821496	0.289910074428	3.50317810166
0.041041041041	0.30430153417	0.295582885171	3.52348499415
0.042042042042	0.309899776175	0.301189224689	3.54320361546
0.043043043043	0.315432209564	0.306729755043	3.56236196842
0.044044044044	0.320899489797	0.312205131696	3.58098612396
0.045045045045	0.326302265803	0.317616003584	3.59910039479
0.046046046046	0.331641180051	0.322963013179	3.61672748994
0.047047047047	0.336916868606	0.328246796555	3.63388865282
0.048048048048	0.342129961204	0.33346798345	3.6506037846
0.049049049049	0.347281081303	0.338627197329	3.66689155494
0.05005005005	0.352370846155	0.343725055449	3.68276950153
0.0510510510511	0.357399866863	0.348762168918	3.69825411974
0.0520520520521	0.362368748442	0.353739142756	3.71336094362
0.0530530530531	0.367278089885	0.35865657596	3.72810461911
0.0540540540541	0.372128484214	0.363515061558	3.74249897048
0.0550550550551	0.376920518548	0.368315186673	3.75655706061
0.0560560560561	0.381654774156	0.373057532581	3.77029124591
0.0570570570571	0.386331826519	0.377742674766	3.78371322628
0.0580580580581	0.390952245386	0.382371182982	3.79683409085
0.0590590590591	0.395516594831	0.386943621307	3.80966435969
0.0600600600601	0.400025433309	0.391460548203	3.82221402209
0.0610610610611	0.404479313714	0.395922516566	3.83449257165
0.0620620620621	0.408878783433	0.400330073789	3.84650903851
0.0630630630631	0.4132243844	0.40468376181	3.85827201905
0.0640640640641	0.417516653152	0.408984117171	3.86978970315
0.0650650650651	0.421756120882	0.413231671069	3.88106989946
0.0660660660661	0.425943313493	0.41742694941	3.89212005862
0.0670670670671	0.430078751648	0.421570472864	3.90294729487
0.0680680680681	0.434162950825	0.425662756913	3.91355840589
0.0690690690691	0.43819642137	0.429704311906	3.92395989138
0.0700700700701	0.442179668542	0.433695643106	3.93415797012
0.0710710710711	0.446113192572	0.437637250749	3.94415859598
0.0720720720721	0.449997488704	0.441529630083	3.95396747269
0.0730730730731	0.453833047252	0.445373271427	3.96359006767
0.0740740740741	0.457620353648	0.449168660215	3.97303162485
0.0750750750751	0.461359888485	0.452916277045	3.98229717672
0.0760760760761	0.465052127572	0.456616597731	3.99139155549
0.0770770770771	0.468697541979	0.460270093345	4.00031940357
0.0780780780781	0.472296598083	0.463877230269	4.00908518337
0.0790790790791	0.475849757616	0.467438470239	4.01769318647
0.0800800800801	0.479357477711	0.470954270392	4.02614754221
0.0810810810811	0.482820210949	0.474425083312	4.03445222574
0.0820820820821	0.486238405402	0.477851357076	4.04261106561
0.0830830830831	0.489612504681	0.481233535296	4.05062775086
0.0840840840841	0.492942947975	0.484572057168	4.05850583767
0.0850850850851	0.496230170103	0.487867357513	4.06624875574
0.0860860860861	0.49947460155	0.491119866819	4.07385981409
0.0870870870871	0.502676668516	0.49433001129	4.08134220672
0.0880880880881	0.505836792952	0.497498212882	4.08869901784
0.0890890890891	0.508955392611	0.500624889349	4.09593322683
0.0900900900901	0.512032881082	0.503710454285	4.10304771291
0.0910910910911	0.515069667835	0.506755317164	4.11004525959
0.0920920920921	0.518066158264	0.509759883381	4.11692855884
0.0930930930931	0.521022753721	0.512724554295	4.12370021504
0.0940940940941	0.523939851566	0.515649727265	4.13036274875
0.0950950950951	0.526817845195	0.518535795694	4.13691860023
0.0960960960961	0.529657124092	0.521383149067	4.14337013279
0.0970970970971	0.532458073856	0.524192172987	4.14971963603
0.0980980980981	0.535221076251	0.526963249221	4.15596932883
0.0990990990991	0.537946509233	0.529696755729	4.16212136218
0.1001001001	0.540634746997	0.532393066708	4.168177822
0.101101101101	0.543286160011	0.53505255263	4.17414073165
0.102102102102	0.545901115052	0.537675580274	4.18001205442
0.103103103103	0.548479975245	0.540262512768	4.18579369588
0.104104104104	0.551023100095	0.542813709621	4.1914875061
0.105105105105	0.553530845531	0.545329526765	4.19709528178
0.106106106106	0.556003563934	0.547810316584	4.20261876825
0.107107107107	0.558441604176	0.550256427951	4.20805966143
0.108108108108	0.560845311654	0.552668206268	4.21341960966
0.109109109109	0.563215028324	0.555045993494	4.21870021543
0.11011011011	0.565551092739	0.557390128184	4.22390303706
0.111111111111	0.567853840077	0.559700945518	4.22902959033
0.112112112112	0.570123602179	0.56197877734	4.23408134996
0.113113113113	0.57236070758	0.564223952189	4.23905975109
0.114114114114	0.574565481543	0.56643679533	4.24396619069
0.115115115115	0.576738246093	0.568617628791	4.24880202886
0.116116116116	0.578879320044	0.570766771388	4.25356859012
0.117117117117	0.580989019039	0.572884538767	4.25826716463
0.118118118118	0.583067655574	0.574971243427	4.26289900936
0.119119119119	0.585115539033	0.577027194754	4.26746534921
0.12012012012	0.58713297572	0.579052699055	4.27196737808
0.121121121121	0.589120268886	0.581048059583	4.27640625989
0.122122122122	0.591077718764	0.583013576574	4.28078312959
0.123123123123	0.593005622595	0.584949547271	4.28509909407
0.124124124124	0.59490427466	0.586856265957	4.28935523309
0.125125125125	0.596773966308	0.588734023985	4.29355260015
0.126126126126	0.598614985988	0.590583109806	4.29769222333
0.127127127127	0.600427619274	0.592403808996	4.30177510607
0.128128128128	0.602212148897	0.594196404288	4.30580222797
0.129129129129	0.603968854773	0.5959611756	4.3097745455
0.13013013013	0.605698014027	0.597698400061	4.31369299276
0.131131131131	0.607399901026	0.599408352039	4.3175584821
0.132132132132	0.609074787403	0.60109130317	4.32137190484
0.133133133133	0.610722942088	0.602747522385	4.32513413188
0.134134134134	0.612344631329	0.604377275935	4.32884601431
0.135135135135	0.613940118725	0.605980827422	4.33250838398
0.136136136136	0.615509665248	0.607558437819	4.33612205411
0.137137137137	0.617053529271	0.609110365501	4.3396878198
0.138138138138	0.618571966594	0.610636866271	4.34320645858
0.139139139139	0.620065230468	0.612138193382	4.34667873088
0.14014014014	0.621533571623	0.613614597566	4.35010538056
0.141141141141	0.622977238292	0.615066327057	4.35348713537
0.142142142142	0.624396476233	0.616493627617	4.35682470738
0.143143143143	0.625791528759	0.61789674256	4.36011879345
0.144144144144	0.62716263676	0.619275912777	4.36337007565
0.145145145145	0.628510038723	0.620631376759	4.36657922163
0.146146146146	0.629833970762	0.621963370622	4.36974688508
0.147147147147	0.631134666641	0.62327212813	4.37287370606
0.148148148148	0.632412357793	0.624557880719	4.37596031137
0.149149149149	0.633667273347	0.625820857519	4.37900731494
0.15015015015	0.634899640149	0.62706128538	4.38201531816
0.151151151151	0.636109682788	0.62827938889	4.38498491019
0.152152152152	0.637297623612	0.629475390402	4.3879166683
0.153153153153	0.638463682759	0.630649510053	4.39081115819
0.154154154154	0.63960807817	0.631801965789	4.39366893429
0.155155155155	0.64073102562	0.632932973383	4.39649054001
0.156156156156	0.64183273873	0.634042746461	4.39927650808
0.157157157157	0.642913428997	0.63513149652	4.4020273608
0.158158158158	0.64397330581	0.63619943295	4.40474361028
0.159159159159	0.645012576472	0.637246763059	4.40742575874
0.16016016016	0.646031446223	0.638273692085	4.41007429873
0.161161161161	0.647030118256	0.639280423225	4.41268971337
0.162162162162	0.648008793743	0.640267157652	4.41527247658
0.163163163163	0.648967671851	0.641234094535	4.41782305333
0.164164164164	0.649906949763	0.642181431058	4.42034189985
0.165165165165	0.650826822698	0.643109362442	4.42282946381
0.166166166166	0.651727483933	0.644018081965	4.42528618457
0.167167167167	0.652609124816	0.644907780978	4.42771249336
0.168168168168	0.653471934792	0.645778648927	4.43010881346
0.169169169169	0.654316101418	0.64663087337	4.43247556041
0.17017017017	0.655141810383	0.647464639998	4.43481314218
0.171171171171	0.655949245528	0.648280132653	4.43712195937
0.172172172172	0.65673858886	0.649077533344	4.43940240535
0.173173173173	0.657510020576	0.64985702227	4.44165486642
0.174174174174	0.658263719077	0.650618777832	4.44387972202
0.175175175175	0.658999860986	0.651362976656	4.44607734485
0.176176176176	0.659718621169	0.652089793609	4.44824810103
0.177177177177	0.66042017275	0.652799401815	4.45039235025
0.178178178178	0.661104687126	0.653491972676	4.45251044592
0.179179179179	0.661772333991	0.654167675883	4.4546027353
0.18018018018	0.662423281345	0.654826679441	4.45666955966
0.181181181181	0.663057695517	0.655469149679	4.45871125435
0.182182182182	0.66367574118	0.65609525127	4.46072814903
0.183183183183	0.664277581363	0.656705147247	4.46272056771
0.184184184184	0.664863377476	0.657298999019	4.46468882889
0.185185185185	0.665433289319	0.657876966389	4.46663324571
0.186186186186	0.665987475099	0.658439207564	4.46855412605
0.187187187187	0.66652609145	0.658985879181	4.47045177261
0.188188188188	0.667049293445	0.659517136313	4.47232648309
0.189189189189	0.667557234612	0.660033132489	4.47417855021
0.19019019019	0.668050066949	0.660534019709	4.47600826189
0.191191191191	0.668527940942	0.66101994846	4.47781590132
0.192192192192	0.668991005577	0.66149106773	4.47960174702
0.193193193193	0.669439408356	0.661947525022	4.48136607303
0.194194194194	0.669873295313	0.66238946637	4.48310914889
0.195195195195	0.670292811026	0.662817036354	4.48483123984
0.196196196196	0.670698098635	0.663230378115	4.48653260682
0.197197197197	0.671089299851	0.663629633365	4.48821350661
0.198198198198	0.671466554977	0.664014942409	4.4898741919
0.199199199199	0.671830002916	0.664386444152	4.49151491135
0.2002002002	0.67217978119	0.664744276114	4.49313590972
0.201201201201	0.672516025949	0.665088574449	4.4947374279
0.202202202202	0.672838871988	0.665419473952	4.49631970301
0.203203203203	0.67314845276	0.665737108077	4.49788296845
0.204204204204	0.673444900387	0.666041608947	4.49942745402
0.205205205205	0.673728345676	0.666333107371	4.50095338595
0.206206206206	0.673998918132	0.666611732855	4.50246098697
0.207207207207	0.67425674597	0.666877613613	4.5039504764
0.208208208208	0.674501956126	0.667130876585	4.50542207022
0.209209209209	0.674734674274	0.667371647444	4.50687598107
0.21021021021	0.674955024835	0.667600050613	4.50831241842
0.211211211211	0.675163130991	0.667816209275	4.50973158852
0.212212212212	0.675359114697	0.668020245386	4.51113369454
0.213213213213	0.675543096695	0.668212279687	4.5125189366
0.214214214214	0.675715196521	0.668392431719	4.51388751182
0.215215215215	0.675875532523	0.668560819828	4.51523961437
0.216216216216	0.67602422187	0.668717561185	4.51657543557
0.217217217217	0.676161380564	0.668862771791	4.51789516387
0.218218218218	0.67628712345	0.668996566495	4.51919898497
0.219219219219	0.676401564231	0.669119059	4.52048708183
0.22022022022	0.676504815476	0.669230361876	4.52175963473
0.221221221221	0.676596988635	0.669330586572	4.52301682134
0.222222222222	0.676678194046	0.669419843429	4.52425881673
0.223223223223	0.676748540948	0.669498241687	4.52548579342
0.224224224224	0.676808137493	0.669565889498	4.52669792147
0.225225225225	0.676857090756	0.669622893938	4.52789536847
0.226226226226	0.676895506744	0.669669361015	4.52907829962
0.227227227227	0.67692349041	0.669705395682	4.53024687776
0.228228228228	0.67694114566	0.669731101847	4.53140126339
0.229229229229	0.676948575366	0.669746582383	4.53254161475
0.23023023023	0.676945881375	0.669751939138	4.53366808784
0.231231231231	0.67693316452	0.669747272945	4.53478083645
0.232232232232	0.676910524629	0.669732683633	4.53588001222
0.233233233233	0.676878060538	0.669708270039	4.53696576463
0.234234234234	0.676835870094	0.669674130011	4.53803824112
0.235235235235	0.676784050175	0.669630360427	4.53909758703
0.236236236236	0.676722696689	0.669577057197	4.54014394572
0.237237237237	0.676651904592	0.669514315277	4.54117745853
0.238238238238	0.676571767894	0.669442228678	4.54219826487
0.239239239239	0.676482379667	0.669360890472	4.54320650222
0.24024024024	0.676383832057	0.669270392808	4.54420230618
0.241241241241	0.676276216293	0.669170826913	4.54518581048
0.242242242242	0.676159622693	0.669062283108	4.54615714705
0.243243243243	0.676034140679	0.668944850813	4.547116446
0.244244244244	0.675899858778	0.66881861856	4.54806383568
0.245245245245	0.675756864639	0.668683673995	4.5489994427
0.246246246246	0.675605245036	0.668540103894	4.54992339198
0.247247247247	0.67544508588	0.668387994169	4.55083580674
0.248248248248	0.675276472225	0.668227429874	4.55173680854
0.249249249249	0.675099488279	0.668058495217	4.55262651733
0.25025025025	0.674914217409	0.667881273569	4.55350505144
0.251251251251	0.674720742156	0.667695847468	4.55437252765
0.252252252252	0.674519144234	0.667502298631	4.55522906115
0.253253253253	0.674309504547	0.667300707961	4.55607476565
0.254254254254	0.674091903191	0.667091155556	4.55690975331
0.255255255255	0.673866419464	0.666873720715	4.55773413485
0.256256256256	0.673633131876	0.666648481947	4.5585480195
0.257257257257	0.673392118155	0.666415516981	4.55935151508
0.258258258258	0.673143455252	0.66617490277	4.560144728
0.259259259259	0.672887219354	0.665926715501	4.56092776326
0.26026026026	0.672623485889	0.665671030601	4.5617007245
0.261261261261	0.672352329533	0.665407922749	4.56246371404
0.262262262262	0.672073824219	0.665137465878	4.56321683282
0.263263263263	0.671788043143	0.664859733183	4.56396018052
0.264264264264	0.671495058771	0.664574797134	4.56469385552
0.265265265265	0.671194942851	0.664282729475	4.56541795492
0.266266266266	0.670887766411	0.663983601239	4.56613257458
0.267267267267	0.670573599776	0.663677482748	4.56683780913
0.268268268268	0.670252512568	0.663364443628	4.567533752
0.269269269269	0.669924573717	0.663044552806	4.5682204954
0.27027027027	0.669589851466	0.662717878528	4.56889813039
0.271271271271	0.669248413378	0.662384488357	4.56956674687
0.272272272272	0.668900326343	0.662044449184	4.57022643358
0.273273273273	0.668545656585	0.661697827232	4.57087727814
0.274274274274	0.668184469669	0.661344688068	4.57151936708
0.275275275275	0.667816830505	0.660985096603	4.57215278583
0.276276276276	0.66744280336	0.660619117102	4.57277761873
0.277277277277	0.667062451857	0.660246813191	4.57339394907
0.278278278278	0.666675838988	0.659868247862	4.5740018591
0.279279279279	0.666283027116	0.659483483479	4.57460143003
0.28028028028	0.665884077984	0.659092581784	4.57519274206
0.281281281281	0.66547905272	0.658695603905	4.57577587438
0.282282282282	0.665068011842	0.658292610363	4.5763509052
0.283283283283	0.664651015267	0.657883661074	4.57691791176
0.284284284284	0.664228122313	0.657468815357	4.57747697034
0.285285285285	0.663799391708	0.657048131941	4.57802815626
0.286286286286	0.663364881597	0.656621668969	4.57857154392
0.287287287287	0.662924649544	0.656189484008	4.57910720681
0.288288288288	0.662478752539	0.655751634048	4.5796352175
0.289289289289	0.662027247006	0.655308175513	4.58015564765
0.29029029029	0.661570188807	0.654859164265	4.58066856806
0.291291291291	0.661107633246	0.65440465561	4.58117404867
0.292292292292	0.660639635077	0.653944704301	4.58167215853
0.293293293293	0.660166248509	0.653479364549	4.58216296587
0.294294294294	0.659687527212	0.653008690023	4.58264653806
0.295295295295	0.659203524319	0.652532733856	4.58312294168
0.296296296296	0.658714292436	0.652051548656	4.58359224247
0.297297297297	0.658219883643	0.651565186503	4.58405450538
0.298298298298	0.657720349503	0.65107369896	4.58450979456
0.299299299299	0.657215741066	0.650577137077	4.5849581734
0.3003003003	0.65670610887	0.650075551394	4.5853997045
0.301301301301	0.656191502954	0.649568991949	4.5858344497
0.302302302302	0.655671972856	0.649057508281	4.58626247011
0.303303303303	0.655147567621	0.648541149435	4.58668382608
0.304304304304	0.654618335807	0.64801996397	4.58709857724
0.305305305305	0.654084325485	0.647493999957	4.5875067825
0.306306306306	0.65354558425	0.646963304992	4.58790850006
0.307307307307	0.653002159223	0.646427926195	4.5883037874
0.308308308308	0.652454097055	0.645887910219	4.58869270135
0.309309309309	0.651901443931	0.645343303248	4.589075298
0.31031031031	0.651344245579	0.644794151011	4.58945163281
0.311311311311	0.650782547268	0.644240498779	4.58982176056
0.312312312312	0.65021639382	0.643682391371	4.59018573536
0.313313313313	0.649645829606	0.643119873161	4.59054361069
0.314314314314	0.64907089856	0.642552988082	4.59089543938
0.315315315315	0.648491644174	0.641981779628	4.59124127362
0.316316316316	0.64790810951	0.641406290859	4.59158116498
0.317317317317	0.6473203372	0.640826564409	4.59191516443
0.318318318318	0.646728369451	0.640242642485	4.59224332231
0.319319319319	0.646132248049	0.639654566873	4.59256568835
0.32032032032	0.645532014366	0.639062378946	4.59288231172
0.321321321321	0.64492770936	0.638466119662	4.59319324098
0.322322322322	0.644319373581	0.637865829572	4.5934985241
0.323323323323	0.643707047178	0.637261548824	4.59379820851
0.324324324324	0.643090769895	0.636653317164	4.59409234104
0.325325325325	0.642470581086	0.636041173944	4.59438096798
0.326326326326	0.641846519708	0.635425158123	4.59466413508
0.327327327327	0.641218624333	0.634805308273	4.59494188751
0.328328328328	0.640586933147	0.634181662581	4.59521426994
0.329329329329	0.639951483958	0.633554258853	4.59548132649
0.33033033033	0.639312314195	0.632923134521	4.59574310075
0.331331331331	0.638669460915	0.632288326642	4.59599963579
0.332332332332	0.638022960807	0.631649871904	4.59625097419
0.333333333333	0.637372850193	0.631007806629	4.59649715799
0.334334334334	0.636719165035	0.63036216678	4.59673822876
0.335335335335	0.636061940934	0.62971298796	4.59697422756
0.336336336336	0.635401213139	0.629060305416	4.59720519496
0.337337337337	0.634737016548	0.628404154046	4.59743117105
0.338338338338	0.634069385709	0.627744568401	4.59765219544
0.339339339339	0.633398354827	0.627081582684	4.59786830727
0.34034034034	0.632723957769	0.626415230763	4.59807954521
0.341341341341	0.63204622806	0.625745546163	4.59828594749
0.342342342342	0.631365198895	0.625072562079	4.59848755185
0.343343343343	0.630680903136	0.624396311375	4.59868439561
0.344344344344	0.629993373319	0.623716826585	4.59887651562
0.345345345345	0.629302641656	0.623034139922	4.5990639483
0.346346346346	0.628608740036	0.622348283276	4.59924672965
0.347347347347	0.627911700033	0.621659288221	4.59942489522
0.348348348348	0.627211552906	0.620967186015	4.59959848014
0.349349349349	0.626508329601	0.620272007606	4.59976751912
0.35035035035	0.625802060758	0.619573783634	4.59993204646
0.351351351351	0.62509277671	0.618872544432	4.60009209604
0.352352352352	0.62438050749	0.618168320032	4.60024770133
0.353353353353	0.623665282829	0.617461140167	4.60039889542
0.354354354354	0.622947132164	0.616751034273	4.60054571097
0.355355355355	0.622226084638	0.616038031495	4.60068818029
0.356356356356	0.621502169105	0.615322160685	4.60082633526
0.357357357357	0.620775414129	0.614603450409	4.60096020739
0.358358358358	0.620045847992	0.613881928948	4.60108982781
0.359359359359	0.619313498694	0.613157624302	4.60121522729
0.36036036036	0.618578393954	0.612430564193	4.60133643621
0.361361361361	0.617840561217	0.611700776063	4.60145348457
0.362362362362	0.617100027655	0.610968287085	4.60156640204
0.363363363363	0.616356820167	0.61023312416	4.6016752179
0.364364364364	0.615610965387	0.609495313919	4.60177996108
0.365365365365	0.61486248968	0.608754882731	4.60188066018
0.366366366366	0.614111419153	0.608011856701	4.60197734342
0.367367367367	0.61335777965	0.607266261672	4.6020700387
0.368368368368	0.612601596757	0.606518123233	4.60215877356
0.369369369369	0.611842895807	0.605767466717	4.60224357521
0.37037037037	0.611081701881	0.605014317202	4.60232447053
0.371371371371	0.610318039808	0.604258699521	4.60240148606
0.372372372372	0.609551934171	0.603500638255	4.60247464802
0.373373373373	0.608783409309	0.602740157744	4.6025439823
0.374374374374	0.608012489317	0.601977282083	4.60260951447
0.375375375375	0.607239198051	0.601212035128	4.6026712698
0.376376376376	0.606463559129	0.600444440497	4.60272927322
0.377377377377	0.605685595933	0.599674521574	4.60278354936
0.378378378378	0.604905331615	0.598902301507	4.60283412255
0.379379379379	0.604122789092	0.598127803218	4.6028810168
0.38038038038	0.603337991056	0.597351049398	4.60292425584
0.381381381381	0.602550959972	0.59657206251	4.60296386307
0.382382382382	0.601761718082	0.595790864798	4.60299986162
0.383383383383	0.600970287406	0.595007478281	4.60303227433
0.384384384384	0.600176689743	0.59422192476	4.60306112372
0.385385385385	0.599380946677	0.593434225817	4.60308643206
0.386386386386	0.598583079577	0.592644402823	4.60310822132
0.387387387387	0.597783109598	0.591852476932	4.60312651317
0.388388388388	0.596981057684	0.59105846909	4.60314132904
0.389389389389	0.596176944573	0.590262400032	4.60315269006
0.39039039039	0.595370790794	0.58946429029	4.60316061707
0.391391391391	0.594562616672	0.588664160187	4.60316513068
0.392392392392	0.593752442329	0.587862029848	4.60316625121
0.393393393393	0.592940287689	0.587057919194	4.60316399871
0.394394394394	0.592126172475	0.58625184795	4.60315839297
0.395395395395	0.591310116214	0.585443835643	4.60314945353
0.396396396396	0.59049213824	0.584633901607	4.60313719967
0.397397397397	0.589672257693	0.583822064982	4.60312165039
0.398398398398	0.588850493522	0.583008344717	4.60310282447
0.399399399399	0.588026864489	0.582192759575	4.60308074042
0.4004004004	0.587201389168	0.58137532813	4.6030554165
0.401401401401	0.586374085948	0.58055606877	4.60302687074
0.402402402402	0.585544973036	0.579734999702	4.60299512092
0.403403403403	0.584714068455	0.578912138951	4.60296018455
0.404404404404	0.58388139005	0.578087504362	4.60292207894
0.405405405405	0.583046955491	0.577261113602	4.60288082115
0.406406406406	0.582210782267	0.576432984164	4.60283642798
0.407407407407	0.581372887696	0.575603133365	4.60278891604
0.408408408408	0.580533288922	0.574771578349	4.60273830167
0.409409409409	0.579692002921	0.573938336091	4.602684601
0.41041041041	0.578849046496	0.573103423395	4.60262782993
0.411411411411	0.578004436285	0.5722668569	4.60256800414
0.412412412412	0.577158188761	0.571428653077	4.60250513906
0.413413413413	0.57631032023	0.570588828235	4.60243924993
0.414414414414	0.575460846838	0.569747398518	4.60237035176
0.415415415415	0.57460978457	0.568904379912	4.60229845934
0.416416416416	0.573757149251	0.568059788241	4.60222358724
0.417417417417	0.572902956549	0.567213639174	4.60214574982
0.418418418418	0.572047221975	0.566365948223	4.60206496123
0.419419419419	0.571189960887	0.565516730745	4.6019812354
0.42042042042	0.570331188488	0.564666001943	4.60189458607
0.421421421421	0.569470919832	0.563813776872	4.60180502674
0.422422422422	0.568609169821	0.562960070434	4.60171257075
0.423423423423	0.56774595321	0.562104897383	4.60161723119
0.424424424424	0.566881284607	0.561248272327	4.60151902098
0.425425425425	0.566015178472	0.560390209729	4.60141795282
0.426426426426	0.565147649125	0.559530723905	4.60131403922
0.427427427427	0.56427871074	0.558669829033	4.60120729249
0.428428428428	0.563408377351	0.557807539145	4.60109772475
0.429429429429	0.562536662853	0.556943868136	4.60098534791
0.43043043043	0.561663581002	0.556078829763	4.6008701737
0.431431431431	0.560789145417	0.555212437645	4.60075221366
0.432432432432	0.559913369581	0.554344705264	4.60063147913
0.433433433433	0.559036266843	0.55347564597	4.60050798125
0.434434434434	0.558157850419	0.552605272979	4.60038173101
0.435435435435	0.557278133394	0.551733599376	4.60025273919
0.436436436436	0.556397128721	0.550860638115	4.60012101637
0.437437437437	0.555514849226	0.549986402021	4.59998657297
0.438438438438	0.554631307605	0.549110903791	4.59984941923
0.439439439439	0.553746516431	0.548234155997	4.59970956519
0.44044044044	0.552860488148	0.547356171083	4.59956702072
0.441441441441	0.551973235079	0.546476961373	4.59942179552
0.442442442442	0.551084769421	0.545596539065	4.5992738991
0.443443443443	0.550195103254	0.544714916237	4.59912334079
0.444444444444	0.549304248533	0.543832104845	4.59897012977
0.445445445445	0.548412217097	0.542948116729	4.59881427502
0.446446446446	0.547519020666	0.542062963607	4.59865578536
0.447447447447	0.546624670843	0.541176657085	4.59849466943
0.448448448448	0.545729179117	0.54028920865	4.59833093572
0.449449449449	0.544832556861	0.539400629675	4.59816459253
0.45045045045	0.543934815334	0.53851093142	4.59799564799
0.451451451451	0.543035965686	0.537620125035	4.59782411008
0.452452452452	0.542136018953	0.536728221555	4.59764998661
0.453453453453	0.541234986062	0.535835231908	4.59747328521
0.454454454454	0.540332877831	0.534941166912	4.59729401335
0.455455455455	0.53942970497	0.534046037279	4.59711217837
0.456456456456	0.538525478085	0.533149853611	4.59692778739
0.457457457457	0.537620207672	0.532252626406	4.59674084742
0.458458458458	0.536713904125	0.53135436606	4.59655136529
0.459459459459	0.535806577734	0.530455082862	4.59635934765
0.46046046046	0.534898238688	0.529554786999	4.59616480103
0.461461461461	0.533988897072	0.528653488557	4.59596773178
0.462462462462	0.533078562871	0.527751197524	4.59576814609
0.463463463463	0.532167245973	0.526847923784	4.59556605002
0.464464464464	0.531254956164	0.525943677125	4.59536144943
0.465465465465	0.530341703136	0.525038467239	4.59515435006
0.466466466466	0.529427496481	0.524132303718	4.5949447575
0.467467467467	0.528512345698	0.523225196062	4.59473267717
0.468468468468	0.52759626019	0.522317153673	4.59451811434
0.469469469469	0.526679249268	0.521408185862	4.59430107413
0.47047047047	0.525761322149	0.520498301846	4.59408156151
0.471471471471	0.524842487958	0.519587510751	4.59385958131
0.472472472472	0.523922755729	0.51867582161	4.59363513819
0.473473473473	0.523002134407	0.51776324337	4.59340823669
0.474474474474	0.522080632848	0.516849784884	4.59317888118
0.475475475475	0.521158259819	0.515935454921	4.59294707588
0.476476476476	0.520235024	0.51502026216	4.59271282488
0.477477477477	0.519310933983	0.514104215196	4.59247613212
0.478478478478	0.518385998277	0.513187322535	4.59223700138
0.479479479479	0.517460225306	0.512269592601	4.59199543632
0.48048048048	0.516533623408	0.511351033734	4.59175144043
0.481481481481	0.51560620084	0.51043165419	4.59150501707
0.482482482482	0.514677965774	0.509511462142	4.59125616946
0.483483483483	0.513748926305	0.508590465683	4.59100490067
0.484484484484	0.512819090444	0.507668672826	4.59075121363
0.485485485485	0.511888466123	0.506746091502	4.59049511113
0.486486486486	0.510957061195	0.505822729565	4.59023659582
0.487487487487	0.510024883435	0.504898594789	4.5899756702
0.488488488488	0.509091940541	0.503973694873	4.58971233664
0.489489489489	0.508158240133	0.503048037437	4.58944659737
0.49049049049	0.507223789756	0.502121630025	4.58917845448
0.491491491491	0.50628859688	0.501194480109	4.58890790991
0.492492492492	0.505352668901	0.500266595082	4.58863496547
0.493493493493	0.504416013139	0.499337982268	4.58835962284
0.494494494494	0.503478636845	0.498408648914	4.58808188355
0.495495495495	0.502540547193	0.497478602197	4.587801749
0.496496496496	0.50160175129	0.496547849223	4.58751922045
0.497497497497	0.50066225617	0.495616397026	4.58723429901
0.498498498498	0.499722068797	0.494684252571	4.58694698569
0.499499499499	0.498781196066	0.493751422751	4.58665728131
0.5005005005	0.497839644803	0.492817914394	4.58636518661
0.501501501501	0.496897421766	0.491883734258	4.58607070216
0.502502502502	0.495954533646	0.490948889033	4.58577382839
0.503503503503	0.495010987068	0.490013385344	4.58547456563
0.504504504504	0.49406678859	0.48907722975	4.58517291404
0.505505505506	0.493121944705	0.488140428743	4.58486887366
0.506506506507	0.49217646184	0.487202988752	4.58456244439
0.507507507508	0.491230346361	0.486264916141	4.584253626
0.508508508509	0.490283604569	0.485326217211	4.58394241813
0.50950950951	0.489336242701	0.484386898201	4.58362882028
0.510510510511	0.488388266933	0.483446965285	4.58331283181
0.511511511512	0.48743968338	0.48250642458	4.58299445196
0.512512512513	0.486490498096	0.481565282138	4.58267367983
0.513513513514	0.485540717073	0.480623543952	4.58235051439
0.514514514515	0.484590346246	0.479681215958	4.58202495445
0.515515515516	0.483639391488	0.478738304028	4.58169699874
0.516516516517	0.482687858617	0.477794813979	4.5813666458
0.517517517518	0.481735753389	0.476850751569	4.58103389408
0.518518518519	0.480783081507	0.4759061225	4.58069874187
0.51951951952	0.479829848612	0.474960932414	4.58036118733
0.520520520521	0.478876060294	0.4740151869	4.58002122851
0.521521521522	0.477921722084	0.473068891489	4.57967886329
0.522522522523	0.47696683946	0.47212205166	4.57933408945
0.523523523524	0.476011417843	0.471174672833	4.57898690461
0.524524524525	0.475055462603	0.470226760379	4.57863730629
0.525525525526	0.474098979053	0.46927831961	4.57828529183
0.526526526527	0.473141972457	0.468329355791	4.57793085848
0.527527527528	0.472184448023	0.46737987413	4.57757400333
0.528528528529	0.47122641091	0.466429879785	4.57721472335
0.52952952953	0.470267866223	0.465479377862	4.57685301537
0.530530530531	0.469308819019	0.464528373418	4.57648887608
0.531531531532	0.468349274301	0.463576871456	4.57612230205
0.532532532533	0.467389237026	0.462624876933	4.57575328971
0.533533533534	0.4664287121	0.461672394754	4.57538183534
0.534534534535	0.465467704379	0.460719429777	4.57500793512
0.535535535536	0.464506218672	0.45976598681	4.57463158506
0.536536536537	0.463544259741	0.458812070614	4.57425278105
0.537537537538	0.462581832297	0.457857685902	4.57387151884
0.538538538539	0.461618941008	0.456902837341	4.57348779406
0.53953953954	0.460655590494	0.455947529551	4.57310160219
0.540540540541	0.459691785329	0.454991767106	4.57271293856
0.541541541542	0.45872753004	0.454035554533	4.5723217984
0.542542542543	0.457762829111	0.453078896318	4.57192817678
0.543543543544	0.456797686982	0.452121796897	4.57153206862
0.544544544545	0.455832108045	0.451164260666	4.57113346873
0.545545545546	0.454866096652	0.450206291975	4.57073237177
0.546546546547	0.453899657111	0.449247895131	4.57032877226
0.547547547548	0.452932793685	0.4482890744	4.56992266458
0.548548548549	0.451965510596	0.447329834002	4.56951404298
0.54954954955	0.450997812025	0.446370178119	4.56910290156
0.550550550551	0.450029702109	0.445410110887	4.56868923429
0.551551551552	0.449061184945	0.444449636405	4.568273035
0.552552552553	0.448092264591	0.443488758728	4.56785429736
0.553553553554	0.447122945061	0.442527481872	4.56743301493
0.554554554555	0.446153230331	0.441565809813	4.5670091811
0.555555555556	0.445183124338	0.440603746488	4.56658278913
0.556556556557	0.444212630979	0.439641295793	4.56615383214
0.557557557558	0.443241754112	0.438678461587	4.5657223031
0.558558558559	0.442270497556	0.437715247689	4.56528819483
0.55955955956	0.441298865094	0.436751657882	4.56485150004
0.560560560561	0.440326860468	0.435787695908	4.56441221125
0.561561561562	0.439354487388	0.434823365476	4.56397032085
0.562562562563	0.438381749521	0.433858670255	4.56352582111
0.563563563564	0.437408650501	0.432893613878	4.56307870411
0.564564564565	0.436435193926	0.431928199942	4.56262896181
0.565565565566	0.435461383356	0.43096243201	4.56217658601
0.566566566567	0.434487222318	0.429996313605	4.56172156838
0.567567567568	0.433512714303	0.42902984822	4.56126390041
0.568568568569	0.432537862765	0.428063039311	4.56080357347
0.56956956957	0.431562671127	0.427095890298	4.56034057875
0.570570570571	0.430587142776	0.426128404569	4.55987490732
0.571571571572	0.429611281066	0.425160585479	4.55940655006
0.572572572573	0.428635089317	0.424192436346	4.55893549773
0.573573573574	0.427658570816	0.423223960459	4.55846174091
0.574574574575	0.426681728817	0.422255161073	4.55798527005
0.575575575576	0.425704566544	0.421286041408	4.55750607543
0.576576576577	0.424727087185	0.420316604655	4.55702414716
0.577577577578	0.423749293899	0.419346853973	4.55653947522
0.578578578579	0.422771189813	0.418376792487	4.5560520494
0.57957957958	0.421792778022	0.417406423295	4.55556185937
0.580580580581	0.420814061592	0.41643574946	4.5550688946
0.581581581582	0.419835043555	0.415464774016	4.55457314441
0.582582582583	0.418855726917	0.414493499969	4.55407459798
0.583583583584	0.417876114651	0.413521930291	4.55357324429
0.584584584585	0.416896209702	0.412550067928	4.55306907219
0.585585585586	0.415916014985	0.411577915794	4.55256207033
0.586586586587	0.414935533386	0.410605476776	4.55205222722
0.587587587588	0.413954767762	0.409632753731	4.5515395312
0.588588588589	0.412973720943	0.408659749488	4.55102397042
0.58958958959	0.411992395729	0.407686466848	4.55050553287
0.590590590591	0.411010794893	0.406712908584	4.54998420639
0.591591591592	0.41002892118	0.40573907744	4.54945997861
0.592592592593	0.409046777308	0.404764976135	4.54893283701
0.593593593594	0.408064365968	0.40379060736	4.54840276889
0.594594594595	0.407081689824	0.402815973779	4.54786976138
0.595595595596	0.406098751513	0.401841078028	4.54733380142
0.596596596597	0.405115553646	0.40086592272	4.54679487577
0.597597597598	0.40413209881	0.39989051044	4.54625297101
0.598598598599	0.403148389562	0.398914843746	4.54570807357
0.5995995996	0.402164428438	0.397938925174	4.54516016964
0.600600600601	0.401180217945	0.396962757231	4.54460924528
0.601601601602	0.400195760568	0.395986342401	4.54405528632
0.602602602603	0.399211058766	0.395009683145	4.54349827843
0.603603603604	0.398226114972	0.394032781895	4.54293820709
0.604604604605	0.397240931598	0.393055641062	4.54237505757
0.605605605606	0.396255511029	0.392078263033	4.54180881496
0.606606606607	0.395269855628	0.39110065017	4.54123946417
0.607607607608	0.394283967734	0.390122804812	4.54066698989
0.608608608609	0.393297849663	0.389144729275	4.54009137663
0.60960960961	0.392311503707	0.388166425851	4.53951260869
0.610610610611	0.391324932136	0.38718789681	4.53893067017
0.611611611612	0.390338137197	0.386209144399	4.53834554499
0.612612612613	0.389351121115	0.385230170843	4.53775721683
0.613613613614	0.388363886092	0.384250978345	4.53716566919
0.614614614615	0.387376434309	0.383271569085	4.53657088536
0.615615615616	0.386388767925	0.382291945222	4.53597284842
0.616616616617	0.385400889078	0.381312108894	4.53537154122
0.617617617618	0.384412799883	0.380332062217	4.53476694642
0.618618618619	0.383424502437	0.379351807286	4.53415904646
0.61961961962	0.382435998812	0.378371346175	4.53354782356
0.620620620621	0.381447291062	0.377390680938	4.53293325971
0.621621621622	0.380458381221	0.376409813607	4.53231533671
0.622622622623	0.379469271301	0.375428746197	4.53169403609
0.623623623624	0.378479963296	0.374447480699	4.53106933921
0.624624624625	0.377490459178	0.373466019086	4.53044122715
0.625625625626	0.3765007609	0.372484363312	4.5298096808
0.626626626627	0.375510870397	0.371502515311	4.52917468079
0.627627627628	0.374520789582	0.370520476998	4.52853620753
0.628628628629	0.373530520352	0.369538250267	4.5278942412
0.62962962963	0.372540064583	0.368555836995	4.52724876172
0.630630630631	0.371549424133	0.367573239041	4.5265997488
0.631631631632	0.370558600841	0.366590458244	4.52594718186
0.632632632633	0.369567596529	0.365607496425	4.52529104013
0.633633633634	0.368576412999	0.364624355387	4.52463130255
0.634634634635	0.367585052037	0.363641036915	4.52396794781
0.635635635636	0.366593515409	0.362657542776	4.52330095438
0.636636636637	0.365601804866	0.36167387472	4.52263030044
0.637637637638	0.36460992214	0.36069003448	4.52195596393
0.638638638639	0.363617868945	0.359706023769	4.5212779225
0.63963963964	0.36262564698	0.358721844287	4.52059615358
0.640640640641	0.361633257925	0.357737497713	4.5199106343
0.641641641642	0.360640703444	0.356752985713	4.51922134153
0.642642642643	0.359647985186	0.355768309934	4.51852825186
0.643643643644	0.358655104782	0.354783472007	4.51783134161
0.644644644645	0.357662063846	0.353798473547	4.51713058682
0.645645645646	0.356668863977	0.352813316153	4.51642596326
0.646646646647	0.355675506759	0.351828001409	4.51571744638
0.647647647648	0.354681993759	0.35084253088	4.51500501139
0.648648648649	0.353688326528	0.34985690612	4.51428863317
0.64964964965	0.352694506602	0.348871128664	4.51356828631
0.650650650651	0.351700535502	0.347885200032	4.51284394512
0.651651651652	0.350706414734	0.346899121732	4.51211558359
0.652652652653	0.349712145789	0.345912895252	4.51138317542
0.653653653654	0.348717730143	0.34492652207	4.51064669399
0.654654654655	0.347723169256	0.343940003647	4.50990611238
0.655655655656	0.346728464575	0.342953341428	4.50916140333
0.656656656657	0.345733617533	0.341966536847	4.50841253929
0.657657657658	0.344738629547	0.340979591321	4.50765949237
0.658658658659	0.343743502021	0.339992506254	4.50690223435
0.65965965966	0.342748236346	0.339005283036	4.5061407367
0.660660660661	0.341752833896	0.338017923043	4.50537497053
0.661661661662	0.340757296035	0.337030427637	4.50460490663
0.662662662663	0.33976162411	0.336042798167	4.50383051543
0.663663663664	0.338765819458	0.335055035968	4.50305176703
0.664664664665	0.3377698834	0.334067142362	4.50226863117
0.665665665666	0.336773817246	0.333079118658	4.50148107724
0.666666666667	0.33577762229	0.332090966152	4.50068907427
0.667667667668	0.334781299816	0.331102686126	4.49989259091
0.668668668669	0.333784851093	0.330114279852	4.49909159546
0.66966966967	0.33278827738	0.329125748585	4.49828605584
0.670670670671	0.331791579921	0.328137093572	4.4974759396
0.671671671672	0.330794759949	0.327148316044	4.49666121389
0.672672672673	0.329797818684	0.326159417222	4.49584184549
0.673673673674	0.328800757333	0.325170398314	4.49501780079
0.674674674675	0.327803577094	0.324181260517	4.49418904576
0.675675675676	0.32680627915	0.323192005013	4.49335554598
0.676676676677	0.325808864673	0.322202632976	4.49251726663
0.677677677678	0.324811334825	0.321213145567	4.49167417248
0.678678678679	0.323813690754	0.320223543933	4.49082622786
0.67967967968	0.322815933598	0.319233829214	4.4899733967
0.680680680681	0.321818064484	0.318244002535	4.48911564249
0.681681681682	0.320820084525	0.317254065012	4.48825292828
0.682682682683	0.319821994828	0.316264017748	4.48738521669
0.683683683684	0.318823796484	0.315273861837	4.4865124699
0.684684684685	0.317825490575	0.314283598361	4.48563464963
0.685685685686	0.316827078173	0.31329322839	4.48475171712
0.686686686687	0.315828560339	0.312302752987	4.48386363319
0.687687687688	0.314829938123	0.3113121732	4.48297035816
0.688688688689	0.313831212564	0.31032149007	4.48207185188
0.68968968969	0.312832384692	0.309330704626	4.48116807371
0.690690690691	0.311833455526	0.308339817886	4.48025898255
0.691691691692	0.310834426074	0.307348830861	4.47934453676
0.692692692693	0.309835297336	0.306357744548	4.47842469423
0.693693693694	0.3088360703	0.305366559936	4.47749941232
0.694694694695	0.307836745946	0.304375278006	4.4765686479
0.695695695696	0.306837325242	0.303383899725	4.47563235728
0.696696696697	0.305837809149	0.302392426054	4.47469049627
0.697697697698	0.304838198617	0.301400857942	4.47374302012
0.698698698699	0.303838494585	0.300409196331	4.47278988355
0.6996996997	0.302838697986	0.299417442152	4.47183104071
0.700700700701	0.301838809741	0.298425596326	4.4708664452
0.701701701702	0.300838830763	0.297433659767	4.46989605004
0.702702702703	0.299838761957	0.296441633377	4.46891980769
0.703703703704	0.298838604215	0.295449518053	4.46793767001
0.704704704705	0.297838358425	0.294457314679	4.46694958825
0.705705705706	0.296838025464	0.293465024132	4.4659555131
0.706706706707	0.295837606199	0.292472647282	4.46495539459
0.707707707708	0.29483710149	0.291480184987	4.46394918217
0.708708708709	0.293836512188	0.290487638098	4.46293682462
0.70970970971	0.292835839137	0.289495007459	4.46191827013
0.710710710711	0.291835083168	0.288502293902	4.46089346619
0.711711711712	0.29083424511	0.287509498255	4.45986235967
0.712712712713	0.289833325779	0.286516621334	4.45882489676
0.713713713714	0.288832325985	0.28552366395	4.45778102295
0.714714714715	0.287831246529	0.284530626903	4.45673068309
0.715715715716	0.286830088205	0.283537510987	4.45567382128
0.716716716717	0.285828851798	0.282544316988	4.45461038096
0.717717717718	0.284827538086	0.281551045683	4.4535403048
0.718718718719	0.283826147839	0.280557697843	4.45246353479
0.71971971972	0.28282468182	0.279564274229	4.45138001214
0.720720720721	0.281823140782	0.278570775596	4.45028967732
0.721721721722	0.280821525473	0.277577202692	4.44919247005
0.722722722723	0.279819836633	0.276583556256	4.44808832925
0.723723723724	0.278818074994	0.27558983702	4.44697719307
0.724724724725	0.277816241282	0.27459604571	4.44585899885
0.725725725726	0.276814336214	0.273602183044	4.44473368312
0.726726726727	0.2758123605	0.272608249732	4.44360118158
0.727727727728	0.274810314845	0.271614246478	4.44246142911
0.728728728729	0.273808199945	0.270620173979	4.44131435971
0.72972972973	0.27280601649	0.269626032924	4.44015990654
0.730730730731	0.271803765163	0.268631823995	4.43899800186
0.731731731732	0.270801446639	0.26763754787	4.43782857705
0.732732732733	0.269799061589	0.266643205218	4.43665156259
0.733733733734	0.268796610673	0.2656487967	4.43546688801
0.734734734735	0.26779409455	0.264654322973	4.43427448194
0.735735735736	0.266791513867	0.263659784687	4.43307427203
0.736736736737	0.265788869268	0.262665182484	4.43186618497
0.737737737738	0.26478616139	0.261670517001	4.43065014648
0.738738738739	0.263783390863	0.260675788869	4.42942608125
0.73973973974	0.262780558311	0.259680998711	4.42819391299
0.740740740741	0.261777664351	0.258686147146	4.42695356436
0.741741741742	0.260774709596	0.257691234784	4.42570495696
0.742742742743	0.259771694651	0.256696262231	4.42444801135
0.743743743744	0.258768620115	0.255701230087	4.42318264697
0.744744744745	0.257765486581	0.254706138946	4.4219087822
0.745745745746	0.256762294639	0.253710989395	4.42062633426
0.746746746747	0.255759044868	0.252715782015	4.41933521924
0.747747747748	0.254755737846	0.251720517383	4.41803535208
0.748748748749	0.253752374142	0.250725196069	4.41672664654
0.74974974975	0.252748954321	0.249729818638	4.41540901516
0.750750750751	0.251745478942	0.248734385648	4.41408236928
0.751751751752	0.250741948558	0.247738897653	4.41274661899
0.752752752753	0.249738363718	0.2467433552	4.41140167312
0.753753753754	0.248734724963	0.245747758833	4.4100474392
0.754754754755	0.24773103283	0.244752109087	4.40868382348
0.755755755756	0.246727287852	0.243756406496	4.40731073086
0.756756756757	0.245723490554	0.242760651584	4.40592806489
0.757757757758	0.244719641458	0.241764844874	4.40453572773
0.758758758759	0.243715741079	0.240768986881	4.40313362016
0.75975975976	0.242711789929	0.239773078115	4.40172164151
0.760760760761	0.241707788513	0.238777119084	4.40029968969
0.761761761762	0.240703737331	0.237781110286	4.39886766109
0.762762762763	0.23969963688	0.236785052219	4.39742545061
0.763763763764	0.238695487649	0.235788945372	4.39597295164
0.764764764765	0.237691290126	0.234792790231	4.39451005598
0.765765765766	0.23668704479	0.233796587278	4.39303665384
0.766766766767	0.235682752119	0.232800336989	4.39155263384
0.767767767768	0.234678412583	0.231804039835	4.39005788291
0.768768768769	0.23367402665	0.230807696283	4.38855228634
0.76976976977	0.232669594781	0.229811306795	4.38703572768
0.770770770771	0.231665117434	0.228814871828	4.38550808876
0.771771771772	0.230660595062	0.227818391837	4.38396924963
0.772772772773	0.229656028113	0.226821867268	4.38241908852
0.773773773774	0.228651417032	0.225825298566	4.38085748183
0.774774774775	0.227646762257	0.224828686171	4.37928430408
0.775775775776	0.226642064225	0.223832030517	4.37769942786
0.776776776777	0.225637323366	0.222835332037	4.37610272385
0.777777777778	0.224632540107	0.221838591155	4.37449406071
0.778778778779	0.223627714869	0.220841808295	4.37287330507
0.77977977978	0.222622848071	0.219844983875	4.37124032153
0.780780780781	0.221617940127	0.218848118308	4.36959497256
0.781781781782	0.220612991447	0.217851212005	4.36793711848
0.782782782783	0.219608002437	0.216854265371	4.36626661743
0.783783783784	0.218602973497	0.215857278807	4.36458332532
0.784784784785	0.217597905027	0.214860252712	4.3628870958
0.785785785786	0.216592797419	0.21386318748	4.36117778016
0.786786786787	0.215587651063	0.212866083499	4.35945522736
0.787787787788	0.214582466346	0.211868941157	4.35771928392
0.788788788789	0.213577243649	0.210871760834	4.35596979392
0.78978978979	0.212571983351	0.20987454291	4.35420659891
0.790790790791	0.211566685826	0.208877287759	4.35242953788
0.791791791792	0.210561351446	0.207879995752	4.3506384472
0.792792792793	0.209555980576	0.206882667255	4.34883316058
0.793793793794	0.20855057358	0.205885302633	4.34701350899
0.794794794795	0.20754513082	0.204887902244	4.34517932063
0.795795795796	0.206539652649	0.203890466446	4.34333042085
0.796796796797	0.205534139422	0.202892995591	4.34146663212
0.797797797798	0.204528591487	0.201895490028	4.33958777392
0.798798798799	0.203523009191	0.200897950103	4.33769366273
0.7997997998	0.202517392874	0.199900376157	4.33578411193
0.800800800801	0.201511742877	0.198902768531	4.33385893176
0.801801801802	0.200506059535	0.197905127559	4.33191792923
0.802802802803	0.199500343179	0.196907453574	4.32996090807
0.803803803804	0.198494594139	0.195909746904	4.32798766863
0.804804804805	0.19748881274	0.194912007874	4.32599800785
0.805805805806	0.196482999304	0.193914236808	4.32399171914
0.806806806807	0.195477154151	0.192916434024	4.32196859235
0.807807807808	0.194471277597	0.191918599839	4.31992841364
0.808808808809	0.193465369953	0.190920734564	4.31787096543
0.80980980981	0.19245943153	0.18992283851	4.31579602633
0.810810810811	0.191453462635	0.188924911982	4.31370337101
0.811811811812	0.190447463571	0.187926955286	4.31159277015
0.812812812813	0.189441434638	0.186928968721	4.30946399034
0.813813813814	0.188435376134	0.185930952584	4.30731679398
0.814814814815	0.187429288353	0.18493290717	4.30515093918
0.815815815816	0.186423171587	0.183934832772	4.30296617967
0.816816816817	0.185417026125	0.182936729676	4.30076226473
0.817817817818	0.184410852253	0.18193859817	4.29853893901
0.818818818819	0.183404650253	0.180940438536	4.29629594249
0.81981981982	0.182398420405	0.179942251055	4.29403301037
0.820820820821	0.181392162988	0.178944036003	4.29174987289
0.821821821822	0.180385878275	0.177945793656	4.2894462553
0.822822822823	0.179379566539	0.176947524285	4.28712187767
0.823823823824	0.178373228048	0.17594922816	4.28477645482
0.824824824825	0.177366863069	0.174950905546	4.28240969616
0.825825825826	0.176360471867	0.173952556708	4.28002130555
0.826826826827	0.175354054701	0.172954181907	4.27761098123
0.827827827828	0.174347611831	0.171955781401	4.27517841559
0.828828828829	0.173341143513	0.170957355447	4.27272329509
0.82982982983	0.17233465	0.169958904298	4.27024530012
0.830830830831	0.171328131543	0.168960428204	4.26774410479
0.831831831832	0.170321588391	0.167961927415	4.26521937682
0.832832832833	0.169315020789	0.166963402177	4.26267077739
0.833833833834	0.168308428982	0.165964852732	4.26009796092
0.834834834835	0.167301813209	0.164966279322	4.25750057495
0.835835835836	0.16629517371	0.163967682186	4.25487825995
0.836836836837	0.165288510722	0.16296906156	4.25223064912
0.837837837838	0.164281824478	0.161970417678	4.24955736824
0.838838838839	0.163275115209	0.160971750771	4.24685803542
0.83983983984	0.162268383145	0.159973061069	4.24413226095
0.840840840841	0.161261628514	0.158974348799	4.24137964709
0.841841841842	0.160254851539	0.157975614186	4.23859978782
0.842842842843	0.159248052444	0.156976857452	4.23579226866
0.843843843844	0.158241231449	0.155978078818	4.23295666642
0.844844844845	0.157234388771	0.154979278501	4.23009254898
0.845845845846	0.156227524627	0.153980456718	4.22719947504
0.846846846847	0.155220639231	0.152981613683	4.22427699387
0.847847847848	0.154213732795	0.151982749606	4.22132464504
0.848848848849	0.153206805527	0.150983864699	4.21834195819
0.84984984985	0.152199857635	0.149984959167	4.2153284527
0.850850850851	0.151192889326	0.148986033217	4.21228363745
0.851851851852	0.150185900801	0.147987087052	4.2092070105
0.852852852853	0.149178892263	0.146988120874	4.2060980588
0.853853853854	0.148171863911	0.145989134881	4.20295625784
0.854854854855	0.147164815941	0.144990129271	4.19978107136
0.855855855856	0.146157748551	0.143991104239	4.19657195101
0.856856856857	0.145150661932	0.142992059979	4.19332833596
0.857857857858	0.144143556277	0.141992996683	4.19004965257
0.858858858859	0.143136431775	0.14099391454	4.186735314
0.85985985986	0.142129288614	0.139994813737	4.18338471981
0.860860860861	0.14112212698	0.13899569446	4.1799972556
0.861861861862	0.140114947056	0.137996556895	4.17657229252
0.862862862863	0.139107749025	0.136997401222	4.17310918689
0.863863863864	0.138100533067	0.135998227622	4.1696072797
0.864864864865	0.137093299361	0.134999036273	4.16606589621
0.865865865866	0.136086048084	0.133999827353	4.16248434538
0.866866866867	0.13507877941	0.133000601036	4.15886191943
0.867867867868	0.134071493512	0.132001357496	4.15519789327
0.868868868869	0.133064190564	0.131002096905	4.15149152399
0.86986986987	0.132056870733	0.130002819431	4.14774205028
0.870870870871	0.131049534188	0.129003525243	4.14394869182
0.871871871872	0.130042181097	0.128004214508	4.14011064869
0.872872872873	0.129034811623	0.127004887391	4.13622710075
0.873873873874	0.12802742593	0.126005544054	4.13229720693
0.874874874875	0.127020024179	0.125006184659	4.12832010457
0.875875875876	0.12601260653	0.124006809366	4.12429490872
0.876876876877	0.125005173142	0.123007418334	4.12022071136
0.877877877878	0.123997724171	0.122008011719	4.11609658061
0.878878878879	0.122990259773	0.121008589677	4.11192155999
0.87987987988	0.121982780101	0.12000915236	4.1076946675
0.880880880881	0.120975285307	0.119009699922	4.10341489477
0.881881881882	0.119967775543	0.118010232513	4.09908120614
0.882882882883	0.118960250956	0.117010750281	4.09469253771
0.883883883884	0.117952711695	0.116011253375	4.09024779634
0.884884884885	0.116945157906	0.115011741941	4.08574585856
0.885885885886	0.115937589734	0.114012216124	4.08118556957
0.886886886887	0.114930007321	0.113012676066	4.07656574201
0.887887887888	0.11392241081	0.112013121909	4.07188515484
0.888888888889	0.112914800341	0.111013553795	4.06714255204
0.88988988989	0.111907176053	0.110013971861	4.06233664135
0.890890890891	0.110899538084	0.109014376247	4.05746609289
0.891891891892	0.10989188657	0.108014767087	4.05252953775
0.892892892893	0.108884221646	0.107015144516	4.04752556647
0.893893893894	0.107876543445	0.10601550867	4.04245272751
0.894894894895	0.1068688521	0.105015859678	4.03730952558
0.895895895896	0.105861147742	0.104016197674	4.03209441997
0.896896896897	0.1048534305	0.103016522785	4.0268058227
0.897897897898	0.103845700502	0.102016835141	4.02144209663
0.898898898899	0.102837957876	0.101017134868	4.01600155355
0.8998998999	0.101830202748	0.100017422093	4.01048245199
0.900900900901	0.100822435241	0.0990176969396	4.00488299512
0.901901901902	0.0998146554797	0.0980179595312	3.99920132838
0.902902902903	0.0988068635856	0.0970182099899	3.99343553713
0.903903903904	0.0977990596795	0.0960184484367	3.98758364404
0.904904904905	0.0967912438811	0.0950186749911	3.98164360643
0.905905905906	0.095783416309	0.0940188897716	3.97561331346
0.906906906907	0.0947755770803	0.0930190928955	3.96949058313
0.907907907908	0.0937677263112	0.0920192844788	3.96327315915
0.908908908909	0.0927598641166	0.0910194646365	3.95695870763
0.90990990991	0.0917519906103	0.0900196334825	3.95054481358
0.910910910911	0.0907441059049	0.0890197911293	3.9440289772
0.911911911912	0.0897362101121	0.0880199376885	3.93740861
0.912912912913	0.0887283033422	0.0870200732706	3.93068103066
0.913913913914	0.0877203857046	0.0860201979849	3.92384346065
0.914914914915	0.0867124573075	0.0850203119396	3.91689301961
0.915915915916	0.085704518258	0.0840204152419	3.90982672045
0.916916916917	0.0846965686624	0.0830205079978	3.90264146414
0.917917917918	0.0836886086256	0.0820205903126	3.8953340342
0.918918918919	0.0826806382516	0.08102066229	3.88790109085
0.91991991992	0.0816726576434	0.0800207240332	3.88033916477
0.920920920921	0.0806646669029	0.0790207756439	3.87264465048
0.921921921922	0.079656666131	0.0780208172233	3.86481379932
0.922922922923	0.0786486554277	0.077020848871	3.85684271195
0.923923923924	0.0776406348918	0.0760208706862	3.84872733032
0.924924924925	0.0766326046213	0.0750208827667	3.84046342921
0.925925925926	0.0756245647132	0.0740208852094	3.83204660707
0.926926926927	0.0746165152634	0.0730208781104	3.82347227633
0.927927927928	0.073608456367	0.0720208615647	3.81473565302
0.928928928929	0.0726003881181	0.0710208356664	3.80583174561
0.92992992993	0.0715923106097	0.0700208005086	3.79675534311
0.930930930931	0.0705842239343	0.0690207561836	3.78750100231
0.931931931932	0.0695761281829	0.0680207027827	3.77806303403
0.932932932933	0.0685680234462	0.0670206403963	3.76843548841
0.933933933934	0.0675599098134	0.0660205691138	3.75861213906
0.934934934935	0.0665517873733	0.0650204890238	3.748586466
0.935935935936	0.0655436562136	0.0640204002142	3.73835163725
0.936936936937	0.0645355164211	0.0630203027717	3.72790048901
0.937937937938	0.0635273680818	0.0620201967824	3.71722550424
0.938938938939	0.0625192112808	0.0610200823313	3.70631878945
0.93993993994	0.0615110461024	0.0600199595027	3.69517204959
0.940940940941	0.06050287263	0.0590198283801	3.68377656087
0.941941941942	0.0594946909464	0.0580196890461	3.67212314118
0.942942942943	0.0584865011331	0.0570195415825	3.66020211795
0.943943943944	0.0574783032713	0.0560193860702	3.6480032932
0.944944944945	0.056470097441	0.0550192225894	3.63551590539
0.945945945946	0.0554618837217	0.0540190512195	3.62272858777
0.946946946947	0.0544536621918	0.053018872039	3.60962932284
0.947947947948	0.0534454329293	0.0520186851258	3.59620539245
0.948948948949	0.0524371960112	0.0510184905569	3.58244332305
0.94994994995	0.0514289515136	0.0500182884084	3.56832882555
0.950950950951	0.050420699512	0.049018078756	3.553846729
0.951951951952	0.0494124400813	0.0480178616743	3.53898090751
0.952952952953	0.0484041732954	0.0470176372374	3.52371419944
0.953953953954	0.0473958992275	0.0460174055184	3.50802831785
0.954954954955	0.0463876179503	0.04501716659	3.49190375117
0.955955955956	0.0453793295354	0.0440169205239	3.4753196526
0.956956956957	0.044371034054	0.0430166673913	3.45825371685
0.957957957958	0.0433627315765	0.0420164072625	3.44068204235
0.958958958959	0.0423544221726	0.0410161402071	3.42257897681
0.95995995996	0.0413461059112	0.0400158662943	3.40391694374
0.960960960961	0.0403377828606	0.0390155855922	3.38466624692
0.961961961962	0.0393294530885	0.0380152981686	3.36479484949
0.962962962963	0.0383211166618	0.0370150040903	3.34426812359
0.963963963964	0.0373127736468	0.0360147034236	3.3230485656
0.964964964965	0.0363044241091	0.0350143962342	3.30109547129
0.965965965966	0.0352960681137	0.034014082587	3.27836456379
0.966966966967	0.0342877057249	0.0330137625463	3.25480756608
0.967967967968	0.0332793370063	0.0320134361759	3.23037170754
0.968968968969	0.0322709620211	0.0310131035388	3.2049991522
0.96996996997	0.0312625808316	0.0300127646973	3.17862633313
0.970970970971	0.0302541934996	0.0290124197133	3.15118317396
0.971971971972	0.0292458000864	0.028012068648	3.12259217364
0.972972972973	0.0282374006524	0.0270117115619	3.09276732476
0.973973973974	0.0272289952577	0.026011348515	3.0616128275
0.974974974975	0.0262205839616	0.0250109795666	3.02902155127
0.975975975976	0.0252121668229	0.0240106047756	2.99487318204
0.976976976977	0.0242037438998	0.0230102242002	2.9590319752
0.977977977978	0.0231953152498	0.0220098378979	2.92134400844
0.978978978979	0.0221868809302	0.0210094459258	2.88163379516
0.97997997998	0.0211784409972	0.0200090483403	2.83970007092
0.980980980981	0.0201699955069	0.0190086451975	2.79531049813
0.981981981982	0.0191615445145	0.0180082365525	2.74819493763
0.982982982983	0.0181530880749	0.0170078224603	2.69803679506
0.983983983984	0.0171446262423	0.0160074029751	2.6444617405
0.984984984985	0.0161361590705	0.0150069781506	2.5870227827
0.985985985986	0.0151276866126	0.0140065480399	2.52518018573
0.986986986987	0.0141192089212	0.0130061126958	2.45827392983
0.987987987988	0.0131107260486	0.0120056721703	2.38548512656
0.988988988989	0.0121022380463	0.0110052265151	2.30578060492
0.98998998999	0.0110937449653	0.0100047757812	2.21783101102
0.990990990991	0.0100852468563	0.00900432001932	2.11988560877
0.991991991992	0.00907674376944	0.00800385927941	2.00957302885
0.992992992993	0.00806823575417	0.0070033936111	1.88356826746
0.993993993994	0.00705972285963	0.00600292306348	1.73700124651
0.994994994995	0.00605120513442	0.00500244768514	1.5623212479
0.995995995996	0.00504268262663	0.0040019675242	1.34687804587
0.996996996997	0.00403415538393	0.00300148262829	1.06695602635
0.997997997998	0.00302562345345	0.00200099304457	0.669311608756
0.998998998999	0.0020170868819	0.00100049881974	0.0159532876824
1	0.00100854571549	5.88857304931e-18	0
