x:	v:	u:	e:	
              0	      0.0090512	              0	              0
       0.001001	      0.0180022	     0.00895912	     0.00932663
       0.002002	       0.026854	       0.017819	       0.679168
       0.003003	      0.0356076	      0.0265807	        1.07999
       0.004004	      0.0442639	      0.0352452	        1.36303
     0.00500501	       0.052824	      0.0438134	        1.58154
     0.00600601	      0.0612887	      0.0522863	        1.75924
     0.00700701	      0.0696592	      0.0606648	        1.90877
     0.00800801	      0.0779361	      0.0689499	        2.03769
     0.00900901	      0.0861206	      0.0771425	        2.15087
        0.01001	      0.0942136	      0.0852436	        2.25163
       0.011011	       0.102216	       0.093254	        2.34235
       0.012012	       0.110128	       0.101175	        2.42478
       0.013013	       0.117952	       0.109006	        2.50024
       0.014014	       0.125688	        0.11675	        2.56978
       0.015015	       0.133336	       0.124407	        2.63421
       0.016016	       0.140899	       0.131977	        2.69419
       0.017017	       0.148376	       0.139462	        2.75027
       0.018018	       0.155768	       0.146863	        2.80288
       0.019019	       0.163077	        0.15418	        2.85241
        0.02002	       0.170303	       0.161414	        2.89918
       0.021021	       0.177447	       0.168566	        2.94344
       0.022022	        0.18451	       0.175637	        2.98545
       0.023023	       0.191492	       0.182627	        3.02539
       0.024024	       0.198395	       0.189538	        3.06345
       0.025025	       0.205218	        0.19637	        3.09978
       0.026026	       0.211964	       0.203124	        3.13451
       0.027027	       0.218633	       0.209801	        3.16777
       0.028028	       0.225225	       0.216401	        3.19966
       0.029029	       0.231742	       0.222926	        3.23029
        0.03003	       0.238183	       0.229376	        3.25973
       0.031031	       0.244551	       0.235751	        3.28806
       0.032032	       0.250845	       0.242053	        3.31537
       0.033033	       0.257066	       0.248282	         3.3417
       0.034034	       0.263215	       0.254439	        3.36712
       0.035035	       0.269293	       0.260525	        3.39168
       0.036036	         0.2753	       0.266541	        3.41543
       0.037037	       0.281237	       0.272486	        3.43841
       0.038038	       0.287105	       0.278362	        3.46068
       0.039039	       0.292905	        0.28417	        3.48225
        0.04004	       0.298637	        0.28991	        3.50318
       0.041041	       0.304302	       0.295583	        3.52348
       0.042042	         0.3099	       0.301189	         3.5432
       0.043043	       0.315432	        0.30673	        3.56236
       0.044044	       0.320899	       0.312205	        3.58099
       0.045045	       0.326302	       0.317616	         3.5991
       0.046046	       0.331641	       0.322963	        3.61673
       0.047047	       0.336917	       0.328247	        3.63389
       0.048048	        0.34213	       0.333468	         3.6506
       0.049049	       0.347281	       0.338627	        3.66689
      0.0500501	       0.352371	       0.343725	        3.68277
      0.0510511	         0.3574	       0.348762	        3.69825
      0.0520521	       0.362369	       0.353739	        3.71336
      0.0530531	       0.367278	       0.358657	         3.7281
      0.0540541	       0.372128	       0.363515	         3.7425
      0.0550551	       0.376921	       0.368315	        3.75656
      0.0560561	       0.381655	       0.373058	        3.77029
      0.0570571	       0.386332	       0.377743	        3.78371
      0.0580581	       0.390952	       0.382371	        3.79683
      0.0590591	       0.395517	       0.386944	        3.80966
      0.0600601	       0.400025	       0.391461	        3.82221
      0.0610611	       0.404479	       0.395923	        3.83449
      0.0620621	       0.408879	        0.40033	        3.84651
      0.0630631	       0.413224	       0.404684	        3.85827
      0.0640641	       0.417517	       0.408984	        3.86979
      0.0650651	       0.421756	       0.413232	        3.88107
      0.0660661	       0.425943	       0.417427	        3.89212
      0.0670671	       0.430079	        0.42157	        3.90295
      0.0680681	       0.434163	       0.425663	        3.91356
      0.0690691	       0.438196	       0.429704	        3.92396
      0.0700701	        0.44218	       0.433696	        3.93416
      0.0710711	       0.446113	       0.437637	        3.94416
      0.0720721	       0.449997	        0.44153	        3.95397
      0.0730731	       0.453833	       0.445373	        3.96359
      0.0740741	        0.45762	       0.449169	        3.97303
      0.0750751	        0.46136	       0.452916	         3.9823
      0.0760761	       0.465052	       0.456617	        3.99139
      0.0770771	       0.468698	        0.46027	        4.00032
      0.0780781	       0.472297	       0.463877	        4.00909
      0.0790791	        0.47585	       0.467438	        4.01769
      0.0800801	       0.479357	       0.470954	        4.02615
      0.0810811	        0.48282	       0.474425	        4.03445
      0.0820821	       0.486238	       0.477851	        4.04261
      0.0830831	       0.489613	       0.481234	        4.05063
      0.0840841	       0.492943	       0.484572	        4.05851
      0.0850851	        0.49623	       0.487867	        4.06625
      0.0860861	       0.499475	        0.49112	        4.07386
      0.0870871	       0.502677	        0.49433	        4.08134
      0.0880881	       0.505837	       0.497498	         4.0887
      0.0890891	       0.508955	       0.500625	        4.09593
      0.0900901	       0.512033	        0.50371	        4.10305
      0.0910911	        0.51507	       0.506755	        4.11005
      0.0920921	       0.518066	        0.50976	        4.11693
      0.0930931	       0.521023	       0.512725	         4.1237
      0.0940941	        0.52394	        0.51565	        4.13036
      0.0950951	       0.526818	       0.518536	        4.13692
      0.0960961	       0.529657	       0.521383	        4.14337
      0.0970971	       0.532458	       0.524192	        4.14972
      0.0980981	       0.535221	       0.526963	        4.15597
      0.0990991	       0.537947	       0.529697	        4.16212
         0.1001	       0.540635	       0.532393	        4.16818
       0.101101	       0.543286	       0.535053	        4.17414
       0.102102	       0.545901	       0.537676	        4.18001
       0.103103	        0.54848	       0.540263	        4.18579
       0.104104	       0.551023	       0.542814	        4.19149
       0.105105	       0.553531	        0.54533	         4.1971
       0.106106	       0.556004	        0.54781	        4.20262
       0.107107	       0.558442	       0.550256	        4.20806
       0.108108	       0.560845	       0.552668	        4.21342
       0.109109	       0.563215	       0.555046	         4.2187
        0.11011	       0.565551	        0.55739	         4.2239
       0.111111	       0.567854	       0.559701	        4.22903
       0.112112	       0.570124	       0.561979	        4.23408
       0.113113	       0.572361	       0.564224	        4.23906
       0.114114	       0.574565	       0.566437	        4.24397
       0.115115	       0.576738	       0.568618	         4.2488
       0.116116	       0.578879	       0.570767	        4.25357
       0.117117	       0.580989	       0.572885	        4.25827
       0.118118	       0.583068	       0.574971	         4.2629
       0.119119	       0.585116	       0.577027	        4.26747
        0.12012	       0.587133	       0.579053	        4.27197
       0.121121	        0.58912	       0.581048	        4.27641
       0.122122	       0.591078	       0.583014	        4.28078
       0.123123	       0.593006	        0.58495	         4.2851
       0.124124	       0.594904	       0.586856	        4.28936
       0.125125	       0.596774	       0.588734	        4.29355
       0.126126	       0.598615	       0.590583	        4.29769
       0.127127	       0.600428	       0.592404	        4.30178
       0.128128	       0.602212	       0.594196	         4.3058
       0.129129	       0.603969	       0.595961	        4.30977
        0.13013	       0.605698	       0.597698	        4.31369
       0.131131	         0.6074	       0.599408	        4.31756
       0.132132	       0.609075	       0.601091	        4.32137
       0.133133	       0.610723	       0.602748	        4.32513
       0.134134	       0.612345	       0.604377	        4.32885
       0.135135	        0.61394	       0.605981	        4.33251
       0.136136	        0.61551	       0.607558	        4.33612
       0.137137	       0.617054	        0.60911	        4.33969
       0.138138	       0.618572	       0.610637	        4.34321
       0.139139	       0.620065	       0.612138	        4.34668
        0.14014	       0.621534	       0.613615	        4.35011
       0.141141	       0.622977	       0.615066	        4.35349
       0.142142	       0.624396	       0.616494	        4.35682
       0.143143	       0.625792	       0.617897	        4.36012
       0.144144	       0.627163	       0.619276	        4.36337
       0.145145	        0.62851	       0.620631	        4.36658
       0.146146	       0.629834	       0.621963	        4.36975
       0.147147	       0.631135	       0.623272	        4.37287
       0.148148	       0.632412	       0.624558	        4.37596
       0.149149	       0.633667	       0.625821	        4.37901
        0.15015	         0.6349	       0.627061	        4.38202
       0.151151	        0.63611	       0.628279	        4.38498
       0.152152	       0.637298	       0.629475	        4.38792
       0.153153	       0.638464	        0.63065	        4.39081
       0.154154	       0.639608	       0.631802	        4.39367
       0.155155	       0.640731	       0.632933	        4.39649
       0.156156	       0.641833	       0.634043	        4.39928
       0.157157	       0.642913	       0.635131	        4.40203
       0.158158	       0.643973	       0.636199	        4.40474
       0.159159	       0.645013	       0.637247	        4.40743
        0.16016	       0.646031	       0.638274	        4.41007
       0.161161	        0.64703	        0.63928	        4.41269
       0.162162	       0.648009	       0.640267	        4.41527
       0.163163	       0.648968	       0.641234	        4.41782
       0.164164	       0.649907	       0.642181	        4.42034
       0.165165	       0.650827	       0.643109	        4.42283
       0.166166	       0.651727	       0.644018	        4.42529
       0.167167	       0.652609	       0.644908	        4.42771
       0.168168	       0.653472	       0.645779	        4.43011
       0.169169	       0.654316	       0.646631	        4.43248
        0.17017	       0.655142	       0.647465	        4.43481
       0.171171	       0.655949	        0.64828	        4.43712
       0.172172	       0.656739	       0.649078	         4.4394
       0.173173	        0.65751	       0.649857	        4.44165
       0.174174	       0.658264	       0.650619	        4.44388
       0.175175	          0.659	       0.651363	        4.44608
       0.176176	       0.659719	        0.65209	        4.44825
       0.177177	        0.66042	       0.652799	        4.45039
       0.178178	       0.661105	       0.653492	        4.45251
       0.179179	       0.661772	       0.654168	         4.4546
        0.18018	       0.662423	       0.654827	        4.45667
       0.181181	       0.663058	       0.655469	        4.45871
       0.182182	       0.663676	       0.656095	        4.46073
       0.183183	       0.664278	       0.656705	        4.46272
       0.184184	       0.664863	       0.657299	        4.46469
       0.185185	       0.665433	       0.657877	        4.46663
       0.186186	       0.665987	       0.658439	        4.46855
       0.187187	       0.666526	       0.658986	        4.47045
       0.188188	       0.667049	       0.659517	        4.47233
       0.189189	       0.667557	       0.660033	        4.47418
        0.19019	        0.66805	       0.660534	        4.47601
       0.191191	       0.668528	        0.66102	        4.47782
       0.192192	       0.668991	       0.661491	         4.4796
       0.193193	       0.669439	       0.661948	        4.48137
       0.194194	       0.669873	       0.662389	        4.48311
       0.195195	       0.670293	       0.662817	        4.48483
       0.196196	       0.670698	        0.66323	        4.48653
       0.197197	       0.671089	        0.66363	        4.48821
       0.198198	       0.671467	       0.664015	        4.48987
       0.199199	        0.67183	       0.664386	        4.49151
         0.2002	        0.67218	       0.664744	        4.49314
       0.201201	       0.672516	       0.665089	        4.49474
       0.202202	       0.672839	       0.665419	        4.49632
       0.203203	       0.673148	       0.665737	        4.49788
       0.204204	       0.673445	       0.666042	        4.49943
       0.205205	       0.673728	       0.666333	        4.50095
       0.206206	       0.673999	       0.666612	        4.50246
       0.207207	       0.674257	       0.666878	        4.50395
       0.208208	       0.674502	       0.667131	        4.50542
       0.209209	       0.674735	       0.667372	        4.50688
        0.21021	       0.674955	         0.6676	        4.50831
       0.211211	       0.675163	       0.667816	        4.50973
       0.212212	       0.675359	        0.66802	        4.51113
       0.213213	       0.675543	       0.668212	        4.51252
       0.214214	       0.675715	       0.668392	        4.51389
       0.215215	       0.675876	       0.668561	        4.51524
       0.216216	       0.676024	       0.668718	        4.51658
       0.217217	       0.676161	       0.668863	         4.5179
       0.218218	       0.676287	       0.668997	         4.5192
       0.219219	       0.676402	       0.669119	        4.52049
        0.22022	       0.676505	        0.66923	        4.52176
       0.221221	       0.676597	       0.669331	        4.52302
       0.222222	       0.676678	        0.66942	        4.52426
       0.223223	       0.676749	       0.669498	        4.52549
       0.224224	       0.676808	       0.669566	         4.5267
       0.225225	       0.676857	       0.669623	         4.5279
       0.226226	       0.676896	       0.669669	        4.52908
       0.227227	       0.676923	       0.669705	        4.53025
       0.228228	       0.676941	       0.669731	         4.5314
       0.229229	       0.676949	       0.669747	        4.53254
        0.23023	       0.676946	       0.669752	        4.53367
       0.231231	       0.676933	       0.669747	        4.53478
       0.232232	       0.676911	       0.669733	        4.53588
       0.233233	       0.676878	       0.669708	        4.53697
       0.234234	       0.676836	       0.669674	        4.53804
       0.235235	       0.676784	        0.66963	         4.5391
       0.236236	       0.676723	       0.669577	        4.54014
       0.237237	       0.676652	       0.669514	        4.54118
       0.238238	       0.676572	       0.669442	         4.5422
       0.239239	       0.676482	       0.669361	        4.54321
        0.24024	       0.676384	        0.66927	         4.5442
       0.241241	       0.676276	       0.669171	        4.54519
       0.242242	        0.67616	       0.669062	        4.54616
       0.243243	       0.676034	       0.668945	        4.54712
       0.244244	         0.6759	       0.668819	        4.54806
       0.245245	       0.675757	       0.668684	          4.549
       0.246246	       0.675605	        0.66854	        4.54992
       0.247247	       0.675445	       0.668388	        4.55084
       0.248248	       0.675276	       0.668227	        4.55174
       0.249249	       0.675099	       0.668058	        4.55263
        0.25025	       0.674914	       0.667881	        4.55351
       0.251251	       0.674721	       0.667696	        4.55437
       0.252252	       0.674519	       0.667502	        4.55523
       0.253253	        0.67431	       0.667301	        4.55607
       0.254254	       0.674092	       0.667091	        4.55691
       0.255255	       0.673866	       0.666874	        4.55773
       0.256256	       0.673633	       0.666648	        4.55855
       0.257257	       0.673392	       0.666416	        4.55935
       0.258258	       0.673143	       0.666175	        4.56014
       0.259259	       0.672887	       0.665927	        4.56093
        0.26026	       0.672623	       0.665671	         4.5617
       0.261261	       0.672352	       0.665408	        4.56246
       0.262262	       0.672074	       0.665137	        4.56322
       0.263263	       0.671788	        0.66486	        4.56396
       0.264264	       0.671495	       0.664575	        4.56469
       0.265265	       0.671195	       0.664283	        4.56542
       0.266266	       0.670888	       0.663984	        4.56613
       0.267267	       0.670574	       0.663677	        4.56684
       0.268268	       0.670253	       0.663364	        4.56753
       0.269269	       0.669925	       0.663045	        4.56822
        0.27027	        0.66959	       0.662718	         4.5689
       0.271271	       0.669248	       0.662384	        4.56957
       0.272272	         0.6689	       0.662044	        4.57023
       0.273273	       0.668546	       0.661698	        4.57088
       0.274274	       0.668184	       0.661345	        4.57152
       0.275275	       0.667817	       0.660985	        4.57215
       0.276276	       0.667443	       0.660619	        4.57278
       0.277277	       0.667062	       0.660247	        4.57339
       0.278278	       0.666676	       0.659868	          4.574
       0.279279	       0.666283	       0.659483	         4.5746
        0.28028	       0.665884	       0.659093	        4.57519
       0.281281	       0.665479	       0.658696	        4.57578
       0.282282	       0.665068	       0.658293	        4.57635
       0.283283	       0.664651	       0.657884	        4.57692
       0.284284	       0.664228	       0.657469	        4.57748
       0.285285	       0.663799	       0.657048	        4.57803
       0.286286	       0.663365	       0.656622	        4.57857
       0.287287	       0.662925	       0.656189	        4.57911
       0.288288	       0.662479	       0.655752	        4.57964
       0.289289	       0.662027	       0.655308	        4.58016
        0.29029	        0.66157	       0.654859	        4.58067
       0.291291	       0.661108	       0.654405	        4.58117
       0.292292	        0.66064	       0.653945	        4.58167
       0.293293	       0.660166	       0.653479	        4.58216
       0.294294	       0.659688	       0.653009	        4.58265
       0.295295	       0.659204	       0.652533	        4.58312
       0.296296	       0.658714	       0.652052	        4.58359
       0.297297	        0.65822	       0.651565	        4.58405
       0.298298	        0.65772	       0.651074	        4.58451
       0.299299	       0.657216	       0.650577	        4.58496
         0.3003	       0.656706	       0.650076	         4.5854
       0.301301	       0.656192	       0.649569	        4.58583
       0.302302	       0.655672	       0.649058	        4.58626
       0.303303	       0.655148	       0.648541	        4.58668
       0.304304	       0.654618	        0.64802	         4.5871
       0.305305	       0.654084	       0.647494	        4.58751
       0.306306	       0.653546	       0.646963	        4.58791
       0.307307	       0.653002	       0.646428	         4.5883
       0.308308	       0.652454	       0.645888	        4.58869
       0.309309	       0.651901	       0.645343	        4.58908
        0.31031	       0.651344	       0.644794	        4.58945
       0.311311	       0.650783	        0.64424	        4.58982
       0.312312	       0.650216	       0.643682	        4.59019
       0.313313	       0.649646	        0.64312	        4.59054
       0.314314	       0.649071	       0.642553	         4.5909
       0.315315	       0.648492	       0.641982	        4.59124
       0.316316	       0.647908	       0.641406	        4.59158
       0.317317	        0.64732	       0.640827	        4.59192
       0.318318	       0.646728	       0.640243	        4.59224
       0.319319	       0.646132	       0.639655	        4.59257
        0.32032	       0.645532	       0.639062	        4.59288
       0.321321	       0.644928	       0.638466	        4.59319
       0.322322	       0.644319	       0.637866	         4.5935
       0.323323	       0.643707	       0.637262	         4.5938
       0.324324	       0.643091	       0.636653	        4.59409
       0.325325	       0.642471	       0.636041	        4.59438
       0.326326	       0.641847	       0.635425	        4.59466
       0.327327	       0.641219	       0.634805	        4.59494
       0.328328	       0.640587	       0.634182	        4.59521
       0.329329	       0.639951	       0.633554	        4.59548
        0.33033	       0.639312	       0.632923	        4.59574
       0.331331	       0.638669	       0.632288	          4.596
       0.332332	       0.638023	        0.63165	        4.59625
       0.333333	       0.637373	       0.631008	         4.5965
       0.334334	       0.636719	       0.630362	        4.59674
       0.335335	       0.636062	       0.629713	        4.59697
       0.336336	       0.635401	        0.62906	        4.59721
       0.337337	       0.634737	       0.628404	        4.59743
       0.338338	       0.634069	       0.627745	        4.59765
       0.339339	       0.633398	       0.627082	        4.59787
        0.34034	       0.632724	       0.626415	        4.59808
       0.341341	       0.632046	       0.625746	        4.59829
       0.342342	       0.631365	       0.625073	        4.59849
       0.343343	       0.630681	       0.624396	        4.59868
       0.344344	       0.629993	       0.623717	        4.59888
       0.345345	       0.629303	       0.623034	        4.59906
       0.346346	       0.628609	       0.622348	        4.59925
       0.347347	       0.627912	       0.621659	        4.59942
       0.348348	       0.627212	       0.620967	         4.5996
       0.349349	       0.626508	       0.620272	        4.59977
        0.35035	       0.625802	       0.619574	        4.59993
       0.351351	       0.625093	       0.618873	        4.60009
       0.352352	       0.624381	       0.618168	        4.60025
       0.353353	       0.623665	       0.617461	         4.6004
       0.354354	       0.622947	       0.616751	        4.60055
       0.355355	       0.622226	       0.616038	        4.60069
       0.356356	       0.621502	       0.615322	        4.60083
       0.357357	       0.620775	       0.614603	        4.60096
       0.358358	       0.620046	       0.613882	        4.60109
       0.359359	       0.619313	       0.613158	        4.60122
        0.36036	       0.618578	       0.612431	        4.60134
       0.361361	       0.617841	       0.611701	        4.60145
       0.362362	         0.6171	       0.610968	        4.60157
       0.363363	       0.616357	       0.610233	        4.60168
       0.364364	       0.615611	       0.609495	        4.60178
       0.365365	       0.614862	       0.608755	        4.60188
       0.366366	       0.614111	       0.608012	        4.60198
       0.367367	       0.613358	       0.607266	        4.60207
       0.368368	       0.612602	       0.606518	        4.60216
       0.369369	       0.611843	       0.605767	        4.60224
        0.37037	       0.611082	       0.605014	        4.60232
       0.371371	       0.610318	       0.604259	         4.6024
       0.372372	       0.609552	       0.603501	        4.60247
       0.373373	       0.608783	        0.60274	        4.60254
       0.374374	       0.608012	       0.601977	        4.60261
       0.375375	       0.607239	       0.601212	        4.60267
       0.376376	       0.606464	       0.600444	        4.60273
       0.377377	       0.605686	       0.599675	        4.60278
       0.378378	       0.604905	       0.598902	        4.60283
       0.379379	       0.604123	       0.598128	        4.60288
        0.38038	       0.603338	       0.597351	        4.60292
       0.381381	       0.602551	       0.596572	        4.60296
       0.382382	       0.601762	       0.595791	          4.603
       0.383383	        0.60097	       0.595007	        4.60303
       0.384384	       0.600177	       0.594222	        4.60306
       0.385385	       0.599381	       0.593434	        4.60309
       0.386386	       0.598583	       0.592644	        4.60311
       0.387387	       0.597783	       0.591852	        4.60313
       0.388388	       0.596981	       0.591058	        4.60314
       0.389389	       0.596177	       0.590262	        4.60315
        0.39039	       0.595371	       0.589464	        4.60316
       0.391391	       0.594563	       0.588664	        4.60317
       0.392392	       0.593752	       0.587862	        4.60317
       0.393393	        0.59294	       0.587058	        4.60316
       0.394394	       0.592126	       0.586252	        4.60316
       0.395395	        0.59131	       0.585444	        4.60315
       0.396396	       0.590492	       0.584634	        4.60314
       0.397397	       0.589672	       0.583822	        4.60312
       0.398398	        0.58885	       0.583008	         4.6031
       0.399399	       0.588027	       0.582193	        4.60308
         0.4004	       0.587201	       0.581375	        4.60306
       0.401401	       0.586374	       0.580556	        4.60303
       0.402402	       0.585545	       0.579735	          4.603
       0.403403	       0.584714	       0.578912	        4.60296
       0.404404	       0.583881	       0.578088	        4.60292
       0.405405	       0.583047	       0.577261	        4.60288
       0.406406	       0.582211	       0.576433	        4.60284
       0.407407	       0.581373	       0.575603	        4.60279
       0.408408	       0.580533	       0.574772	        4.60274
       0.409409	       0.579692	       0.573938	        4.60268
        0.41041	       0.578849	       0.573103	        4.60263
       0.411411	       0.578004	       0.572267	        4.60257
       0.412412	       0.577158	       0.571429	        4.60251
       0.413413	        0.57631	       0.570589	        4.60244
       0.414414	       0.575461	       0.569747	        4.60237
       0.415415	        0.57461	       0.568904	         4.6023
       0.416416	       0.573757	        0.56806	        4.60222
       0.417417	       0.572903	       0.567214	        4.60215
       0.418418	       0.572047	       0.566366	        4.60206
       0.419419	        0.57119	       0.565517	        4.60198
        0.42042	       0.570331	       0.564666	        4.60189
       0.421421	       0.569471	       0.563814	        4.60181
       0.422422	       0.568609	        0.56296	        4.60171
       0.423423	       0.567746	       0.562105	        4.60162
       0.424424	       0.566881	       0.561248	        4.60152
       0.425425	       0.566015	        0.56039	        4.60142
       0.426426	       0.565148	       0.559531	        4.60131
       0.427427	       0.564279	        0.55867	        4.60121
       0.428428	       0.563408	       0.557808	         4.6011
       0.429429	       0.562537	       0.556944	        4.60099
        0.43043	       0.561664	       0.556079	        4.60087
       0.431431	       0.560789	       0.555212	        4.60075
       0.432432	       0.559913	       0.554345	        4.60063
       0.433433	       0.559036	       0.553476	        4.60051
       0.434434	       0.558158	       0.552605	        4.60038
       0.435435	       0.557278	       0.551734	        4.60025
       0.436436	       0.556397	       0.550861	        4.60012
       0.437437	       0.555515	       0.549986	        4.59999
       0.438438	       0.554631	       0.549111	        4.59985
       0.439439	       0.553747	       0.548234	        4.59971
        0.44044	        0.55286	       0.547356	        4.59957
       0.441441	       0.551973	       0.546477	        4.59942
       0.442442	       0.551085	       0.545597	        4.59927
       0.443443	       0.550195	       0.544715	        4.59912
       0.444444	       0.549304	       0.543832	        4.59897
       0.445445	       0.548412	       0.542948	        4.59881
       0.446446	       0.547519	       0.542063	        4.59866
       0.447447	       0.546625	       0.541177	        4.59849
       0.448448	       0.545729	       0.540289	        4.59833
       0.449449	       0.544833	       0.539401	        4.59816
        0.45045	       0.543935	       0.538511	          4.598
       0.451451	       0.543036	        0.53762	        4.59782
       0.452452	       0.542136	       0.536728	        4.59765
       0.453453	       0.541235	       0.535835	        4.59747
       0.454454	       0.540333	       0.534941	        4.59729
       0.455455	        0.53943	       0.534046	        4.59711
       0.456456	       0.538525	        0.53315	        4.59693
       0.457457	        0.53762	       0.532253	        4.59674
       0.458458	       0.536714	       0.531354	        4.59655
       0.459459	       0.535807	       0.530455	        4.59636
        0.46046	       0.534898	       0.529555	        4.59616
       0.461461	       0.533989	       0.528653	        4.59597
       0.462462	       0.533079	       0.527751	        4.59577
       0.463463	       0.532167	       0.526848	        4.59557
       0.464464	       0.531255	       0.525944	        4.59536
       0.465465	       0.530342	       0.525038	        4.59515
       0.466466	       0.529427	       0.524132	        4.59494
       0.467467	       0.528512	       0.523225	        4.59473
       0.468468	       0.527596	       0.522317	        4.59452
       0.469469	       0.526679	       0.521408	         4.5943
        0.47047	       0.525761	       0.520498	        4.59408
       0.471471	       0.524842	       0.519588	        4.59386
       0.472472	       0.523923	       0.518676	        4.59364
       0.473473	       0.523002	       0.517763	        4.59341
       0.474474	       0.522081	        0.51685	        4.59318
       0.475475	       0.521158	       0.515935	        4.59295
       0.476476	       0.520235	        0.51502	        4.59271
       0.477477	       0.519311	       0.514104	        4.59248
       0.478478	       0.518386	       0.513187	        4.59224
       0.479479	        0.51746	        0.51227	          4.592
        0.48048	       0.516534	       0.511351	        4.59175
       0.481481	       0.515606	       0.510432	        4.59151
       0.482482	       0.514678	       0.509511	        4.59126
       0.483483	       0.513749	        0.50859	          4.591
       0.484484	       0.512819	       0.507669	        4.59075
       0.485485	       0.511888	       0.506746	         4.5905
       0.486486	       0.510957	       0.505823	        4.59024
       0.487487	       0.510025	       0.504899	        4.58998
       0.488488	       0.509092	       0.503974	        4.58971
       0.489489	       0.508158	       0.503048	        4.58945
        0.49049	       0.507224	       0.502122	        4.58918
       0.491491	       0.506289	       0.501194	        4.58891
       0.492492	       0.505353	       0.500267	        4.58863
       0.493493	       0.504416	       0.499338	        4.58836
       0.494494	       0.503479	       0.498409	        4.58808
       0.495495	       0.502541	       0.497479	         4.5878
       0.496496	       0.501602	       0.496548	        4.58752
       0.497497	       0.500662	       0.495616	        4.58723
       0.498498	       0.499722	       0.494684	        4.58695
       0.499499	       0.498781	       0.493751	        4.58666
       0.500501	        0.49784	       0.492818	        4.58637
       0.501502	       0.496897	       0.491884	        4.58607
       0.502503	       0.495955	       0.490949	        4.58577
       0.503504	       0.495011	       0.490013	        4.58547
       0.504505	       0.494067	       0.489077	        4.58517
       0.505506	       0.493122	        0.48814	        4.58487
       0.506507	       0.492176	       0.487203	        4.58456
       0.507508	        0.49123	       0.486265	        4.58425
       0.508509	       0.490284	       0.485326	        4.58394
        0.50951	       0.489336	       0.484387	        4.58363
       0.510511	       0.488388	       0.483447	        4.58331
       0.511512	        0.48744	       0.482506	        4.58299
       0.512513	        0.48649	       0.481565	        4.58267
       0.513514	       0.485541	       0.480624	        4.58235
       0.514515	        0.48459	       0.479681	        4.58202
       0.515516	       0.483639	       0.478738	         4.5817
       0.516517	       0.482688	       0.477795	        4.58137
       0.517518	       0.481736	       0.476851	        4.58103
       0.518519	       0.480783	       0.475906	         4.5807
        0.51952	        0.47983	       0.474961	        4.58036
       0.520521	       0.478876	       0.474015	        4.58002
       0.521522	       0.477922	       0.473069	        4.57968
       0.522523	       0.476967	       0.472122	        4.57933
       0.523524	       0.476011	       0.471175	        4.57899
       0.524525	       0.475055	       0.470227	        4.57864
       0.525526	       0.474099	       0.469278	        4.57829
       0.526527	       0.473142	       0.468329	        4.57793
       0.527528	       0.472184	        0.46738	        4.57757
       0.528529	       0.471226	        0.46643	        4.57721
        0.52953	       0.470268	       0.465479	        4.57685
       0.530531	       0.469309	       0.464528	        4.57649
       0.531532	       0.468349	       0.463577	        4.57612
       0.532533	       0.467389	       0.462625	        4.57575
       0.533534	       0.466429	       0.461672	        4.57538
       0.534535	       0.465468	       0.460719	        4.57501
       0.535536	       0.464506	       0.459766	        4.57463
       0.536537	       0.463544	       0.458812	        4.57425
       0.537538	       0.462582	       0.457858	        4.57387
       0.538539	       0.461619	       0.456903	        4.57349
        0.53954	       0.460656	       0.455948	         4.5731
       0.540541	       0.459692	       0.454992	        4.57271
       0.541542	       0.458728	       0.454036	        4.57232
       0.542543	       0.457763	       0.453079	        4.57193
       0.543544	       0.456798	       0.452122	        4.57153
       0.544545	       0.455832	       0.451164	        4.57113
       0.545546	       0.454866	       0.450206	        4.57073
       0.546547	         0.4539	       0.449248	        4.57033
       0.547548	       0.452933	       0.448289	        4.56992
       0.548549	       0.451966	        0.44733	        4.56951
        0.54955	       0.450998	        0.44637	         4.5691
       0.550551	        0.45003	        0.44541	        4.56869
       0.551552	       0.449061	        0.44445	        4.56827
       0.552553	       0.448092	       0.443489	        4.56785
       0.553554	       0.447123	       0.442527	        4.56743
       0.554555	       0.446153	       0.441566	        4.56701
       0.555556	       0.445183	       0.440604	        4.56658
       0.556557	       0.444213	       0.439641	        4.56615
       0.557558	       0.443242	       0.438678	        4.56572
       0.558559	        0.44227	       0.437715	        4.56529
        0.55956	       0.441299	       0.436752	        4.56485
       0.560561	       0.440327	       0.435788	        4.56441
       0.561562	       0.439354	       0.434823	        4.56397
       0.562563	       0.438382	       0.433859	        4.56353
       0.563564	       0.437409	       0.432894	        4.56308
       0.564565	       0.436435	       0.431928	        4.56263
       0.565566	       0.435461	       0.430962	        4.56218
       0.566567	       0.434487	       0.429996	        4.56172
       0.567568	       0.433513	        0.42903	        4.56126
       0.568569	       0.432538	       0.428063	         4.5608
        0.56957	       0.431563	       0.427096	        4.56034
       0.570571	       0.430587	       0.426128	        4.55987
       0.571572	       0.429611	       0.425161	        4.55941
       0.572573	       0.428635	       0.424192	        4.55894
       0.573574	       0.427659	       0.423224	        4.55846
       0.574575	       0.426682	       0.422255	        4.55799
       0.575576	       0.425705	       0.421286	        4.55751
       0.576577	       0.424727	       0.420317	        4.55702
       0.577578	       0.423749	       0.419347	        4.55654
       0.578579	       0.422771	       0.418377	        4.55605
        0.57958	       0.421793	       0.417406	        4.55556
       0.580581	       0.420814	       0.416436	        4.55507
       0.581582	       0.419835	       0.415465	        4.55457
       0.582583	       0.418856	       0.414493	        4.55407
       0.583584	       0.417876	       0.413522	        4.55357
       0.584585	       0.416896	        0.41255	        4.55307
       0.585586	       0.415916	       0.411578	        4.55256
       0.586587	       0.414936	       0.410605	        4.55205
       0.587588	       0.413955	       0.409633	        4.55154
       0.588589	       0.412974	        0.40866	        4.55102
        0.58959	       0.411992	       0.407686	        4.55051
       0.590591	       0.411011	       0.406713	        4.54998
       0.591592	       0.410029	       0.405739	        4.54946
       0.592593	       0.409047	       0.404765	        4.54893
       0.593594	       0.408064	       0.403791	         4.5484
       0.594595	       0.407082	       0.402816	        4.54787
       0.595596	       0.406099	       0.401841	        4.54733
       0.596597	       0.405116	       0.400866	        4.54679
       0.597598	       0.404132	       0.399891	        4.54625
       0.598599	       0.403148	       0.398915	        4.54571
         0.5996	       0.402164	       0.397939	        4.54516
       0.600601	        0.40118	       0.396963	        4.54461
       0.601602	       0.400196	       0.395986	        4.54406
       0.602603	       0.399211	        0.39501	         4.5435
       0.603604	       0.398226	       0.394033	        4.54294
       0.604605	       0.397241	       0.393056	        4.54238
       0.605606	       0.396256	       0.392078	        4.54181
       0.606607	        0.39527	       0.391101	        4.54124
       0.607608	       0.394284	       0.390123	        4.54067
       0.608609	       0.393298	       0.389145	        4.54009
        0.60961	       0.392312	       0.388166	        4.53951
       0.610611	       0.391325	       0.387188	        4.53893
       0.611612	       0.390338	       0.386209	        4.53835
       0.612613	       0.389351	        0.38523	        4.53776
       0.613614	       0.388364	       0.384251	        4.53717
       0.614615	       0.387376	       0.383272	        4.53657
       0.615616	       0.386389	       0.382292	        4.53597
       0.616617	       0.385401	       0.381312	        4.53537
       0.617618	       0.384413	       0.380332	        4.53477
       0.618619	       0.383425	       0.379352	        4.53416
        0.61962	       0.382436	       0.378371	        4.53355
       0.620621	       0.381447	       0.377391	        4.53293
       0.621622	       0.380458	        0.37641	        4.53232
       0.622623	       0.379469	       0.375429	        4.53169
       0.623624	        0.37848	       0.374447	        4.53107
       0.624625	        0.37749	       0.373466	        4.53044
       0.625626	       0.376501	       0.372484	        4.52981
       0.626627	       0.375511	       0.371503	        4.52917
       0.627628	       0.374521	        0.37052	        4.52854
       0.628629	       0.373531	       0.369538	        4.52789
        0.62963	        0.37254	       0.368556	        4.52725
       0.630631	       0.371549	       0.367573	         4.5266
       0.631632	       0.370559	        0.36659	        4.52595
       0.632633	       0.369568	       0.365607	        4.52529
       0.633634	       0.368576	       0.364624	        4.52463
       0.634635	       0.367585	       0.363641	        4.52397
       0.635636	       0.366594	       0.362658	         4.5233
       0.636637	       0.365602	       0.361674	        4.52263
       0.637638	        0.36461	        0.36069	        4.52196
       0.638639	       0.363618	       0.359706	        4.52128
        0.63964	       0.362626	       0.358722	         4.5206
       0.640641	       0.361633	       0.357737	        4.51991
       0.641642	       0.360641	       0.356753	        4.51922
       0.642643	       0.359648	       0.355768	        4.51853
       0.643644	       0.358655	       0.354783	        4.51783
       0.644645	       0.357662	       0.353798	        4.51713
       0.645646	       0.356669	       0.352813	        4.51643
       0.646647	       0.355676	       0.351828	        4.51572
       0.647648	       0.354682	       0.350843	        4.51501
       0.648649	       0.353688	       0.349857	        4.51429
        0.64965	       0.352695	       0.348871	        4.51357
       0.650651	       0.351701	       0.347885	        4.51284
       0.651652	       0.350706	       0.346899	        4.51212
       0.652653	       0.349712	       0.345913	        4.51138
       0.653654	       0.348718	       0.344927	        4.51065
       0.654655	       0.347723	        0.34394	        4.50991
       0.655656	       0.346728	       0.342953	        4.50916
       0.656657	       0.345734	       0.341967	        4.50841
       0.657658	       0.344739	        0.34098	        4.50766
       0.658659	       0.343744	       0.339993	         4.5069
        0.65966	       0.342748	       0.339005	        4.50614
       0.660661	       0.341753	       0.338018	        4.50537
       0.661662	       0.340757	        0.33703	         4.5046
       0.662663	       0.339762	       0.336043	        4.50383
       0.663664	       0.338766	       0.335055	        4.50305
       0.664665	        0.33777	       0.334067	        4.50227
       0.665666	       0.336774	       0.333079	        4.50148
       0.666667	       0.335778	       0.332091	        4.50069
       0.667668	       0.334781	       0.331103	        4.49989
       0.668669	       0.333785	       0.330114	        4.49909
        0.66967	       0.332788	       0.329126	        4.49829
       0.670671	       0.331792	       0.328137	        4.49748
       0.671672	       0.330795	       0.327148	        4.49666
       0.672673	       0.329798	       0.326159	        4.49584
       0.673674	       0.328801	        0.32517	        4.49502
       0.674675	       0.327804	       0.324181	        4.49419
       0.675676	       0.326806	       0.323192	        4.49336
       0.676677	       0.325809	       0.322203	        4.49252
       0.677678	       0.324811	       0.321213	        4.49167
       0.678679	       0.323814	       0.320224	        4.49083
        0.67968	       0.322816	       0.319234	        4.48997
       0.680681	       0.321818	       0.318244	        4.48912
       0.681682	        0.32082	       0.317254	        4.48825
       0.682683	       0.319822	       0.316264	        4.48739
       0.683684	       0.318824	       0.315274	        4.48651
       0.684685	       0.317825	       0.314284	        4.48563
       0.685686	       0.316827	       0.313293	        4.48475
       0.686687	       0.315829	       0.312303	        4.48386
       0.687688	        0.31483	       0.311312	        4.48297
       0.688689	       0.313831	       0.310321	        4.48207
        0.68969	       0.312832	       0.309331	        4.48117
       0.690691	       0.311833	        0.30834	        4.48026
       0.691692	       0.310834	       0.307349	        4.47934
       0.692693	       0.309835	       0.306358	        4.47842
       0.693694	       0.308836	       0.305367	         4.4775
       0.694695	       0.307837	       0.304375	        4.47657
       0.695696	       0.306837	       0.303384	        4.47563
       0.696697	       0.305838	       0.302392	        4.47469
       0.697698	       0.304838	       0.301401	        4.47374
       0.698699	       0.303838	       0.300409	        4.47279
         0.6997	       0.302839	       0.299417	        4.47183
       0.700701	       0.301839	       0.298426	        4.47087
       0.701702	       0.300839	       0.297434	         4.4699
       0.702703	       0.299839	       0.296442	        4.46892
       0.703704	       0.298839	        0.29545	        4.46794
       0.704705	       0.297838	       0.294457	        4.46695
       0.705706	       0.296838	       0.293465	        4.46596
       0.706707	       0.295838	       0.292473	        4.46496
       0.707708	       0.294837	        0.29148	        4.46395
       0.708709	       0.293837	       0.290488	        4.46294
        0.70971	       0.292836	       0.289495	        4.46192
       0.710711	       0.291835	       0.288502	        4.46089
       0.711712	       0.290834	       0.287509	        4.45986
       0.712713	       0.289833	       0.286517	        4.45882
       0.713714	       0.288832	       0.285524	        4.45778
       0.714715	       0.287831	       0.284531	        4.45673
       0.715716	        0.28683	       0.283538	        4.45567
       0.716717	       0.285829	       0.282544	        4.45461
       0.717718	       0.284828	       0.281551	        4.45354
       0.718719	       0.283826	       0.280558	        4.45246
        0.71972	       0.282825	       0.279564	        4.45138
       0.720721	       0.281823	       0.278571	        4.45029
       0.721722	       0.280822	       0.277577	        4.44919
       0.722723	        0.27982	       0.276584	        4.44809
       0.723724	       0.278818	        0.27559	        4.44698
       0.724725	       0.277816	       0.274596	        4.44586
       0.725726	       0.276814	       0.273602	        4.44473
       0.726727	       0.275812	       0.272608	         4.4436
       0.727728	        0.27481	       0.271614	        4.44246
       0.728729	       0.273808	        0.27062	        4.44131
        0.72973	       0.272806	       0.269626	        4.44016
       0.730731	       0.271804	       0.268632	          4.439
       0.731732	       0.270801	       0.267638	        4.43783
       0.732733	       0.269799	       0.266643	        4.43665
       0.733734	       0.268797	       0.265649	        4.43547
       0.734735	       0.267794	       0.264654	        4.43427
       0.735736	       0.266792	        0.26366	        4.43307
       0.736737	       0.265789	       0.262665	        4.43187
       0.737738	       0.264786	       0.261671	        4.43065
       0.738739	       0.263783	       0.260676	        4.42943
        0.73974	       0.262781	       0.259681	        4.42819
       0.740741	       0.261778	       0.258686	        4.42695
       0.741742	       0.260775	       0.257691	         4.4257
       0.742743	       0.259772	       0.256696	        4.42445
       0.743744	       0.258769	       0.255701	        4.42318
       0.744745	       0.257765	       0.254706	        4.42191
       0.745746	       0.256762	       0.253711	        4.42063
       0.746747	       0.255759	       0.252716	        4.41934
       0.747748	       0.254756	       0.251721	        4.41804
       0.748749	       0.253752	       0.250725	        4.41673
        0.74975	       0.252749	        0.24973	        4.41541
       0.750751	       0.251745	       0.248734	        4.41408
       0.751752	       0.250742	       0.247739	        4.41275
       0.752753	       0.249738	       0.246743	         4.4114
       0.753754	       0.248735	       0.245748	        4.41005
       0.754755	       0.247731	       0.244752	        4.40868
       0.755756	       0.246727	       0.243756	        4.40731
       0.756757	       0.245723	       0.242761	        4.40593
       0.757758	        0.24472	       0.241765	        4.40454
       0.758759	       0.243716	       0.240769	        4.40313
        0.75976	       0.242712	       0.239773	        4.40172
       0.760761	       0.241708	       0.238777	         4.4003
       0.761762	       0.240704	       0.237781	        4.39887
       0.762763	         0.2397	       0.236785	        4.39743
       0.763764	       0.238695	       0.235789	        4.39597
       0.764765	       0.237691	       0.234793	        4.39451
       0.765766	       0.236687	       0.233797	        4.39304
       0.766767	       0.235683	         0.2328	        4.39155
       0.767768	       0.234678	       0.231804	        4.39006
       0.768769	       0.233674	       0.230808	        4.38855
        0.76977	        0.23267	       0.229811	        4.38704
       0.770771	       0.231665	       0.228815	        4.38551
       0.771772	       0.230661	       0.227818	        4.38397
       0.772773	       0.229656	       0.226822	        4.38242
       0.773774	       0.228651	       0.225825	        4.38086
       0.774775	       0.227647	       0.224829	        4.37928
       0.775776	       0.226642	       0.223832	         4.3777
       0.776777	       0.225637	       0.222835	         4.3761
       0.777778	       0.224633	       0.221839	        4.37449
       0.778779	       0.223628	       0.220842	        4.37287
        0.77978	       0.222623	       0.219845	        4.37124
       0.780781	       0.221618	       0.218848	        4.36959
       0.781782	       0.220613	       0.217851	        4.36794
       0.782783	       0.219608	       0.216854	        4.36627
       0.783784	       0.218603	       0.215857	        4.36458
       0.784785	       0.217598	        0.21486	        4.36289
       0.785786	       0.216593	       0.213863	        4.36118
       0.786787	       0.215588	       0.212866	        4.35946
       0.787788	       0.214582	       0.211869	        4.35772
       0.788789	       0.213577	       0.210872	        4.35597
        0.78979	       0.212572	       0.209875	        4.35421
       0.790791	       0.211567	       0.208877	        4.35243
       0.791792	       0.210561	        0.20788	        4.35064
       0.792793	       0.209556	       0.206883	        4.34883
       0.793794	       0.208551	       0.205885	        4.34701
       0.794795	       0.207545	       0.204888	        4.34518
       0.795796	        0.20654	        0.20389	        4.34333
       0.796797	       0.205534	       0.202893	        4.34147
       0.797798	       0.204529	       0.201895	        4.33959
       0.798799	       0.203523	       0.200898	        4.33769
         0.7998	       0.202517	         0.1999	        4.33578
       0.800801	       0.201512	       0.198903	        4.33386
       0.801802	       0.200506	       0.197905	        4.33192
       0.802803	         0.1995	       0.196907	        4.32996
       0.803804	       0.198495	        0.19591	        4.32799
       0.804805	       0.197489	       0.194912	          4.326
       0.805806	       0.196483	       0.193914	        4.32399
       0.806807	       0.195477	       0.192916	        4.32197
       0.807808	       0.194471	       0.191919	        4.31993
       0.808809	       0.193465	       0.190921	        4.31787
        0.80981	       0.192459	       0.189923	         4.3158
       0.810811	       0.191453	       0.188925	         4.3137
       0.811812	       0.190447	       0.187927	        4.31159
       0.812813	       0.189441	       0.186929	        4.30946
       0.813814	       0.188435	       0.185931	        4.30732
       0.814815	       0.187429	       0.184933	        4.30515
       0.815816	       0.186423	       0.183935	        4.30297
       0.816817	       0.185417	       0.182937	        4.30076
       0.817818	       0.184411	       0.181939	        4.29854
       0.818819	       0.183405	        0.18094	         4.2963
        0.81982	       0.182398	       0.179942	        4.29403
       0.820821	       0.181392	       0.178944	        4.29175
       0.821822	       0.180386	       0.177946	        4.28945
       0.822823	        0.17938	       0.176948	        4.28712
       0.823824	       0.178373	       0.175949	        4.28478
       0.824825	       0.177367	       0.174951	        4.28241
       0.825826	        0.17636	       0.173953	        4.28002
       0.826827	       0.175354	       0.172954	        4.27761
       0.827828	       0.174348	       0.171956	        4.27518
       0.828829	       0.173341	       0.170957	        4.27272
        0.82983	       0.172335	       0.169959	        4.27025
       0.830831	       0.171328	        0.16896	        4.26774
       0.831832	       0.170322	       0.167962	        4.26522
       0.832833	       0.169315	       0.166963	        4.26267
       0.833834	       0.168308	       0.165965	         4.2601
       0.834835	       0.167302	       0.164966	         4.2575
       0.835836	       0.166295	       0.163968	        4.25488
       0.836837	       0.165289	       0.162969	        4.25223
       0.837838	       0.164282	        0.16197	        4.24956
       0.838839	       0.163275	       0.160972	        4.24686
        0.83984	       0.162268	       0.159973	        4.24413
       0.840841	       0.161262	       0.158974	        4.24138
       0.841842	       0.160255	       0.157976	         4.2386
       0.842843	       0.159248	       0.156977	        4.23579
       0.843844	       0.158241	       0.155978	        4.23296
       0.844845	       0.157234	       0.154979	        4.23009
       0.845846	       0.156228	        0.15398	         4.2272
       0.846847	       0.155221	       0.152982	        4.22428
       0.847848	       0.154214	       0.151983	        4.22132
       0.848849	       0.153207	       0.150984	        4.21834
        0.84985	         0.1522	       0.149985	        4.21533
       0.850851	       0.151193	       0.148986	        4.21228
       0.851852	       0.150186	       0.147987	        4.20921
       0.852853	       0.149179	       0.146988	         4.2061
       0.853854	       0.148172	       0.145989	        4.20296
       0.854855	       0.147165	        0.14499	        4.19978
       0.855856	       0.146158	       0.143991	        4.19657
       0.856857	       0.145151	       0.142992	        4.19333
       0.857858	       0.144144	       0.141993	        4.19005
       0.858859	       0.143136	       0.140994	        4.18674
        0.85986	       0.142129	       0.139995	        4.18338
       0.860861	       0.141122	       0.138996	           4.18
       0.861862	       0.140115	       0.137997	        4.17657
       0.862863	       0.139108	       0.136997	        4.17311
       0.863864	       0.138101	       0.135998	        4.16961
       0.864865	       0.137093	       0.134999	        4.16607
       0.865866	       0.136086	          0.134	        4.16248
       0.866867	       0.135079	       0.133001	        4.15886
       0.867868	       0.134071	       0.132001	         4.1552
       0.868869	       0.133064	       0.131002	        4.15149
        0.86987	       0.132057	       0.130003	        4.14774
       0.870871	        0.13105	       0.129004	        4.14395
       0.871872	       0.130042	       0.128004	        4.14011
       0.872873	       0.129035	       0.127005	        4.13623
       0.873874	       0.128027	       0.126006	         4.1323
       0.874875	        0.12702	       0.125006	        4.12832
       0.875876	       0.126013	       0.124007	        4.12429
       0.876877	       0.125005	       0.123007	        4.12022
       0.877878	       0.123998	       0.122008	         4.1161
       0.878879	        0.12299	       0.121009	        4.11192
        0.87988	       0.121983	       0.120009	        4.10769
       0.880881	       0.120975	        0.11901	        4.10341
       0.881882	       0.119968	        0.11801	        4.09908
       0.882883	        0.11896	       0.117011	        4.09469
       0.883884	       0.117953	       0.116011	        4.09025
       0.884885	       0.116945	       0.115012	        4.08575
       0.885886	       0.115938	       0.114012	        4.08119
       0.886887	        0.11493	       0.113013	        4.07657
       0.887888	       0.113922	       0.112013	        4.07189
       0.888889	       0.112915	       0.111014	        4.06714
        0.88989	       0.111907	       0.110014	        4.06234
       0.890891	         0.1109	       0.109014	        4.05747
       0.891892	       0.109892	       0.108015	        4.05253
       0.892893	       0.108884	       0.107015	        4.04753
       0.893894	       0.107877	       0.106016	        4.04245
       0.894895	       0.106869	       0.105016	        4.03731
       0.895896	       0.105861	       0.104016	        4.03209
       0.896897	       0.104853	       0.103017	        4.02681
       0.897898	       0.103846	       0.102017	        4.02144
       0.898899	       0.102838	       0.101017	          4.016
         0.8999	        0.10183	       0.100017	        4.01048
       0.900901	       0.100822	      0.0990177	        4.00488
       0.901902	      0.0998147	       0.098018	         3.9992
       0.902903	      0.0988069	      0.0970182	        3.99344
       0.903904	      0.0977991	      0.0960184	        3.98758
       0.904905	      0.0967912	      0.0950187	        3.98164
       0.905906	      0.0957834	      0.0940189	        3.97561
       0.906907	      0.0947756	      0.0930191	        3.96949
       0.907908	      0.0937677	      0.0920193	        3.96327
       0.908909	      0.0927599	      0.0910195	        3.95696
        0.90991	       0.091752	      0.0900196	        3.95054
       0.910911	      0.0907441	      0.0890198	        3.94403
       0.911912	      0.0897362	      0.0880199	        3.93741
       0.912913	      0.0887283	      0.0870201	        3.93068
       0.913914	      0.0877204	      0.0860202	        3.92384
       0.914915	      0.0867125	      0.0850203	        3.91689
       0.915916	      0.0857045	      0.0840204	        3.90983
       0.916917	      0.0846966	      0.0830205	        3.90264
       0.917918	      0.0836886	      0.0820206	        3.89533
       0.918919	      0.0826806	      0.0810207	         3.8879
        0.91992	      0.0816727	      0.0800207	        3.88034
       0.920921	      0.0806647	      0.0790208	        3.87264
       0.921922	      0.0796567	      0.0780208	        3.86481
       0.922923	      0.0786487	      0.0770208	        3.85684
       0.923924	      0.0776406	      0.0760209	        3.84873
       0.924925	      0.0766326	      0.0750209	        3.84046
       0.925926	      0.0756246	      0.0740209	        3.83205
       0.926927	      0.0746165	      0.0730209	        3.82347
       0.927928	      0.0736085	      0.0720209	        3.81474
       0.928929	      0.0726004	      0.0710208	        3.80583
        0.92993	      0.0715923	      0.0700208	        3.79676
       0.930931	      0.0705842	      0.0690208	         3.7875
       0.931932	      0.0695761	      0.0680207	        3.77806
       0.932933	       0.068568	      0.0670206	        3.76844
       0.933934	      0.0675599	      0.0660206	        3.75861
       0.934935	      0.0665518	      0.0650205	        3.74859
       0.935936	      0.0655437	      0.0640204	        3.73835
       0.936937	      0.0645355	      0.0630203	         3.7279
       0.937938	      0.0635274	      0.0620202	        3.71723
       0.938939	      0.0625192	      0.0610201	        3.70632
        0.93994	       0.061511	        0.06002	        3.69517
       0.940941	      0.0605029	      0.0590198	        3.68378
       0.941942	      0.0594947	      0.0580197	        3.67212
       0.942943	      0.0584865	      0.0570195	         3.6602
       0.943944	      0.0574783	      0.0560194	          3.648
       0.944945	      0.0564701	      0.0550192	        3.63552
       0.945946	      0.0554619	      0.0540191	        3.62273
       0.946947	      0.0544537	      0.0530189	        3.60963
       0.947948	      0.0534454	      0.0520187	        3.59621
       0.948949	      0.0524372	      0.0510185	        3.58244
        0.94995	       0.051429	      0.0500183	        3.56833
       0.950951	      0.0504207	      0.0490181	        3.55385
       0.951952	      0.0494124	      0.0480179	        3.53898
       0.952953	      0.0484042	      0.0470176	        3.52371
       0.953954	      0.0473959	      0.0460174	        3.50803
       0.954955	      0.0463876	      0.0450172	         3.4919
       0.955956	      0.0453793	      0.0440169	        3.47532
       0.956957	       0.044371	      0.0430167	        3.45825
       0.957958	      0.0433627	      0.0420164	        3.44068
       0.958959	      0.0423544	      0.0410161	        3.42258
        0.95996	      0.0413461	      0.0400159	        3.40392
       0.960961	      0.0403378	      0.0390156	        3.38467
       0.961962	      0.0393295	      0.0380153	        3.36479
       0.962963	      0.0383211	       0.037015	        3.34427
       0.963964	      0.0373128	      0.0360147	        3.32305
       0.964965	      0.0363044	      0.0350144	         3.3011
       0.965966	      0.0352961	      0.0340141	        3.27836
       0.966967	      0.0342877	      0.0330138	        3.25481
       0.967968	      0.0332793	      0.0320134	        3.23037
       0.968969	       0.032271	      0.0310131	          3.205
        0.96997	      0.0312626	      0.0300128	        3.17863
       0.970971	      0.0302542	      0.0290124	        3.15118
       0.971972	      0.0292458	      0.0280121	        3.12259
       0.972973	      0.0282374	      0.0270117	        3.09277
       0.973974	       0.027229	      0.0260113	        3.06161
       0.974975	      0.0262206	       0.025011	        3.02902
       0.975976	      0.0252122	      0.0240106	        2.99487
       0.976977	      0.0242037	      0.0230102	        2.95903
       0.977978	      0.0231953	      0.0220098	        2.92134
       0.978979	      0.0221869	      0.0210094	        2.88163
        0.97998	      0.0211784	       0.020009	         2.8397
       0.980981	        0.02017	      0.0190086	        2.79531
       0.981982	      0.0191615	      0.0180082	        2.74819
       0.982983	      0.0181531	      0.0170078	        2.69804
       0.983984	      0.0171446	      0.0160074	        2.64446
       0.984985	      0.0161362	       0.015007	        2.58702
       0.985986	      0.0151277	      0.0140065	        2.52518
       0.986987	      0.0141192	      0.0130061	        2.45827
       0.987988	      0.0131107	      0.0120057	        2.38549
       0.988989	      0.0121022	      0.0110052	        2.30578
        0.98999	      0.0110937	      0.0100048	        2.21783
       0.990991	      0.0100852	     0.00900432	        2.11989
       0.991992	     0.00907674	     0.00800386	        2.00957
       0.992993	     0.00806824	     0.00700339	        1.88357
       0.993994	     0.00705972	     0.00600292	          1.737
       0.994995	     0.00605121	     0.00500245	        1.56232
       0.995996	     0.00504268	     0.00400197	        1.34688
       0.996997	     0.00403416	     0.00300148	        1.06696
       0.997998	     0.00302562	     0.00200099	       0.669312
       0.998999	     0.00201709	      0.0010005	      0.0159533
              1	     0.00100855	    5.88857e-18	              0
