      1.0000000     -2.0000000      0.0000000      1.0000000      0.0000000      1.0000000
      1.0500000     -2.0000000      0.0000000      1.0000000      0.0000000      1.0000000
      1.1000000     -2.0000000      0.0000000      1.0000000      0.0000000      1.0000000
      1.1500000     -1.9600000     0.23712665     0.99000000    0.017043478     0.99000000
      1.2000000     -1.9800000     0.11000000     0.11000000    0.033000000     0.99000000
      1.2500000     -1.8400000     0.75366400    -0.26000000     0.19232000     0.93000000
      1.3000000     -1.9800000    0.093727811     0.99000000    0.030461538     0.99000000
      1.3500000     -1.9800000    0.086913580     0.99500000   0.0073333333     0.99500000
      1.4000000     -1.9200000     0.31346939     0.35500000    0.048214286     0.97500000
      1.4500000     -2.0000000      0.0000000      1.0000000      0.0000000      1.0000000
