0	0	0	4.94066e-324
1.17737e-08	7.39766e-10	0	0.01
3.52062e-08	2.94749e-09	0	0.02
7.01385e-08	7.33721e-09	0	0.03
1.1637e-07	1.46064e-08	0	0.04
1.73659e-07	2.54336e-08	0	0.05
2.41726e-07	4.04765e-08	0	0.06
3.20253e-07	6.03703e-08	0	0.07
4.08891e-07	8.57252e-08	0	0.08
5.07254e-07	1.17126e-07	0	0.09
6.14927e-07	1.55129e-07	0	0.1
7.31465e-07	2.00263e-07	0	0.11
8.56399e-07	2.53026e-07	0	0.12
9.8923e-07	3.13886e-07	0	0.13
1.12944e-06	3.83278e-07	0	0.14
1.27649e-06	4.61606e-07	0	0.15
1.42982e-06	5.4924e-07	0	0.16
1.58885e-06	6.46516e-07	0	0.17
1.75299e-06	7.53736e-07	0	0.18
1.92163e-06	8.71168e-07	0	0.19
2.09416e-06	9.99044e-07	0	0.2
2.26995e-06	1.13756e-06	0	0.21
2.44835e-06	1.28688e-06	0	0.22
2.62874e-06	1.44713e-06	0	0.23
2.81045e-06	1.61839e-06	0	0.24
2.99284e-06	1.80073e-06	0	0.25
3.17526e-06	1.99416e-06	0	0.26
3.35705e-06	2.19866e-06	0	0.27
3.53756e-06	2.41419e-06	0	0.28
3.71615e-06	2.64064e-06	0	0.29
3.89217e-06	2.87789e-06	0	0.3
4.06499e-06	3.12579e-06	0	0.31
4.23398e-06	3.38414e-06	0	0.32
4.39852e-06	3.6527e-06	0	0.33
4.55802e-06	3.93122e-06	0	0.34
4.71187e-06	4.21938e-06	0	0.35
4.85951e-06	4.51686e-06	0	0.36
5.00038e-06	4.8233e-06	0	0.37
5.13394e-06	5.13828e-06	0	0.38
5.25966e-06	5.46138e-06	0	0.39
5.37707e-06	5.79214e-06	0	0.4
5.48568e-06	6.13006e-06	0	0.41
5.58506e-06	6.47462e-06	0	0.42
5.67478e-06	6.82526e-06	0	0.43
5.75448e-06	7.18142e-06	0	0.44
5.82378e-06	7.54248e-06	0	0.45
5.88238e-06	7.90782e-06	0	0.46
5.92999e-06	8.27678e-06	0	0.47
5.96638e-06	8.6487e-06	0	0.48
5.99133e-06	9.02288e-06	0	0.49
6.00468e-06	9.39862e-06	0	0.5
6.00632e-06	9.7752e-06	0	0.51
5.99616e-06	1.01519e-05	0	0.52
5.97418e-06	1.05279e-05	0	0.53
5.9404e-06	1.09026e-05	0	0.54
5.89488e-06	1.12751e-05	0	0.55
5.83773e-06	1.16447e-05	0	0.56
5.76912e-06	1.20107e-05	0	0.57
5.68926e-06	1.23724e-05	0	0.58
5.59841e-06	1.27289e-05	0	0.59
5.49689e-06	1.30795e-05	0	0.6
5.38507e-06	1.34237e-05	0	0.61
5.26334e-06	1.37606e-05	0	0.62
5.13218e-06	1.40897e-05	0	0.63
4.99209e-06	1.44103e-05	0	0.64
4.84361e-06	1.47218e-05	0	0.65
4.68735e-06	1.50237e-05	0	0.66
4.52393e-06	1.53154e-05	0	0.67
4.35403e-06	1.55965e-05	0	0.68
4.17835e-06	1.58665e-05	0	0.69
3.99762e-06	1.61251e-05	0	0.7
3.81261e-06	1.63719e-05	0	0.71
3.62411e-06	1.66067e-05	0	0.72
3.43292e-06	1.68293e-05	0	0.73
3.23986e-06	1.70394e-05	0	0.74
3.04577e-06	1.7237e-05	0	0.75
2.85148e-06	1.7422e-05	0	0.76
2.65783e-06	1.75944e-05	0	0.77
2.46566e-06	1.77544e-05	0	0.78
2.27579e-06	1.7902e-05	0	0.79
2.08904e-06	1.80375e-05	0	0.8
1.90622e-06	1.8161e-05	0	0.81
1.72808e-06	1.8273e-05	0	0.82
1.5554e-06	1.83736e-05	0	0.83
1.38889e-06	1.84635e-05	0	0.84
1.22924e-06	1.85429e-05	0	0.85
1.0771e-06	1.86124e-05	0	0.86
9.331e-07	1.86726e-05	0	0.87
7.97804e-07	1.8724e-05	0	0.88
6.71744e-07	1.87672e-05	0	0.89
5.55405e-07	1.88029e-05	0	0.9
4.49223e-07	1.88317e-05	0	0.91
3.53587e-07	1.88544e-05	0	0.92
2.68836e-07	1.88716e-05	0	0.93
1.95258e-07	1.88841e-05	0	0.94
1.33091e-07	1.88927e-05	0	0.95
8.25219e-08	1.8898e-05	0	0.96
4.36876e-08	1.89008e-05	0	0.97
1.66752e-08	1.8902e-05	0	0.98
1.52288e-09	1.89021e-05	0	0.99
-1.77935e-09	1.89021e-05	0	1
6.71165e-09	1.89026e-05	0	1.01
2.68934e-08	1.89043e-05	0	1.02
5.86193e-08	1.89081e-05	0	1.03
1.017e-07	1.89145e-05	0	1.04
1.55907e-07	1.89243e-05	0	1.05
2.20969e-07	1.89381e-05	0	1.06
2.96582e-07	1.89566e-05	0	1.07
3.82403e-07	1.89804e-05	0	1.08
4.78057e-07	1.90101e-05	0	1.09
5.83139e-07	1.90462e-05	0	1.1
6.97213e-07	1.90893e-05	0	1.11
8.19814e-07	1.91399e-05	0	1.12
9.50455e-07	1.91985e-05	0	1.13
1.08862e-06	1.92654e-05	0	1.14
1.23378e-06	1.93412e-05	0	1.15
1.38538e-06	1.94262e-05	0	1.16
1.54285e-06	1.95207e-05	0	1.17
1.70559e-06	1.96251e-05	0	1.18
1.87301e-06	1.97397e-05	0	1.19
2.04449e-06	1.98646e-05	0	1.2
2.21941e-06	2.00001e-05	0	1.21
2.39713e-06	2.01463e-05	0	1.22
2.57702e-06	2.03035e-05	0	1.23
2.75842e-06	2.04716e-05	0	1.24
2.94068e-06	2.06508e-05	0	1.25
3.12315e-06	2.08411e-05	0	1.26
3.30519e-06	2.10425e-05	0	1.27
3.48613e-06	2.12549e-05	0	1.28
3.66533e-06	2.14783e-05	0	1.29
3.84215e-06	2.17125e-05	0	1.3
4.01595e-06	2.19574e-05	0	1.31
4.18609e-06	2.22129e-05	0	1.32
4.35197e-06	2.24786e-05	0	1.33
4.51296e-06	2.27543e-05	0	1.34
4.66848e-06	2.30398e-05	0	1.35
4.81795e-06	2.33347e-05	0	1.36
4.9608e-06	2.36387e-05	0	1.37
5.09648e-06	2.39513e-05	0	1.38
5.22449e-06	2.42722e-05	0	1.39
5.3443e-06	2.46008e-05	0	1.4
5.45545e-06	2.49368e-05	0	1.41
5.55749e-06	2.52796e-05	0	1.42
5.64998e-06	2.56286e-05	0	1.43
5.73254e-06	2.59833e-05	0	1.44
5.80481e-06	2.63431e-05	0	1.45
5.86645e-06	2.67073e-05	0	1.46
5.91719e-06	2.70754e-05	0	1.47
5.95675e-06	2.74465e-05	0	1.48
5.98492e-06	2.78202e-05	0	1.49
6.00154e-06	2.81956e-05	0	1.5
6.00647e-06	2.85721e-05	0	1.51
5.99961e-06	2.89488e-05	0	1.52
5.98093e-06	2.93252e-05	0	1.53
5.95044e-06	2.97003e-05	0	1.54
5.90817e-06	3.00736e-05	0	1.55
5.85424e-06	3.04441e-05	0	1.56
5.78879e-06	3.08112e-05	0	1.57
5.71203e-06	3.11742e-05	0	1.58
5.62419e-06	3.15322e-05	0	1.59
5.52559e-06	3.18846e-05	0	1.6
5.41657e-06	3.22306e-05	0	1.61
5.29754e-06	3.25697e-05	0	1.62
5.16893e-06	3.2901e-05	0	1.63
5.03124e-06	3.3224e-05	0	1.64
4.88502e-06	3.35381e-05	0	1.65
4.73083e-06	3.38428e-05	0	1.66
4.56931e-06	3.41373e-05	0	1.67
4.40112e-06	3.44214e-05	0	1.68
4.22695e-06	3.46946e-05	0	1.69
4.04753e-06	3.49564e-05	0	1.7
3.86361e-06	3.52065e-05	0	1.71
3.67599e-06	3.54447e-05	0	1.72
3.48545e-06	3.56706e-05	0	1.73
3.29282e-06	3.58842e-05	0	1.74
3.09893e-06	3.60852e-05	0	1.75
2.90461e-06	3.62737e-05	0	1.76
2.7107e-06	3.64496e-05	0	1.77
2.51804e-06	3.6613e-05	0	1.78
2.32746e-06	3.67641e-05	0	1.79
2.13978e-06	3.69029e-05	0	1.8
1.9558e-06	3.70297e-05	0	1.81
1.77631e-06	3.71448e-05	0	1.82
1.60205e-06	3.72486e-05	0	1.83
1.43378e-06	3.73414e-05	0	1.84
1.27217e-06	3.74236e-05	0	1.85
1.11791e-06	3.74959e-05	0	1.86
9.71613e-07	3.75586e-05	0	1.87
8.33864e-07	3.76124e-05	0	1.88
7.05208e-07	3.76578e-05	0	1.89
5.86141e-07	3.76956e-05	0	1.9
4.77112e-07	3.77263e-05	0	1.91
3.78524e-07	3.77506e-05	0	1.92
2.90728e-07	3.77693e-05	0	1.93
2.14027e-07	3.77831e-05	0	1.94
1.48671e-07	3.77927e-05	0	1.95
9.48621e-08	3.77989e-05	0	1.96
5.27505e-08	3.78023e-05	0	1.97
2.2437e-08	3.78039e-05	0	1.98
3.97328e-09	3.78043e-05	0	1.99
-2.63745e-09	3.78043e-05	0	2
2.56096e-09	3.78046e-05	0	2.01
1.94787e-08	3.7806e-05	0	2.02
4.79816e-08	3.78091e-05	0	2.03
8.78925e-08	3.78148e-05	0	2.04
1.38993e-07	3.78236e-05	0	2.05
2.01025e-07	3.78362e-05	0	2.06
2.73693e-07	3.78534e-05	0	2.07
3.56666e-07	3.78757e-05	0	2.08
4.49578e-07	3.79037e-05	0	2.09
5.52033e-07	3.79379e-05	0	2.1
6.63602e-07	3.7979e-05	0	2.11
7.83831e-07	3.80275e-05	0	2.12
9.12238e-07	3.80838e-05	0	2.13
1.04832e-06	3.81483e-05	0	2.14
1.19154e-06	3.82216e-05	0	2.15
1.34136e-06	3.8304e-05	0	2.16
1.49721e-06	3.83958e-05	0	2.17
1.65851e-06	3.84974e-05	0	2.18
1.82466e-06	3.8609e-05	0	2.19
1.99504e-06	3.8731e-05	0	2.2
2.16904e-06	3.88635e-05	0	2.21
2.34603e-06	3.90067e-05	0	2.22
2.52536e-06	3.91607e-05	0	2.23
2.70639e-06	3.93258e-05	0	2.24
2.88847e-06	3.95018e-05	0	2.25
3.07095e-06	3.9689e-05	0	2.26
3.25317e-06	3.98872e-05	0	2.27
3.4345e-06	4.00965e-05	0	2.28
3.61426e-06	4.03168e-05	0	2.29
3.79183e-06	4.0548e-05	0	2.3
3.96655e-06	4.07899e-05	0	2.31
4.1378e-06	4.10424e-05	0	2.32
4.30496e-06	4.13052e-05	0	2.33
4.4674e-06	4.15782e-05	0	2.34
4.62454e-06	4.18609e-05	0	2.35
4.77579e-06	4.21532e-05	0	2.36
4.92059e-06	4.24547e-05	0	2.37
5.05837e-06	4.27649e-05	0	2.38
5.1886e-06	4.30835e-05	0	2.39
5.31079e-06	4.34101e-05	0	2.4
5.42445e-06	4.37441e-05	0	2.41
5.52911e-06	4.4085e-05	0	2.42
5.62435e-06	4.44323e-05	0	2.43
5.70976e-06	4.47855e-05	0	2.44
5.78497e-06	4.5144e-05	0	2.45
5.84965e-06	4.5507e-05	0	2.46
5.90348e-06	4.58741e-05	0	2.47
5.94621e-06	4.62445e-05	0	2.48
5.9776e-06	4.66176e-05	0	2.49
5.99748e-06	4.69926e-05	0	2.5
6.00569e-06	4.73689e-05	0	2.51
6.00214e-06	4.77457e-05	0	2.52
5.98677e-06	4.81222e-05	0	2.53
5.95957e-06	4.84978e-05	0	2.54
5.92058e-06	4.88717e-05	0	2.55
5.86988e-06	4.92431e-05	0	2.56
5.80762e-06	4.96113e-05	0	2.57
5.73397e-06	4.99755e-05	0	2.58
5.64918e-06	5.0335e-05	0	2.59
5.55353e-06	5.06891e-05	0	2.6
5.44736e-06	5.1037e-05	0	2.61
5.33105e-06	5.13781e-05	0	2.62
5.20503e-06	5.17116e-05	0	2.63
5.0698e-06	5.20371e-05	0	2.64
4.92587e-06	5.23537e-05	0	2.65
4.77381e-06	5.2661e-05	0	2.66
4.61424e-06	5.29585e-05	0	2.67
4.44782e-06	5.32455e-05	0	2.68
4.27522e-06	5.35218e-05	0	2.69
4.09716e-06	5.37867e-05	0	2.7
3.9144e-06	5.40401e-05	0	2.71
3.72772e-06	5.42816e-05	0	2.72
3.5379e-06	5.4511e-05	0	2.73
3.34576e-06	5.4728e-05	0	2.74
3.15213e-06	5.49325e-05	0	2.75
2.95784e-06	5.51245e-05	0	2.76
2.76374e-06	5.53039e-05	0	2.77
2.57065e-06	5.54707e-05	0	2.78
2.37942e-06	5.56252e-05	0	2.79
2.19086e-06	5.57674e-05	0	2.8
2.00579e-06	5.58975e-05	0	2.81
1.82498e-06	5.60158e-05	0	2.82
1.64922e-06	5.61227e-05	0	2.83
1.47923e-06	5.62185e-05	0	2.84
1.31573e-06	5.63037e-05	0	2.85
1.15938e-06	5.63786e-05	0	2.86
1.01083e-06	5.6444e-05	0	2.87
8.70665e-07	5.65002e-05	0	2.88
7.39448e-07	5.65479e-05	0	2.89
6.17686e-07	5.65877e-05	0	2.9
5.05839e-07	5.66204e-05	0	2.91
4.04324e-07	5.66464e-05	0	2.92
3.13504e-07	5.66667e-05	0	2.93
2.33696e-07	5.66818e-05	0	2.94
1.65166e-07	5.66925e-05	0	2.95
1.08127e-07	5.66996e-05	0	2.96
6.27436e-08	5.67038e-05	0	2.97
2.91312e-08	5.67058e-05	0	2.98
7.35445e-09	5.67065e-05	0	2.99
-2.57005e-09	5.67066e-05	0	3
-6.73099e-10	5.67068e-05	0	3.01
1.29683e-08	5.67078e-05	0	3.02
3.82324e-08	5.67104e-05	0	3.03
7.4954e-08	5.67153e-05	0	3.04
1.22926e-07	5.67232e-05	0	3.05
1.81903e-07	5.67348e-05	0	3.06
2.51599e-07	5.67506e-05	0	3.07
3.31693e-07	5.67714e-05	0	3.08
4.21829e-07	5.67978e-05	0	3.09
5.2162e-07	5.68302e-05	0	3.1
6.30647e-07	5.68694e-05	0	3.11
7.48463e-07	5.69157e-05	0	3.12
8.74593e-07	5.69698e-05	0	3.13
1.00854e-06	5.7032e-05	0	3.14
1.14978e-06	5.71028e-05	0	3.15
1.29778e-06	5.71825e-05	0	3.16
1.45197e-06	5.72717e-05	0	3.17
1.61177e-06	5.73705e-05	0	3.18
1.77659e-06	5.74792e-05	0	3.19
1.94582e-06	5.75983e-05	0	3.2
2.11885e-06	5.77278e-05	0	3.21
2.29505e-06	5.78679e-05	0	3.22
2.47377e-06	5.80189e-05	0	3.23
2.65438e-06	5.81808e-05	0	3.24
2.83623e-06	5.83537e-05	0	3.25
3.01866e-06	5.85378e-05	0	3.26
3.20102e-06	5.87329e-05	0	3.27
3.38267e-06	5.8939e-05	0	3.28
3.56294e-06	5.91562e-05	0	3.29
3.7412e-06	5.93843e-05	0	3.3
3.91681e-06	5.96232e-05	0	3.31
4.08911e-06	5.98727e-05	0	3.32
4.2575e-06	6.01327e-05	0	3.33
4.42136e-06	6.04028e-05	0	3.34
4.58008e-06	6.06828e-05	0	3.35
4.73307e-06	6.09724e-05	0	3.36
4.87976e-06	6.12714e-05	0	3.37
5.01959e-06	6.15792e-05	0	3.38
5.15203e-06	6.18955e-05	0	3.39
5.27656e-06	6.22198e-05	0	3.4
5.39269e-06	6.25518e-05	0	3.41
5.49995e-06	6.28909e-05	0	3.42
5.5979e-06	6.32365e-05	0	3.43
5.68614e-06	6.35881e-05	0	3.44
5.76427e-06	6.39451e-05	0	3.45
5.83195e-06	6.4307e-05	0	3.46
5.88887e-06	6.46731e-05	0	3.47
5.93476e-06	6.50426e-05	0	3.48
5.96937e-06	6.54151e-05	0	3.49
5.9925e-06	6.57897e-05	0	3.5
6.004e-06	6.61657e-05	0	3.51
6.00375e-06	6.65424e-05	0	3.52
5.99169e-06	6.69192e-05	0	3.53
5.9678e-06	6.72952e-05	0	3.54
5.93209e-06	6.76696e-05	0	3.55
5.88465e-06	6.80418e-05	0	3.56
5.82559e-06	6.8411e-05	0	3.57
5.75509e-06	6.87765e-05	0	3.58
5.67336e-06	6.91374e-05	0	3.59
5.58069e-06	6.94931e-05	0	3.6
5.4774e-06	6.98428e-05	0	3.61
5.36385e-06	7.01859e-05	0	3.62
5.24048e-06	7.05216e-05	0	3.63
5.10774e-06	7.08494e-05	0	3.64
4.96615e-06	7.11685e-05	0	3.65
4.81627e-06	7.14785e-05	0	3.66
4.65871e-06	7.17788e-05	0	3.67
4.49411e-06	7.20688e-05	0	3.68
4.32313e-06	7.23481e-05	0	3.69
4.1465e-06	7.26162e-05	0	3.7
3.96496e-06	7.28729e-05	0	3.71
3.77927e-06	7.31177e-05	0	3.72
3.59023e-06	7.33504e-05	0	3.73
3.39865e-06	7.35709e-05	0	3.74
3.20535e-06	7.37789e-05	0	3.75
3.01116e-06	7.39743e-05	0	3.76
2.81692e-06	7.41572e-05	0	3.77
2.62347e-06	7.43275e-05	0	3.78
2.43165e-06	7.44854e-05	0	3.79
2.24227e-06	7.4631e-05	0	3.8
2.05616e-06	7.47644e-05	0	3.81
1.87411e-06	7.4886e-05	0	3.82
1.69688e-06	7.4996e-05	0	3.83
1.52523e-06	7.50949e-05	0	3.84
1.35988e-06	7.51829e-05	0	3.85
1.20149e-06	7.52607e-05	0	3.86
1.05073e-06	7.53287e-05	0	3.87
9.08197e-07	7.53874e-05	0	3.88
7.74457e-07	7.54374e-05	0	3.89
6.50032e-07	7.54794e-05	0	3.9
5.35398e-07	7.5514e-05	0	3.91
4.3098e-07	7.55419e-05	0	3.92
3.3716e-07	7.55637e-05	0	3.93
2.54264e-07	7.55802e-05	0	3.94
1.82573e-07	7.55921e-05	0	3.95
1.22315e-07	7.56001e-05	0	3.96
7.36678e-08	7.56051e-05	0	3.97
3.67597e-08	7.56077e-05	0	3.98
1.16693e-08	7.56087e-05	0	3.99
-1.57318e-09	7.56089e-05	0	4
-2.98555e-09	7.56091e-05	0	4.01
7.3681e-09	7.56098e-05	0	4.02
2.93785e-08	7.56119e-05	0	4.03
6.28928e-08	7.56162e-05	0	4.04
1.07716e-07	7.56232e-05	0	4.05
1.63612e-07	7.56337e-05	0	4.06
2.30308e-07	7.56483e-05	0	4.07
3.07493e-07	7.56677e-05	0	4.08
3.94821e-07	7.56924e-05	0	4.09
4.91913e-07	7.57231e-05	0	4.1
5.9836e-07	7.57604e-05	0	4.11
7.13722e-07	7.58047e-05	0	4.12
8.37535e-07	7.58565e-05	0	4.13
9.69306e-07	7.59164e-05	0	4.14
1.10852e-06	7.59847e-05	0	4.15
1.25464e-06	7.60619e-05	0	4.16
1.40712e-06	7.61483e-05	0	4.17
1.56538e-06	7.62444e-05	0	4.18
1.72882e-06	7.63503e-05	0	4.19
1.89685e-06	7.64664e-05	0	4.2
2.06886e-06	7.65929e-05	0	4.21
2.24421e-06	7.673e-05	0	4.22
2.42227e-06	7.68779e-05	0	4.23
2.60241e-06	7.70367e-05	0	4.24
2.78397e-06	7.72066e-05	0	4.25
2.9663e-06	7.73874e-05	0	4.26
3.14875e-06	7.75794e-05	0	4.27
3.33067e-06	7.77824e-05	0	4.28
3.5114e-06	7.79965e-05	0	4.29
3.6903e-06	7.82215e-05	0	4.3
3.86673e-06	7.84574e-05	0	4.31
4.04005e-06	7.87039e-05	0	4.32
4.20962e-06	7.89609e-05	0	4.33
4.37484e-06	7.92282e-05	0	4.34
4.53509e-06	7.95054e-05	0	4.35
4.68977e-06	7.97924e-05	0	4.36
4.83832e-06	8.00887e-05	0	4.37
4.98017e-06	8.03941e-05	0	4.38
5.11477e-06	8.0708e-05	0	4.39
5.2416e-06	8.10302e-05	0	4.4
5.36017e-06	8.13601e-05	0	4.41
5.47e-06	8.16972e-05	0	4.42
5.57064e-06	8.2041e-05	0	4.43
5.66167e-06	8.23911e-05	0	4.44
5.7427e-06	8.27467e-05	0	4.45
5.81338e-06	8.31073e-05	0	4.46
5.87337e-06	8.34722e-05	0	4.47
5.9224e-06	8.38409e-05	0	4.48
5.96021e-06	8.42126e-05	0	4.49
5.98659e-06	8.45867e-05	0	4.5
6.00137e-06	8.49625e-05	0	4.51
6.00443e-06	8.53391e-05	0	4.52
5.99569e-06	8.5716e-05	0	4.53
5.97511e-06	8.60923e-05	0	4.54
5.9427e-06	8.64673e-05	0	4.55
5.89853e-06	8.68402e-05	0	4.56
5.84269e-06	8.72104e-05	0	4.57
5.77536e-06	8.7577e-05	0	4.58
5.69673e-06	8.79393e-05	0	4.59
5.60707e-06	8.82965e-05	0	4.6
5.50669e-06	8.8648e-05	0	4.61
5.39595e-06	8.8993e-05	0	4.62
5.27525e-06	8.93309e-05	0	4.63
5.14505e-06	8.9661e-05	0	4.64
5.00585e-06	8.99826e-05	0	4.65
4.85821e-06	9.02952e-05	0	4.66
4.7027e-06	9.05982e-05	0	4.67
4.53997e-06	9.08912e-05	0	4.68
4.37068e-06	9.11735e-05	0	4.69
4.19554e-06	9.14448e-05	0	4.7
4.01527e-06	9.17046e-05	0	4.71
3.83064e-06	9.19528e-05	0	4.72
3.64245e-06	9.21889e-05	0	4.73
3.45148e-06	9.24128e-05	0	4.74
3.25857e-06	9.26242e-05	0	4.75
3.06454e-06	9.28232e-05	0	4.76
2.87023e-06	9.30096e-05	0	4.77
2.67648e-06	9.31834e-05	0	4.78
2.48413e-06	9.33447e-05	0	4.79
2.294e-06	9.34937e-05	0	4.8
2.10691e-06	9.36304e-05	0	4.81
1.92366e-06	9.37553e-05	0	4.82
1.74503e-06	9.38685e-05	0	4.83
1.57178e-06	9.39704e-05	0	4.84
1.40462e-06	9.40615e-05	0	4.85
1.24424e-06	9.41421e-05	0	4.86
1.09132e-06	9.42127e-05	0	4.87
9.46451e-07	9.4274e-05	0	4.88
8.10225e-07	9.43264e-05	0	4.89
6.83173e-07	9.43706e-05	0	4.9
5.65781e-07	9.44072e-05	0	4.91
4.5849e-07	9.44369e-05	0	4.92
3.61691e-07	9.44603e-05	0	4.93
2.75728e-07	9.44783e-05	0	4.94
2.00893e-07	9.44914e-05	0	4.95
1.37427e-07	9.45005e-05	0	4.96
8.55236e-08	9.45063e-05	0	4.97
4.53241e-08	9.45095e-05	0	4.98
1.69206e-08	9.4511e-05	0	4.99
3.56864e-10	9.45114e-05	0	5
-4.3717e-09	9.45115e-05	0	5.01
2.68376e-09	9.4512e-05	0	5.02
2.14266e-08	9.45137e-05	0	5.03
5.17162e-08	9.45173e-05	0	5.04
9.33694e-08	9.45235e-05	0	5.05
1.46162e-07	9.4533e-05	0	5.06
2.09832e-07	9.45464e-05	0	5.07
2.84078e-07	9.45644e-05	0	5.08
3.68565e-07	9.45876e-05	0	5.09
4.62923e-07	9.46166e-05	0	5.1
5.66753e-07	9.4652e-05	0	5.11
6.79623e-07	9.46942e-05	0	5.12
8.01076e-07	9.47439e-05	0	5.13
9.30628e-07	9.48015e-05	0	5.14
1.06777e-06	9.48674e-05	0	5.15
1.21197e-06	9.4942e-05	0	5.16
1.36269e-06	9.50259e-05	0	5.17
1.51935e-06	9.51191e-05	0	5.18
1.68137e-06	9.52223e-05	0	5.19
1.84815e-06	9.53355e-05	0	5.2
2.01908e-06	9.5459e-05	0	5.21
2.19354e-06	9.55931e-05	0	5.22
2.37089e-06	9.57379e-05	0	5.23
2.55049e-06	9.58936e-05	0	5.24
2.73171e-06	9.60603e-05	0	5.25
2.91388e-06	9.6238e-05	0	5.26
3.09636e-06	9.64268e-05	0	5.27
3.2785e-06	9.66267e-05	0	5.28
3.45964e-06	9.68377e-05	0	5.29
3.63914e-06	9.70596e-05	0	5.3
3.81634e-06	9.72924e-05	0	5.31
3.99061e-06	9.75359e-05	0	5.32
4.16133e-06	9.779e-05	0	5.33
4.32785e-06	9.80543e-05	0	5.34
4.48959e-06	9.83288e-05	0	5.35
4.64592e-06	9.8613e-05	0	5.36
4.79629e-06	9.89068e-05	0	5.37
4.9401e-06	9.92096e-05	0	5.38
5.07683e-06	9.95212e-05	0	5.39
5.20593e-06	9.98411e-05	0	5.4
5.32691e-06	0.000100169	0	5.41
5.43927e-06	0.000100504	0	5.42
5.54257e-06	0.000100846	0	5.43
5.63638e-06	0.000101194	0	5.44
5.72028e-06	0.000101549	0	5.45
5.79393e-06	0.000101908	0	5.46
5.85698e-06	0.000102272	0	5.47
5.90913e-06	0.000102639	0	5.48
5.95013e-06	0.00010301	0	5.49
5.97975e-06	0.000103384	0	5.5
5.99782e-06	0.000103759	0	5.51
6.00419e-06	0.000104136	0	5.52
5.99877e-06	0.000104513	0	5.53
5.98151e-06	0.000104889	0	5.54
5.95241e-06	0.000105265	0	5.55
5.91151e-06	0.000105638	0	5.56
5.85892e-06	0.000106009	0	5.57
5.79478e-06	0.000106377	0	5.58
5.71927e-06	0.000106741	0	5.59
5.63266e-06	0.000107099	0	5.6
5.53522e-06	0.000107453	0	5.61
5.42732e-06	0.0001078	0	5.62
5.30933e-06	0.00010814	0	5.63
5.18172e-06	0.000108472	0	5.64
5.04496e-06	0.000108796	0	5.65
4.89959e-06	0.000109111	0	5.66
4.7462e-06	0.000109417	0	5.67
4.5854e-06	0.000109713	0	5.68
4.41785e-06	0.000109998	0	5.69
4.24424e-06	0.000110272	0	5.7
4.06531e-06	0.000110536	0	5.71
3.88181e-06	0.000110787	0	5.72
3.69452e-06	0.000111026	0	5.73
3.50423e-06	0.000111254	0	5.74
3.31177e-06	0.000111469	0	5.75
3.11796e-06	0.000111671	0	5.76
2.92365e-06	0.000111861	0	5.77
2.72966e-06	0.000112038	0	5.78
2.53684e-06	0.000112203	0	5.79
2.34602e-06	0.000112355	0	5.8
2.15802e-06	0.000112496	0	5.81
1.97363e-06	0.000112624	0	5.82
1.79366e-06	0.00011274	0	5.83
1.61885e-06	0.000112845	0	5.84
1.44993e-06	0.000112939	0	5.85
1.28762e-06	0.000113023	0	5.86
1.13257e-06	0.000113096	0	5.87
9.85417e-07	0.00011316	0	5.88
8.46746e-07	0.000113215	0	5.89
7.17101e-07	0.000113261	0	5.9
5.96984e-07	0.0001133	0	5.91
4.86847e-07	0.000113331	0	5.92
3.87095e-07	0.000113357	0	5.93
2.98085e-07	0.000113376	0	5.94
2.20121e-07	0.000113391	0	5.95
1.53462e-07	0.000113401	0	5.96
9.83113e-08	0.000113407	0	5.97
5.48257e-08	0.000113411	0	5.98
2.31107e-08	0.000113413	0	5.99
3.22351e-09	0.000113414	0	6
-4.82712e-09	0.000113414	0	6.01
-1.07931e-09	0.000113414	0	6.02
1.4383e-08	0.000113416	0	6.03
4.14316e-08	0.000113419	0	6.04
7.98952e-08	0.000113424	0	6.05
1.29562e-07	0.000113433	0	6.06
1.90179e-07	0.000113445	0	6.07
2.61458e-07	0.000113462	0	6.08
3.43072e-07	0.000113483	0	6.09
4.34663e-07	0.000113511	0	6.1
5.35839e-07	0.000113544	0	6.11
6.46178e-07	0.000113584	0	6.12
7.6523e-07	0.000113632	0	6.13
8.9252e-07	0.000113687	0	6.14
1.02755e-06	0.000113751	0	6.15
1.16978e-06	0.000113823	0	6.16
1.31869e-06	0.000113904	0	6.17
1.47371e-06	0.000113995	0	6.18
1.63425e-06	0.000114095	0	6.19
1.79973e-06	0.000114205	0	6.2
1.96953e-06	0.000114326	0	6.21
2.14304e-06	0.000114457	0	6.22
2.31962e-06	0.000114599	0	6.23
2.49864e-06	0.000114751	0	6.24
2.67946e-06	0.000114915	0	6.25
2.86143e-06	0.00011509	0	6.26
3.04389e-06	0.000115275	0	6.27
3.22619e-06	0.000115472	0	6.28
3.40768e-06	0.00011568	0	6.29
3.58772e-06	0.000115899	0	6.3
3.76565e-06	0.000116128	0	6.31
3.94083e-06	0.000116369	0	6.32
4.11263e-06	0.00011662	0	6.33
4.28042e-06	0.000116881	0	6.34
4.44359e-06	0.000117153	0	6.35
4.60153e-06	0.000117434	0	6.36
4.75367e-06	0.000117726	0	6.37
4.89942e-06	0.000118026	0	6.38
5.03822e-06	0.000118335	0	6.39
5.16956e-06	0.000118653	0	6.4
5.29291e-06	0.000118978	0	6.41
5.40778e-06	0.000119311	0	6.42
5.5137e-06	0.000119651	0	6.43
5.61025e-06	0.000119998	0	6.44
5.69701e-06	0.000120351	0	6.45
5.7736e-06	0.000120709	0	6.46
5.83969e-06	0.000121071	0	6.47
5.89496e-06	0.000121438	0	6.48
5.93913e-06	0.000121808	0	6.49
5.97199e-06	0.000122181	0	6.5
5.99333e-06	0.000122556	0	6.51
6.00301e-06	0.000122932	0	6.52
6.00091e-06	0.000123309	0	6.53
5.98698e-06	0.000123686	0	6.54
5.9612e-06	0.000124062	0	6.55
5.9236e-06	0.000124436	0	6.56
5.87427e-06	0.000124808	0	6.57
5.81334e-06	0.000125177	0	6.58
5.74098e-06	0.000125542	0	6.59
5.65743e-06	0.000125902	0	6.6
5.56298e-06	0.000126257	0	6.61
5.45795e-06	0.000126606	0	6.62
5.34272e-06	0.000126948	0	6.63
5.21773e-06	0.000127282	0	6.64
5.08345e-06	0.000127609	0	6.65
4.94041e-06	0.000127926	0	6.66
4.78918e-06	0.000128235	0	6.67
4.63036e-06	0.000128533	0	6.68
4.46461e-06	0.000128822	0	6.69
4.29261e-06	0.000129099	0	6.7
4.11507e-06	0.000129365	0	6.71
3.93275e-06	0.00012962	0	6.72
3.74643e-06	0.000129863	0	6.73
3.55688e-06	0.000130094	0	6.74
3.36494e-06	0.000130312	0	6.75
3.17142e-06	0.000130518	0	6.76
2.97716e-06	0.000130711	0	6.77
2.783e-06	0.000130892	0	6.78
2.58978e-06	0.00013106	0	6.79
2.39833e-06	0.000131216	0	6.8
2.20947e-06	0.00013136	0	6.81
2.02401e-06	0.000131491	0	6.82
1.84274e-06	0.000131611	0	6.83
1.66642e-06	0.000131719	0	6.84
1.49581e-06	0.000131816	0	6.85
1.33161e-06	0.000131903	0	6.86
1.17448e-06	0.000131979	0	6.87
1.02509e-06	0.000132045	0	6.88
8.84008e-07	0.000132103	0	6.89
7.51809e-07	0.000132151	0	6.9
6.28999e-07	0.000132192	0	6.91
5.16046e-07	0.000132226	0	6.92
4.13366e-07	0.000132253	0	6.93
3.2133e-07	0.000132274	0	6.94
2.40258e-07	0.000132289	0	6.95
1.70418e-07	0.000132301	0	6.96
1.12031e-07	0.000132308	0	6.97
6.52655e-08	0.000132313	0	6.98
3.02417e-08	0.000132315	0	6.99
7.02988e-09	0.000132316	0	7
-4.34764e-09	0.000132317	0	7.01
-3.91595e-09	0.000132317	0	7.02
8.25385e-09	0.000132318	0	7.03
3.2046e-08	0.00013232	0	7.04
6.73014e-08	0.000132325	0	7.05
1.13819e-07	0.000132333	0	7.06
1.71359e-07	0.000132344	0	7.07
2.39643e-07	0.000132359	0	7.08
3.18354e-07	0.00013238	0	7.09
4.07144e-07	0.000132405	0	7.1
5.0563e-07	0.000132437	0	7.11
6.134e-07	0.000132475	0	7.12
7.30011e-07	0.000132521	0	7.13
8.54996e-07	0.000132574	0	7.14
9.8786e-07	0.000132635	0	7.15
1.12809e-06	0.000132705	0	7.16
1.27514e-06	0.000132783	0	7.17
1.42846e-06	0.000132871	0	7.18
1.58748e-06	0.000132969	0	7.19
1.7516e-06	0.000133076	0	7.2
1.92022e-06	0.000133194	0	7.21
2.09273e-06	0.000133322	0	7.22
2.26849e-06	0.000133461	0	7.23
2.44688e-06	0.00013361	0	7.24
2.62724e-06	0.00013377	0	7.25
2.80895e-06	0.000133942	0	7.26
2.99133e-06	0.000134124	0	7.27
3.17375e-06	0.000134318	0	7.28
3.35554e-06	0.000134523	0	7.29
3.53606e-06	0.000134738	0	7.3
3.71466e-06	0.000134965	0	7.31
3.8907e-06	0.000135202	0	7.32
4.06354e-06	0.000135451	0	7.33
4.23254e-06	0.000135709	0	7.34
4.3971e-06	0.000135978	0	7.35
4.55661e-06	0.000136257	0	7.36
4.71047e-06	0.000136545	0	7.37
4.85811e-06	0.000136843	0	7.38
4.99896e-06	0.000137149	0	7.39
5.13249e-06	0.000137465	0	7.4
5.25817e-06	0.000137788	0	7.41
5.37551e-06	0.000138119	0	7.42
5.48403e-06	0.000138457	0	7.43
5.5833e-06	0.000138802	0	7.44
5.67288e-06	0.000139153	0	7.45
5.75241e-06	0.00013951	0	7.46
5.82151e-06	0.000139871	0	7.47
5.87987e-06	0.000140237	0	7.48
5.92722e-06	0.000140606	0	7.49
5.9633e-06	0.000140978	0	7.5
5.98791e-06	0.000141353	0	7.51
6.00089e-06	0.000141729	0	7.52
6.00212e-06	0.000142106	0	7.53
5.99152e-06	0.000142483	0	7.54
5.96907e-06	0.000142859	0	7.55
5.93478e-06	0.000143234	0	7.56
5.88873e-06	0.000143606	0	7.57
5.83103e-06	0.000143976	0	7.58
5.76184e-06	0.000144342	0	7.59
5.68139e-06	0.000144704	0	7.6
5.58995e-06	0.00014506	0	7.61
5.48782e-06	0.000145411	0	7.62
5.37539e-06	0.000145755	0	7.63
5.25307e-06	0.000146092	0	7.64
5.12132e-06	0.00014642	0	7.65
4.98066e-06	0.000146741	0	7.66
4.83163e-06	0.000147052	0	7.67
4.67485e-06	0.000147353	0	7.68
4.51095e-06	0.000147645	0	7.69
4.34061e-06	0.000147925	0	7.7
4.16453e-06	0.000148195	0	7.71
3.98345e-06	0.000148453	0	7.72
3.79816e-06	0.000148699	0	7.73
3.60942e-06	0.000148933	0	7.74
3.41806e-06	0.000149155	0	7.75
3.22489e-06	0.000149364	0	7.76
3.03075e-06	0.000149561	0	7.77
2.83648e-06	0.000149745	0	7.78
2.64292e-06	0.000149917	0	7.79
2.4509e-06	0.000150076	0	7.8
2.26124e-06	0.000150223	0	7.81
2.07476e-06	0.000150358	0	7.82
1.89226e-06	0.000150481	0	7.83
1.7145e-06	0.000150592	0	7.84
1.54224e-06	0.000150692	0	7.85
1.37619e-06	0.000150782	0	7.86
1.21705e-06	0.000150861	0	7.87
1.06545e-06	0.00015093	0	7.88
9.22004e-07	0.00015099	0	7.89
7.87287e-07	0.000151041	0	7.9
6.6182e-07	0.000151084	0	7.91
5.4608e-07	0.000151119	0	7.92
4.405e-07	0.000151148	0	7.93
3.45462e-07	0.000151171	0	7.94
2.61299e-07	0.000151188	0	7.95
1.88294e-07	0.0001512	0	7.96
1.26682e-07	0.000151209	0	7.97
7.66443e-08	0.000151214	0	7.98
3.83153e-08	0.000151217	0	7.99
1.17788e-08	0.000151219	0	8
-2.9294e-09	0.000151219	0	8.01
-5.82128e-09	0.000151219	0	8.02
3.04498e-09	0.00015122	0	8.03
2.35662e-08	0.000151222	0	8.04
5.55954e-08	0.000151226	0	8.05
9.89439e-08	0.000151233	0	8.06
1.53382e-07	0.000151243	0	8.07
2.18643e-07	0.000151257	0	8.08
2.94422e-07	0.000151276	0	8.09
3.80378e-07	0.0001513	0	8.1
4.76139e-07	0.00015133	0	8.11
5.81302e-07	0.000151367	0	8.12
6.95432e-07	0.00015141	0	8.13
8.1807e-07	0.000151461	0	8.14
9.48729e-07	0.00015152	0	8.15
1.0869e-06	0.000151587	0	8.16
1.23205e-06	0.000151663	0	8.17
1.38363e-06	0.000151748	0	8.18
1.54107e-06	0.000151843	0	8.19
1.70378e-06	0.000151948	0	8.2
1.87117e-06	0.000152062	0	8.21
2.04262e-06	0.000152188	0	8.22
2.21751e-06	0.000152323	0	8.23
2.39521e-06	0.00015247	0	8.24
2.57507e-06	0.000152627	0	8.25
2.75646e-06	0.000152795	0	8.26
2.93871e-06	0.000152975	0	8.27
3.12119e-06	0.000153165	0	8.28
3.30323e-06	0.000153367	0	8.29
3.48418e-06	0.000153579	0	8.3
3.66341e-06	0.000153803	0	8.31
3.84025e-06	0.000154037	0	8.32
4.01407e-06	0.000154282	0	8.33
4.18424e-06	0.000154538	0	8.34
4.35015e-06	0.000154804	0	8.35
4.51117e-06	0.00015508	0	8.36
4.66671e-06	0.000155365	0	8.37
4.81619e-06	0.00015566	0	8.38
4.95905e-06	0.000155965	0	8.39
5.09473e-06	0.000156277	0	8.4
5.22271e-06	0.000156599	0	8.41
5.34249e-06	0.000156928	0	8.42
5.45358e-06	0.000157264	0	8.43
5.55553e-06	0.000157607	0	8.44
5.64792e-06	0.000157956	0	8.45
5.73034e-06	0.000158311	0	8.46
5.80244e-06	0.000158671	0	8.47
5.86389e-06	0.000159036	0	8.48
5.91439e-06	0.000159404	0	8.49
5.95368e-06	0.000159776	0	8.5
5.98156e-06	0.00016015	0	8.51
5.99784e-06	0.000160526	0	8.52
6.00239e-06	0.000160902	0	8.53
5.99513e-06	0.000161279	0	8.54
5.97601e-06	0.000161656	0	8.55
5.94505e-06	0.000162031	0	8.56
5.90229e-06	0.000162405	0	8.57
5.84784e-06	0.000162775	0	8.58
5.78185e-06	0.000163142	0	8.59
5.70452e-06	0.000163505	0	8.6
5.61612e-06	0.000163863	0	8.61
5.51694e-06	0.000164216	0	8.62
5.40734e-06	0.000164562	0	8.63
5.28773e-06	0.0001649	0	8.64
5.15855e-06	0.000165232	0	8.65
5.02031e-06	0.000165554	0	8.66
4.87355e-06	0.000165868	0	8.67
4.71885e-06	0.000166172	0	8.68
4.55686e-06	0.000166466	0	8.69
4.38823e-06	0.00016675	0	8.7
4.21366e-06	0.000167023	0	8.71
4.0339e-06	0.000167284	0	8.72
3.84969e-06	0.000167533	0	8.73
3.66182e-06	0.000167771	0	8.74
3.47111e-06	0.000167996	0	8.75
3.27836e-06	0.000168209	0	8.76
3.0844e-06	0.000168409	0	8.77
2.89009e-06	0.000168597	0	8.78
2.69625e-06	0.000168773	0	8.79
2.50371e-06	0.000168935	0	8.8
2.31332e-06	0.000169086	0	8.81
2.12589e-06	0.000169224	0	8.82
1.94221e-06	0.00016935	0	8.83
1.76306e-06	0.000169465	0	8.84
1.58921e-06	0.000169568	0	8.85
1.42137e-06	0.00016966	0	8.86
1.26025e-06	0.000169742	0	8.87
1.10649e-06	0.000169814	0	8.88
9.60725e-07	0.000169876	0	8.89
8.23529e-07	0.00016993	0	8.9
6.95438e-07	0.000169975	0	8.91
5.76944e-07	0.000170013	0	8.92
4.68491e-07	0.000170043	0	8.93
3.70475e-07	0.000170067	0	8.94
2.83241e-07	0.000170086	0	8.95
2.07089e-07	0.0001701	0	8.96
1.42263e-07	0.00017011	0	8.97
8.89624e-08	0.000170116	0	8.98
4.7333e-08	0.00017012	0	8.99
1.74729e-08	0.000170121	0	9
-5.68796e-10	0.000170122	0	9.01
-6.79069e-09	0.000170122	0	9.02
-1.23801e-09	0.000170123	0	9.03
1.59987e-08	0.000170124	0	9.04
4.47849e-08	0.000170128	0	9.05
8.49437e-08	0.000170134	0	9.06
1.36257e-07	0.000170143	0	9.07
1.98469e-07	0.000170156	0	9.08
2.71285e-07	0.000170173	0	9.09
3.54376e-07	0.000170196	0	9.1
4.47377e-07	0.000170224	0	9.11
5.49896e-07	0.000170259	0	9.12
6.61506e-07	0.0001703	0	9.13
7.81756e-07	0.000170349	0	9.14
9.10166e-07	0.000170406	0	9.15
1.04623e-06	0.00017047	0	9.16
1.18944e-06	0.000170544	0	9.17
1.33923e-06	0.000170626	0	9.18
1.49504e-06	0.000170718	0	9.19
1.6563e-06	0.00017082	0	9.2
1.8224e-06	0.000170932	0	9.21
1.99275e-06	0.000171054	0	9.22
2.16671e-06	0.000171187	0	9.23
2.34366e-06	0.00017133	0	9.24
2.52297e-06	0.000171484	0	9.25
2.70398e-06	0.000171649	0	9.26
2.88605e-06	0.000171826	0	9.27
3.06853e-06	0.000172013	0	9.28
3.25076e-06	0.000172211	0	9.29
3.4321e-06	0.000172421	0	9.3
3.61189e-06	0.000172641	0	9.31
3.78948e-06	0.000172872	0	9.32
3.96424e-06	0.000173114	0	9.33
4.13553e-06	0.000173367	0	9.34
4.30273e-06	0.00017363	0	9.35
4.46522e-06	0.000173903	0	9.36
4.6224e-06	0.000174186	0	9.37
4.77368e-06	0.000174479	0	9.38
4.9185e-06	0.00017478	0	9.39
5.05629e-06	0.000175091	0	9.4
5.18654e-06	0.00017541	0	9.41
5.30871e-06	0.000175736	0	9.42
5.42234e-06	0.000176071	0	9.43
5.52695e-06	0.000176412	0	9.44
5.62211e-06	0.00017676	0	9.45
5.70741e-06	0.000177113	0	9.46
5.78249e-06	0.000177472	0	9.47
5.847e-06	0.000177835	0	9.48
5.90064e-06	0.000178203	0	9.49
5.94313e-06	0.000178573	0	9.5
5.97427e-06	0.000178947	0	9.51
5.99384e-06	0.000179322	0	9.52
6.00172e-06	0.000179699	0	9.53
5.9978e-06	0.000180076	0	9.54
5.98203e-06	0.000180453	0	9.55
5.9544e-06	0.000180828	0	9.56
5.91495e-06	0.000181202	0	9.57
5.86376e-06	0.000181574	0	9.58
5.80099e-06	0.000181942	0	9.59
5.72682e-06	0.000182306	0	9.6
5.64148e-06	0.000182666	0	9.61
5.54528e-06	0.00018302	0	9.62
5.43855e-06	0.000183368	0	9.63
5.32168e-06	0.000183709	0	9.64
5.19512e-06	0.000184042	0	9.65
5.05935e-06	0.000184367	0	9.66
4.9149e-06	0.000184684	0	9.67
4.76235e-06	0.000184991	0	9.68
4.60232e-06	0.000185288	0	9.69
4.43546e-06	0.000185574	0	9.7
4.26246e-06	0.00018585	0	9.71
4.08406e-06	0.000186114	0	9.72
3.90101e-06	0.000186367	0	9.73
3.71408e-06	0.000186608	0	9.74
3.52407e-06	0.000186837	0	9.75
3.3318e-06	0.000187053	0	9.76
3.13809e-06	0.000187257	0	9.77
2.9438e-06	0.000187448	0	9.78
2.74974e-06	0.000187627	0	9.79
2.55676e-06	0.000187793	0	9.8
2.3657e-06	0.000187947	0	9.81
2.17737e-06	0.000188089	0	9.82
1.99257e-06	0.000188218	0	9.83
1.81209e-06	0.000188336	0	9.84
1.6367e-06	0.000188442	0	9.85
1.46713e-06	0.000188538	0	9.86
1.30407e-06	0.000188623	0	9.87
1.1482e-06	0.000188697	0	9.88
1.00016e-06	0.000188762	0	9.89
8.60524e-07	0.000188818	0	9.9
7.29847e-07	0.000188866	0	9.91
6.08631e-07	0.000188905	0	9.92
4.97334e-07	0.000188938	0	9.93
3.96365e-07	0.000188964	0	9.94
3.06083e-07	0.000188984	0	9.95
2.26799e-07	0.000188999	0	9.96
1.58774e-07	0.00018901	0	9.97
1.0222e-07	0.000189017	0	9.98
5.7296e-08	0.000189021	0	9.99
2.41143e-08	0.000189024	0	10
