1	0.0628319	0	4.94066e-324
0.996075	0.125417	0	0.01
0.988265	0.187513	0	0.02
0.976621	0.248882	0	0.03
0.96121	0.30929	0	0.04
0.942114	0.368513	0	0.05
0.919425	0.426331	0	0.06
0.893249	0.482531	0	0.07
0.863703	0.536912	0	0.08
0.830915	0.589277	0	0.09
0.795024	0.639441	0	0.1
0.756178	0.687228	0	0.11
0.714534	0.732472	0	0.12
0.670257	0.775017	0	0.13
0.62352	0.814718	0	0.14
0.574503	0.851441	0	0.15
0.523394	0.885062	0	0.16
0.470384	0.915468	0	0.17
0.41567	0.94256	0	0.18
0.359456	0.966248	0	0.19
0.301946	0.986454	0	0.2
0.243351	1.00311	0	0.21
0.183882	1.01617	0	0.22
0.123754	1.02559	0	0.23
0.0631832	1.03133	0	0.24
0.00238595	1.03338	0	0.25
-0.0584198	1.03174	0	0.26
-0.119017	1.0264	0	0.27
-0.179187	1.0174	0	0.28
-0.238717	1.00474	0	0.29
-0.29739	0.98849	0	0.3
-0.354996	0.968689	0	0.31
-0.411326	0.945406	0	0.32
-0.466174	0.918716	0	0.33
-0.519339	0.88871	0	0.34
-0.570624	0.855487	0	0.35
-0.619837	0.819158	0	0.36
-0.666793	0.779845	0	0.37
-0.711312	0.737683	0	0.38
-0.753222	0.692814	0	0.39
-0.792357	0.645393	0	0.4
-0.828561	0.595585	0	0.41
-0.861686	0.543565	0	0.42
-0.891595	0.489515	0	0.43
-0.918158	0.433628	0	0.44
-0.94126	0.376107	0	0.45
-0.960793	0.317159	0	0.46
-0.976664	0.257003	0	0.47
-0.988792	0.195862	0	0.48
-0.997109	0.133966	0	0.49
-1.00156	0.0715506	0	0.5
-1.00211	0.00885631	0	0.51
-0.99872	-0.0538727	0	0.52
-0.991394	-0.116389	0	0.53
-0.980133	-0.178444	0	0.54
-0.964959	-0.239785	0	0.55
-0.945909	-0.300164	0	0.56
-0.923039	-0.359331	0	0.57
-0.896419	-0.417038	0	0.58
-0.866137	-0.473041	0	0.59
-0.832298	-0.527101	0	0.6
-0.795023	-0.578985	0	0.61
-0.754448	-0.628466	0	0.62
-0.710728	-0.675327	0	0.63
-0.66403	-0.719358	0	0.64
-0.614539	-0.760363	0	0.65
-0.562451	-0.798156	0	0.66
-0.507978	-0.832564	0	0.67
-0.451343	-0.863429	0	0.68
-0.392782	-0.890608	0	0.69
-0.33254	-0.913975	0	0.7
-0.27087	-0.93342	0	0.71
-0.208036	-0.948852	0	0.72
-0.144306	-0.960197	0	0.73
-0.079954	-0.967402	0	0.74
-0.0152565	-0.970431	0	0.75
0.0495068	-0.969269	0	0.76
0.114056	-0.963922	0	0.77
0.178114	-0.954414	0	0.78
0.241403	-0.940789	0	0.79
0.303651	-0.923111	0	0.8
0.364594	-0.901462	0	0.81
0.423972	-0.875942	0	0.82
0.481533	-0.84667	0	0.83
0.537037	-0.813781	0	0.84
0.590254	-0.777426	0	0.85
0.640965	-0.737771	0	0.86
0.688966	-0.694996	0	0.87
0.734065	-0.649293	0	0.88
0.776085	-0.600867	0	0.89
0.814865	-0.549932	0	0.9
0.850259	-0.496712	0	0.91
0.882137	-0.441439	0	0.92
0.910388	-0.384349	0	0.93
0.934914	-0.325688	0	0.94
0.955636	-0.265701	0	0.95
0.972492	-0.204639	0	0.96
0.985437	-0.142754	0	0.97
0.994441	-0.0802982	0	0.98
0.999492	-0.017523	0	0.99
1.00059	0.0453216	0	1
0.997762	0.107988	0	1.01
0.991035	0.170233	0	1.02
0.98046	0.231817	0	1.03
0.9661	0.292506	0	1.04
0.948031	0.352072	0	1.05
0.926343	0.410295	0	1.06
0.901139	0.46696	0	1.07
0.872532	0.521862	0	1.08
0.840647	0.574803	0	1.09
0.80562	0.625596	0	1.1
0.767596	0.674061	0	1.11
0.726728	0.72003	0	1.12
0.683181	0.763345	0	1.13
0.637126	0.803856	0	1.14
0.588739	0.841426	0	1.15
0.538206	0.875929	0	1.16
0.485718	0.907249	0	1.17
0.43147	0.935283	0	1.18
0.375663	0.959938	0	1.19
0.318502	0.981133	0	1.2
0.260196	0.998799	0	1.21
0.200955	1.01288	0	1.22
0.140994	1.02333	0	1.23
0.080528	1.03011	0	1.24
0.0197736	1.03321	0	1.25
-0.0410516	1.03261	0	1.26
-0.10173	1.02831	0	1.27
-0.162044	1.02034	0	1.28
-0.221778	1.00871	0	1.29
-0.280717	0.99347	0	1.3
-0.338649	0.974663	0	1.31
-0.395364	0.952354	0	1.32
-0.450655	0.926616	0	1.33
-0.50432	0.897534	0	1.34
-0.55616	0.865204	0	1.35
-0.605983	0.829736	0	1.36
-0.653599	0.791247	0	1.37
-0.698828	0.749868	0	1.38
-0.741496	0.705741	0	1.39
-0.781434	0.659016	0	1.4
-0.818484	0.609856	0	1.41
-0.852495	0.558431	0	1.42
-0.883327	0.504924	0	1.43
-0.910848	0.449524	0	1.44
-0.934937	0.392431	0	1.45
-0.955485	0.333851	0	1.46
-0.972396	0.274001	0	1.47
-0.985583	0.213102	0	1.48
-0.994975	0.151382	0	1.49
-1.00051	0.089076	0	1.5
-1.00216	0.0264231	0	1.51
-0.999871	-0.0363331	0	1.52
-0.993645	-0.098946	0	1.53
-0.983479	-0.161166	0	1.54
-0.969391	-0.222744	0	1.55
-0.951414	-0.283428	0	1.56
-0.929598	-0.342968	0	1.57
-0.904009	-0.401116	0	1.58
-0.874732	-0.457628	0	1.59
-0.841865	-0.512261	0	1.6
-0.805526	-0.564781	0	1.61
-0.765847	-0.61496	0	1.62
-0.722977	-0.662576	0	1.63
-0.677081	-0.70742	0	1.64
-0.628339	-0.749288	0	1.65
-0.576944	-0.787994	0	1.66
-0.523105	-0.82336	0	1.67
-0.46704	-0.855224	0	1.68
-0.408983	-0.88344	0	1.69
-0.349176	-0.907876	0	1.7
-0.287872	-0.928417	0	1.71
-0.22533	-0.944968	0	1.72
-0.161818	-0.957451	0	1.73
-0.0976083	-0.965805	0	1.74
-0.0329774	-0.969991	0	1.75
0.031796	-0.969989	0	1.76
0.096432	-0.965798	0	1.77
0.160652	-0.957437	0	1.78
0.224178	-0.944945	0	1.79
0.286739	-0.928382	0	1.8
0.348066	-0.907823	0	1.81
0.407898	-0.883365	0	1.82
0.465981	-0.855121	0	1.83
0.522074	-0.823222	0	1.84
0.575941	-0.787815	0	1.85
0.627362	-0.749062	0	1.86
0.676128	-0.707139	0	1.87
0.722045	-0.662234	0	1.88
0.76493	-0.61455	0	1.89
0.804619	-0.564297	0	1.9
0.840962	-0.511698	0	1.91
0.873825	-0.456981	0	1.92
0.90309	-0.400382	0	1.93
0.928657	-0.342144	0	1.94
0.950442	-0.282512	0	1.95
0.968379	-0.221736	0	1.96
0.982416	-0.160067	0	1.97
0.99252	-0.0977575	0	1.98
0.998675	-0.0350584	0	1.99
1.00088	0.0277795	0	2
0.999146	0.0905083	0	2.01
0.993507	0.152883	0	2.02
0.984006	0.214664	0	2.03
0.970702	0.275616	0	2.04
0.953668	0.335509	0	2.05
0.932991	0.39412	0	2.06
0.908768	0.451233	0	2.07
0.881111	0.506641	0	2.08
0.85014	0.560144	0	2.09
0.815988	0.611551	0	2.1
0.778799	0.660682	0	2.11
0.738722	0.707364	0	2.12
0.69592	0.751436	0	2.13
0.65056	0.792746	0	2.14
0.602819	0.831155	0	2.15
0.552879	0.866531	0	2.16
0.500929	0.898758	0	2.17
0.447163	0.927728	0	2.18
0.391781	0.953344	0	2.19
0.334986	0.975522	0	2.2
0.276986	0.994191	0	2.21
0.217991	1.00929	0	2.22
0.158214	1.02077	0	2.23
0.0978707	1.02859	0	2.24
0.0371769	1.03273	0	2.25
-0.0236499	1.03318	0	2.26
-0.0843921	1.02993	0	2.27
-0.144832	1.02299	0	2.28
-0.204754	1.01239	0	2.29
-0.263942	0.998169	0	2.3
-0.322183	0.980365	0	2.31
-0.379267	0.959038	0	2.32
-0.434986	0.934259	0	2.33
-0.489135	0.90611	0	2.34
-0.541515	0.874684	0	2.35
-0.591932	0.840087	0	2.36
-0.640196	0.802434	0	2.37
-0.686122	0.761852	0	2.38
-0.729535	0.718479	0	2.39
-0.770266	0.672465	0	2.4
-0.808151	0.623966	0	2.41
-0.843038	0.573154	0	2.42
-0.874784	0.520205	0	2.43
-0.903254	0.465309	0	2.44
-0.928324	0.408662	0	2.45
-0.949882	0.350468	0	2.46
-0.967827	0.290942	0	2.47
-0.98207	0.230303	0	2.48
-0.992535	0.168778	0	2.49
-0.999161	0.106601	0	2.5
-1.0019	0.0440085	0	2.51
-1.00072	-0.0187556	0	2.52
-0.995591	-0.0814457	0	2.53
-0.986524	-0.143813	0	2.54
-0.973527	-0.205607	0	2.55
-0.956628	-0.266577	0	2.56
-0.935873	-0.326473	0	2.57
-0.911325	-0.385044	0	2.58
-0.883061	-0.442046	0	2.59
-0.851178	-0.497236	0	2.6
-0.815786	-0.550376	0	2.61
-0.777016	-0.601237	0	2.62
-0.735012	-0.649594	0	2.63
-0.689933	-0.695235	0	2.64
-0.641956	-0.737954	0	2.65
-0.591271	-0.777561	0	2.66
-0.538082	-0.813875	0	2.67
-0.482606	-0.846729	0	2.68
-0.425073	-0.875973	0	2.69
-0.365721	-0.90147	0	2.7
-0.304802	-0.923103	0	2.71
-0.242573	-0.940769	0	2.72
-0.1793	-0.954385	0	2.73
-0.115254	-0.963887	0	2.74
-0.0507105	-0.969231	0	2.75
0.0140517	-0.970389	0	2.76
0.0787533	-0.967357	0	2.77
0.143115	-0.960148	0	2.78
0.206859	-0.948796	0	2.79
0.269712	-0.933354	0	2.8
0.331403	-0.913894	0	2.81
0.391671	-0.890507	0	2.82
0.450259	-0.863303	0	2.83
0.506922	-0.832406	0	2.84
0.561424	-0.79796	0	2.85
0.61354	-0.760123	0	2.86
0.663057	-0.719066	0	2.87
0.709777	-0.674976	0	2.88
0.753516	-0.62805	0	2.89
0.794104	-0.578497	0	2.9
0.831386	-0.526536	0	2.91
0.865225	-0.472394	0	2.92
0.895498	-0.416305	0	2.93
0.9221	-0.35851	0	2.94
0.944944	-0.299252	0	2.95
0.963957	-0.238782	0	2.96
0.979085	-0.177348	0	2.97
0.990289	-0.115204	0	2.98
0.997548	-0.0526009	0	2.99
1.00086	0.010211	0	3
1.00022	0.0729829	0	3.01
0.995676	0.135469	0	3.02
0.987255	0.197429	0	3.03
0.975014	0.258625	0	3.04
0.959024	0.318827	0	3.05
0.939365	0.377809	0	3.06
0.916133	0.435354	0	3.07
0.889435	0.491253	0	3.08
0.859389	0.545303	0	3.09
0.826126	0.597311	0	3.1
0.789783	0.647093	0	3.11
0.750512	0.694476	0	3.12
0.708468	0.739293	0	3.13
0.663819	0.781392	0	3.14
0.616738	0.820629	0	3.15
0.567406	0.856871	0	3.16
0.516011	0.889996	0	3.17
0.462744	0.919894	0	3.18
0.407803	0.946465	0	3.19
0.351392	0.969623	0	3.2
0.293715	0.989291	0	3.21
0.234984	1.0054	0	3.22
0.175409	1.01791	0	3.23
0.115206	1.02677	0	3.24
0.0545908	1.03196	0	3.25
-0.00621985	1.03345	0	3.26
-0.0670083	1.03125	0	3.27
-0.127557	1.02535	0	3.28
-0.187649	1.01579	0	3.29
-0.247069	1.00259	0	3.3
-0.305603	0.98579	0	3.31
-0.363039	0.965452	0	3.32
-0.419169	0.941641	0	3.33
-0.473787	0.914434	0	3.34
-0.526693	0.883923	0	3.35
-0.57769	0.850208	0	3.36
-0.626586	0.813402	0	3.37
-0.673197	0.77363	0	3.38
-0.717344	0.731025	0	3.39
-0.758854	0.685734	0	3.4
-0.797564	0.637913	0	3.41
-0.833318	0.587728	0	3.42
-0.865969	0.535355	0	3.43
-0.89538	0.480979	0	3.44
-0.921424	0.424794	0	3.45
-0.943985	0.367004	0	3.46
-0.962959	0.30782	0	3.47
-0.978254	0.24746	0	3.48
-0.98979	0.186149	0	3.49
-0.9975	0.124119	0	3.5
-1.00133	0.061607	0	3.51
-1.00125	-0.00114566	0	3.52
-0.997232	-0.0638936	0	3.53
-0.989267	-0.126389	0	3.54
-0.977365	-0.18838	0	3.55
-0.96155	-0.249617	0	3.56
-0.941864	-0.309849	0	3.57
-0.918363	-0.368826	0	3.58
-0.891122	-0.426301	0	3.59
-0.860233	-0.482029	0	3.6
-0.825801	-0.535773	0	3.61
-0.787952	-0.587299	0	3.62
-0.746826	-0.636383	0	3.63
-0.70258	-0.682807	0	3.64
-0.655384	-0.726364	0	3.65
-0.605426	-0.76686	0	3.66
-0.552905	-0.80411	0	3.67
-0.498037	-0.837944	0	3.68
-0.441045	-0.868207	0	3.69
-0.382169	-0.894759	0	3.7
-0.321655	-0.917477	0	3.71
-0.259759	-0.936253	0	3.72
-0.196746	-0.951	0	3.73
-0.132885	-0.961649	0	3.74
-0.0684502	-0.968149	0	3.75
-0.00372009	-0.970469	0	3.76
0.0610261	-0.968598	0	3.77
0.125509	-0.962544	0	3.78
0.18945	-0.952337	0	3.79
0.252574	-0.938023	0	3.8
0.314611	-0.919671	0	3.81
0.375296	-0.897365	0	3.82
0.434371	-0.87121	0	3.83
0.491587	-0.841328	0	3.84
0.546707	-0.807856	0	3.85
0.599501	-0.770948	0	3.86
0.649755	-0.730773	0	3.87
0.697267	-0.687512	0	3.88
0.741846	-0.641361	0	3.89
0.783321	-0.592525	0	3.9
0.821533	-0.541221	0	3.91
0.856339	-0.487672	0	3.92
0.887612	-0.432112	0	3.93
0.915244	-0.374778	0	3.94
0.939141	-0.315915	0	3.95
0.959227	-0.255769	0	3.96
0.975443	-0.194592	0	3.97
0.987746	-0.132633	0	3.98
0.996109	-0.0701449	0	3.99
1.00052	-0.0073785	0	4
1.00099	0.0554173	0	4.01
0.997543	0.117996	0	4.02
0.990206	0.180116	0	4.03
0.979035	0.241538	0	4.04
0.964094	0.302031	0	4.05
0.945461	0.361368	0	4.06
0.923229	0.419329	0	4.07
0.897501	0.475702	0	4.08
0.868392	0.530284	0	4.09
0.836028	0.582878	0	4.1
0.800546	0.633298	0	4.11
0.762091	0.681368	0	4.12
0.720821	0.72692	0	4.13
0.676897	0.769797	0	4.14
0.630492	0.809852	0	4.15
0.581784	0.84695	0	4.16
0.530959	0.880965	0	4.17
0.478207	0.911784	0	4.18
0.423725	0.939304	0	4.19
0.367714	0.963435	0	4.2
0.310379	0.984098	0	4.21
0.251928	1.00122	0	4.22
0.192574	1.01476	0	4.23
0.132529	1.02465	0	4.24
0.0720103	1.03088	0	4.25
0.0112335	1.03342	0	4.26
-0.0495834	1.03227	0	4.27
-0.110223	1.02742	0	4.28
-0.170468	1.01889	0	4.29
-0.230102	1.00672	0	4.3
-0.288912	0.990937	0	4.31
-0.346684	0.971595	0	4.32
-0.403209	0.948759	0	4.33
-0.45828	0.922504	0	4.34
-0.511696	0.892916	0	4.35
-0.563259	0.860094	0	4.36
-0.612775	0.824147	0	4.37
-0.660056	0.785196	0	4.38
-0.704924	0.743373	0	4.39
-0.747202	0.69882	0	4.4
-0.786726	0.651691	0	4.41
-0.823335	0.602149	0	4.42
-0.856882	0.550366	0	4.43
-0.887226	0.496527	0	4.44
-0.914236	0.440823	0	4.45
-0.937794	0.383454	0	4.46
-0.957792	0.32463	0	4.47
-0.974134	0.264567	0	4.48
-0.986737	0.203489	0	4.49
-0.995531	0.141626	0	4.5
-1.00046	0.0792132	0	4.51
-1.00148	0.0164913	0	4.52
-0.998565	-0.046295	0	4.53
-0.991705	-0.108898	0	4.54
-0.980902	-0.171068	0	4.55
-0.966177	-0.232553	0	4.56
-0.947565	-0.293103	0	4.57
-0.925121	-0.352466	0	4.58
-0.898912	-0.410396	0	4.59
-0.869026	-0.466646	0	4.6
-0.835566	-0.520976	0	4.61
-0.798651	-0.573152	0	4.62
-0.758417	-0.622946	0	4.63
-0.715017	-0.670139	0	4.64
-0.668619	-0.714521	0	4.65
-0.619404	-0.755893	0	4.66
-0.567569	-0.794068	0	4.67
-0.513325	-0.828872	0	4.68
-0.456896	-0.860146	0	4.69
-0.398514	-0.887744	0	4.7
-0.338425	-0.91154	0	4.71
-0.276883	-0.931422	0	4.72
-0.21415	-0.947296	0	4.73
-0.150495	-0.959089	0	4.74
-0.0861904	-0.966745	0	4.75
-0.0215137	-0.970227	0	4.76
0.0432559	-0.96952	0	4.77
0.107839	-0.964625	0	4.78
0.171956	-0.955568	0	4.79
0.235332	-0.942389	0	4.8
0.297695	-0.925151	0	4.81
0.358777	-0.903935	0	4.82
0.41832	-0.87884	0	4.83
0.476073	-0.849983	0	4.84
0.531793	-0.817497	0	4.85
0.585251	-0.781533	0	4.86
0.636227	-0.742254	0	4.87
0.684515	-0.699839	0	4.88
0.729923	-0.654479	0	4.89
0.772274	-0.606378	0	4.9
0.811405	-0.555747	0	4.91
0.847168	-0.50281	0	4.92
0.879435	-0.447797	0	4.93
0.908089	-0.390945	0	4.94
0.933034	-0.332495	0	4.95
0.954189	-0.272694	0	4.96
0.971491	-0.211791	0	4.97
0.984891	-0.150038	0	4.98
0.994358	-0.0876848	0	4.99
0.99988	-0.0249835	0	5
1.00146	0.0378167	0	5.01
0.999104	0.100469	0	5.02
0.992856	0.16273	0	5.03
0.98276	0.22436	0	5.04
0.968875	0.285126	0	5.05
0.951278	0.3448	0	5.06
0.930055	0.40316	0	5.07
0.905306	0.459992	0	5.08
0.877144	0.51509	0	5.09
0.845691	0.568256	0	5.1
0.811081	0.619301	0	5.11
0.773458	0.668045	0	5.12
0.732973	0.714319	0	5.13
0.689789	0.757962	0	5.14
0.644075	0.798825	0	5.15
0.596007	0.836769	0	5.16
0.545768	0.871666	0	5.17
0.493548	0.903398	0	5.18
0.439542	0.931862	0	5.19
0.383948	0.956961	0	5.2
0.326972	0.978613	0	5.21
0.26882	0.996747	0	5.22
0.209703	1.01131	0	5.23
0.149835	1.02224	0	5.24
0.0894301	1.02951	0	5.25
0.0287052	1.0331	0	5.26
-0.0321223	1.03299	0	5.27
-0.092835	1.02919	0	5.28
-0.153215	1.02171	0	5.29
-0.213047	1.01057	0	5.3
-0.272115	0.995803	0	5.31
-0.330206	0.977464	0	5.32
-0.38711	0.955611	0	5.33
-0.442619	0.930316	0	5.34
-0.49653	0.901661	0	5.35
-0.548643	0.869742	0	5.36
-0.598764	0.834666	0	5.37
-0.646703	0.796548	0	5.38
-0.692278	0.755519	0	5.39
-0.735313	0.711718	0	5.4
-0.775638	0.665295	0	5.41
-0.813093	0.616411	0	5.42
-0.847526	0.565236	0	5.43
-0.878793	0.51195	0	5.44
-0.906763	0.456742	0	5.45
-0.931311	0.399813	0	5.46
-0.952327	0.341367	0	5.47
-0.969712	0.28162	0	5.48
-0.983379	0.220794	0	5.49
-0.993253	0.159116	0	5.5
-0.999274	0.0968216	0	5.51
-1.0014	0.03415	0	5.52
-0.99959	-0.0286553	0	5.53
-0.993837	-0.091347	0	5.54
-0.984137	-0.153676	0	5.55
-0.970506	-0.21539	0	5.56
-0.952976	-0.276238	0	5.57
-0.931594	-0.33597	0	5.58
-0.906426	-0.394336	0	5.59
-0.877554	-0.45109	0	5.6
-0.845076	-0.505989	0	5.61
-0.809107	-0.558799	0	5.62
-0.769779	-0.609288	0	5.63
-0.727241	-0.657235	0	5.64
-0.681654	-0.702428	0	5.65
-0.633199	-0.744663	0	5.66
-0.582067	-0.783751	0	5.67
-0.528467	-0.819515	0	5.68
-0.472617	-0.851789	0	5.69
-0.41475	-0.880426	0	5.7
-0.355106	-0.905294	0	5.71
-0.293939	-0.926275	0	5.72
-0.231507	-0.943273	0	5.73
-0.168079	-0.956208	0	5.74
-0.103925	-0.965018	0	5.75
-0.0393233	-0.969663	0	5.76
0.0254486	-0.970121	0	5.77
0.0901105	-0.966389	0	5.78
0.154384	-0.958485	0	5.79
0.217991	-0.946447	0	5.8
0.280659	-0.930331	0	5.81
0.34212	-0.910214	0	5.82
0.402113	-0.886189	0	5.83
0.460383	-0.858368	0	5.84
0.516688	-0.826881	0	5.85
0.570792	-0.791874	0	5.86
0.622475	-0.753505	0	5.87
0.671526	-0.711951	0	5.88
0.71775	-0.667399	0	5.89
0.760964	-0.620048	0	5.9
0.801004	-0.57011	0	5.91
0.837716	-0.517803	0	5.92
0.870966	-0.463355	0	5.93
0.900637	-0.407003	0	5.94
0.926624	-0.348986	0	5.95
0.948844	-0.289549	0	5.96
0.967228	-0.228942	0	5.97
0.981723	-0.167413	0	5.98
0.992295	-0.105215	0	5.99
0.998924	-0.0425986	0	6
1.00161	0.0201867	0	6.01
1.00036	0.0828931	0	6.02
0.995204	0.145276	0	6.03
0.986188	0.207096	0	6.04
0.973366	0.268118	0	6.05
0.956811	0.328111	0	6.06
0.936605	0.386853	0	6.07
0.912846	0.444127	0	6.08
0.885641	0.499726	0	6.09
0.855111	0.553449	0	6.1
0.821385	0.605104	0	6.11
0.784606	0.654509	0	6.12
0.744922	0.701492	0	6.13
0.702492	0.74589	0	6.14
0.657483	0.78755	0	6.15
0.61007	0.826331	0	6.16
0.560434	0.862101	0	6.17
0.508762	0.894739	0	6.18
0.455248	0.924138	0	6.19
0.400089	0.950199	0	6.2
0.343489	0.972837	0	6.21
0.285653	0.991976	0	6.22
0.226792	1.00755	0	6.23
0.167118	1.01952	0	6.24
0.106845	1.02784	0	6.25
0.04619	1.03248	0	6.26
-0.0146303	1.03342	0	6.27
-0.0753982	1.03067	0	6.28
-0.135896	1.02423	0	6.29
-0.195908	1.01413	0	6.3
-0.255217	1.00039	0	6.31
-0.313611	0.983056	0	6.32
-0.370877	0.962194	0	6.33
-0.426808	0.937866	0	6.34
-0.481198	0.910154	0	6.35
-0.533846	0.879149	0	6.36
-0.584557	0.844953	0	6.37
-0.63314	0.807682	0	6.38
-0.67941	0.76746	0	6.39
-0.723188	0.724424	0	6.4
-0.764304	0.678721	0	6.41
-0.802593	0.63051	0	6.42
-0.837902	0.579957	0	6.43
-0.870085	0.527241	0	6.44
-0.899004	0.472548	0	6.45
-0.924536	0.416074	0	6.46
-0.946564	0.358025	0	6.47
-0.964987	0.298612	0	6.48
-0.979713	0.238056	0	6.49
-0.990665	0.176583	0	6.5
-0.997779	0.114427	0	6.51
-1.001	0.0518247	0	6.52
-1.0003	-0.0109799	0	6.53
-0.995661	-0.0737408	0	6.54
-0.987068	-0.136209	0	6.55
-0.974536	-0.198133	0	6.56
-0.958092	-0.259261	0	6.57
-0.937781	-0.319342	0	6.58
-0.913662	-0.378126	0	6.59
-0.885813	-0.435365	0	6.6
-0.854328	-0.490818	0	6.61
-0.819317	-0.544244	0	6.62
-0.780909	-0.595412	0	6.63
-0.739245	-0.644098	0	6.64
-0.694486	-0.690087	0	6.65
-0.646806	-0.733173	0	6.66
-0.596395	-0.773162	0	6.67
-0.543456	-0.809874	0	6.68
-0.488205	-0.843139	0	6.69
-0.430871	-0.872807	0	6.7
-0.371693	-0.898738	0	6.71
-0.31092	-0.920814	0	6.72
-0.248811	-0.938931	0	6.73
-0.18563	-0.953004	0	6.74
-0.121649	-0.962968	0	6.75
-0.0571429	-0.968775	0	6.76
0.00760996	-0.970399	0	6.77
0.0723299	-0.967832	0	6.78
0.136738	-0.961087	0	6.79
0.200556	-0.950195	0	6.8
0.263509	-0.935208	0	6.81
0.325329	-0.916198	0	6.82
0.385753	-0.893252	0	6.83
0.444523	-0.866479	0	6.84
0.501394	-0.836003	0	6.85
0.556129	-0.801966	0	6.86
0.608503	-0.764522	0	6.87
0.658303	-0.723844	0	6.88
0.705328	-0.680115	0	6.89
0.749395	-0.633532	0	6.9
0.790331	-0.584303	0	6.91
0.827983	-0.532644	0	6.92
0.862209	-0.478781	0	6.93
0.892888	-0.422948	0	6.94
0.919912	-0.365383	0	6.95
0.943192	-0.30633	0	6.96
0.962654	-0.246037	0	6.97
0.978243	-0.184754	0	6.98
0.989917	-0.12273	0	6.99
0.997655	-0.0602181	0	7
1.00145	0.00253255	0	7.01
1.0013	0.0652738	0	7.02
0.997247	0.12776	0	7.03
0.989316	0.189751	0	7.04
0.977564	0.25101	0	7.05
0.962058	0.311305	0	7.06
0.942878	0.370412	0	7.07
0.920117	0.428112	0	7.08
0.89388	0.484195	0	7.09
0.864283	0.53846	0	7.1
0.831455	0.590711	0	7.11
0.795531	0.640764	0	7.12
0.756661	0.688444	0	7.13
0.714999	0.733584	0	7.14
0.670711	0.776031	0	7.15
0.623969	0.815638	0	7.16
0.574951	0.852271	0	7.17
0.523844	0.885808	0	7.18
0.470838	0.916135	0	7.19
0.416131	0.943152	0	7.2
0.359924	0.96677	0	7.21
0.302422	0.98691	0	7.22
0.243835	1.00351	0	7.23
0.184372	1.01651	0	7.24
0.12425	1.02586	0	7.25
0.0636827	1.03155	0	7.26
0.00288764	1.03355	0	7.27
-0.0579177	1.03185	0	7.28
-0.118516	1.02646	0	7.29
-0.17869	1.01739	0	7.3
-0.238223	1.00468	0	7.31
-0.296902	0.988368	0	7.32
-0.354514	0.968503	0	7.33
-0.41085	0.945152	0	7.34
-0.465703	0.918392	0	7.35
-0.518872	0.88831	0	7.36
-0.570159	0.855006	0	7.37
-0.619371	0.818592	0	7.38
-0.666322	0.779189	0	7.39
-0.710832	0.736932	0	7.4
-0.752726	0.691964	0	7.41
-0.791839	0.644441	0	7.42
-0.828014	0.594526	0	7.43
-0.861101	0.542396	0	7.44
-0.890963	0.488234	0	7.45
-0.91747	0.432234	0	7.46
-0.940505	0.374599	0	7.47
-0.95996	0.315539	0	7.48
-0.975742	0.255271	0	7.49
-0.987769	0.194022	0	7.5
-0.995973	0.132023	0	7.51
-1.0003	0.0695101	0	7.52
-1.00071	0.00672563	0	7.53
-0.997176	-0.0560848	0	7.54
-0.989692	-0.118672	0	7.55
-0.978263	-0.180786	0	7.56
-0.962912	-0.242175	0	7.57
-0.943678	-0.302586	0	7.58
-0.920616	-0.36177	0	7.59
-0.8938	-0.419478	0	7.6
-0.863318	-0.475464	0	7.61
-0.829277	-0.52949	0	7.62
-0.7918	-0.581322	0	7.63
-0.751026	-0.630732	0	7.64
-0.707109	-0.677502	0	7.65
-0.660221	-0.721425	0	7.66
-0.610547	-0.762303	0	7.67
-0.558287	-0.799952	0	7.68
-0.503653	-0.834199	0	7.69
-0.446872	-0.864887	0	7.7
-0.388178	-0.891876	0	7.71
-0.327821	-0.915039	0	7.72
-0.266054	-0.93427	0	7.73
-0.203143	-0.949478	0	7.74
-0.139355	-0.960593	0	7.75
-0.0749665	-0.967562	0	7.76
-0.0102541	-0.970354	0	7.77
0.0545026	-0.968954	0	7.78
0.119024	-0.963371	0	7.79
0.183032	-0.953631	0	7.8
0.246251	-0.93978	0	7.81
0.308411	-0.921884	0	7.82
0.369245	-0.900028	0	7.83
0.428497	-0.874313	0	7.84
0.485917	-0.844859	0	7.85
0.541266	-0.811804	0	7.86
0.594315	-0.775299	0	7.87
0.644849	-0.735512	0	7.88
0.692663	-0.692622	0	7.89
0.737569	-0.646824	0	7.9
0.779391	-0.598321	0	7.91
0.817971	-0.547328	0	7.92
0.853164	-0.494068	0	7.93
0.884844	-0.438773	0	7.94
0.912898	-0.38168	0	7.95
0.937233	-0.32303	0	7.96
0.95777	-0.263072	0	7.97
0.97445	-0.202053	0	7.98
0.987226	-0.140224	0	7.99
0.996071	-0.0778365	0	8
1.00097	-0.0151401	0	8.01
1.00194	0.0476164	0	8.02
0.998983	0.110187	0	8.03
0.992142	0.17233	0	8.04
0.981466	0.233808	0	8.05
0.967016	0.294387	0	8.06
0.94887	0.353841	0	8.07
0.927117	0.41195	0	8.08
0.901857	0.468503	0	8.09
0.873205	0.523293	0	8.1
0.841285	0.576126	0	8.11
0.80623	0.626813	0	8.12
0.768187	0.675176	0	8.13
0.727308	0.721048	0	8.14
0.683755	0.764269	0	8.15
0.637698	0.804692	0	8.16
0.589314	0.84218	0	8.17
0.538787	0.876605	0	8.18
0.486307	0.907854	0	8.19
0.432069	0.93582	0	8.2
0.376273	0.960413	0	8.21
0.319123	0.981549	0	8.22
0.260826	0.999161	0	8.23
0.201594	1.01319	0	8.24
0.14164	1.02359	0	8.25
0.0811782	1.03032	0	8.26
0.0204264	1.03337	0	8.27
-0.0403985	1.03273	0	8.28
-0.101079	1.02839	0	8.29
-0.161397	1.02037	0	8.3
-0.221138	1.00869	0	8.31
-0.280085	0.993398	0	8.32
-0.338026	0.974538	0	8.33
-0.39475	0.952171	0	8.34
-0.450051	0.92637	0	8.35
-0.503725	0.897221	0	8.36
-0.555573	0.86482	0	8.37
-0.6054	0.829275	0	8.38
-0.653019	0.790704	0	8.39
-0.698246	0.749239	0	8.4
-0.740906	0.70502	0	8.41
-0.780831	0.658199	0	8.42
-0.817862	0.608938	0	8.43
-0.851845	0.557409	0	8.44
-0.882641	0.503795	0	8.45
-0.910116	0.448286	0	8.46
-0.934149	0.391083	0	8.47
-0.954632	0.332394	0	8.48
-0.971465	0.272434	0	8.49
-0.984563	0.211428	0	8.5
-0.993855	0.149605	0	8.51
-0.999282	0.0872006	0	8.52
-1.0008	0.0244559	0	8.53
-0.998379	-0.0383844	0	8.54
-0.992007	-0.101072	0	8.55
-0.981686	-0.163357	0	8.56
-0.967432	-0.224987	0	8.57
-0.949282	-0.285709	0	8.58
-0.927285	-0.345274	0	8.59
-0.90151	-0.403431	0	8.6
-0.872042	-0.459935	0	8.61
-0.838983	-0.514543	0	8.62
-0.80245	-0.567021	0	8.63
-0.762578	-0.617139	0	8.64
-0.719519	-0.664677	0	8.65
-0.673438	-0.709423	0	8.66
-0.624518	-0.751177	0	8.67
-0.572954	-0.789751	0	8.68
-0.518956	-0.824968	0	8.69
-0.462746	-0.856669	0	8.7
-0.404558	-0.884706	0	8.71
-0.344635	-0.908951	0	8.72
-0.283233	-0.929291	0	8.73
-0.220611	-0.94563	0	8.74
-0.157038	-0.957894	0	8.75
-0.0927883	-0.966024	0	8.76
-0.0281376	-0.969983	0	8.77
0.0366345	-0.969753	0	8.78
0.101248	-0.965336	0	8.79
0.165426	-0.956752	0	8.8
0.22889	-0.944043	0	8.81
0.291368	-0.92727	0	8.82
0.352595	-0.906511	0	8.83
0.41231	-0.881864	0	8.84
0.470261	-0.853445	0	8.85
0.526207	-0.821385	0	8.86
0.579915	-0.785833	0	8.87
0.631167	-0.746951	0	8.88
0.679756	-0.704916	0	8.89
0.725488	-0.659918	0	8.9
0.768185	-0.612159	0	8.91
0.807683	-0.56185	0	8.92
0.843834	-0.509211	0	8.93
0.876506	-0.454473	0	8.94
0.905584	-0.397871	0	8.95
0.930968	-0.339644	0	8.96
0.952576	-0.28004	0	8.97
0.970343	-0.219306	0	8.98
0.98422	-0.157692	0	8.99
0.994173	-0.0954482	0	9
1.00019	-0.0328258	0	9.01
1.00226	0.0299265	0	9.02
1.00041	0.0925624	0	9.03
0.994664	0.154839	0	9.04
0.985069	0.216516	0	9.05
0.971683	0.277361	0	9.06
0.954578	0.337145	0	9.07
0.933841	0.395647	0	9.08
0.909569	0.452652	0	9.09
0.881872	0.507953	0	9.1
0.850872	0.561352	0	9.11
0.816699	0.612659	0	9.12
0.779495	0.661692	0	9.13
0.739412	0.708282	0	9.14
0.696609	0.752267	0	9.15
0.651252	0.793496	0	9.16
0.603519	0.831828	0	9.17
0.553589	0.867134	0	9.18
0.501651	0.899296	0	9.19
0.447899	0.928205	0	9.2
0.39253	0.953766	0	9.21
0.335749	0.975894	0	9.22
0.277761	0.994517	0	9.23
0.218777	1.00957	0	9.24
0.159009	1.02101	0	9.25
0.0986711	1.02879	0	9.26
0.0379807	1.0329	0	9.27
-0.0228456	1.03331	0	9.28
-0.0835902	1.03002	0	9.29
-0.144036	1.02305	0	9.3
-0.203965	1.01241	0	9.31
-0.263163	0.998144	0	9.32
-0.321416	0.980294	0	9.33
-0.378513	0.958918	0	9.34
-0.434245	0.934087	0	9.35
-0.488408	0.90588	0	9.36
-0.540802	0.874392	0	9.37
-0.59123	0.839727	0	9.38
-0.639502	0.802	0	9.39
-0.685434	0.76134	0	9.4
-0.728848	0.717883	0	9.41
-0.769574	0.671779	0	9.42
-0.807449	0.623187	0	9.43
-0.842318	0.572277	0	9.44
-0.874038	0.519227	0	9.45
-0.902473	0.464226	0	9.46
-0.927499	0.407472	0	9.47
-0.949002	0.349172	0	9.48
-0.966882	0.289538	0	9.49
-0.981048	0.228794	0	9.5
-0.991425	0.167167	0	9.51
-0.997951	0.104891	0	9.52
-1.00058	0.0422052	0	9.53
-0.999271	-0.0206452	0	9.54
-0.994013	-0.0834133	0	9.55
-0.984802	-0.145849	0	9.56
-0.971651	-0.2077	0	9.57
-0.95459	-0.268715	0	9.58
-0.933666	-0.328642	0	9.59
-0.908942	-0.38723	0	9.6
-0.880497	-0.444233	0	9.61
-0.84843	-0.499407	0	9.62
-0.812853	-0.552515	0	9.63
-0.773898	-0.603325	0	9.64
-0.73171	-0.651615	0	9.65
-0.686452	-0.69717	0	9.66
-0.638302	-0.739787	0	9.67
-0.587452	-0.779274	0	9.68
-0.534108	-0.815451	0	9.69
-0.478489	-0.848154	0	9.7
-0.420825	-0.877232	0	9.71
-0.361358	-0.902551	0	9.72
-0.300339	-0.923993	0	9.73
-0.238028	-0.94146	0	9.74
-0.174692	-0.95487	0	9.75
-0.110602	-0.96416	0	9.76
-0.0460347	-0.969287	0	9.77
0.0187314	-0.970228	0	9.78
0.0834167	-0.966979	0	9.79
0.147742	-0.959556	0	9.8
0.21143	-0.947995	0	9.81
0.274208	-0.932351	0	9.82
0.335807	-0.912699	0	9.83
0.395966	-0.889131	0	9.84
0.45443	-0.861756	0	9.85
0.510955	-0.830704	0	9.86
0.565307	-0.796118	0	9.87
0.617262	-0.758155	0	9.88
0.666611	-0.716991	0	9.89
0.713156	-0.67281	0	9.9
0.756715	-0.625811	0	9.91
0.79712	-0.576203	0	9.92
0.834219	-0.524205	0	9.93
0.867876	-0.470043	0	9.94
0.897969	-0.41395	0	9.95
0.924397	-0.356167	0	9.96
0.947072	-0.296936	0	9.97
0.965924	-0.236507	0	9.98
0.980898	-0.175127	0	9.99
0.991959	-0.113047	0	10
