1.825	0	0	6.92485e-310
2.53147	0	0	0.1
3.17633	0	0	0.2
3.78207	0	0	0.3
4.3602	0	0	0.4
4.91757	0	0	0.5
5.45861	0	0	0.6
5.98641	0	0	0.7
6.50318	0	0	0.8
7.01063	0	0	0.9
7.51004	0	0	1
8.00245	0	0	1.1
8.48869	0	0	1.2
8.96946	0	0	1.3
9.44532	0	0	1.4
9.91676	0	0	1.5
10.3842	0	0	1.6
10.8479	0	0	1.7
11.3083	0	0	1.8
11.7657	0	0	1.9
12.2201	0	0	2
12.6719	0	0	2.1
13.1213	0	0	2.2
13.5684	0	0	2.3
14.0133	0	0	2.4
14.4562	0	0	2.5
14.8973	0	0	2.6
15.3365	0	0	2.7
15.7741	0	0	2.8
16.2101	0	0	2.9
16.6445	0	0	3
17.0776	0	0	3.1
17.5093	0	0	3.2
17.9397	0	0	3.3
18.3689	0	0	3.4
18.7969	0	0	3.5
19.2238	0	0	3.6
19.6496	0	0	3.7
20.0745	0	0	3.8
20.4983	0	0	3.9
20.9212	0	0	4
21.3432	0	0	4.1
21.7643	0	0	4.2
22.1846	0	0	4.3
22.6041	0	0	4.4
23.0228	0	0	4.5
23.4407	0	0	4.6
23.858	0	0	4.7
24.2745	0	0	4.8
24.6904	0	0	4.9
25.1057	0	0	5
25.5203	0	0	5.1
25.9343	0	0	5.2
26.3477	0	0	5.3
26.7606	0	0	5.4
27.1729	0	0	5.5
27.5846	0	0	5.6
27.9959	0	0	5.7
28.4066	0	0	5.8
28.8169	0	0	5.9
29.2266	0	0	6
29.636	0	0	6.1
30.0448	0	0	6.2
30.4533	0	0	6.3
30.8613	0	0	6.4
31.2688	0	0	6.5
31.676	0	0	6.6
32.0828	0	0	6.7
32.4892	0	0	6.8
32.8953	0	0	6.9
33.3009	0	0	7
33.7062	0	0	7.1
34.1112	0	0	7.2
34.5158	0	0	7.3
34.9201	0	0	7.4
35.3241	0	0	7.5
35.7278	0	0	7.6
36.1311	0	0	7.7
36.5341	0	0	7.8
36.9369	0	0	7.9
37.3393	0	0	8
37.7415	0	0	8.1
38.1434	0	0	8.2
38.545	0	0	8.3
38.9464	0	0	8.4
39.3475	0	0	8.5
39.7483	0	0	8.6
40.1489	0	0	8.7
40.5493	0	0	8.8
40.9494	0	0	8.9
41.3493	0	0	9
41.7489	0	0	9.1
42.1483	0	0	9.2
42.5475	0	0	9.3
42.9465	0	0	9.4
43.3453	0	0	9.5
43.7438	0	0	9.6
44.1422	0	0	9.7
44.5403	0	0	9.8
44.9383	0	0	9.9
45.336	0	0	10
45.7336	0	0	10.1
46.1309	0	0	10.2
46.5281	0	0	10.3
46.9251	0	0	10.4
47.3219	0	0	10.5
47.7186	0	0	10.6
48.1151	0	0	10.7
48.5114	0	0	10.8
48.9075	0	0	10.9
49.3035	0	0	11
49.6993	0	0	11.1
50.0949	0	0	11.2
50.4904	0	0	11.3
50.8857	0	0	11.4
51.2809	0	0	11.5
51.676	0	0	11.6
52.0708	0	0	11.7
52.4656	0	0	11.8
52.8602	0	0	11.9
53.2546	0	0	12
53.6489	0	0	12.1
54.0431	0	0	12.2
54.4372	0	0	12.3
54.8311	0	0	12.4
55.2248	0	0	12.5
55.6185	0	0	12.6
56.012	0	0	12.7
56.4054	0	0	12.8
56.7987	0	0	12.9
57.1918	0	0	13
57.5848	0	0	13.1
57.9778	0	0	13.2
58.3705	0	0	13.3
58.7632	0	0	13.4
59.1558	0	0	13.5
59.5482	0	0	13.6
59.9406	0	0	13.7
60.3328	0	0	13.8
60.7249	0	0	13.9
61.1169	0	0	14
61.5088	0	0	14.1
61.9006	0	0	14.2
62.2923	0	0	14.3
62.6839	0	0	14.4
63.0754	0	0	14.5
63.4668	0	0	14.6
63.8581	0	0	14.7
64.2493	0	0	14.8
64.6404	0	0	14.9
65.0314	0	0	15
65.4223	0	0	15.1
65.8132	0	0	15.2
66.2039	0	0	15.3
66.5946	0	0	15.4
66.9851	0	0	15.5
67.3756	0	0	15.6
67.766	0	0	15.7
68.1563	0	0	15.8
68.5465	0	0	15.9
68.9366	0	0	16
69.3266	0	0	16.1
69.7166	0	0	16.2
70.1065	0	0	16.3
70.4963	0	0	16.4
70.886	0	0	16.5
71.2756	0	0	16.6
71.6652	0	0	16.7
72.0547	0	0	16.8
72.4441	0	0	16.9
72.8334	0	0	17
73.2227	0	0	17.1
73.6119	0	0	17.2
74.001	0	0	17.3
74.39	0	0	17.4
74.779	0	0	17.5
75.1679	0	0	17.6
75.5567	0	0	17.7
75.9455	0	0	17.8
76.3342	0	0	17.9
76.7228	0	0	18
77.1114	0	0	18.1
77.4999	0	0	18.2
77.8883	0	0	18.3
78.2766	0	0	18.4
78.6649	0	0	18.5
79.0532	0	0	18.6
79.4413	0	0	18.7
79.8294	0	0	18.8
80.2175	0	0	18.9
80.6055	0	0	19
80.9934	0	0	19.1
81.3813	0	0	19.2
81.7691	0	0	19.3
82.1568	0	0	19.4
82.5445	0	0	19.5
82.9321	0	0	19.6
83.3197	0	0	19.7
83.7072	0	0	19.8
84.0947	0	0	19.9
84.4821	0	0	20
84.8694	0	0	20.1
85.2567	0	0	20.2
85.6439	0	0	20.3
86.0311	0	0	20.4
86.4182	0	0	20.5
86.8053	0	0	20.6
87.1923	0	0	20.7
87.5793	0	0	20.8
87.9662	0	0	20.9
88.3531	0	0	21
88.7399	0	0	21.1
89.1267	0	0	21.2
89.5134	0	0	21.3
89.9001	0	0	21.4
90.2867	0	0	21.5
90.6733	0	0	21.6
91.0598	0	0	21.7
91.4463	0	0	21.8
91.8327	0	0	21.9
92.2191	0	0	22
92.6054	0	0	22.1
92.9917	0	0	22.2
93.378	0	0	22.3
93.7642	0	0	22.4
94.1503	0	0	22.5
94.5364	0	0	22.6
94.9225	0	0	22.7
95.3085	0	0	22.8
95.6945	0	0	22.9
96.0804	0	0	23
96.4663	0	0	23.1
96.8522	0	0	23.2
97.238	0	0	23.3
97.6238	0	0	23.4
98.0095	0	0	23.5
98.3952	0	0	23.6
98.7808	0	0	23.7
99.1664	0	0	23.8
99.552	0	0	23.9
99.9375	0	0	24
100.323	0	0	24.1
100.708	0	0	24.2
101.094	0	0	24.3
101.479	0	0	24.4
101.865	0	0	24.5
102.25	0	0	24.6
102.635	0	0	24.7
103.02	0	0	24.8
103.405	0	0	24.9
103.791	0	0	25
104.176	0	0	25.1
104.561	0	0	25.2
104.946	0	0	25.3
105.331	0	0	25.4
105.716	0	0	25.5
106.101	0	0	25.6
106.486	0	0	25.7
106.87	0	0	25.8
107.255	0	0	25.9
107.64	0	0	26
108.025	0	0	26.1
108.41	0	0	26.2
108.794	0	0	26.3
109.179	0	0	26.4
109.563	0	0	26.5
109.948	0	0	26.6
110.333	0	0	26.7
110.717	0	0	26.8
111.102	0	0	26.9
111.486	0	0	27
111.87	0	0	27.1
112.255	0	0	27.2
112.639	0	0	27.3
113.024	0	0	27.4
113.408	0	0	27.5
113.792	0	0	27.6
114.176	0	0	27.7
114.561	0	0	27.8
114.945	0	0	27.9
115.329	0	0	28
115.713	0	0	28.1
116.097	0	0	28.2
116.481	0	0	28.3
116.865	0	0	28.4
117.249	0	0	28.5
117.633	0	0	28.6
118.017	0	0	28.7
118.401	0	0	28.8
118.785	0	0	28.9
119.169	0	0	29
119.553	0	0	29.1
119.936	0	0	29.2
120.32	0	0	29.3
120.704	0	0	29.4
121.088	0	0	29.5
121.471	0	0	29.6
121.855	0	0	29.7
122.239	0	0	29.8
122.622	0	0	29.9
123.006	0	0	30
123.389	0	0	30.1
123.773	0	0	30.2
124.157	0	0	30.3
124.54	0	0	30.4
124.923	0	0	30.5
125.307	0	0	30.6
125.69	0	0	30.7
126.074	0	0	30.8
126.457	0	0	30.9
126.84	0	0	31
127.224	0	0	31.1
127.607	0	0	31.2
127.99	0	0	31.3
128.373	0	0	31.4
128.757	0	0	31.5
129.14	0	0	31.6
129.523	0	0	31.7
129.906	0	0	31.8
130.289	0	0	31.9
130.672	0	0	32
131.055	0	0	32.1
131.439	0	0	32.2
131.822	0	0	32.3
132.205	0	0	32.4
132.588	0	0	32.5
132.971	0	0	32.6
133.353	0	0	32.7
133.736	0	0	32.8
134.119	0	0	32.9
134.502	0	0	33
134.885	0	0	33.1
135.268	0	0	33.2
135.651	0	0	33.3
136.033	0	0	33.4
136.416	0	0	33.5
136.799	0	0	33.6
137.182	0	0	33.7
137.564	0	0	33.8
137.947	0	0	33.9
138.33	0	0	34
138.712	0	0	34.1
139.095	0	0	34.2
139.478	0	0	34.3
139.86	0	0	34.4
140.243	0	0	34.5
140.625	0	0	34.6
141.008	0	0	34.7
141.39	0	0	34.8
141.773	0	0	34.9
142.155	0	0	35
142.538	0	0	35.1
142.92	0	0	35.2
143.302	0	0	35.3
143.685	0	0	35.4
144.067	0	0	35.5
144.449	0	0	35.6
144.832	0	0	35.7
145.214	0	0	35.8
145.596	0	0	35.9
145.979	0	0	36
146.361	0	0	36.1
146.743	0	0	36.2
147.125	0	0	36.3
147.508	0	0	36.4
147.89	0	0	36.5
148.272	0	0	36.6
148.654	0	0	36.7
149.036	0	0	36.8
149.418	0	0	36.9
149.8	0	0	37
150.182	0	0	37.1
150.564	0	0	37.2
150.946	0	0	37.3
151.328	0	0	37.4
151.71	0	0	37.5
152.092	0	0	37.6
152.474	0	0	37.7
152.856	0	0	37.8
153.238	0	0	37.9
153.62	0	0	38
154.002	0	0	38.1
154.384	0	0	38.2
154.766	0	0	38.3
155.148	0	0	38.4
155.53	0	0	38.5
155.911	0	0	38.6
156.293	0	0	38.7
156.675	0	0	38.8
157.057	0	0	38.9
157.438	0	0	39
157.82	0	0	39.1
158.202	0	0	39.2
158.584	0	0	39.3
158.965	0	0	39.4
159.347	0	0	39.5
159.729	0	0	39.6
160.11	0	0	39.7
160.492	0	0	39.8
160.874	0	0	39.9
161.255	0	0	40
161.637	0	0	40.1
162.018	0	0	40.2
162.4	0	0	40.3
162.781	0	0	40.4
163.163	0	0	40.5
163.544	0	0	40.6
163.926	0	0	40.7
164.307	0	0	40.8
164.689	0	0	40.9
165.07	0	0	41
165.452	0	0	41.1
165.833	0	0	41.2
166.214	0	0	41.3
166.596	0	0	41.4
166.977	0	0	41.5
167.359	0	0	41.6
167.74	0	0	41.7
168.121	0	0	41.8
168.503	0	0	41.9
168.884	0	0	42
169.265	0	0	42.1
169.646	0	0	42.2
170.028	0	0	42.3
170.409	0	0	42.4
170.79	0	0	42.5
171.171	0	0	42.6
171.553	0	0	42.7
171.934	0	0	42.8
172.315	0	0	42.9
172.696	0	0	43
173.077	0	0	43.1
173.458	0	0	43.2
173.84	0	0	43.3
174.221	0	0	43.4
174.602	0	0	43.5
174.983	0	0	43.6
175.364	0	0	43.7
175.745	0	0	43.8
176.126	0	0	43.9
176.507	0	0	44
176.888	0	0	44.1
177.269	0	0	44.2
177.65	0	0	44.3
178.031	0	0	44.4
178.412	0	0	44.5
178.793	0	0	44.6
179.174	0	0	44.7
179.555	0	0	44.8
179.936	0	0	44.9
180.317	0	0	45
180.698	0	0	45.1
181.079	0	0	45.2
181.46	0	0	45.3
181.84	0	0	45.4
182.221	0	0	45.5
182.602	0	0	45.6
182.983	0	0	45.7
183.364	0	0	45.8
183.745	0	0	45.9
184.125	0	0	46
184.506	0	0	46.1
184.887	0	0	46.2
185.268	0	0	46.3
185.648	0	0	46.4
186.029	0	0	46.5
186.41	0	0	46.6
186.791	0	0	46.7
187.171	0	0	46.8
187.552	0	0	46.9
187.933	0	0	47
188.313	0	0	47.1
188.694	0	0	47.2
189.075	0	0	47.3
189.455	0	0	47.4
189.836	0	0	47.5
190.216	0	0	47.6
190.597	0	0	47.7
190.978	0	0	47.8
191.358	0	0	47.9
191.739	0	0	48
192.119	0	0	48.1
192.5	0	0	48.2
192.88	0	0	48.3
193.261	0	0	48.4
193.642	0	0	48.5
194.022	0	0	48.6
194.403	0	0	48.7
194.783	0	0	48.8
195.163	0	0	48.9
195.544	0	0	49
195.924	0	0	49.1
196.305	0	0	49.2
196.685	0	0	49.3
197.066	0	0	49.4
197.446	0	0	49.5
197.827	0	0	49.6
198.207	0	0	49.7
198.587	0	0	49.8
198.968	0	0	49.9
199.348	0	0	50
199.728	0	0	50.1
200.109	0	0	50.2
200.489	0	0	50.3
200.869	0	0	50.4
201.25	0	0	50.5
201.63	0	0	50.6
202.01	0	0	50.7
202.391	0	0	50.8
202.771	0	0	50.9
203.151	0	0	51
203.531	0	0	51.1
203.912	0	0	51.2
204.292	0	0	51.3
204.672	0	0	51.4
205.052	0	0	51.5
205.433	0	0	51.6
205.813	0	0	51.7
206.193	0	0	51.8
206.573	0	0	51.9
206.953	0	0	52
207.333	0	0	52.1
207.714	0	0	52.2
208.094	0	0	52.3
208.474	0	0	52.4
208.854	0	0	52.5
209.234	0	0	52.6
209.614	0	0	52.7
209.994	0	0	52.8
210.374	0	0	52.9
210.755	0	0	53
211.135	0	0	53.1
211.515	0	0	53.2
211.895	0	0	53.3
212.275	0	0	53.4
212.655	0	0	53.5
213.035	0	0	53.6
213.415	0	0	53.7
213.795	0	0	53.8
214.175	0	0	53.9
214.555	0	0	54
214.935	0	0	54.1
215.315	0	0	54.2
215.695	0	0	54.3
216.075	0	0	54.4
216.455	0	0	54.5
216.835	0	0	54.6
217.215	0	0	54.7
217.594	0	0	54.8
217.974	0	0	54.9
218.354	0	0	55
218.734	0	0	55.1
219.114	0	0	55.2
219.494	0	0	55.3
219.874	0	0	55.4
220.254	0	0	55.5
220.634	0	0	55.6
221.013	0	0	55.7
221.393	0	0	55.8
221.773	0	0	55.9
222.153	0	0	56
222.533	0	0	56.1
222.913	0	0	56.2
223.292	0	0	56.3
223.672	0	0	56.4
224.052	0	0	56.5
224.432	0	0	56.6
224.812	0	0	56.7
225.191	0	0	56.8
225.571	0	0	56.9
225.951	0	0	57
226.331	0	0	57.1
226.71	0	0	57.2
227.09	0	0	57.3
227.47	0	0	57.4
227.849	0	0	57.5
228.229	0	0	57.6
228.609	0	0	57.7
228.989	0	0	57.8
229.368	0	0	57.9
229.748	0	0	58
230.128	0	0	58.1
230.507	0	0	58.2
230.887	0	0	58.3
231.266	0	0	58.4
231.646	0	0	58.5
232.026	0	0	58.6
232.405	0	0	58.7
232.785	0	0	58.8
233.165	0	0	58.9
233.544	0	0	59
233.924	0	0	59.1
234.303	0	0	59.2
234.683	0	0	59.3
235.063	0	0	59.4
235.442	0	0	59.5
235.822	0	0	59.6
236.201	0	0	59.7
236.581	0	0	59.8
236.96	0	0	59.9
237.34	0	0	60
237.719	0	0	60.1
238.099	0	0	60.2
238.478	0	0	60.3
238.858	0	0	60.4
239.237	0	0	60.5
239.617	0	0	60.6
239.996	0	0	60.7
240.376	0	0	60.8
240.755	0	0	60.9
241.135	0	0	61
241.514	0	0	61.1
241.894	0	0	61.2
242.273	0	0	61.3
242.652	0	0	61.4
243.032	0	0	61.5
243.411	0	0	61.6
243.791	0	0	61.7
244.17	0	0	61.8
244.55	0	0	61.9
244.929	0	0	62
245.308	0	0	62.1
245.688	0	0	62.2
246.067	0	0	62.3
246.446	0	0	62.4
246.826	0	0	62.5
247.205	0	0	62.6
247.584	0	0	62.7
247.964	0	0	62.8
248.343	0	0	62.9
248.722	0	0	63
249.102	0	0	63.1
249.481	0	0	63.2
249.86	0	0	63.3
250.24	0	0	63.4
250.619	0	0	63.5
250.998	0	0	63.6
251.378	0	0	63.7
251.757	0	0	63.8
252.136	0	0	63.9
252.515	0	0	64
252.895	0	0	64.1
253.274	0	0	64.2
253.653	0	0	64.3
254.032	0	0	64.4
254.412	0	0	64.5
254.791	0	0	64.6
255.17	0	0	64.7
255.549	0	0	64.8
255.928	0	0	64.9
256.308	0	0	65
256.687	0	0	65.1
257.066	0	0	65.2
257.445	0	0	65.3
257.824	0	0	65.4
258.204	0	0	65.5
258.583	0	0	65.6
258.962	0	0	65.7
259.341	0	0	65.8
259.72	0	0	65.9
260.099	0	0	66
260.479	0	0	66.1
260.858	0	0	66.2
261.237	0	0	66.3
261.616	0	0	66.4
261.995	0	0	66.5
262.374	0	0	66.6
262.753	0	0	66.7
263.132	0	0	66.8
263.511	0	0	66.9
263.891	0	0	67
264.27	0	0	67.1
264.649	0	0	67.2
265.028	0	0	67.3
265.407	0	0	67.4
265.786	0	0	67.5
266.165	0	0	67.6
266.544	0	0	67.7
266.923	0	0	67.8
267.302	0	0	67.9
267.681	0	0	68
268.06	0	0	68.1
268.439	0	0	68.2
268.818	0	0	68.3
269.197	0	0	68.4
269.576	0	0	68.5
269.955	0	0	68.6
270.334	0	0	68.7
270.713	0	0	68.8
271.092	0	0	68.9
271.471	0	0	69
271.85	0	0	69.1
272.229	0	0	69.2
272.608	0	0	69.3
272.987	0	0	69.4
273.366	0	0	69.5
273.745	0	0	69.6
274.124	0	0	69.7
274.503	0	0	69.8
274.882	0	0	69.9
275.261	0	0	70
275.639	0	0	70.1
276.018	0	0	70.2
276.397	0	0	70.3
276.776	0	0	70.4
277.155	0	0	70.5
277.534	0	0	70.6
277.913	0	0	70.7
278.292	0	0	70.8
278.671	0	0	70.9
279.049	0	0	71
279.428	0	0	71.1
279.807	0	0	71.2
280.186	0	0	71.3
280.565	0	0	71.4
280.944	0	0	71.5
281.323	0	0	71.6
281.701	0	0	71.7
282.08	0	0	71.8
282.459	0	0	71.9
282.838	0	0	72
283.217	0	0	72.1
283.596	0	0	72.2
283.974	0	0	72.3
284.353	0	0	72.4
284.732	0	0	72.5
285.111	0	0	72.6
285.49	0	0	72.7
285.868	0	0	72.8
286.247	0	0	72.9
286.626	0	0	73
287.005	0	0	73.1
287.383	0	0	73.2
287.762	0	0	73.3
288.141	0	0	73.4
288.52	0	0	73.5
288.898	0	0	73.6
289.277	0	0	73.7
289.656	0	0	73.8
290.035	0	0	73.9
290.413	0	0	74
290.792	0	0	74.1
291.171	0	0	74.2
291.549	0	0	74.3
291.928	0	0	74.4
292.307	0	0	74.5
292.686	0	0	74.6
293.064	0	0	74.7
293.443	0	0	74.8
293.822	0	0	74.9
294.2	0	0	75
294.579	0	0	75.1
294.958	0	0	75.2
295.336	0	0	75.3
295.715	0	0	75.4
296.094	0	0	75.5
296.472	0	0	75.6
296.851	0	0	75.7
297.23	0	0	75.8
297.608	0	0	75.9
297.987	0	0	76
298.365	0	0	76.1
298.744	0	0	76.2
299.123	0	0	76.3
299.501	0	0	76.4
299.88	0	0	76.5
