1.85	0	0	6.92485e-310
2.58465	0	0	0.1
3.2602	0	0	0.2
3.89862	0	0	0.3
4.51106	0	0	0.4
5.10409	0	0	0.5
5.68198	0	0	0.6
6.24763	0	0	0.7
6.80318	0	0	0.8
7.35019	0	0	0.9
7.88989	0	0	1
8.42326	0	0	1.1
8.95106	0	0	1.2
9.47393	0	0	1.3
9.9924	0	0	1.4
10.5069	0	0	1.5
11.0179	0	0	1.6
11.5256	0	0	1.7
12.0303	0	0	1.8
12.5323	0	0	1.9
13.0317	0	0	2
13.5289	0	0	2.1
14.0239	0	0	2.2
14.5169	0	0	2.3
15.008	0	0	2.4
15.4974	0	0	2.5
15.9851	0	0	2.6
16.4713	0	0	2.7
16.956	0	0	2.8
17.4393	0	0	2.9
17.9214	0	0	3
18.4022	0	0	3.1
18.8818	0	0	3.2
19.3604	0	0	3.3
19.8379	0	0	3.4
20.3144	0	0	3.5
20.7899	0	0	3.6
21.2645	0	0	3.7
21.7383	0	0	3.8
22.2112	0	0	3.9
22.6833	0	0	4
23.1546	0	0	4.1
23.6252	0	0	4.2
24.0951	0	0	4.3
24.5643	0	0	4.4
25.0329	0	0	4.5
25.5008	0	0	4.6
25.9682	0	0	4.7
26.4349	0	0	4.8
26.9011	0	0	4.9
27.3667	0	0	5
27.8318	0	0	5.1
28.2964	0	0	5.2
28.7605	0	0	5.3
29.2242	0	0	5.4
29.6873	0	0	5.5
30.15	0	0	5.6
30.6123	0	0	5.7
31.0742	0	0	5.8
31.5356	0	0	5.9
31.9967	0	0	6
32.4573	0	0	6.1
32.9176	0	0	6.2
33.3776	0	0	6.3
33.8371	0	0	6.4
34.2964	0	0	6.5
34.7553	0	0	6.6
35.2138	0	0	6.7
35.6721	0	0	6.8
36.13	0	0	6.9
36.5876	0	0	7
37.045	0	0	7.1
37.502	0	0	7.2
37.9588	0	0	7.3
38.4153	0	0	7.4
38.8715	0	0	7.5
39.3275	0	0	7.6
39.7832	0	0	7.7
40.2387	0	0	7.8
40.6939	0	0	7.9
41.1489	0	0	8
41.6036	0	0	8.1
42.0582	0	0	8.2
42.5125	0	0	8.3
42.9665	0	0	8.4
43.4204	0	0	8.5
43.8741	0	0	8.6
44.3275	0	0	8.7
44.7808	0	0	8.8
45.2338	0	0	8.9
45.6867	0	0	9
46.1394	0	0	9.1
46.5918	0	0	9.2
47.0442	0	0	9.3
47.4963	0	0	9.4
47.9482	0	0	9.5
48.4	0	0	9.6
48.8516	0	0	9.7
49.3031	0	0	9.8
49.7544	0	0	9.9
50.2055	0	0	10
50.6564	0	0	10.1
51.1073	0	0	10.2
51.5579	0	0	10.3
52.0084	0	0	10.4
52.4588	0	0	10.5
52.909	0	0	10.6
53.3591	0	0	10.7
53.809	0	0	10.8
54.2589	0	0	10.9
54.7085	0	0	11
55.1581	0	0	11.1
55.6075	0	0	11.2
56.0568	0	0	11.3
56.5059	0	0	11.4
56.955	0	0	11.5
57.4039	0	0	11.6
57.8527	0	0	11.7
58.3013	0	0	11.8
58.7499	0	0	11.9
59.1984	0	0	12
59.6467	0	0	12.1
60.0949	0	0	12.2
60.543	0	0	12.3
60.991	0	0	12.4
61.4389	0	0	12.5
61.8867	0	0	12.6
62.3344	0	0	12.7
62.782	0	0	12.8
63.2295	0	0	12.9
63.6769	0	0	13
64.1242	0	0	13.1
64.5714	0	0	13.2
65.0185	0	0	13.3
65.4655	0	0	13.4
65.9124	0	0	13.5
66.3592	0	0	13.6
66.806	0	0	13.7
67.2526	0	0	13.8
67.6992	0	0	13.9
68.1456	0	0	14
68.592	0	0	14.1
69.0383	0	0	14.2
69.4846	0	0	14.3
69.9307	0	0	14.4
70.3768	0	0	14.5
70.8227	0	0	14.6
71.2686	0	0	14.7
71.7145	0	0	14.8
72.1602	0	0	14.9
72.6059	0	0	15
73.0515	0	0	15.1
73.497	0	0	15.2
73.9425	0	0	15.3
74.3878	0	0	15.4
74.8331	0	0	15.5
75.2784	0	0	15.6
75.7235	0	0	15.7
76.1686	0	0	15.8
76.6137	0	0	15.9
77.0586	0	0	16
77.5035	0	0	16.1
77.9484	0	0	16.2
78.3931	0	0	16.3
78.8378	0	0	16.4
79.2825	0	0	16.5
79.727	0	0	16.6
80.1715	0	0	16.7
80.616	0	0	16.8
81.0604	0	0	16.9
81.5047	0	0	17
81.949	0	0	17.1
82.3932	0	0	17.2
82.8373	0	0	17.3
83.2814	0	0	17.4
83.7255	0	0	17.5
84.1695	0	0	17.6
84.6134	0	0	17.7
85.0573	0	0	17.8
85.5011	0	0	17.9
85.9448	0	0	18
86.3885	0	0	18.1
86.8322	0	0	18.2
87.2758	0	0	18.3
87.7194	0	0	18.4
88.1629	0	0	18.5
88.6063	0	0	18.6
89.0497	0	0	18.7
89.4931	0	0	18.8
89.9364	0	0	18.9
90.3796	0	0	19
90.8228	0	0	19.1
91.266	0	0	19.2
91.7091	0	0	19.3
92.1521	0	0	19.4
92.5952	0	0	19.5
93.0381	0	0	19.6
93.4811	0	0	19.7
93.9239	0	0	19.8
94.3668	0	0	19.9
94.8096	0	0	20
95.2523	0	0	20.1
95.695	0	0	20.2
96.1377	0	0	20.3
96.5803	0	0	20.4
97.0229	0	0	20.5
97.4654	0	0	20.6
97.9079	0	0	20.7
98.3503	0	0	20.8
98.7927	0	0	20.9
99.2351	0	0	21
99.6774	0	0	21.1
100.12	0	0	21.2
100.562	0	0	21.3
101.004	0	0	21.4
101.446	0	0	21.5
101.888	0	0	21.6
102.331	0	0	21.7
102.773	0	0	21.8
103.215	0	0	21.9
103.657	0	0	22
104.099	0	0	22.1
104.54	0	0	22.2
104.982	0	0	22.3
105.424	0	0	22.4
105.866	0	0	22.5
106.308	0	0	22.6
106.749	0	0	22.7
107.191	0	0	22.8
107.633	0	0	22.9
108.074	0	0	23
108.516	0	0	23.1
108.958	0	0	23.2
109.399	0	0	23.3
109.841	0	0	23.4
110.282	0	0	23.5
110.724	0	0	23.6
111.165	0	0	23.7
111.606	0	0	23.8
112.048	0	0	23.9
112.489	0	0	24
112.93	0	0	24.1
113.371	0	0	24.2
113.813	0	0	24.3
114.254	0	0	24.4
114.695	0	0	24.5
115.136	0	0	24.6
115.577	0	0	24.7
116.018	0	0	24.8
116.459	0	0	24.9
116.9	0	0	25
117.341	0	0	25.1
117.782	0	0	25.2
118.223	0	0	25.3
118.664	0	0	25.4
119.105	0	0	25.5
119.546	0	0	25.6
119.987	0	0	25.7
120.427	0	0	25.8
120.868	0	0	25.9
121.309	0	0	26
121.749	0	0	26.1
122.19	0	0	26.2
122.631	0	0	26.3
123.071	0	0	26.4
123.512	0	0	26.5
123.953	0	0	26.6
124.393	0	0	26.7
124.834	0	0	26.8
125.274	0	0	26.9
125.715	0	0	27
126.155	0	0	27.1
126.595	0	0	27.2
127.036	0	0	27.3
127.476	0	0	27.4
127.916	0	0	27.5
128.357	0	0	27.6
128.797	0	0	27.7
129.237	0	0	27.8
129.678	0	0	27.9
130.118	0	0	28
130.558	0	0	28.1
130.998	0	0	28.2
131.438	0	0	28.3
131.878	0	0	28.4
132.319	0	0	28.5
132.759	0	0	28.6
133.199	0	0	28.7
133.639	0	0	28.8
134.079	0	0	28.9
134.519	0	0	29
134.959	0	0	29.1
135.399	0	0	29.2
135.839	0	0	29.3
136.278	0	0	29.4
136.718	0	0	29.5
137.158	0	0	29.6
137.598	0	0	29.7
138.038	0	0	29.8
138.478	0	0	29.9
138.917	0	0	30
139.357	0	0	30.1
139.797	0	0	30.2
140.237	0	0	30.3
140.676	0	0	30.4
141.116	0	0	30.5
141.556	0	0	30.6
141.995	0	0	30.7
142.435	0	0	30.8
142.875	0	0	30.9
143.314	0	0	31
143.754	0	0	31.1
144.193	0	0	31.2
144.633	0	0	31.3
145.072	0	0	31.4
145.512	0	0	31.5
145.951	0	0	31.6
146.391	0	0	31.7
146.83	0	0	31.8
147.27	0	0	31.9
147.709	0	0	32
148.148	0	0	32.1
148.588	0	0	32.2
149.027	0	0	32.3
149.466	0	0	32.4
149.906	0	0	32.5
150.345	0	0	32.6
150.784	0	0	32.7
151.224	0	0	32.8
151.663	0	0	32.9
152.102	0	0	33
152.541	0	0	33.1
152.98	0	0	33.2
153.42	0	0	33.3
153.859	0	0	33.4
154.298	0	0	33.5
154.737	0	0	33.6
155.176	0	0	33.7
155.615	0	0	33.8
156.054	0	0	33.9
156.493	0	0	34
156.932	0	0	34.1
157.371	0	0	34.2
157.81	0	0	34.3
158.249	0	0	34.4
158.688	0	0	34.5
159.127	0	0	34.6
159.566	0	0	34.7
160.005	0	0	34.8
160.444	0	0	34.9
160.883	0	0	35
161.322	0	0	35.1
161.761	0	0	35.2
162.199	0	0	35.3
162.638	0	0	35.4
163.077	0	0	35.5
163.516	0	0	35.6
163.955	0	0	35.7
164.394	0	0	35.8
164.832	0	0	35.9
165.271	0	0	36
165.71	0	0	36.1
166.148	0	0	36.2
166.587	0	0	36.3
167.026	0	0	36.4
167.465	0	0	36.5
167.903	0	0	36.6
168.342	0	0	36.7
168.78	0	0	36.8
169.219	0	0	36.9
169.658	0	0	37
170.096	0	0	37.1
170.535	0	0	37.2
170.973	0	0	37.3
171.412	0	0	37.4
171.851	0	0	37.5
172.289	0	0	37.6
172.728	0	0	37.7
173.166	0	0	37.8
173.605	0	0	37.9
174.043	0	0	38
174.481	0	0	38.1
174.92	0	0	38.2
175.358	0	0	38.3
175.797	0	0	38.4
176.235	0	0	38.5
176.674	0	0	38.6
177.112	0	0	38.7
177.55	0	0	38.8
177.989	0	0	38.9
178.427	0	0	39
178.865	0	0	39.1
179.304	0	0	39.2
179.742	0	0	39.3
180.18	0	0	39.4
180.619	0	0	39.5
181.057	0	0	39.6
181.495	0	0	39.7
181.933	0	0	39.8
182.372	0	0	39.9
182.81	0	0	40
183.248	0	0	40.1
183.686	0	0	40.2
184.124	0	0	40.3
184.563	0	0	40.4
185.001	0	0	40.5
185.439	0	0	40.6
185.877	0	0	40.7
186.315	0	0	40.8
186.753	0	0	40.9
187.191	0	0	41
187.629	0	0	41.1
188.068	0	0	41.2
188.506	0	0	41.3
188.944	0	0	41.4
189.382	0	0	41.5
189.82	0	0	41.6
190.258	0	0	41.7
190.696	0	0	41.8
191.134	0	0	41.9
191.572	0	0	42
192.01	0	0	42.1
192.448	0	0	42.2
192.886	0	0	42.3
193.324	0	0	42.4
193.762	0	0	42.5
194.2	0	0	42.6
194.638	0	0	42.7
195.075	0	0	42.8
195.513	0	0	42.9
195.951	0	0	43
196.389	0	0	43.1
196.827	0	0	43.2
197.265	0	0	43.3
197.703	0	0	43.4
198.141	0	0	43.5
198.578	0	0	43.6
199.016	0	0	43.7
199.454	0	0	43.8
199.892	0	0	43.9
200.33	0	0	44
200.767	0	0	44.1
201.205	0	0	44.2
201.643	0	0	44.3
202.081	0	0	44.4
202.518	0	0	44.5
202.956	0	0	44.6
203.394	0	0	44.7
203.832	0	0	44.8
204.269	0	0	44.9
204.707	0	0	45
205.145	0	0	45.1
205.582	0	0	45.2
206.02	0	0	45.3
206.458	0	0	45.4
206.895	0	0	45.5
207.333	0	0	45.6
207.771	0	0	45.7
208.208	0	0	45.8
208.646	0	0	45.9
209.083	0	0	46
209.521	0	0	46.1
209.959	0	0	46.2
210.396	0	0	46.3
210.834	0	0	46.4
211.271	0	0	46.5
211.709	0	0	46.6
212.146	0	0	46.7
212.584	0	0	46.8
213.021	0	0	46.9
213.459	0	0	47
213.896	0	0	47.1
214.334	0	0	47.2
214.771	0	0	47.3
215.209	0	0	47.4
215.646	0	0	47.5
216.084	0	0	47.6
216.521	0	0	47.7
216.959	0	0	47.8
217.396	0	0	47.9
217.834	0	0	48
218.271	0	0	48.1
218.708	0	0	48.2
219.146	0	0	48.3
219.583	0	0	48.4
220.021	0	0	48.5
220.458	0	0	48.6
220.895	0	0	48.7
221.333	0	0	48.8
221.77	0	0	48.9
222.207	0	0	49
222.645	0	0	49.1
223.082	0	0	49.2
223.519	0	0	49.3
223.957	0	0	49.4
224.394	0	0	49.5
224.831	0	0	49.6
225.269	0	0	49.7
225.706	0	0	49.8
226.143	0	0	49.9
226.58	0	0	50
227.018	0	0	50.1
227.455	0	0	50.2
227.892	0	0	50.3
228.329	0	0	50.4
228.767	0	0	50.5
229.204	0	0	50.6
229.641	0	0	50.7
230.078	0	0	50.8
230.515	0	0	50.9
230.953	0	0	51
231.39	0	0	51.1
231.827	0	0	51.2
232.264	0	0	51.3
232.701	0	0	51.4
233.139	0	0	51.5
233.576	0	0	51.6
234.013	0	0	51.7
234.45	0	0	51.8
234.887	0	0	51.9
235.324	0	0	52
235.761	0	0	52.1
236.198	0	0	52.2
236.636	0	0	52.3
237.073	0	0	52.4
237.51	0	0	52.5
237.947	0	0	52.6
238.384	0	0	52.7
238.821	0	0	52.8
239.258	0	0	52.9
239.695	0	0	53
240.132	0	0	53.1
240.569	0	0	53.2
241.006	0	0	53.3
241.443	0	0	53.4
241.88	0	0	53.5
242.317	0	0	53.6
242.754	0	0	53.7
243.191	0	0	53.8
243.628	0	0	53.9
244.065	0	0	54
244.502	0	0	54.1
244.939	0	0	54.2
245.376	0	0	54.3
245.813	0	0	54.4
246.25	0	0	54.5
246.687	0	0	54.6
247.124	0	0	54.7
247.561	0	0	54.8
247.998	0	0	54.9
248.435	0	0	55
248.871	0	0	55.1
249.308	0	0	55.2
249.745	0	0	55.3
250.182	0	0	55.4
250.619	0	0	55.5
251.056	0	0	55.6
251.493	0	0	55.7
251.93	0	0	55.8
252.367	0	0	55.9
252.803	0	0	56
253.24	0	0	56.1
253.677	0	0	56.2
254.114	0	0	56.3
254.551	0	0	56.4
254.988	0	0	56.5
255.424	0	0	56.6
255.861	0	0	56.7
256.298	0	0	56.8
256.735	0	0	56.9
257.172	0	0	57
257.608	0	0	57.1
258.045	0	0	57.2
258.482	0	0	57.3
258.919	0	0	57.4
259.355	0	0	57.5
259.792	0	0	57.6
260.229	0	0	57.7
260.666	0	0	57.8
261.102	0	0	57.9
261.539	0	0	58
261.976	0	0	58.1
262.413	0	0	58.2
262.849	0	0	58.3
263.286	0	0	58.4
263.723	0	0	58.5
264.159	0	0	58.6
264.596	0	0	58.7
265.033	0	0	58.8
265.47	0	0	58.9
265.906	0	0	59
266.343	0	0	59.1
266.78	0	0	59.2
267.216	0	0	59.3
267.653	0	0	59.4
268.09	0	0	59.5
268.526	0	0	59.6
268.963	0	0	59.7
269.399	0	0	59.8
269.836	0	0	59.9
270.273	0	0	60
270.709	0	0	60.1
271.146	0	0	60.2
271.583	0	0	60.3
272.019	0	0	60.4
272.456	0	0	60.5
272.892	0	0	60.6
273.329	0	0	60.7
273.765	0	0	60.8
274.202	0	0	60.9
274.639	0	0	61
275.075	0	0	61.1
275.512	0	0	61.2
275.948	0	0	61.3
276.385	0	0	61.4
276.821	0	0	61.5
277.258	0	0	61.6
277.694	0	0	61.7
278.131	0	0	61.8
278.567	0	0	61.9
279.004	0	0	62
279.441	0	0	62.1
279.877	0	0	62.2
280.314	0	0	62.3
280.75	0	0	62.4
281.187	0	0	62.5
281.623	0	0	62.6
282.059	0	0	62.7
282.496	0	0	62.8
282.932	0	0	62.9
283.369	0	0	63
283.805	0	0	63.1
284.242	0	0	63.2
284.678	0	0	63.3
285.115	0	0	63.4
285.551	0	0	63.5
285.988	0	0	63.6
286.424	0	0	63.7
286.86	0	0	63.8
287.297	0	0	63.9
287.733	0	0	64
288.17	0	0	64.1
288.606	0	0	64.2
289.043	0	0	64.3
289.479	0	0	64.4
289.915	0	0	64.5
290.352	0	0	64.6
290.788	0	0	64.7
291.224	0	0	64.8
291.661	0	0	64.9
292.097	0	0	65
292.534	0	0	65.1
292.97	0	0	65.2
293.406	0	0	65.3
293.843	0	0	65.4
294.279	0	0	65.5
294.715	0	0	65.6
295.152	0	0	65.7
295.588	0	0	65.8
296.024	0	0	65.9
296.461	0	0	66
296.897	0	0	66.1
297.333	0	0	66.2
297.77	0	0	66.3
298.206	0	0	66.4
298.642	0	0	66.5
299.079	0	0	66.6
299.515	0	0	66.7
299.951	0	0	66.8
