2.44419	-4.23458	-0.0371132	1.58101e-322
2.44436	-4.23567	-0.0371087	0.0003
2.44469	-4.23704	-0.0371066	0.0006
2.44518	-4.23867	-0.0371071	0.0009
2.44584	-4.24058	-0.0371102	0.0012
2.44668	-4.24278	-0.0371162	0.0015
2.44772	-4.24529	-0.0371252	0.0018
2.44896	-4.24813	-0.0371375	0.0021
2.45042	-4.25132	-0.0371536	0.0024
2.45214	-4.25489	-0.0371737	0.0027
2.45415	-4.2589	-0.0371985	0.003
2.45648	-4.26339	-0.0372288	0.0033
2.45921	-4.26846	-0.0372658	0.0036
2.46242	-4.27421	-0.0373109	0.0039
2.46626	-4.28083	-0.0373669	0.0042
2.47098	-4.28862	-0.0374381	0.0045
2.47704	-4.29816	-0.0375331	0.0048
2.48565	-4.31081	-0.0376743	0.0051
2.50199	-4.33206	-0.03796	0.0054
2.81424	-4.56616	-0.0444601	0.0057
3.12646	-4.80022	-0.0509595	0.006
3.43868	-5.03429	-0.0574588	0.0063
3.75089	-5.26835	-0.063958	0.0066
4.0631	-5.50241	-0.0704572	0.0069
4.37531	-5.73647	-0.0769563	0.0072
4.68753	-5.97053	-0.0834555	0.0075
4.99974	-6.20459	-0.0899547	0.0078
5.31195	-6.43865	-0.0964539	0.0081
5.62416	-6.67271	-0.102953	0.0084
5.93637	-6.90678	-0.109452	0.0087
6.24858	-7.14084	-0.115951	0.009
6.56079	-7.3749	-0.122451	0.0093
6.873	-7.60896	-0.12895	0.0096
7.18521	-7.84302	-0.135449	0.0099
7.49742	-8.07708	-0.141948	0.0102
7.80963	-8.31114	-0.148447	0.0105
8.12184	-8.5452	-0.154946	0.0108
8.43405	-8.77926	-0.161445	0.0111
8.74626	-9.01332	-0.167945	0.0114
9.05847	-9.24738	-0.174444	0.0117
9.37068	-9.48144	-0.180943	0.012
9.68289	-9.7155	-0.187442	0.0123
9.99511	-9.94956	-0.193941	0.0126
10.3073	-10.1836	-0.20044	0.0129
10.6195	-10.4177	-0.20694	0.0132
10.9317	-10.6517	-0.213439	0.0135
11.2439	-10.8858	-0.219938	0.0138
11.5562	-11.1199	-0.226437	0.0141
11.8684	-11.3539	-0.232936	0.0144
12.1806	-11.588	-0.239435	0.0147
12.4928	-11.822	-0.245935	0.015
12.805	-12.0561	-0.252434	0.0153
13.1172	-12.2902	-0.258933	0.0156
13.4294	-12.5242	-0.265432	0.0159
13.7416	-12.7583	-0.271931	0.0162
14.0538	-12.9923	-0.27843	0.0165
14.3661	-13.2264	-0.28493	0.0168
14.6783	-13.4605	-0.291429	0.0171
14.9905	-13.6945	-0.297928	0.0174
15.3027	-13.9286	-0.304427	0.0177
15.6149	-14.1626	-0.310926	0.018
15.9271	-14.3967	-0.317425	0.0183
16.2393	-14.6308	-0.323924	0.0186
16.5515	-14.8648	-0.330424	0.0189
16.8637	-15.0989	-0.336923	0.0192
17.1759	-15.333	-0.343422	0.0195
17.4882	-15.567	-0.349921	0.0198
17.8004	-15.8011	-0.35642	0.0201
18.1126	-16.0351	-0.362919	0.0204
18.4248	-16.2692	-0.369419	0.0207
18.737	-16.5033	-0.375918	0.021
19.0492	-16.7373	-0.382417	0.0213
19.3614	-16.9714	-0.388916	0.0216
19.6736	-17.2054	-0.395415	0.0219
19.9858	-17.4395	-0.401914	0.0222
20.298	-17.6736	-0.408414	0.0225
20.6103	-17.9076	-0.414913	0.0228
20.9225	-18.1417	-0.421412	0.0231
21.2347	-18.3757	-0.427911	0.0234
21.5469	-18.6098	-0.43441	0.0237
21.8591	-18.8439	-0.440909	0.024
22.1713	-19.0779	-0.447408	0.0243
22.4835	-19.312	-0.453908	0.0246
22.7957	-19.546	-0.460407	0.0249
23.1079	-19.7801	-0.466906	0.0252
23.4202	-20.0142	-0.473405	0.0255
23.7324	-20.2482	-0.479904	0.0258
24.0446	-20.4823	-0.486403	0.0261
24.3568	-20.7163	-0.492903	0.0264
24.669	-20.9504	-0.499402	0.0267
24.9812	-21.1845	-0.505901	0.027
25.2934	-21.4185	-0.5124	0.0273
25.6056	-21.6526	-0.518899	0.0276
25.9178	-21.8866	-0.525398	0.0279
26.23	-22.1207	-0.531898	0.0282
26.5423	-22.3548	-0.538397	0.0285
26.8545	-22.5888	-0.544896	0.0288
27.1667	-22.8229	-0.551395	0.0291
27.4789	-23.0569	-0.557894	0.0294
27.7911	-23.291	-0.564393	0.0297
28.1033	-23.5251	-0.570892	0.03
28.4155	-23.7591	-0.577392	0.0303
28.7277	-23.9932	-0.583891	0.0306
29.0399	-24.2272	-0.59039	0.0309
29.3521	-24.4613	-0.596889	0.0312
29.6644	-24.6954	-0.603388	0.0315
29.9766	-24.9294	-0.609887	0.0318
30.2888	-25.1635	-0.616387	0.0321
30.601	-25.3975	-0.622886	0.0324
30.9132	-25.6316	-0.629385	0.0327
31.2254	-25.8657	-0.635884	0.033
31.5376	-26.0997	-0.642383	0.0333
31.8498	-26.3338	-0.648882	0.0336
32.162	-26.5678	-0.655382	0.0339
32.4743	-26.8019	-0.661881	0.0342
32.7865	-27.036	-0.66838	0.0345
33.0987	-27.27	-0.674879	0.0348
33.4109	-27.5041	-0.681378	0.0351
33.7231	-27.7382	-0.687877	0.0354
34.0353	-27.9722	-0.694376	0.0357
34.3475	-28.2063	-0.700876	0.036
34.6597	-28.4403	-0.707375	0.0363
34.9719	-28.6744	-0.713874	0.0366
35.2841	-28.9085	-0.720373	0.0369
35.5964	-29.1425	-0.726872	0.0372
35.9086	-29.3766	-0.733371	0.0375
36.2208	-29.6106	-0.739871	0.0378
36.533	-29.8447	-0.74637	0.0381
36.8452	-30.0788	-0.752869	0.0384
37.1574	-30.3128	-0.759368	0.0387
37.4696	-30.5469	-0.765867	0.039
37.7818	-30.7809	-0.772366	0.0393
38.094	-31.015	-0.778866	0.0396
38.4062	-31.2491	-0.785365	0.0399
38.7185	-31.4831	-0.791864	0.0402
39.0307	-31.7172	-0.798363	0.0405
39.3429	-31.9512	-0.804862	0.0408
39.6551	-32.1853	-0.811361	0.0411
39.9673	-32.4194	-0.81786	0.0414
40.2795	-32.6534	-0.82436	0.0417
40.5917	-32.8875	-0.830859	0.042
40.9039	-33.1215	-0.837358	0.0423
41.2161	-33.3556	-0.843857	0.0426
41.5284	-33.5897	-0.850356	0.0429
41.8406	-33.8237	-0.856855	0.0432
42.1528	-34.0578	-0.863355	0.0435
42.465	-34.2918	-0.869854	0.0438
42.7772	-34.5259	-0.876353	0.0441
43.0894	-34.76	-0.882852	0.0444
43.4016	-34.994	-0.889351	0.0447
43.7138	-35.2281	-0.89585	0.045
44.026	-35.4621	-0.90235	0.0453
44.3382	-35.6962	-0.908849	0.0456
44.6505	-35.9303	-0.915348	0.0459
44.9627	-36.1643	-0.921847	0.0462
45.2749	-36.3984	-0.928346	0.0465
45.5871	-36.6324	-0.934845	0.0468
45.8993	-36.8665	-0.941344	0.0471
46.2115	-37.1006	-0.947844	0.0474
46.5237	-37.3346	-0.954343	0.0477
46.8359	-37.5687	-0.960842	0.048
47.1481	-37.8027	-0.967341	0.0483
47.4603	-38.0368	-0.97384	0.0486
47.7726	-38.2709	-0.980339	0.0489
48.0848	-38.5049	-0.986839	0.0492
48.397	-38.739	-0.993338	0.0495
48.7092	-38.973	-0.999837	0.0498
49.0214	-39.2071	-1.00634	0.0501
49.3336	-39.4412	-1.01284	0.0504
49.6458	-39.6752	-1.01933	0.0507
49.958	-39.9093	-1.02583	0.051
50.2702	-40.1434	-1.03233	0.0513
50.5825	-40.3774	-1.03883	0.0516
50.8947	-40.6115	-1.04533	0.0519
51.2069	-40.8455	-1.05183	0.0522
51.5191	-41.0796	-1.05833	0.0525
51.8313	-41.3137	-1.06483	0.0528
52.1435	-41.5477	-1.07133	0.0531
52.4557	-41.7818	-1.07783	0.0534
52.7679	-42.0158	-1.08433	0.0537
53.0801	-42.2499	-1.09083	0.054
53.3923	-42.484	-1.09732	0.0543
53.7046	-42.718	-1.10382	0.0546
54.0168	-42.9521	-1.11032	0.0549
54.329	-43.1861	-1.11682	0.0552
54.6412	-43.4202	-1.12332	0.0555
54.9534	-43.6543	-1.12982	0.0558
55.2656	-43.8883	-1.13632	0.0561
55.5778	-44.1224	-1.14282	0.0564
55.89	-44.3564	-1.14932	0.0567
56.2022	-44.5905	-1.15582	0.057
56.5144	-44.8246	-1.16232	0.0573
56.8267	-45.0586	-1.16882	0.0576
57.1389	-45.2927	-1.17531	0.0579
57.4511	-45.5267	-1.18181	0.0582
57.7633	-45.7608	-1.18831	0.0585
58.0755	-45.9949	-1.19481	0.0588
58.3877	-46.2289	-1.20131	0.0591
58.6999	-46.463	-1.20781	0.0594
59.0121	-46.697	-1.21431	0.0597
59.3243	-46.9311	-1.22081	0.06
59.6366	-47.1652	-1.22731	0.0603
59.9488	-47.3992	-1.23381	0.0606
60.261	-47.6333	-1.24031	0.0609
60.5732	-47.8673	-1.2468	0.0612
60.8854	-48.1014	-1.2533	0.0615
61.1976	-48.3355	-1.2598	0.0618
61.5098	-48.5695	-1.2663	0.0621
61.822	-48.8036	-1.2728	0.0624
62.1342	-49.0376	-1.2793	0.0627
62.4464	-49.2717	-1.2858	0.063
62.7587	-49.5058	-1.2923	0.0633
63.0709	-49.7398	-1.2988	0.0636
63.3831	-49.9739	-1.3053	0.0639
63.6953	-50.2079	-1.3118	0.0642
64.0075	-50.442	-1.3183	0.0645
64.3197	-50.6761	-1.32479	0.0648
64.6319	-50.9101	-1.33129	0.0651
64.9441	-51.1442	-1.33779	0.0654
65.2563	-51.3782	-1.34429	0.0657
65.5685	-51.6123	-1.35079	0.066
65.8808	-51.8464	-1.35729	0.0663
66.193	-52.0804	-1.36379	0.0666
66.5052	-52.3145	-1.37029	0.0669
66.8174	-52.5486	-1.37679	0.0672
67.1296	-52.7826	-1.38329	0.0675
67.4418	-53.0167	-1.38979	0.0678
67.754	-53.2507	-1.39629	0.0681
68.0662	-53.4848	-1.40278	0.0684
68.3784	-53.7189	-1.40928	0.0687
68.6907	-53.9529	-1.41578	0.069
69.0029	-54.187	-1.42228	0.0693
69.3151	-54.421	-1.42878	0.0696
69.6273	-54.6551	-1.43528	0.0699
69.9395	-54.8892	-1.44178	0.0702
70.2517	-55.1232	-1.44828	0.0705
70.5639	-55.3573	-1.45478	0.0708
70.8761	-55.5913	-1.46128	0.0711
71.1883	-55.8254	-1.46778	0.0714
71.5005	-56.0595	-1.47428	0.0717
71.8128	-56.2935	-1.48077	0.072
72.125	-56.5276	-1.48727	0.0723
72.4372	-56.7616	-1.49377	0.0726
72.7494	-56.9957	-1.50027	0.0729
73.0616	-57.2298	-1.50677	0.0732
73.3738	-57.4638	-1.51327	0.0735
73.686	-57.6979	-1.51977	0.0738
73.9982	-57.9319	-1.52627	0.0741
74.3104	-58.166	-1.53277	0.0744
74.6226	-58.4001	-1.53927	0.0747
74.9349	-58.6341	-1.54577	0.075
75.2471	-58.8682	-1.55227	0.0753
75.5593	-59.1022	-1.55876	0.0756
75.8715	-59.3363	-1.56526	0.0759
76.1837	-59.5704	-1.57176	0.0762
76.4959	-59.8044	-1.57826	0.0765
76.8081	-60.0385	-1.58476	0.0768
77.1203	-60.2725	-1.59126	0.0771
77.4325	-60.5066	-1.59776	0.0774
77.7448	-60.7407	-1.60426	0.0777
78.057	-60.9747	-1.61076	0.078
78.3692	-61.2088	-1.61726	0.0783
78.6814	-61.4428	-1.62376	0.0786
78.9936	-61.6769	-1.63026	0.0789
79.3058	-61.911	-1.63675	0.0792
79.618	-62.145	-1.64325	0.0795
79.9302	-62.3791	-1.64975	0.0798
80.2424	-62.6131	-1.65625	0.0801
80.5546	-62.8472	-1.66275	0.0804
80.8669	-63.0813	-1.66925	0.0807
81.1791	-63.3153	-1.67575	0.081
81.4913	-63.5494	-1.68225	0.0813
81.8035	-63.7834	-1.68875	0.0816
82.1157	-64.0175	-1.69525	0.0819
82.4279	-64.2516	-1.70175	0.0822
82.7401	-64.4856	-1.70825	0.0825
83.0523	-64.7197	-1.71474	0.0828
83.3645	-64.9538	-1.72124	0.0831
83.6767	-65.1878	-1.72774	0.0834
83.989	-65.4219	-1.73424	0.0837
84.3012	-65.6559	-1.74074	0.084
84.6134	-65.89	-1.74724	0.0843
84.9256	-66.1241	-1.75374	0.0846
85.2378	-66.3581	-1.76024	0.0849
85.55	-66.5922	-1.76674	0.0852
85.8622	-66.8262	-1.77324	0.0855
86.1744	-67.0603	-1.77974	0.0858
86.4866	-67.2944	-1.78624	0.0861
86.7989	-67.5284	-1.79273	0.0864
87.1111	-67.7625	-1.79923	0.0867
87.4233	-67.9965	-1.80573	0.087
87.7355	-68.2306	-1.81223	0.0873
88.0477	-68.4647	-1.81873	0.0876
88.3599	-68.6987	-1.82523	0.0879
88.6721	-68.9328	-1.83173	0.0882
88.9843	-69.1668	-1.83823	0.0885
89.2965	-69.4009	-1.84473	0.0888
89.6087	-69.635	-1.85123	0.0891
89.921	-69.869	-1.85773	0.0894
90.2332	-70.1031	-1.86422	0.0897
90.5454	-70.3371	-1.87072	0.09
90.8576	-70.5712	-1.87722	0.0903
91.1698	-70.8053	-1.88372	0.0906
91.482	-71.0393	-1.89022	0.0909
91.7942	-71.2734	-1.89672	0.0912
92.1064	-71.5074	-1.90322	0.0915
92.4186	-71.7415	-1.90972	0.0918
92.7309	-71.9756	-1.91622	0.0921
93.0431	-72.2096	-1.92272	0.0924
93.3553	-72.4437	-1.92922	0.0927
93.6675	-72.6777	-1.93572	0.093
93.9797	-72.9118	-1.94221	0.0933
94.2919	-73.1459	-1.94871	0.0936
94.6041	-73.3799	-1.95521	0.0939
94.9163	-73.614	-1.96171	0.0942
95.2285	-73.848	-1.96821	0.0945
95.5407	-74.0821	-1.97471	0.0948
95.853	-74.3162	-1.98121	0.0951
96.1652	-74.5502	-1.98771	0.0954
96.4774	-74.7843	-1.99421	0.0957
96.7896	-75.0183	-2.00071	0.096
97.1018	-75.2524	-2.00721	0.0963
97.414	-75.4865	-2.01371	0.0966
97.7262	-75.7205	-2.0202	0.0969
98.0384	-75.9546	-2.0267	0.0972
98.3506	-76.1886	-2.0332	0.0975
98.6628	-76.4227	-2.0397	0.0978
98.9751	-76.6568	-2.0462	0.0981
99.2873	-76.8908	-2.0527	0.0984
99.5995	-77.1249	-2.0592	0.0987
99.9117	-77.359	-2.0657	0.099
100.224	-77.593	-2.0722	0.0993
100.536	-77.8271	-2.0787	0.0996
100.848	-78.0611	-2.0852	0.0999
101.161	-78.2952	-2.0917	0.1002
101.473	-78.5293	-2.09819	0.1005
101.785	-78.7633	-2.10469	0.1008
102.097	-78.9974	-2.11119	0.1011
102.409	-79.2314	-2.11769	0.1014
102.722	-79.4655	-2.12419	0.1017
103.034	-79.6996	-2.13069	0.102
103.346	-79.9336	-2.13719	0.1023
103.658	-80.1677	-2.14369	0.1026
103.97	-80.4017	-2.15019	0.1029
104.283	-80.6358	-2.15669	0.1032
104.595	-80.8699	-2.16319	0.1035
104.907	-81.1039	-2.16969	0.1038
105.219	-81.338	-2.17618	0.1041
105.531	-81.572	-2.18268	0.1044
105.844	-81.8061	-2.18918	0.1047
106.156	-82.0402	-2.19568	0.105
106.468	-82.2742	-2.20218	0.1053
106.78	-82.5083	-2.20868	0.1056
107.093	-82.7423	-2.21518	0.1059
107.405	-82.9764	-2.22168	0.1062
107.717	-83.2105	-2.22818	0.1065
108.029	-83.4445	-2.23468	0.1068
108.341	-83.6786	-2.24118	0.1071
108.654	-83.9126	-2.24768	0.1074
108.966	-84.1467	-2.25417	0.1077
109.278	-84.3808	-2.26067	0.108
109.59	-84.6148	-2.26717	0.1083
109.902	-84.8489	-2.27367	0.1086
110.215	-85.0829	-2.28017	0.1089
110.527	-85.317	-2.28667	0.1092
110.839	-85.5511	-2.29317	0.1095
111.151	-85.7851	-2.29967	0.1098
111.463	-86.0192	-2.30617	0.1101
111.776	-86.2532	-2.31267	0.1104
112.088	-86.4873	-2.31917	0.1107
112.4	-86.7214	-2.32567	0.111
112.712	-86.9554	-2.33216	0.1113
113.025	-87.1895	-2.33866	0.1116
113.337	-87.4235	-2.34516	0.1119
113.649	-87.6576	-2.35166	0.1122
113.961	-87.8917	-2.35816	0.1125
114.273	-88.1257	-2.36466	0.1128
114.586	-88.3598	-2.37116	0.1131
114.898	-88.5939	-2.37766	0.1134
115.21	-88.8279	-2.38416	0.1137
115.522	-89.062	-2.39066	0.114
115.834	-89.296	-2.39716	0.1143
116.147	-89.5301	-2.40366	0.1146
116.459	-89.7642	-2.41015	0.1149
116.771	-89.9982	-2.41665	0.1152
117.083	-90.2323	-2.42315	0.1155
117.395	-90.4663	-2.42965	0.1158
117.708	-90.7004	-2.43615	0.1161
118.02	-90.9345	-2.44265	0.1164
118.332	-91.1685	-2.44915	0.1167
118.644	-91.4026	-2.45565	0.117
118.957	-91.6366	-2.46215	0.1173
119.269	-91.8707	-2.46865	0.1176
119.581	-92.1048	-2.47515	0.1179
119.893	-92.3388	-2.48165	0.1182
120.205	-92.5729	-2.48814	0.1185
120.518	-92.8069	-2.49464	0.1188
120.83	-93.041	-2.50114	0.1191
121.142	-93.2751	-2.50764	0.1194
121.454	-93.5091	-2.51414	0.1197
121.766	-93.7432	-2.52064	0.12
122.079	-93.9772	-2.52714	0.1203
122.391	-94.2113	-2.53364	0.1206
122.703	-94.4454	-2.54014	0.1209
123.015	-94.6794	-2.54664	0.1212
123.327	-94.9135	-2.55314	0.1215
123.64	-95.1475	-2.55963	0.1218
123.952	-95.3816	-2.56613	0.1221
124.264	-95.6157	-2.57263	0.1224
124.576	-95.8497	-2.57913	0.1227
124.889	-96.0838	-2.58563	0.123
125.201	-96.3178	-2.59213	0.1233
125.513	-96.5519	-2.59863	0.1236
125.825	-96.786	-2.60513	0.1239
126.137	-97.02	-2.61163	0.1242
126.45	-97.2541	-2.61813	0.1245
126.762	-97.4881	-2.62463	0.1248
127.074	-97.7222	-2.63113	0.1251
127.386	-97.9563	-2.63762	0.1254
127.698	-98.1903	-2.64412	0.1257
128.011	-98.4244	-2.65062	0.126
128.323	-98.6584	-2.65712	0.1263
128.635	-98.8925	-2.66362	0.1266
128.947	-99.1266	-2.67012	0.1269
129.259	-99.3606	-2.67662	0.1272
129.572	-99.5947	-2.68312	0.1275
129.884	-99.8287	-2.68962	0.1278
130.196	-100.063	-2.69612	0.1281
130.508	-100.297	-2.70262	0.1284
130.821	-100.531	-2.70912	0.1287
131.133	-100.765	-2.71561	0.129
131.445	-100.999	-2.72211	0.1293
131.757	-101.233	-2.72861	0.1296
132.069	-101.467	-2.73511	0.1299
132.382	-101.701	-2.74161	0.1302
132.694	-101.935	-2.74811	0.1305
133.006	-102.169	-2.75461	0.1308
133.318	-102.403	-2.76111	0.1311
133.63	-102.637	-2.76761	0.1314
133.943	-102.872	-2.77411	0.1317
134.255	-103.106	-2.78061	0.132
134.567	-103.34	-2.78711	0.1323
134.879	-103.574	-2.7936	0.1326
135.191	-103.808	-2.8001	0.1329
135.504	-104.042	-2.8066	0.1332
135.816	-104.276	-2.8131	0.1335
136.128	-104.51	-2.8196	0.1338
136.44	-104.744	-2.8261	0.1341
136.753	-104.978	-2.8326	0.1344
137.065	-105.212	-2.8391	0.1347
137.377	-105.446	-2.8456	0.135
137.689	-105.68	-2.8521	0.1353
138.001	-105.914	-2.8586	0.1356
138.314	-106.148	-2.8651	0.1359
138.626	-106.382	-2.87159	0.1362
138.938	-106.616	-2.87809	0.1365
139.25	-106.851	-2.88459	0.1368
139.562	-107.085	-2.89109	0.1371
139.875	-107.319	-2.89759	0.1374
140.187	-107.553	-2.90409	0.1377
140.499	-107.787	-2.91059	0.138
140.811	-108.021	-2.91709	0.1383
141.123	-108.255	-2.92359	0.1386
141.436	-108.489	-2.93009	0.1389
141.748	-108.723	-2.93659	0.1392
142.06	-108.957	-2.94309	0.1395
142.372	-109.191	-2.94958	0.1398
142.685	-109.425	-2.95608	0.1401
142.997	-109.659	-2.96258	0.1404
143.309	-109.893	-2.96908	0.1407
143.621	-110.127	-2.97558	0.141
143.933	-110.361	-2.98208	0.1413
144.246	-110.596	-2.98858	0.1416
144.558	-110.83	-2.99508	0.1419
144.87	-111.064	-3.00158	0.1422
145.182	-111.298	-3.00808	0.1425
145.494	-111.532	-3.01458	0.1428
145.807	-111.766	-3.02108	0.1431
146.119	-112	-3.02757	0.1434
146.431	-112.234	-3.03407	0.1437
146.743	-112.468	-3.04057	0.144
147.055	-112.702	-3.04707	0.1443
147.368	-112.936	-3.05357	0.1446
147.68	-113.17	-3.06007	0.1449
147.992	-113.404	-3.06657	0.1452
148.304	-113.638	-3.07307	0.1455
148.617	-113.872	-3.07957	0.1458
148.929	-114.106	-3.08607	0.1461
149.241	-114.34	-3.09257	0.1464
149.553	-114.575	-3.09907	0.1467
149.865	-114.809	-3.10556	0.147
150.178	-115.043	-3.11206	0.1473
150.49	-115.277	-3.11856	0.1476
150.802	-115.511	-3.12506	0.1479
151.114	-115.745	-3.13156	0.1482
151.426	-115.979	-3.13806	0.1485
151.739	-116.213	-3.14456	0.1488
152.051	-116.447	-3.15106	0.1491
152.363	-116.681	-3.15756	0.1494
152.675	-116.915	-3.16406	0.1497
152.987	-117.149	-3.17056	0.15
153.3	-117.383	-3.17705	0.1503
153.612	-117.617	-3.18355	0.1506
153.924	-117.851	-3.19005	0.1509
154.236	-118.085	-3.19655	0.1512
154.549	-118.32	-3.20305	0.1515
154.861	-118.554	-3.20955	0.1518
155.173	-118.788	-3.21605	0.1521
155.485	-119.022	-3.22255	0.1524
155.797	-119.256	-3.22905	0.1527
156.11	-119.49	-3.23555	0.153
156.422	-119.724	-3.24205	0.1533
156.734	-119.958	-3.24855	0.1536
157.046	-120.192	-3.25504	0.1539
157.358	-120.426	-3.26154	0.1542
157.671	-120.66	-3.26804	0.1545
157.983	-120.894	-3.27454	0.1548
158.295	-121.128	-3.28104	0.1551
158.607	-121.362	-3.28754	0.1554
158.919	-121.596	-3.29404	0.1557
159.232	-121.83	-3.30054	0.156
159.544	-122.064	-3.30704	0.1563
159.856	-122.299	-3.31354	0.1566
160.168	-122.533	-3.32004	0.1569
160.48	-122.767	-3.32654	0.1572
160.793	-123.001	-3.33303	0.1575
161.105	-123.235	-3.33953	0.1578
161.417	-123.469	-3.34603	0.1581
161.729	-123.703	-3.35253	0.1584
162.042	-123.937	-3.35903	0.1587
162.354	-124.171	-3.36553	0.159
162.666	-124.405	-3.37203	0.1593
162.978	-124.639	-3.37853	0.1596
163.29	-124.873	-3.38503	0.1599
163.603	-125.107	-3.39153	0.1602
163.915	-125.341	-3.39803	0.1605
164.227	-125.575	-3.40453	0.1608
164.539	-125.809	-3.41102	0.1611
164.851	-126.044	-3.41752	0.1614
165.164	-126.278	-3.42402	0.1617
165.476	-126.512	-3.43052	0.162
165.788	-126.746	-3.43702	0.1623
166.1	-126.98	-3.44352	0.1626
166.412	-127.214	-3.45002	0.1629
166.725	-127.448	-3.45652	0.1632
167.037	-127.682	-3.46302	0.1635
167.349	-127.916	-3.46952	0.1638
167.661	-128.15	-3.47602	0.1641
167.974	-128.384	-3.48252	0.1644
168.286	-128.618	-3.48901	0.1647
168.598	-128.852	-3.49551	0.165
168.91	-129.086	-3.50201	0.1653
169.222	-129.32	-3.50851	0.1656
169.535	-129.554	-3.51501	0.1659
169.847	-129.788	-3.52151	0.1662
170.159	-130.023	-3.52801	0.1665
170.471	-130.257	-3.53451	0.1668
170.783	-130.491	-3.54101	0.1671
171.096	-130.725	-3.54751	0.1674
171.408	-130.959	-3.55401	0.1677
171.72	-131.193	-3.56051	0.168
172.032	-131.427	-3.567	0.1683
172.344	-131.661	-3.5735	0.1686
172.657	-131.895	-3.58	0.1689
172.969	-132.129	-3.5865	0.1692
173.281	-132.363	-3.593	0.1695
173.593	-132.597	-3.5995	0.1698
173.906	-132.831	-3.606	0.1701
174.218	-133.065	-3.6125	0.1704
174.53	-133.299	-3.619	0.1707
174.842	-133.533	-3.6255	0.171
175.154	-133.768	-3.632	0.1713
175.467	-134.002	-3.6385	0.1716
175.779	-134.236	-3.64499	0.1719
176.091	-134.47	-3.65149	0.1722
176.403	-134.704	-3.65799	0.1725
176.715	-134.938	-3.66449	0.1728
177.028	-135.172	-3.67099	0.1731
177.34	-135.406	-3.67749	0.1734
177.652	-135.64	-3.68399	0.1737
177.964	-135.874	-3.69049	0.174
178.276	-136.108	-3.69699	0.1743
178.589	-136.342	-3.70349	0.1746
178.901	-136.576	-3.70999	0.1749
179.213	-136.81	-3.71649	0.1752
179.525	-137.044	-3.72298	0.1755
179.838	-137.278	-3.72948	0.1758
180.15	-137.512	-3.73598	0.1761
180.462	-137.747	-3.74248	0.1764
180.774	-137.981	-3.74898	0.1767
181.086	-138.215	-3.75548	0.177
181.399	-138.449	-3.76198	0.1773
181.711	-138.683	-3.76848	0.1776
182.023	-138.917	-3.77498	0.1779
182.335	-139.151	-3.78148	0.1782
182.647	-139.385	-3.78798	0.1785
182.96	-139.619	-3.79447	0.1788
183.272	-139.853	-3.80097	0.1791
183.584	-140.087	-3.80747	0.1794
183.896	-140.321	-3.81397	0.1797
184.208	-140.555	-3.82047	0.18
184.521	-140.789	-3.82697	0.1803
184.833	-141.023	-3.83347	0.1806
185.145	-141.257	-3.83997	0.1809
185.457	-141.491	-3.84647	0.1812
185.77	-141.726	-3.85297	0.1815
186.082	-141.96	-3.85947	0.1818
186.394	-142.194	-3.86597	0.1821
186.706	-142.428	-3.87246	0.1824
187.018	-142.662	-3.87896	0.1827
187.331	-142.896	-3.88546	0.183
187.643	-143.13	-3.89196	0.1833
187.955	-143.364	-3.89846	0.1836
188.267	-143.598	-3.90496	0.1839
188.579	-143.832	-3.91146	0.1842
188.892	-144.066	-3.91796	0.1845
189.204	-144.3	-3.92446	0.1848
189.516	-144.534	-3.93096	0.1851
189.828	-144.768	-3.93746	0.1854
190.14	-145.002	-3.94396	0.1857
190.453	-145.236	-3.95045	0.186
190.765	-145.471	-3.95695	0.1863
191.077	-145.705	-3.96345	0.1866
191.389	-145.939	-3.96995	0.1869
191.702	-146.173	-3.97645	0.1872
192.014	-146.407	-3.98295	0.1875
192.326	-146.641	-3.98945	0.1878
192.638	-146.875	-3.99595	0.1881
192.95	-147.109	-4.00245	0.1884
193.263	-147.343	-4.00895	0.1887
193.575	-147.577	-4.01545	0.189
193.887	-147.811	-4.02195	0.1893
194.199	-148.045	-4.02844	0.1896
194.511	-148.279	-4.03494	0.1899
194.824	-148.513	-4.04144	0.1902
195.136	-148.747	-4.04794	0.1905
195.448	-148.981	-4.05444	0.1908
195.76	-149.215	-4.06094	0.1911
196.072	-149.45	-4.06744	0.1914
196.385	-149.684	-4.07394	0.1917
196.697	-149.918	-4.08044	0.192
197.009	-150.152	-4.08694	0.1923
197.321	-150.386	-4.09344	0.1926
197.634	-150.62	-4.09994	0.1929
197.946	-150.854	-4.10643	0.1932
198.258	-151.088	-4.11293	0.1935
198.57	-151.322	-4.11943	0.1938
198.882	-151.556	-4.12593	0.1941
199.195	-151.79	-4.13243	0.1944
199.507	-152.024	-4.13893	0.1947
199.819	-152.258	-4.14543	0.195
200.131	-152.492	-4.15193	0.1953
200.443	-152.726	-4.15843	0.1956
200.756	-152.96	-4.16493	0.1959
201.068	-153.195	-4.17143	0.1962
201.38	-153.429	-4.17793	0.1965
201.692	-153.663	-4.18442	0.1968
202.004	-153.897	-4.19092	0.1971
202.317	-154.131	-4.19742	0.1974
202.629	-154.365	-4.20392	0.1977
202.941	-154.599	-4.21042	0.198
203.253	-154.833	-4.21692	0.1983
203.566	-155.067	-4.22342	0.1986
203.878	-155.301	-4.22992	0.1989
204.19	-155.535	-4.23642	0.1992
204.502	-155.769	-4.24292	0.1995
204.814	-156.003	-4.24942	0.1998
205.127	-156.237	-4.25592	0.2001
205.439	-156.471	-4.26241	0.2004
205.751	-156.705	-4.26891	0.2007
206.063	-156.939	-4.27541	0.201
206.375	-157.174	-4.28191	0.2013
206.688	-157.408	-4.28841	0.2016
207	-157.642	-4.29491	0.2019
207.312	-157.876	-4.30141	0.2022
207.624	-158.11	-4.30791	0.2025
207.936	-158.344	-4.31441	0.2028
208.249	-158.578	-4.32091	0.2031
208.561	-158.812	-4.32741	0.2034
208.873	-159.046	-4.33391	0.2037
209.185	-159.28	-4.3404	0.204
209.498	-159.514	-4.3469	0.2043
209.81	-159.748	-4.3534	0.2046
210.122	-159.982	-4.3599	0.2049
210.434	-160.216	-4.3664	0.2052
210.746	-160.45	-4.3729	0.2055
211.059	-160.684	-4.3794	0.2058
211.371	-160.919	-4.3859	0.2061
211.683	-161.153	-4.3924	0.2064
211.995	-161.387	-4.3989	0.2067
212.307	-161.621	-4.4054	0.207
212.62	-161.855	-4.4119	0.2073
212.932	-162.089	-4.41839	0.2076
213.244	-162.323	-4.42489	0.2079
213.556	-162.557	-4.43139	0.2082
213.868	-162.791	-4.43789	0.2085
214.181	-163.025	-4.44439	0.2088
214.493	-163.259	-4.45089	0.2091
214.805	-163.493	-4.45739	0.2094
215.117	-163.727	-4.46389	0.2097
215.43	-163.961	-4.47039	0.21
215.742	-164.195	-4.47689	0.2103
216.054	-164.429	-4.48339	0.2106
216.366	-164.663	-4.48988	0.2109
216.678	-164.898	-4.49638	0.2112
216.991	-165.132	-4.50288	0.2115
217.303	-165.366	-4.50938	0.2118
217.615	-165.6	-4.51588	0.2121
217.927	-165.834	-4.52238	0.2124
218.239	-166.068	-4.52888	0.2127
218.552	-166.302	-4.53538	0.213
218.864	-166.536	-4.54188	0.2133
219.176	-166.77	-4.54838	0.2136
219.488	-167.004	-4.55488	0.2139
219.8	-167.238	-4.56138	0.2142
220.113	-167.472	-4.56787	0.2145
220.425	-167.706	-4.57437	0.2148
220.737	-167.94	-4.58087	0.2151
221.049	-168.174	-4.58737	0.2154
221.362	-168.408	-4.59387	0.2157
221.674	-168.643	-4.60037	0.216
221.986	-168.877	-4.60687	0.2163
222.298	-169.111	-4.61337	0.2166
222.61	-169.345	-4.61987	0.2169
222.923	-169.579	-4.62637	0.2172
223.235	-169.813	-4.63287	0.2175
223.547	-170.047	-4.63937	0.2178
223.859	-170.281	-4.64586	0.2181
224.171	-170.515	-4.65236	0.2184
224.484	-170.749	-4.65886	0.2187
224.796	-170.983	-4.66536	0.219
225.108	-171.217	-4.67186	0.2193
225.42	-171.451	-4.67836	0.2196
225.732	-171.685	-4.68486	0.2199
226.045	-171.919	-4.69136	0.2202
226.357	-172.153	-4.69786	0.2205
226.669	-172.387	-4.70436	0.2208
226.981	-172.622	-4.71086	0.2211
227.294	-172.856	-4.71736	0.2214
227.606	-173.09	-4.72385	0.2217
227.918	-173.324	-4.73035	0.222
228.23	-173.558	-4.73685	0.2223
228.542	-173.792	-4.74335	0.2226
228.855	-174.026	-4.74985	0.2229
229.167	-174.26	-4.75635	0.2232
229.479	-174.494	-4.76285	0.2235
229.791	-174.728	-4.76935	0.2238
230.103	-174.962	-4.77585	0.2241
230.416	-175.196	-4.78235	0.2244
230.728	-175.43	-4.78885	0.2247
231.04	-175.664	-4.79535	0.225
231.352	-175.898	-4.80184	0.2253
231.664	-176.132	-4.80834	0.2256
231.977	-176.366	-4.81484	0.2259
232.289	-176.601	-4.82134	0.2262
232.601	-176.835	-4.82784	0.2265
232.913	-177.069	-4.83434	0.2268
233.226	-177.303	-4.84084	0.2271
233.538	-177.537	-4.84734	0.2274
233.85	-177.771	-4.85384	0.2277
234.162	-178.005	-4.86034	0.228
234.474	-178.239	-4.86684	0.2283
234.787	-178.473	-4.87334	0.2286
235.099	-178.707	-4.87983	0.2289
235.411	-178.941	-4.88633	0.2292
235.723	-179.175	-4.89283	0.2295
236.035	-179.409	-4.89933	0.2298
236.348	-179.643	-4.90583	0.2301
236.66	-179.877	-4.91233	0.2304
236.972	-180.111	-4.91883	0.2307
237.284	-180.346	-4.92533	0.231
237.596	-180.58	-4.93183	0.2313
237.909	-180.814	-4.93833	0.2316
238.221	-181.048	-4.94483	0.2319
238.533	-181.282	-4.95133	0.2322
238.845	-181.516	-4.95782	0.2325
239.158	-181.75	-4.96432	0.2328
239.47	-181.984	-4.97082	0.2331
239.782	-182.218	-4.97732	0.2334
240.094	-182.452	-4.98382	0.2337
240.406	-182.686	-4.99032	0.234
240.719	-182.92	-4.99682	0.2343
241.031	-183.154	-5.00332	0.2346
241.343	-183.388	-5.00982	0.2349
241.655	-183.622	-5.01632	0.2352
241.967	-183.856	-5.02282	0.2355
242.28	-184.09	-5.02932	0.2358
242.592	-184.325	-5.03581	0.2361
242.904	-184.559	-5.04231	0.2364
243.216	-184.793	-5.04881	0.2367
243.528	-185.027	-5.05531	0.237
243.841	-185.261	-5.06181	0.2373
244.153	-185.495	-5.06831	0.2376
244.465	-185.729	-5.07481	0.2379
244.777	-185.963	-5.08131	0.2382
245.09	-186.197	-5.08781	0.2385
245.402	-186.431	-5.09431	0.2388
245.714	-186.665	-5.10081	0.2391
246.026	-186.899	-5.1073	0.2394
246.338	-187.133	-5.1138	0.2397
246.651	-187.367	-5.1203	0.24
246.963	-187.601	-5.1268	0.2403
247.275	-187.835	-5.1333	0.2406
247.587	-188.07	-5.1398	0.2409
247.899	-188.304	-5.1463	0.2412
248.212	-188.538	-5.1528	0.2415
248.524	-188.772	-5.1593	0.2418
248.836	-189.006	-5.1658	0.2421
249.148	-189.24	-5.1723	0.2424
249.46	-189.474	-5.1788	0.2427
249.773	-189.708	-5.18529	0.243
250.085	-189.942	-5.19179	0.2433
250.397	-190.176	-5.19829	0.2436
250.709	-190.41	-5.20479	0.2439
251.021	-190.644	-5.21129	0.2442
251.334	-190.878	-5.21779	0.2445
251.646	-191.112	-5.22429	0.2448
251.958	-191.346	-5.23079	0.2451
252.27	-191.58	-5.23729	0.2454
252.583	-191.814	-5.24379	0.2457
252.895	-192.049	-5.25029	0.246
253.207	-192.283	-5.25679	0.2463
253.519	-192.517	-5.26328	0.2466
253.831	-192.751	-5.26978	0.2469
254.144	-192.985	-5.27628	0.2472
254.456	-193.219	-5.28278	0.2475
254.768	-193.453	-5.28928	0.2478
255.08	-193.687	-5.29578	0.2481
255.392	-193.921	-5.30228	0.2484
255.705	-194.155	-5.30878	0.2487
256.017	-194.389	-5.31528	0.249
256.329	-194.623	-5.32178	0.2493
256.641	-194.857	-5.32828	0.2496
256.953	-195.091	-5.33478	0.2499
257.266	-195.325	-5.34127	0.2502
257.578	-195.559	-5.34777	0.2505
257.89	-195.794	-5.35427	0.2508
258.202	-196.028	-5.36077	0.2511
258.515	-196.262	-5.36727	0.2514
258.827	-196.496	-5.37377	0.2517
259.139	-196.73	-5.38027	0.252
259.451	-196.964	-5.38677	0.2523
259.763	-197.198	-5.39327	0.2526
260.076	-197.432	-5.39977	0.2529
260.388	-197.666	-5.40627	0.2532
260.7	-197.9	-5.41277	0.2535
261.012	-198.134	-5.41926	0.2538
261.324	-198.368	-5.42576	0.2541
261.637	-198.602	-5.43226	0.2544
261.949	-198.836	-5.43876	0.2547
262.261	-199.07	-5.44526	0.255
262.573	-199.304	-5.45176	0.2553
262.885	-199.538	-5.45826	0.2556
263.198	-199.773	-5.46476	0.2559
263.51	-200.007	-5.47126	0.2562
263.822	-200.241	-5.47776	0.2565
264.134	-200.475	-5.48426	0.2568
264.447	-200.709	-5.49076	0.2571
264.759	-200.943	-5.49725	0.2574
265.071	-201.177	-5.50375	0.2577
265.383	-201.411	-5.51025	0.258
265.695	-201.645	-5.51675	0.2583
266.008	-201.879	-5.52325	0.2586
266.32	-202.113	-5.52975	0.2589
266.632	-202.347	-5.53625	0.2592
266.944	-202.581	-5.54275	0.2595
267.256	-202.815	-5.54925	0.2598
267.569	-203.049	-5.55575	0.2601
267.881	-203.283	-5.56225	0.2604
268.193	-203.517	-5.56875	0.2607
268.505	-203.752	-5.57524	0.261
268.817	-203.986	-5.58174	0.2613
269.13	-204.22	-5.58824	0.2616
269.442	-204.454	-5.59474	0.2619
269.754	-204.688	-5.60124	0.2622
270.066	-204.922	-5.60774	0.2625
270.379	-205.156	-5.61424	0.2628
270.691	-205.39	-5.62074	0.2631
271.003	-205.624	-5.62724	0.2634
271.315	-205.858	-5.63374	0.2637
271.627	-206.092	-5.64024	0.264
271.94	-206.326	-5.64674	0.2643
272.252	-206.56	-5.65323	0.2646
272.564	-206.794	-5.65973	0.2649
272.876	-207.028	-5.66623	0.2652
273.188	-207.262	-5.67273	0.2655
273.501	-207.497	-5.67923	0.2658
273.813	-207.731	-5.68573	0.2661
274.125	-207.965	-5.69223	0.2664
274.437	-208.199	-5.69873	0.2667
274.749	-208.433	-5.70523	0.267
275.062	-208.667	-5.71173	0.2673
275.374	-208.901	-5.71823	0.2676
275.686	-209.135	-5.72472	0.2679
275.998	-209.369	-5.73122	0.2682
276.311	-209.603	-5.73772	0.2685
276.623	-209.837	-5.74422	0.2688
276.935	-210.071	-5.75072	0.2691
277.247	-210.305	-5.75722	0.2694
277.559	-210.539	-5.76372	0.2697
277.872	-210.773	-5.77022	0.27
278.184	-211.007	-5.77672	0.2703
278.496	-211.241	-5.78322	0.2706
278.808	-211.476	-5.78972	0.2709
279.12	-211.71	-5.79622	0.2712
279.433	-211.944	-5.80271	0.2715
279.745	-212.178	-5.80921	0.2718
280.057	-212.412	-5.81571	0.2721
280.369	-212.646	-5.82221	0.2724
280.681	-212.88	-5.82871	0.2727
280.994	-213.114	-5.83521	0.273
281.306	-213.348	-5.84171	0.2733
281.618	-213.582	-5.84821	0.2736
281.93	-213.816	-5.85471	0.2739
282.243	-214.05	-5.86121	0.2742
282.555	-214.284	-5.86771	0.2745
282.867	-214.518	-5.87421	0.2748
283.179	-214.752	-5.8807	0.2751
283.491	-214.986	-5.8872	0.2754
283.804	-215.221	-5.8937	0.2757
284.116	-215.455	-5.9002	0.276
284.428	-215.689	-5.9067	0.2763
284.74	-215.923	-5.9132	0.2766
285.052	-216.157	-5.9197	0.2769
285.365	-216.391	-5.9262	0.2772
285.677	-216.625	-5.9327	0.2775
285.989	-216.859	-5.9392	0.2778
286.301	-217.093	-5.9457	0.2781
286.613	-217.327	-5.9522	0.2784
286.926	-217.561	-5.95869	0.2787
287.238	-217.795	-5.96519	0.279
287.55	-218.029	-5.97169	0.2793
287.862	-218.263	-5.97819	0.2796
288.175	-218.497	-5.98469	0.2799
288.487	-218.731	-5.99119	0.2802
288.799	-218.965	-5.99769	0.2805
289.111	-219.2	-6.00419	0.2808
289.423	-219.434	-6.01069	0.2811
289.736	-219.668	-6.01719	0.2814
290.048	-219.902	-6.02369	0.2817
290.36	-220.136	-6.03019	0.282
290.672	-220.37	-6.03668	0.2823
290.984	-220.604	-6.04318	0.2826
291.297	-220.838	-6.04968	0.2829
291.609	-221.072	-6.05618	0.2832
291.921	-221.306	-6.06268	0.2835
292.233	-221.54	-6.06918	0.2838
292.545	-221.774	-6.07568	0.2841
292.858	-222.008	-6.08218	0.2844
293.17	-222.242	-6.08868	0.2847
293.482	-222.476	-6.09518	0.285
293.794	-222.71	-6.10168	0.2853
294.107	-222.945	-6.10818	0.2856
294.419	-223.179	-6.11467	0.2859
294.731	-223.413	-6.12117	0.2862
295.043	-223.647	-6.12767	0.2865
295.355	-223.881	-6.13417	0.2868
295.668	-224.115	-6.14067	0.2871
295.98	-224.349	-6.14717	0.2874
296.292	-224.583	-6.15367	0.2877
296.604	-224.817	-6.16017	0.288
296.916	-225.051	-6.16667	0.2883
297.229	-225.285	-6.17317	0.2886
297.541	-225.519	-6.17967	0.2889
297.853	-225.753	-6.18617	0.2892
298.165	-225.987	-6.19266	0.2895
298.477	-226.221	-6.19916	0.2898
298.79	-226.455	-6.20566	0.2901
299.102	-226.689	-6.21216	0.2904
299.414	-226.924	-6.21866	0.2907
299.726	-227.158	-6.22516	0.291
