0.874772	0.479351	6.43645e-05	1.58101e-322
0.82879	0.561637	6.27048e-05	0.015
0.775448	0.638989	6.08209e-05	0.03
0.715307	0.710793	5.87346e-05	0.045
0.648971	0.776498	5.64692e-05	0.06
0.577082	0.83562	5.40487e-05	0.075
0.500314	0.887743	5.1498e-05	0.09
0.419365	0.932518	4.88424e-05	0.105
0.334949	0.969667	4.61073e-05	0.12
0.247794	0.998978	4.33185e-05	0.135
0.15863	1.02031	4.05012e-05	0.15
0.0681895	1.03359	3.76804e-05	0.165
-0.0228059	1.0388	3.48808e-05	0.18
-0.113645	1.03599	3.21259e-05	0.195
-0.203633	1.02529	2.94387e-05	0.21
-0.2921	1.00686	2.68409e-05	0.225
-0.378399	0.980914	2.43532e-05	0.24
-0.461917	0.947741	2.1995e-05	0.255
-0.542072	0.907658	1.97842e-05	0.27
-0.618319	0.86103	1.77373e-05	0.285
-0.690155	0.808262	1.58695e-05	0.3
-0.757117	0.749793	1.4194e-05	0.315
-0.818787	0.686092	1.27226e-05	0.33
-0.874792	0.617657	1.14654e-05	0.345
-0.924805	0.545005	1.04308e-05	0.36
-0.968547	0.468675	9.62558e-06	0.375
-1.00579	0.389217	9.05467e-06	0.39
-1.03634	0.307191	8.72148e-06	0.405
-1.06008	0.223165	8.62771e-06	0.42
-1.0769	0.137707	8.77349e-06	0.435
-1.08678	0.0513836	9.15736e-06	0.45
-1.08971	-0.0352437	9.77638e-06	0.465
-1.08574	-0.121622	1.06262e-05	0.48
-1.07495	-0.207211	1.1701e-05	0.495
-1.05749	-0.291484	1.29937e-05	0.51
-1.03352	-0.373933	1.44961e-05	0.525
-1.00325	-0.454071	1.61987e-05	0.54
-0.966908	-0.531433	1.80911e-05	0.555
-0.924777	-0.605579	2.01618e-05	0.57
-0.877156	-0.676096	2.23987e-05	0.585
-0.824375	-0.742599	2.47885e-05	0.6
-0.766788	-0.804734	2.73175e-05	0.615
-0.704768	-0.862178	2.99715e-05	0.63
-0.638711	-0.91464	3.27356e-05	0.645
-0.569027	-0.961862	3.55947e-05	0.66
-0.496141	-1.00362	3.85333e-05	0.675
-0.420488	-1.03973	4.15356e-05	0.69
-0.34251	-1.07003	4.4586e-05	0.705
-0.262659	-1.0944	4.76686e-05	0.72
-0.181384	-1.11275	5.07676e-05	0.735
-0.0991408	-1.12504	5.38675e-05	0.75
-0.0163787	-1.13124	5.69529e-05	0.765
0.0664549	-1.13137	6.00088e-05	0.78
0.14892	-1.12547	6.30204e-05	0.795
0.230584	-1.11362	6.59735e-05	0.81
0.311026	-1.09592	6.88544e-05	0.825
0.389837	-1.07252	7.165e-05	0.84
0.466623	-1.04356	7.43477e-05	0.855
0.541005	-1.00925	7.69357e-05	0.87
0.612623	-0.969789	7.94028e-05	0.885
0.681133	-0.925416	8.17386e-05	0.9
0.746215	-0.876388	8.39337e-05	0.915
0.807569	-0.82298	8.59792e-05	0.93
0.864915	-0.765486	8.78672e-05	0.945
0.918	-0.704216	8.95909e-05	0.96
0.966593	-0.639494	9.11439e-05	0.975
1.01049	-0.571656	9.25213e-05	0.99
1.0495	-0.501049	9.37186e-05	1.005
1.08348	-0.428029	9.47326e-05	1.02
1.1123	-0.352957	9.55608e-05	1.035
1.13585	-0.276201	9.62016e-05	1.05
1.15405	-0.198132	9.66544e-05	1.065
1.16686	-0.119122	9.69194e-05	1.08
1.17424	-0.039543	9.69978e-05	1.095
1.17619	0.0402344	9.68914e-05	1.11
1.17274	0.119844	9.66032e-05	1.125
1.16393	0.198923	9.61365e-05	1.14
1.14984	0.277118	9.54959e-05	1.155
1.13055	0.35408	9.46861e-05	1.17
1.10619	0.429473	9.37131e-05	1.185
1.07688	0.502968	9.25832e-05	1.2
1.0428	0.574252	9.13034e-05	1.215
1.0041	0.643022	8.98813e-05	1.23
0.960995	0.708989	8.83249e-05	1.245
0.913685	0.771882	8.66429e-05	1.26
0.862399	0.831444	8.48443e-05	1.275
0.807379	0.887434	8.29385e-05	1.29
0.748881	0.939631	8.09354e-05	1.305
0.68717	0.98783	7.8845e-05	1.32
0.622526	1.03185	7.66777e-05	1.335
0.555235	1.07151	7.4444e-05	1.35
0.485594	1.10669	7.21547e-05	1.365
0.413905	1.13724	6.98206e-05	1.38
0.340477	1.16307	6.74528e-05	1.395
0.265623	1.18408	6.50621e-05	1.41
0.189657	1.20022	6.26596e-05	1.425
0.112897	1.21144	6.0256e-05	1.44
0.0356613	1.21771	5.78624e-05	1.455
-0.0417338	1.21904	5.54892e-05	1.47
-0.118973	1.21543	5.3147e-05	1.485
-0.195746	1.20692	5.08461e-05	1.5
-0.271745	1.19357	4.85965e-05	1.515
-0.346669	1.17544	4.64079e-05	1.53
-0.420223	1.15264	4.42897e-05	1.545
-0.492121	1.12527	4.2251e-05	1.56
-0.562083	1.09346	4.03004e-05	1.575
-0.629842	1.05734	3.84461e-05	1.59
-0.69514	1.01709	3.66961e-05	1.605
-0.75773	0.972863	3.50575e-05	1.62
-0.817379	0.924855	3.35374e-05	1.635
-0.873864	0.873266	3.21419e-05	1.65
-0.926979	0.818307	3.08769e-05	1.665
-0.976531	0.760202	2.97478e-05	1.68
-1.02234	0.699186	2.87592e-05	1.695
-1.06425	0.635502	2.79152e-05	1.71
-1.1021	0.569403	2.72196e-05	1.725
-1.13577	0.501148	2.66751e-05	1.74
-1.16515	0.431003	2.62843e-05	1.755
-1.19013	0.359239	2.6049e-05	1.77
-1.21063	0.286131	2.59704e-05	1.785
-1.2266	0.211959	2.6049e-05	1.8
-1.23798	0.137004	2.6285e-05	1.815
-1.24475	0.0615488	2.66778e-05	1.83
-1.2469	-0.0141248	2.72263e-05	1.845
-1.24442	-0.0897348	2.79288e-05	1.86
-1.23734	-0.165001	2.8783e-05	1.875
-1.22571	-0.239646	2.97861e-05	1.89
-1.20957	-0.313397	3.09349e-05	1.905
-1.18899	-0.385985	3.22255e-05	1.92
-1.16407	-0.457146	3.36535e-05	1.935
-1.1349	-0.526623	3.52143e-05	1.95
-1.1016	-0.594168	3.69024e-05	1.965
-1.06431	-0.659539	3.87122e-05	1.98
-1.02316	-0.722503	4.06376e-05	1.995
-0.978321	-0.782839	4.26721e-05	2.01
-0.929955	-0.840332	4.48089e-05	2.025
-0.878246	-0.894783	4.70406e-05	2.04
-0.823388	-0.946001	4.936e-05	2.055
-0.765585	-0.993809	5.1759e-05	2.07
-0.705049	-1.03804	5.42298e-05	2.085
-0.642002	-1.07855	5.6764e-05	2.1
-0.576675	-1.11519	5.93532e-05	2.115
-0.509305	-1.14785	6.19888e-05	2.13
-0.440135	-1.17641	6.46619e-05	2.145
-0.369414	-1.20078	6.73638e-05	2.16
-0.297396	-1.22088	7.00856e-05	2.175
-0.224338	-1.23664	7.28181e-05	2.19
-0.1505	-1.24802	7.55525e-05	2.205
-0.0761441	-1.25499	7.82798e-05	2.22
-0.00153283	-1.25751	8.0991e-05	2.235
0.0730704	-1.2556	8.36774e-05	2.25
0.147403	-1.24927	8.63301e-05	2.265
0.221205	-1.23854	8.89406e-05	2.28
0.294217	-1.22345	9.15005e-05	2.295
0.366185	-1.20407	9.40016e-05	2.31
0.436858	-1.18046	9.64357e-05	2.325
0.50599	-1.15272	9.87952e-05	2.34
0.573342	-1.12095	0.000101073	2.355
0.63868	-1.08525	0.00010326	2.37
0.701778	-1.04576	0.000105352	2.385
0.762418	-1.00262	0.000107341	2.4
0.820393	-0.955984	0.000109221	2.415
0.875501	-0.906014	0.000110986	2.43
0.927553	-0.852887	0.000112632	2.445
0.976372	-0.796789	0.000114152	2.46
1.02179	-0.737918	0.000115542	2.475
1.06365	-0.676478	0.000116798	2.49
1.10181	-0.612685	0.000117918	2.505
1.13613	-0.54676	0.000118896	2.52
1.16651	-0.478933	0.000119732	2.535
1.19284	-0.409439	0.000120422	2.55
1.21503	-0.338519	0.000120964	2.565
1.23299	-0.26642	0.000121359	2.58
1.24668	-0.19339	0.000121604	2.595
1.25604	-0.119683	0.000121701	2.61
1.26105	-0.045553	0.000121648	2.625
1.26167	0.0287427	0.000121448	2.64
1.25793	0.102947	0.000121101	2.655
1.24981	0.176804	0.000120609	2.67
1.23736	0.250058	0.000119975	2.685
1.22062	0.322455	0.000119201	2.7
1.19963	0.393745	0.000118291	2.715
1.17449	0.463679	0.000117248	2.73
1.14526	0.532017	0.000116077	2.745
1.11205	0.59852	0.000114782	2.76
1.07497	0.662957	0.000113369	2.775
1.03415	0.725104	0.000111843	2.79
0.989734	0.784744	0.000110209	2.805
0.941866	0.841669	0.000108475	2.82
0.890714	0.895679	0.000106646	2.835
0.836452	0.946584	0.000104731	2.85
0.779267	0.994206	0.000102735	2.865
0.719355	1.03837	0.000100666	2.88
0.656924	1.07893	9.85329e-05	2.895
0.592188	1.11574	9.6343e-05	2.91
0.525372	1.14866	9.41046e-05	2.925
0.456706	1.17758	9.18261e-05	2.94
0.386429	1.20239	8.95162e-05	2.955
0.314784	1.22299	8.71835e-05	2.97
0.242022	1.23932	8.48368e-05	2.985
0.168397	1.2513	8.2485e-05	3
0.0941648	1.2589	8.0137e-05	3.015
0.0195871	1.26208	7.78016e-05	3.03
-0.0550743	1.26082	7.54879e-05	3.045
-0.129556	1.25512	7.32046e-05	3.06
-0.203595	1.24499	7.09604e-05	3.075
-0.276928	1.23047	6.8764e-05	3.09
-0.349295	1.21159	6.6624e-05	3.105
-0.420437	1.18842	6.45486e-05	3.12
-0.490099	1.16103	6.2546e-05	3.135
-0.558031	1.12952	6.0624e-05	3.15
-0.623987	1.09398	5.87903e-05	3.165
-0.687727	1.05454	5.70523e-05	3.18
-0.74902	1.01133	5.5417e-05	3.195
-0.807641	0.964502	5.38911e-05	3.21
-0.863373	0.914212	5.24809e-05	3.225
-0.91601	0.860634	5.11925e-05	3.24
-0.965355	0.803957	5.00313e-05	3.255
-1.01122	0.744379	4.90025e-05	3.27
-1.05344	0.682108	4.81107e-05	3.285
-1.09184	0.617365	4.73602e-05	3.3
-1.12629	0.550381	4.67546e-05	3.315
-1.15663	0.481394	4.62972e-05	3.33
-1.18276	0.410652	4.59906e-05	3.345
-1.20456	0.338411	4.58369e-05	3.36
-1.22195	0.264931	4.58378e-05	3.375
-1.23485	0.190481	4.59942e-05	3.39
-1.24319	0.115333	4.63068e-05	3.405
-1.24694	0.0397652	4.67753e-05	3.42
-1.24607	-0.035944	4.73992e-05	3.435
-1.24057	-0.111512	4.81772e-05	3.45
-1.23045	-0.186657	4.91074e-05	3.465
-1.21573	-0.261094	5.01875e-05	3.48
-1.19645	-0.334543	5.14145e-05	3.495
-1.17267	-0.406722	5.27849e-05	3.51
-1.14447	-0.477355	5.42946e-05	3.525
-1.11194	-0.546168	5.59389e-05	3.54
-1.07519	-0.612894	5.77128e-05	3.555
-1.03435	-0.677271	5.96104e-05	3.57
-0.989555	-0.739043	6.16256e-05	3.585
-0.940971	-0.797965	6.37516e-05	3.6
-0.888771	-0.8538	6.59814e-05	3.615
-0.833144	-0.906319	6.83073e-05	3.63
-0.774293	-0.955306	7.07213e-05	3.645
-0.712438	-1.00056	7.32149e-05	3.66
-0.647809	-1.04188	7.57793e-05	3.675
-0.580649	-1.07911	7.84053e-05	3.69
-0.511215	-1.11206	8.10836e-05	3.705
-0.439773	-1.14061	8.38044e-05	3.72
-0.366599	-1.16461	8.65576e-05	3.735
-0.291978	-1.18395	8.93331e-05	3.75
-0.216203	-1.19853	9.21206e-05	3.765
-0.139576	-1.20828	9.49095e-05	3.78
-0.0624028	-1.21314	9.76892e-05	3.795
0.0150061	-1.21307	0.000100449	3.81
0.0923357	-1.20804	0.000103179	3.825
0.169269	-1.19806	0.000105867	3.84
0.245487	-1.18314	0.000108504	3.855
0.320671	-1.16332	0.000111078	3.87
0.394506	-1.13866	0.00011358	3.885
0.466676	-1.10925	0.000116	3.9
0.536871	-1.07519	0.000118328	3.915
0.604786	-1.03659	0.000120553	3.93
0.670123	-0.993591	0.000122668	3.945
0.732591	-0.946366	0.000124663	3.96
0.791909	-0.895089	0.000126529	3.975
0.847806	-0.839962	0.00012826	3.99
0.900023	-0.781203	0.000129846	4.005
0.948315	-0.719047	0.000131282	4.02
0.99245	-0.653749	0.000132562	4.035
1.03221	-0.585577	0.000133678	4.05
1.06741	-0.514817	0.000134627	4.065
1.09785	-0.44177	0.000135404	4.08
1.12337	-0.366746	0.000136005	4.095
1.14384	-0.290073	0.000136427	4.11
1.15914	-0.212087	0.000136669	4.125
1.16915	-0.133133	0.000136728	4.14
1.17382	-0.0535653	0.000136604	4.155
1.17308	0.0262537	0.000136298	4.17
1.16691	0.105958	0.000135811	4.185
1.1553	0.185175	0.000135144	4.2
1.13827	0.263535	0.0001343	4.215
1.11588	0.340662	0.000133283	4.23
1.08818	0.416184	0.000132098	4.245
1.05529	0.489732	0.000130749	4.26
1.01732	0.560941	0.000129243	4.275
0.974426	0.629453	0.000127588	4.29
0.926784	0.694917	0.00012579	4.305
0.874594	0.756994	0.000123859	4.32
0.818083	0.815356	0.000121803	4.335
0.7575	0.869689	0.000119634	4.35
0.693119	0.919695	0.000117362	4.365
0.625238	0.965092	0.000114998	4.38
0.554175	1.00562	0.000112555	4.395
0.480268	1.04104	0.000110045	4.41
0.403876	1.07112	0.000107481	4.425
0.325376	1.09569	0.000104878	4.44
0.245159	1.11456	0.000102249	4.455
0.163634	1.1276	9.96089e-05	4.47
0.0812203	1.1347	9.6972e-05	4.485
-0.00165017	1.13577	9.43535e-05	4.5
-0.084537	1.13076	9.17684e-05	4.515
-0.166993	1.11965	8.92318e-05	4.53
-0.248565	1.10245	8.67587e-05	4.545
-0.328801	1.07921	8.43642e-05	4.56
-0.407244	1.05001	8.20629e-05	4.575
-0.483445	1.01497	7.98694e-05	4.59
-0.556955	0.974224	7.77978e-05	4.605
-0.627337	0.927966	7.58618e-05	4.62
-0.694162	0.876413	7.40744e-05	4.635
-0.757016	0.819817	7.24483e-05	4.65
-0.815498	0.758462	7.0995e-05	4.665
-0.86923	0.692668	6.97256e-05	4.68
-0.917851	0.622785	6.86502e-05	4.695
-0.961027	0.549193	6.77777e-05	4.71
-0.998449	0.472302	6.71164e-05	4.725
-1.02984	0.39255	6.6673e-05	4.74
-1.05495	0.310398	6.64533e-05	4.755
-1.07357	0.226332	6.64616e-05	4.77
-1.08551	0.140859	6.6701e-05	4.785
-1.09066	0.0545042	6.71732e-05	4.8
-1.08889	-0.0321918	6.78785e-05	4.815
-1.08017	-0.118676	6.88155e-05	4.83
-1.06448	-0.204385	6.99815e-05	4.845
-1.04185	-0.288752	7.13721e-05	4.86
-1.01237	-0.371205	7.29815e-05	4.875
-0.976162	-0.451174	7.48021e-05	4.89
-0.933404	-0.528096	7.68248e-05	4.905
-0.88432	-0.601416	7.90391e-05	4.92
-0.829184	-0.670591	8.14328e-05	4.935
-0.768315	-0.735097	8.39922e-05	4.95
-0.702082	-0.794433	8.67022e-05	4.965
-0.630897	-0.848122	8.95462e-05	4.98
-0.555218	-0.895718	9.25065e-05	4.995
-0.475546	-0.93681	9.5564e-05	5.01
-0.392421	-0.971024	9.86984e-05	5.025
-0.306422	-0.998032	0.000101889	5.04
-0.218162	-1.01755	0.000105113	5.055
-0.128284	-1.02935	0.000108347	5.07
-0.0374603	-1.03324	0.000111569	5.085
0.0536165	-1.02911	0.000114755	5.1
0.144234	-1.0169	0.000117879	5.115
0.233667	-0.996613	0.000120919	5.13
0.321182	-0.968308	0.000123849	5.145
0.406045	-0.932123	0.000126646	5.16
0.487526	-0.888262	0.000129287	5.175
0.564903	-0.836995	0.000131749	5.19
0.637474	-0.778663	0.000134011	5.205
0.704559	-0.713678	0.000136051	5.22
0.765508	-0.642515	0.000137851	5.235
0.81971	-0.565722	0.000139393	5.25
0.866596	-0.483906	0.000140662	5.265
0.905652	-0.397738	0.000141645	5.28
0.936418	-0.307944	0.000142329	5.295
0.958501	-0.215306	0.000142707	5.31
0.971578	-0.120651	0.000142771	5.325
0.975405	-0.0248491	0.00014252	5.34
0.969819	0.0711957	0.000141952	5.355
0.954744	0.166552	0.000141069	5.37
0.930197	0.260268	0.000139879	5.385
0.896291	0.351384	0.00013839	5.4
0.853239	0.438938	0.000136614	5.415
0.801352	0.521978	0.000134568	5.43
0.741045	0.599571	0.000132271	5.445
0.672834	0.670816	0.000129744	5.46
0.597336	0.734854	0.000127013	5.475
0.515268	0.79088	0.000124108	5.49
0.427438	0.838152	0.000121058	5.505
0.334748	0.876009	0.000117899	5.52
0.238181	0.903874	0.000114666	5.535
0.138796	0.92127	0.000111397	5.55
0.0377185	0.927831	0.000108132	5.565
-0.0638704	0.923309	0.000104912	5.58
-0.164746	0.907584	0.000101778	5.595
-0.263652	0.880671	9.87738e-05	5.61
-0.359319	0.842727	9.59395e-05	5.625
-0.450477	0.794058	9.33163e-05	5.64
-0.535871	0.735117	9.09437e-05	5.655
-0.614285	0.66651	8.8859e-05	5.67
-0.684553	0.588995	8.7097e-05	5.685
-0.745586	0.503475	8.56892e-05	5.7
-0.796383	0.410998	8.46631e-05	5.715
-0.836056	0.312746	8.40418e-05	5.73
-0.863847	0.210024	8.38435e-05	5.745
-0.879148	0.104249	8.40805e-05	5.76
-0.881515	-0.00306691	8.47592e-05	5.775
-0.870686	-0.110335	8.58795e-05	5.79
-0.846594	-0.21591	8.74344e-05	5.805
-0.809379	-0.318117	8.94098e-05	5.82
-0.759398	-0.415272	9.17843e-05	5.835
-0.697228	-0.505715	9.45293e-05	5.85
-0.623672	-0.587837	9.76088e-05	5.865
-0.539756	-0.660111	0.00010098	5.88
-0.446719	-0.721123	0.000104593	5.895
-0.346011	-0.769606	0.000108393	5.91
-0.239273	-0.80447	0.000112318	5.925
-0.128315	-0.824833	0.000116304	5.94
-0.0150957	-0.830051	0.000120279	5.955
0.0983084	-0.819741	0.000124174	5.97
0.209739	-0.793807	0.000127915	5.985
0.316996	-0.752456	0.00013143	6
0.417876	-0.696216	0.000134648	6.015
0.510223	-0.625935	0.000137501	6.03
0.591977	-0.542791	0.000139927	6.045
0.661221	-0.448279	0.00014187	6.06
0.716238	-0.344199	0.000143283	6.075
0.755556	-0.232633	0.000144128	6.09
0.778004	-0.115909	0.000144379	6.105
0.782748	0.0034313	0.000144023	6.12
0.76934	0.12269	0.000143059	6.135
0.737747	0.239064	0.000141503	6.15
0.688375	0.349715	0.000139383	6.165
0.62209	0.451835	0.000136745	6.18
0.540218	0.542724	0.000133647	6.195
0.444534	0.619867	0.000130164	6.21
0.337248	0.681017	0.000126383	6.225
0.22096	0.724265	0.0001224	6.24
0.098617	0.748122	0.000118324	6.255
-0.0265589	0.751579	0.000114267	6.27
-0.151145	0.734168	0.000110346	6.285
-0.271609	0.696002	0.000106681	6.3
-0.384414	0.637809	0.000103384	6.315
-0.486122	0.560939	0.000100563	6.33
-0.573512	0.467356	9.83161e-05	6.345
-0.643693	0.359608	9.67246e-05	6.36
-0.694214	0.240777	9.58536e-05	6.375
-0.723171	0.114398	9.57472e-05	6.39
-0.729295	-0.0156298	9.64257e-05	6.405
-0.712031	-0.145164	9.78847e-05	6.42
-0.671585	-0.269947	0.000100093	6.435
-0.608961	-0.385756	0.000102994	6.45
-0.525953	-0.488551	0.000106505	6.465
-0.42512	-0.57463	0.000110518	6.48
-0.309722	-0.640783	0.000114907	6.495
-0.183627	-0.68443	0.000119528	6.51
-0.0511906	-0.70374	0.000124225	6.525
0.082895	-0.697734	0.000128835	6.54
0.213767	-0.66635	0.000133195	6.555
0.33658	-0.610477	0.000137148	6.57
0.446694	-0.531953	0.000140548	6.585
0.539867	-0.433512	0.000143269	6.6
0.612437	-0.31871	0.000145208	6.615
0.661484	-0.191792	0.000146291	6.63
0.684964	-0.0575407	0.000146477	6.645
0.681817	0.0789102	0.000145759	6.66
0.652022	0.212281	0.000144165	6.675
0.596619	0.337363	0.000141761	6.69
0.517679	0.449234	0.000138642	6.705
0.418228	0.543471	0.000134936	6.72
0.302132	0.616333	0.000130792	6.735
0.173937	0.664928	0.000126379	6.75
0.0386825	0.687334	0.000121877	6.765
-0.0983086	0.682681	0.000117469	6.78
-0.231653	0.651186	0.000113333	6.795
-0.35613	0.594139	0.000109637	6.81
-0.466902	0.513846	0.000106531	6.825
-0.559708	0.413519	0.000104139	6.84
-0.63103	0.297139	0.000102557	6.855
-0.678236	0.169277	0.000101847	6.87
-0.699665	0.0349024	0.000102036	6.885
-0.694678	-0.100826	0.000103118	6.9
-0.663665	-0.232773	0.000105049	6.915
-0.608006	-0.35603	0.000107758	6.93
-0.52999	-0.466102	0.000111141	6.945
-0.4327	-0.559072	0.000115073	6.96
-0.319876	-0.631738	0.000119412	6.975
-0.195746	-0.681711	0.000124001	6.99
-0.0648546	-0.707477	0.000128682	7.005
0.0681194	-0.708429	0.000133292	7.02
0.19854	-0.684849	0.00013768	7.035
0.321979	-0.637872	0.000141702	7.05
0.43437	-0.569404	0.000145234	7.065
0.532132	-0.482028	0.000148169	7.08
0.612276	-0.378887	0.000150426	7.095
0.672484	-0.263546	0.000151947	7.11
0.711151	-0.13986	0.0001527	7.125
0.727411	-0.0118286	0.000152678	7.14
0.721128	0.11654	0.000151899	7.155
0.692863	0.241357	0.000150404	7.17
0.643828	0.35897	0.000148253	7.185
0.575811	0.466065	0.000145526	7.2
0.491095	0.559747	0.000142315	7.215
0.392365	0.637609	0.000138724	7.23
0.282604	0.697775	0.000134862	7.245
0.165	0.738924	0.000130845	7.26
0.0428356	0.760302	0.000126785	7.275
-0.0805997	0.761709	0.000122796	7.29
-0.202105	0.743477	0.000118981	7.305
-0.318644	0.706429	0.000115438	7.32
-0.42742	0.651835	0.000112253	7.335
-0.525931	0.581351	0.000109502	7.35
-0.612015	0.496958	0.000107245	7.365
-0.683891	0.400896	0.000105529	7.38
-0.740173	0.295593	0.000104387	7.395
-0.779886	0.183597	0.000103837	7.41
-0.802464	0.0675149	0.000103884	7.425
-0.807741	-0.0500567	0.000104519	7.44
-0.79593	-0.166585	0.00010572	7.455
-0.767601	-0.279654	0.000107455	7.47
-0.723646	-0.387011	0.000109681	7.485
-0.665242	-0.486602	0.000112348	7.5
-0.593815	-0.576606	0.000115396	7.515
-0.510991	-0.655459	0.000118764	7.53
-0.418558	-0.721869	0.000122384	7.545
-0.31842	-0.774828	0.000126186	7.56
-0.212554	-0.813614	0.0001301	7.575
-0.102968	-0.83779	0.000134057	7.59
0.00833498	-0.847198	0.000137988	7.605
0.119394	-0.841945	0.000141829	7.62
0.228323	-0.822384	0.000145518	7.635
0.333341	-0.789102	0.000149	7.65
0.432795	-0.742891	0.000152222	7.665
0.52518	-0.684726	0.00015514	7.68
0.609159	-0.61574	0.000157716	7.695
0.683574	-0.537197	0.000159918	7.71
0.747455	-0.450465	0.000161722	7.725
0.800025	-0.356987	0.000163108	7.74
0.840703	-0.25826	0.000164067	7.755
0.869103	-0.155807	0.000164594	7.77
0.88503	-0.0511506	0.000164691	7.785
0.88847	0.0542037	0.000164366	7.8
0.879584	0.158792	0.000163632	7.815
0.858699	0.261211	0.000162508	7.83
0.82629	0.360129	0.000161018	7.845
0.782971	0.454307	0.00015919	7.86
0.729477	0.542607	0.000157053	7.875
0.666653	0.624003	0.000154643	7.89
0.59543	0.697589	0.000151995	7.905
0.516817	0.762584	0.000149149	7.92
0.431882	0.818336	0.000146142	7.935
0.341734	0.864326	0.000143016	7.95
0.247511	0.900164	0.00013981	7.965
0.150363	0.925593	0.000136564	7.98
0.0514381	0.94048	0.000133318	7.995
-0.0481281	0.944819	0.00013011	8.01
-0.147228	0.938718	0.000126976	8.025
-0.244791	0.922397	0.000123951	8.04
-0.339796	0.896182	0.000121068	8.055
-0.431276	0.860492	0.000118355	8.07
-0.518332	0.815835	0.000115841	8.085
-0.600132	0.762796	0.00011355	8.1
-0.675926	0.70203	0.000111503	8.115
-0.745041	0.634251	0.00010972	8.13
-0.80689	0.560222	0.000108214	8.145
-0.860975	0.480747	0.000107	8.16
-0.906883	0.396659	0.000106085	8.175
-0.944292	0.308815	0.000105476	8.19
-0.972967	0.21808	0.000105175	8.205
-0.992762	0.125328	0.000105184	8.22
-1.00361	0.0314255	0.000105498	8.235
-1.00554	-0.0627735	0.000106113	8.25
-0.998634	-0.156433	0.00010702	8.265
-0.983077	-0.248743	0.00010821	8.28
-0.959109	-0.338927	0.000109669	8.295
-0.927039	-0.426244	0.000111383	8.31
-0.887236	-0.509997	0.000113337	8.325
-0.840125	-0.589535	0.000115511	8.34
-0.786182	-0.664259	0.000117888	8.355
-0.725924	-0.733621	0.000120445	8.37
-0.659909	-0.79713	0.000123163	8.385
-0.588726	-0.854354	0.000126018	8.4
-0.512992	-0.90492	0.000128988	8.415
-0.433345	-0.948514	0.00013205	8.43
-0.350436	-0.984884	0.000135181	8.445
-0.264929	-1.01384	0.000138357	8.46
-0.17749	-1.03524	0.000141556	8.475
-0.0887866	-1.04902	0.000144753	8.49
0.00052096	-1.05516	0.000147929	8.505
0.0897814	-1.0537	0.00015106	8.52
0.178358	-1.04473	0.000154126	8.535
0.265632	-1.0284	0.000157107	8.55
0.351009	-1.0049	0.000159984	8.565
0.433917	-0.974461	0.000162739	8.58
0.513815	-0.937368	0.000165356	8.595
0.590192	-0.893941	0.00016782	8.61
0.662573	-0.844535	0.000170116	8.625
0.730518	-0.789539	0.000172233	8.64
0.793624	-0.729368	0.000174158	8.655
0.851528	-0.664467	0.000175882	8.67
0.903909	-0.595298	0.000177398	8.685
0.950486	-0.522345	0.000178698	8.7
0.99102	-0.446105	0.000179777	8.715
1.02531	-0.367086	0.000180631	8.73
1.05322	-0.285804	0.000181259	8.745
1.07461	-0.202779	0.000181659	8.76
1.08943	-0.118533	0.000181832	8.775
1.09764	-0.0335849	0.000181779	8.79
1.09926	0.0515519	0.000181505	8.805
1.09434	0.136371	0.000181013	8.82
1.08295	0.220378	0.00018031	8.835
1.06523	0.30309	0.000179401	8.85
1.04133	0.384042	0.000178296	8.865
1.01143	0.462785	0.000177002	8.88
0.975771	0.538892	0.00017553	8.895
0.934586	0.611957	0.00017389	8.91
0.888156	0.681597	0.000172093	8.925
0.83678	0.747456	0.000170153	8.94
0.78078	0.809202	0.00016808	8.955
0.720497	0.866533	0.000165888	8.97
0.656292	0.919175	0.000163592	8.985
0.588538	0.966881	0.000161205	9
0.517624	1.00944	0.00015874	9.015
0.443947	1.04666	0.000156213	9.03
0.367914	1.07839	0.000153638	9.045
0.289939	1.10451	0.000151029	9.06
0.210436	1.12492	0.000148401	9.075
0.129825	1.13956	0.000145769	9.09
0.0485233	1.14841	0.000143146	9.105
-0.0330547	1.15145	0.000140546	9.12
-0.114498	1.14871	0.000137983	9.135
-0.195404	1.14025	0.000135471	9.15
-0.275375	1.12615	0.000133021	9.165
-0.354026	1.10651	0.000130646	9.18
-0.430983	1.08147	0.000128359	9.195
-0.505886	1.05119	0.00012617	9.21
-0.578388	1.01585	0.000124089	9.225
-0.648159	0.975649	0.000122128	9.24
-0.714886	0.930809	0.000120294	9.255
-0.778274	0.881571	0.000118597	9.27
-0.838047	0.828195	0.000117044	9.285
-0.893951	0.770955	0.000115643	9.3
-0.945751	0.710139	0.000114399	9.315
-0.993234	0.646049	0.000113317	9.33
-1.03621	0.578998	0.000112404	9.345
-1.07451	0.509306	0.000111662	9.36
-1.10799	0.437306	0.000111094	9.375
-1.13653	0.363332	0.000110703	9.39
-1.16002	0.287727	0.00011049	9.405
-1.1784	0.210835	0.000110455	9.42
-1.19162	0.133002	0.000110599	9.435
-1.19963	0.0545747	0.00011092	9.45
-1.20244	-0.0241016	0.000111416	9.465
-1.20007	-0.102684	0.000112086	9.48
-1.19254	-0.180835	0.000112926	9.495
-1.17993	-0.258221	0.000113932	9.51
-1.16231	-0.334516	0.0001151	9.525
-1.13978	-0.409402	0.000116424	9.54
-1.11246	-0.48257	0.000117898	9.555
-1.08049	-0.55372	0.000119517	9.57
-1.04404	-0.622566	0.000121274	9.585
-1.00326	-0.688833	0.000123161	9.6
-0.958357	-0.752258	0.000125169	9.615
-0.909531	-0.812594	0.000127292	9.63
-0.857	-0.869609	0.000129521	9.645
-0.800997	-0.923085	0.000131845	9.66
-0.741766	-0.97282	0.000134257	9.675
-0.679559	-1.01863	0.000136746	9.69
-0.614643	-1.06035	0.000139304	9.705
-0.547288	-1.09783	0.000141918	9.72
-0.477773	-1.13094	0.000144581	9.735
-0.406386	-1.15957	0.000147281	9.75
-0.333416	-1.18362	0.000150009	9.765
-0.259157	-1.20302	0.000152754	9.78
-0.183906	-1.2177	0.000155505	9.795
-0.107962	-1.22764	0.000158253	9.81
-0.0316223	-1.2328	0.000160987	9.825
0.0448151	-1.2332	0.000163698	9.84
0.121055	-1.22885	0.000166375	9.855
0.196803	-1.21978	0.00016901	9.87
0.271773	-1.20604	0.000171592	9.885
0.34568	-1.18771	0.000174113	9.9
0.418247	-1.16487	0.000176563	9.915
0.489204	-1.13762	0.000178935	9.93
0.558288	-1.10609	0.00018122	9.945
0.625246	-1.0704	0.000183411	9.96
0.689834	-1.03071	0.000185499	9.975
0.751817	-0.987172	0.000187479	9.99
0.810974	-0.939968	0.000189344	10.005
0.867095	-0.889282	0.000191087	10.02
0.919979	-0.835314	0.000192703	10.035
0.969444	-0.778273	0.000194188	10.05
1.01532	-0.718378	0.000195536	10.065
1.05744	-0.655859	0.000196744	10.08
1.09567	-0.590951	0.000197809	10.095
1.12988	-0.523899	0.000198726	10.11
1.15996	-0.454952	0.000199495	10.125
1.18581	-0.384366	0.000200112	10.14
1.20734	-0.3124	0.000200578	10.155
1.22449	-0.239319	0.00020089	10.17
1.23722	-0.165387	0.000201049	10.185
1.24548	-0.0908732	0.000201056	10.2
1.24926	-0.0160449	0.000200911	10.215
1.24856	0.0588297	0.000200615	10.23
1.24338	0.133484	0.000200171	10.245
1.23377	0.207652	0.00019958	10.26
1.21975	0.281074	0.000198847	10.275
1.2014	0.35349	0.000197974	10.29
1.17879	0.424647	0.000196965	10.305
1.152	0.494297	0.000195825	10.32
1.12114	0.562199	0.000194558	10.335
1.08632	0.628119	0.00019317	10.35
1.04767	0.691828	0.000191666	10.365
1.00535	0.753109	0.000190053	10.38
0.959494	0.811753	0.000188336	10.395
0.910276	0.867561	0.000186523	10.41
0.857873	0.920343	0.000184619	10.425
0.802472	0.969922	0.000182634	10.44
0.744269	1.01613	0.000180573	10.455
0.68347	1.05882	0.000178446	10.47
0.62029	1.09784	0.000176259	10.485
0.554949	1.13306	0.000174021	10.5
0.487676	1.16438	0.00017174	10.515
0.418704	1.19168	0.000169425	10.53
0.348272	1.21488	0.000167084	10.545
0.276625	1.23391	0.000164726	10.56
0.204007	1.2487	0.000162359	10.575
0.13067	1.25921	0.000159992	10.59
0.0568637	1.26542	0.000157634	10.605
-0.0171593	1.26729	0.000155292	10.62
-0.0911467	1.26484	0.000152976	10.635
-0.164847	1.25807	0.000150694	10.65
-0.238009	1.24701	0.000148454	10.665
-0.310385	1.2317	0.000146264	10.68
-0.381731	1.2122	0.000144133	10.695
-0.451804	1.18858	0.000142067	10.71
-0.52037	1.16092	0.000140074	10.725
-0.587196	1.12931	0.000138161	10.74
-0.652057	1.09388	0.000136336	10.755
-0.714736	1.05473	0.000134605	10.77
-0.775022	1.012	0.000132974	10.785
-0.832713	0.965844	0.000131449	10.8
-0.887614	0.916414	0.000130036	10.815
-0.939542	0.863879	0.00012874	10.83
-0.988322	0.808417	0.000127566	10.845
-1.03379	0.750216	0.000126518	10.86
-1.0758	0.689473	0.000125601	10.875
-1.1142	0.626394	0.000124817	10.89
-1.14887	0.561191	0.00012417	10.905
-1.17969	0.494084	0.000123663	10.92
-1.20655	0.4253	0.000123298	10.935
-1.22937	0.35507	0.000123076	10.95
-1.24807	0.283631	0.000122999	10.965
-1.26259	0.211224	0.000123067	10.98
-1.27287	0.138093	0.000123282	10.995
-1.27889	0.0644832	0.000123642	11.01
-1.28061	-0.00935609	0.000124147	11.025
-1.27803	-0.0831762	0.000124796	11.04
-1.27117	-0.156728	0.000125587	11.055
-1.26004	-0.229763	0.000126518	11.07
-1.24467	-0.302035	0.000127586	11.085
-1.22512	-0.373298	0.000128789	11.1
-1.20145	-0.443312	0.000130123	11.115
-1.17374	-0.511838	0.000131584	11.13
-1.14208	-0.578645	0.000133167	11.145
-1.10657	-0.643504	0.000134869	11.16
-1.06733	-0.706193	0.000136683	11.175
-1.0245	-0.7665	0.000138604	11.19
-0.978207	-0.824216	0.000140626	11.205
-0.928615	-0.879144	0.000142743	11.22
-0.875887	-0.931094	0.000144949	11.235
-0.820199	-0.979886	0.000147235	11.25
-0.761739	-1.02535	0.000149596	11.265
-0.700703	-1.06733	0.000152024	11.28
-0.637296	-1.10567	0.000154511	11.295
-0.571732	-1.14025	0.000157049	11.31
-0.504234	-1.17093	0.000159629	11.325
-0.43503	-1.19761	0.000162244	11.34
-0.364356	-1.22019	0.000164886	11.355
-0.292452	-1.23859	0.000167545	11.37
-0.219565	-1.25273	0.000170213	11.385
-0.145944	-1.26257	0.000172882	11.4
-0.0718433	-1.26806	0.000175542	11.415
0.00248227	-1.26918	0.000178185	11.43
0.0767752	-1.26591	0.000180802	11.445
0.150778	-1.25825	0.000183385	11.46
0.224231	-1.24624	0.000185926	11.475
0.296879	-1.2299	0.000188414	11.49
0.368467	-1.20927	0.000190844	11.505
0.438741	-1.18443	0.000193205	11.52
0.507454	-1.15546	0.000195491	11.535
0.574359	-1.12244	0.000197694	11.55
0.639219	-1.08548	0.000199806	11.565
0.7018	-1.04472	0.000201821	11.58
0.761876	-1.00027	0.00020373	11.595
0.819228	-0.952292	0.000205529	11.61
0.873647	-0.90095	0.000207211	11.625
0.924932	-0.846415	0.00020877	11.64
0.972892	-0.788876	0.0002102	11.655
1.01735	-0.72853	0.000211498	11.67
1.05813	-0.665588	0.000212657	11.685
1.09509	-0.600267	0.000213676	11.7
1.12807	-0.532799	0.000214549	11.715
1.15695	-0.46342	0.000215274	11.73
1.18161	-0.392377	0.000215848	11.745
1.20196	-0.319924	0.00021627	11.76
1.2179	-0.246321	0.000216538	11.775
1.22936	-0.171832	0.000216651	11.79
1.2363	-0.0967297	0.000216608	11.805
1.23866	-0.021287	0.000216411	11.82
1.23642	0.0542186	0.00021606	11.835
1.22959	0.129508	0.000215555	11.85
1.21817	0.204301	0.0002149	11.865
1.20219	0.278317	0.000214097	11.88
1.18169	0.351278	0.000213148	11.895
1.15674	0.422907	0.000212057	11.91
1.12741	0.492929	0.000210829	11.925
1.0938	0.561075	0.000209468	11.94
1.05602	0.62708	0.000207979	11.955
1.0142	0.690685	0.000206369	11.97
0.968492	0.75164	0.000204643	11.985
0.919044	0.809701	0.000202808	12
0.866038	0.864634	0.000200871	12.015
0.809664	0.916215	0.000198841	12.03
0.750127	0.964232	0.000196725	12.045
0.687648	1.00848	0.000194531	12.06
0.622456	1.04878	0.000192269	12.075
0.554798	1.08495	0.000189947	12.09
0.484928	1.11684	0.000187575	12.105
0.413115	1.14429	0.000185163	12.12
0.339634	1.16719	0.000182721	12.135
0.264771	1.18542	0.000180259	12.15
0.18882	1.19889	0.000177787	12.165
0.112081	1.20752	0.000175316	12.18
0.0348606	1.21125	0.000172856	12.195
-0.0425302	1.21005	0.000170418	12.21
-0.119777	1.20391	0.000168013	12.225
-0.196563	1.19282	0.000165651	12.24
-0.27257	1.1768	0.000163343	12.255
-0.34748	1.1559	0.000161099	12.27
-0.420976	1.13018	0.000158929	12.285
-0.492746	1.09972	0.000156844	12.3
-0.562479	1.06463	0.000154853	12.315
-0.629872	1.02504	0.000152966	12.33
-0.694626	0.981082	0.000151191	12.345
-0.756452	0.932925	0.000149539	12.36
-0.81507	0.880755	0.000148016	12.375
-0.870211	0.824773	0.000146631	12.39
-0.921618	0.765203	0.000145391	12.405
-0.969046	0.702282	0.000144303	12.42
-1.01227	0.636268	0.000143374	12.435
-1.05106	0.567434	0.000142609	12.45
-1.08524	0.496069	0.000142012	12.465
-1.11462	0.422475	0.000141589	12.48
-1.13905	0.346969	0.000141342	12.495
-1.15838	0.26988	0.000141275	12.51
-1.1725	0.191547	0.00014139	12.525
-1.18131	0.11232	0.000141687	12.54
-1.18473	0.0325562	0.000142168	12.555
-1.18273	-0.0473798	0.000142831	12.57
-1.17527	-0.127118	0.000143676	12.585
-1.16236	-0.206285	0.0001447	12.6
-1.14401	-0.284505	0.000145901	12.615
-1.1203	-0.361402	0.000147275	12.63
-1.09128	-0.436602	0.000148816	12.645
-1.05706	-0.509732	0.00015052	12.66
-1.01779	-0.580426	0.00015238	12.675
-0.973601	-0.648325	0.000154388	12.69
-0.92469	-0.713077	0.000156537	12.705
-0.871262	-0.774342	0.000158818	12.72
-0.813551	-0.831791	0.000161221	12.735
-0.751813	-0.885111	0.000163735	12.75
-0.686331	-0.934005	0.00016635	12.765
-0.61741	-0.978193	0.000169054	12.78
-0.545376	-1.01741	0.000171833	12.795
-0.470577	-1.05143	0.000174677	12.81
-0.393379	-1.08003	0.00017757	12.825
-0.314166	-1.10302	0.000180499	12.84
-0.233341	-1.12023	0.00018345	12.855
-0.151318	-1.13154	0.000186407	12.87
-0.0685274	-1.13683	0.000189357	12.885
0.0145927	-1.13604	0.000192283	12.9
0.0975936	-1.1291	0.000195171	12.915
0.18002	-1.11602	0.000198005	12.93
0.261414	-1.09682	0.00020077	12.945
0.341314	-1.07155	0.000203451	12.96
0.41926	-1.0403	0.000206033	12.975
0.494794	-1.0032	0.000208501	12.99
0.567467	-0.960414	0.000210842	13.005
0.636835	-0.912137	0.000213041	13.02
0.702467	-0.858601	0.000215085	13.035
0.763948	-0.800073	0.000216962	13.05
0.820878	-0.736854	0.000218661	13.065
0.872877	-0.66928	0.000220169	13.08
0.919587	-0.597716	0.000221479	13.095
0.960679	-0.522561	0.00022258	13.11
0.995847	-0.44424	0.000223464	13.125
1.02482	-0.363208	0.000224126	13.14
1.04736	-0.279944	0.00022456	13.155
1.06326	-0.194951	0.000224762	13.17
1.07236	-0.108754	0.00022473	13.185
1.07453	-0.0218916	0.000224461	13.2
1.0697	0.0650783	0.000223958	13.215
1.05781	0.151588	0.000223221	13.23
1.03889	0.237062	0.000222254	13.245
1.01299	0.320918	0.000221062	13.26
0.980203	0.402575	0.000219652	13.275
0.940689	0.481453	0.000218033	13.29
0.894648	0.556982	0.000216213	13.305
0.842332	0.628599	0.000214206	13.32
0.784042	0.695759	0.000212023	13.335
0.720128	0.757939	0.00020968	13.35
0.650988	0.814636	0.000207193	13.365
0.577065	0.865379	0.000204579	13.38
0.498851	0.909729	0.000201857	13.395
0.416877	0.947285	0.000199048	13.41
0.331717	0.977689	0.000196172	13.425
0.24398	1.00063	0.000193251	13.44
0.154312	1.01584	0.00019031	13.455
0.0633856	1.02311	0.000187371	13.47
-0.0280985	1.0223	0.000184458	13.485
-0.119419	1.01332	0.000181597	13.5
-0.20984	0.996128	0.000178812	13.515
-0.298612	0.970778	0.000176129	13.53
-0.384983	0.937376	0.000173571	13.545
-0.468204	0.896101	0.000171162	13.56
-0.54753	0.847204	0.000168927	13.575
-0.622234	0.791007	0.000166888	13.59
-0.69161	0.727906	0.000165066	13.605
-0.75498	0.658364	0.000163481	13.62
-0.811702	0.582917	0.000162152	13.635
-0.861178	0.502167	0.000161096	13.65
-0.902861	0.416782	0.000160326	13.665
-0.936262	0.32749	0.000159856	13.68
-0.960955	0.235074	0.000159695	13.695
-0.976588	0.140371	0.000159851	13.71
-0.982885	0.0442622	0.000160326	13.725
-0.979656	-0.0523342	0.000161124	13.74
-0.966799	-0.148468	0.000162242	13.755
-0.944308	-0.243167	0.000163674	13.77
-0.912275	-0.335446	0.000165412	13.785
-0.870892	-0.424316	0.000167444	13.8
-0.82046	-0.508798	0.000169754	13.815
-0.76138	-0.587927	0.000172324	13.83
-0.694165	-0.66077	0.000175131	13.845
-0.619427	-0.726437	0.00017815	13.86
-0.537886	-0.784087	0.000181352	13.875
-0.450359	-0.83295	0.000184704	13.89
-0.357757	-0.872329	0.000188174	13.905
-0.261081	-0.901621	0.000191723	13.92
-0.161409	-0.920321	0.000195313	13.935
-0.0598905	-0.928039	0.000198903	13.95
0.0422642	-0.924507	0.000202451	13.965
0.143799	-0.909587	0.000205914	13.98
0.243426	-0.883284	0.00020925	13.995
0.339839	-0.84575	0.000212414	14.01
0.43173	-0.797289	0.000215366	14.025
0.517809	-0.738361	0.000218065	14.04
0.596822	-0.669584	0.000220471	14.055
0.667569	-0.591733	0.00022255	14.07
0.728928	-0.505736	0.000224268	14.085
0.77987	-0.41267	0.000225598	14.1
0.819482	-0.313753	0.000226516	14.115
0.84699	-0.210332	0.000227003	14.13
0.861771	-0.103866	0.000227046	14.145
0.863379	0.00408346	0.00022664	14.16
0.851555	0.111879	0.000225785	14.175
0.826245	0.217825	0.000224489	14.19
0.787611	0.320197	0.000222767	14.205
0.736042	0.417265	0.000220641	14.22
0.672156	0.507325	0.000218142	14.235
0.596805	0.588729	0.000215308	14.25
0.511072	0.659922	0.000212183	14.265
0.416265	0.71947	0.00020882	14.28
0.313904	0.766094	0.000205276	14.295
0.205706	0.798708	0.000201616	14.31
0.0935599	0.816447	0.000197907	14.325
-0.020495	0.818696	0.000194222	14.34
-0.134307	0.805119	0.000190633	14.355
-0.245646	0.775681	0.000187216	14.37
-0.352247	0.730667	0.000184045	14.385
-0.451854	0.670695	0.000181193	14.4
-0.542275	0.596718	0.000178727	14.415
-0.621425	0.510029	0.00017671	14.43
-0.687389	0.412247	0.000175197	14.445
-0.738467	0.3053	0.000174234	14.46
-0.773236	0.191401	0.000173856	14.475
-0.79059	0.0730077	0.000174087	14.49
-0.789794	-0.0472215	0.000174935	14.505
-0.770521	-0.166481	0.000176397	14.52
-0.732881	-0.281879	0.000178453	14.535
-0.67745	-0.390512	0.000181066	14.55
-0.605276	-0.489536	0.000184187	14.565
-0.517884	-0.576245	0.000187747	14.58
-0.417255	-0.648161	0.000191668	14.595
-0.305805	-0.703107	0.000195856	14.61
-0.186334	-0.739289	0.000200207	14.625
-0.061971	-0.755373	0.000204609	14.64
0.0639008	-0.750546	0.000208944	14.655
0.187732	-0.72457	0.000213092	14.67
0.305905	-0.677824	0.000216933	14.685
0.414844	-0.611319	0.000220354	14.7
0.51113	-0.526708	0.00022325	14.715
0.591619	-0.426259	0.000225528	14.73
0.653559	-0.312819	0.000227112	14.745
0.694702	-0.189743	0.000227944	14.76
0.713403	-0.0608096	0.000227993	14.775
0.708709	0.0698894	0.000227248	14.79
0.680422	0.198078	0.000225727	14.805
0.629142	0.319438	0.000223474	14.82
0.556282	0.429761	0.000220561	14.835
0.464048	0.525108	0.000217082	14.85
0.355396	0.601968	0.000213158	14.865
0.233945	0.6574	0.000208926	14.88
0.103871	0.689172	0.000204537	14.895
-0.0302358	0.695869	0.000200155	14.91
-0.163532	0.676978	0.000195943	14.925
-0.291105	0.632936	0.000192065	14.94
-0.408162	0.565142	0.000188672	14.955
-0.510226	0.475929	0.000185902	14.97
-0.593322	0.368496	0.000183869	14.985
-0.654152	0.246796	0.000182662	15
-0.690242	0.115397	0.000182338	15.015
-0.700063	-0.0206971	0.00018292	15.03
-0.683105	-0.156243	0.000184396	15.045
-0.639917	-0.285973	0.000186718	15.06
-0.572095	-0.404811	0.000189804	15.075
-0.482231	-0.508085	0.00019354	15.09
-0.373804	-0.591727	0.000197788	15.105
-0.251049	-0.652446	0.000202386	15.12
-0.118774	-0.687861	0.000207162	15.135
0.0178345	-0.69661	0.000211933	15.15
0.15343	-0.678395	0.000216518	15.165
0.28273	-0.633994	0.000220745	15.18
0.400731	-0.565218	0.000224457	15.195
0.502914	-0.47483	0.000227518	15.21
0.585421	-0.366417	0.000229818	15.225
0.645206	-0.244232	0.00023128	15.24
0.680141	-0.113011	0.00023186	15.255
0.689087	0.0222243	0.000231546	15.27
0.671913	0.156375	0.000230363	15.285
0.629483	0.284469	0.000228369	15.3
0.563595	0.401849	0.000225649	15.315
0.476882	0.504345	0.000222316	15.33
0.37269	0.588423	0.0002185	15.345
0.254929	0.651293	0.000214349	15.36
0.127905	0.690993	0.000210019	15.375
-0.00384984	0.706429	0.000205666	15.39
-0.135752	0.697386	0.000201445	15.405
-0.263334	0.664498	0.000197504	15.42
-0.382395	0.609196	0.000193973	15.435
-0.489143	0.533623	0.000190969	15.45
-0.580297	0.440529	0.000188586	15.465
-0.653188	0.333153	0.000186895	15.48
-0.705809	0.215092	0.000185942	15.495
-0.736858	0.0901672	0.000185751	15.51
-0.745743	-0.0377097	0.000186318	15.525
-0.732566	-0.164665	0.000187619	15.54
-0.698089	-0.286981	0.000189607	15.555
-0.643673	-0.401204	0.000192218	15.57
-0.571212	-0.50423	0.00019537	15.585
-0.483045	-0.593383	0.00019897	15.6
-0.381868	-0.666468	0.000202915	15.615
-0.270638	-0.721809	0.000207098	15.63
-0.152475	-0.758266	0.000211406	15.645
-0.0305719	-0.775239	0.000215731	15.66
0.0919004	-0.772656	0.000219964	15.675
0.211871	-0.750943	0.000224006	15.69
0.326444	-0.71099	0.000227765	15.705
0.432965	-0.654099	0.00023116	15.72
0.529068	-0.58193	0.000234119	15.735
0.612724	-0.496444	0.000236587	15.75
0.682264	-0.399833	0.000238519	15.765
0.736405	-0.294463	0.000239887	15.78
0.774251	-0.182805	0.000240673	15.795
0.795297	-0.0673744	0.000240876	15.81
0.799416	0.0493259	0.000240504	15.825
0.786842	0.16486	0.00023958	15.84
0.758142	0.276906	0.000238136	15.855
0.71419	0.3833	0.000236212	15.87
0.65613	0.482069	0.000233859	15.885
0.585337	0.571463	0.000231132	15.9
0.503378	0.649974	0.000228093	15.915
0.411974	0.716354	0.000224805	15.93
0.312955	0.769624	0.000221335	15.945
0.208221	0.809077	0.000217752	15.96
0.0997054	0.834276	0.000214123	15.975
-0.010662	0.845048	0.000210512	15.99
-0.12099	0.841472	0.000206984	16.005
-0.229456	0.823866	0.000203596	16.02
-0.334332	0.792765	0.000200405	16.035
-0.434009	0.748906	0.000197459	16.05
-0.527018	0.693201	0.000194804	16.065
-0.612044	0.626714	0.000192476	16.08
-0.687941	0.55064	0.000190508	16.095
-0.753739	0.466275	0.000188925	16.11
-0.808651	0.374993	0.000187745	16.125
-0.852075	0.278223	0.00018698	16.14
-0.883593	0.177423	0.000186637	16.155
-0.902968	0.074059	0.000186716	16.17
-0.910139	-0.0304154	0.000187209	16.185
-0.905212	-0.134581	0.000188105	16.2
-0.888451	-0.237067	0.000189389	16.215
-0.860268	-0.336573	0.000191038	16.23
-0.821206	-0.431875	0.000193028	16.245
-0.771932	-0.521844	0.00019533	16.26
-0.713217	-0.605452	0.000197912	16.275
-0.645926	-0.681784	0.000200741	16.29
-0.571	-0.750038	0.00020378	16.305
-0.489439	-0.809536	0.000206992	16.32
-0.402294	-0.859722	0.000210339	16.335
-0.310646	-0.900164	0.000213782	16.35
-0.215595	-0.930555	0.000217282	16.365
-0.118248	-0.95071	0.000220802	16.38
-0.0197001	-0.96056	0.000224304	16.395
0.0789683	-0.960151	0.000227752	16.41
0.176709	-0.949639	0.000231113	16.425
0.272515	-0.929279	0.000234353	16.44
0.365426	-0.899423	0.000237443	16.455
0.454539	-0.860509	0.000240355	16.47
0.539017	-0.813056	0.000243064	16.485
0.618089	-0.75765	0.000245547	16.5
0.691061	-0.694943	0.000247785	16.515
0.757317	-0.625635	0.000249761	16.53
0.816319	-0.550474	0.00025146	16.545
0.867614	-0.470241	0.000252874	16.56
0.910832	-0.385743	0.000253993	16.575
0.945687	-0.297806	0.000254812	16.59
0.971976	-0.207264	0.00025533	16.605
0.989576	-0.114953	0.000255547	16.62
0.998446	-0.0217036	0.000255466	16.635
0.998619	0.0716666	0.000255093	16.65
0.990206	0.16436	0.000254437	16.665
0.973382	0.255605	0.000253507	16.68
0.948394	0.344659	0.000252316	16.695
0.915545	0.43082	0.000250878	16.71
0.875198	0.513422	0.000249209	16.725
0.827766	0.591846	0.000247326	16.74
0.773711	0.66552	0.000245247	16.755
0.713532	0.733925	0.000242994	16.77
0.647767	0.796592	0.000240585	16.785
0.576984	0.853108	0.000238043	16.8
0.501775	0.903118	0.00023539	16.815
0.422752	0.94632	0.000232647	16.83
0.340542	0.982472	0.000229836	16.845
0.255782	1.01139	0.000226981	16.86
0.169111	1.03294	0.000224104	16.875
0.0811699	1.04706	0.000221225	16.89
-0.00740583	1.05371	0.000218368	16.905
-0.0959899	1.05294	0.000215551	16.92
-0.183969	1.04484	0.000212796	16.935
-0.270748	1.02952	0.000210122	16.95
-0.355751	1.00717	0.000207547	16.965
-0.438427	0.978022	0.000205088	16.98
-0.518249	0.942326	0.000202762	16.995
-0.594723	0.900385	0.000200582	17.01
-0.667385	0.852536	0.000198564	17.025
-0.735805	0.799146	0.000196718	17.04
-0.799587	0.740608	0.000195057	17.055
-0.858375	0.677342	0.00019359	17.07
-0.911847	0.60979	0.000192325	17.085
-0.959725	0.538411	0.000191269	17.1
-1.00177	0.463678	0.000190427	17.115
-1.03777	0.386077	0.000189803	17.13
-1.06757	0.306103	0.0001894	17.145
-1.09106	0.224253	0.00018922	17.16
-1.10814	0.141029	0.000189261	17.175
-1.11878	0.0569311	0.000189524	17.19
-1.12297	-0.0275445	0.000190004	17.205
-1.12074	-0.111908	0.000190699	17.22
-1.11216	-0.195679	0.000191603	17.235
-1.09734	-0.278389	0.00019271	17.25
-1.07641	-0.359582	0.000194013	17.265
-1.04954	-0.438819	0.000195505	17.28
-1.01693	-0.51568	0.000197175	17.295
-0.978798	-0.589764	0.000199014	17.31
-0.935401	-0.660691	0.000201012	17.325
-0.887016	-0.728105	0.000203157	17.34
-0.833939	-0.791674	0.000205438	17.355
-0.776491	-0.851091	0.000207842	17.37
-0.715006	-0.906078	0.000210356	17.385
-0.649837	-0.956381	0.000212968	17.4
-0.581349	-1.00178	0.000215663	17.415
-0.50992	-1.04207	0.000218427	17.43
-0.435936	-1.07709	0.000221248	17.445
-0.35979	-1.1067	0.00022411	17.46
-0.281881	-1.13079	0.000227001	17.475
-0.20261	-1.14928	0.000229906	17.49
-0.122379	-1.16213	0.000232811	17.505
-0.0415896	-1.1693	0.000235703	17.52
0.0393597	-1.17081	0.000238569	17.535
0.120076	-1.16668	0.000241395	17.55
0.200171	-1.15697	0.000244169	17.565
0.279267	-1.14177	0.000246878	17.58
0.356995	-1.12119	0.000249512	17.595
0.432997	-1.09536	0.000252058	17.61
0.506929	-1.06444	0.000254507	17.625
0.578459	-1.0286	0.000256847	17.64
0.647273	-0.988036	0.00025907	17.655
0.71307	-0.942972	0.000261166	17.67
0.77557	-0.89364	0.000263128	17.685
0.83451	-0.840289	0.000264948	17.7
0.889645	-0.783186	0.00026662	17.715
0.940751	-0.722609	0.000268137	17.73
0.987624	-0.658849	0.000269495	17.745
1.03008	-0.592208	0.000270688	17.76
1.06797	-0.522996	0.000271714	17.775
1.10113	-0.451531	0.000272569	17.79
1.12947	-0.378138	0.000273252	17.805
1.15288	-0.303145	0.00027376	17.82
1.17128	-0.226883	0.000274094	17.835
1.18464	-0.149687	0.000274254	17.85
1.19291	-0.0718897	0.00027424	17.865
1.1961	0.00617549	0.000274054	17.88
1.19421	0.0841785	0.000273698	17.895
1.18727	0.161793	0.000273176	17.91
1.17536	0.238697	0.000272491	17.925
1.15853	0.314576	0.000271647	17.94
1.13689	0.389122	0.000270649	17.955
1.11054	0.462035	0.000269503	17.97
1.07962	0.533025	0.000268215	17.985
1.04428	0.601815	0.000266791	18
1.00468	0.668135	0.000265238	18.015
0.960999	0.731731	0.000263563	18.03
0.913431	0.79236	0.000261776	18.045
0.862185	0.849795	0.000259883	18.06
0.807482	0.903823	0.000257893	18.075
0.749552	0.954244	0.000255815	18.09
0.688638	1.00088	0.000253659	18.105
0.624992	1.04356	0.000251434	18.12
0.558874	1.08213	0.000249149	18.135
0.490551	1.11647	0.000246814	18.15
0.420296	1.14646	0.000244438	18.165
0.348389	1.172	0.000242032	18.18
0.275111	1.19302	0.000239606	18.195
0.200748	1.20944	0.000237169	18.21
0.125587	1.22123	0.000234732	18.225
0.0499164	1.22836	0.000232303	18.24
-0.0259767	1.23082	0.000229894	18.255
-0.101806	1.22862	0.000227513	18.27
-0.177288	1.22178	0.000225169	18.285
-0.252142	1.21035	0.000222872	18.3
-0.326092	1.19439	0.000220631	18.315
-0.398868	1.17397	0.000218454	18.33
-0.470204	1.14919	0.000216351	18.345
-0.539844	1.12014	0.000214327	18.36
-0.607538	1.08695	0.000212393	18.375
-0.673044	1.04976	0.000210554	18.39
-0.736133	1.00871	0.000208817	18.405
-0.796582	0.963971	0.00020719	18.42
-0.854182	0.915709	0.000205678	18.435
-0.908733	0.864111	0.000204287	18.45
-0.960049	0.809373	0.000203022	18.465
-1.00796	0.751702	0.000201888	18.48
-1.05229	0.691311	0.000200888	18.495
-1.09291	0.628425	0.000200027	18.51
-1.12968	0.563273	0.000199308	18.525
-1.16247	0.496093	0.000198733	18.54
-1.19119	0.427127	0.000198304	18.555
-1.21575	0.356625	0.000198024	18.57
-1.23606	0.284837	0.000197893	18.585
-1.25207	0.212019	0.000197912	18.6
-1.26373	0.138427	0.000198081	18.615
-1.27102	0.0643207	0.000198399	18.63
-1.27392	-0.0100411	0.000198866	18.645
-1.27243	-0.0843998	0.000199479	18.66
-1.26656	-0.158498	0.000200238	18.675
-1.25635	-0.23208	0.000201139	18.69
-1.24183	-0.304893	0.000202181	18.705
-1.22308	-0.376689	0.000203358	18.72
-1.20016	-0.447224	0.000204668	18.735
-1.17316	-0.516258	0.000206106	18.75
-1.14219	-0.583559	0.000207667	18.765
-1.10734	-0.6489	0.000209347	18.78
-1.06876	-0.712064	0.00021114	18.795
-1.02657	-0.772838	0.00021304	18.81
-0.980939	-0.831022	0.000215042	18.825
-0.932012	-0.886423	0.000217137	18.84
-0.879966	-0.938859	0.000219321	18.855
-0.824981	-0.988158	0.000221585	18.87
-0.767248	-1.03416	0.000223923	18.885
-0.706964	-1.07671	0.000226327	18.9
-0.644337	-1.11568	0.000228789	18.915
-0.579579	-1.15093	0.000231302	18.93
-0.512912	-1.18237	0.000233857	18.945
-0.444559	-1.20988	0.000236447	18.96
-0.374753	-1.23338	0.000239063	18.975
-0.303728	-1.25279	0.000241697	18.99
-0.231721	-1.26807	0.00024434	19.005
-0.158974	-1.27915	0.000246984	19.02
-0.0857288	-1.28602	0.000249622	19.035
-0.0122301	-1.28864	0.000252244	19.05
0.0612784	-1.28702	0.000254843	19.065
0.134553	-1.28117	0.00025741	19.08
0.207352	-1.27111	0.000259937	19.095
0.279434	-1.25687	0.000262417	19.11
0.350562	-1.23852	0.000264842	19.125
0.420501	-1.2161	0.000267204	19.14
0.489022	-1.1897	0.000269496	19.155
0.5559	-1.15941	0.000271712	19.17
0.620915	-1.12533	0.000273844	19.185
0.683854	-1.08757	0.000275885	19.2
0.744511	-1.04627	0.00027783	19.215
0.802688	-1.00155	0.000279673	19.23
0.858195	-0.953574	0.000281409	19.245
0.910849	-0.902492	0.000283031	19.26
0.96048	-0.848475	0.000284535	19.275
1.00692	-0.791702	0.000285918	19.29
1.05003	-0.732361	0.000287174	19.305
1.08966	-0.670646	0.0002883	19.32
1.12568	-0.60676	0.000289293	19.335
1.15797	-0.540914	0.00029015	19.35
1.18643	-0.473324	0.00029087	19.365
1.21096	-0.404211	0.000291449	19.38
1.23149	-0.333803	0.000291886	19.395
1.24794	-0.262331	0.000292182	19.41
1.26027	-0.190029	0.000292334	19.425
1.26842	-0.117135	0.000292343	19.44
1.27238	-0.0438879	0.00029221	19.455
1.27212	0.0294716	0.000291935	19.47
1.26765	0.102702	0.00029152	19.485
1.25899	0.175563	0.000290966	19.5
1.24615	0.247814	0.000290276	19.515
1.22917	0.319218	0.000289452	19.53
1.20812	0.389538	0.000288497	19.545
1.18305	0.458542	0.000287416	19.56
1.15406	0.526002	0.000286212	19.575
1.12122	0.591694	0.000284889	19.59
1.08465	0.6554	0.000283452	19.605
1.04447	0.716908	0.000281906	19.62
1.0008	0.776013	0.000280257	19.635
0.953783	0.832516	0.000278511	19.65
0.903578	0.886228	0.000276674	19.665
0.850344	0.936968	0.000274751	19.68
0.794256	0.984565	0.000272751	19.695
0.735497	1.02886	0.00027068	19.71
0.67426	1.06969	0.000268546	19.725
0.610745	1.10693	0.000266355	19.74
0.545162	1.14045	0.000264116	19.755
0.477726	1.17012	0.000261837	19.77
0.408662	1.19585	0.000259525	19.785
0.338197	1.21754	0.000257189	19.8
0.266567	1.23512	0.000254837	19.815
0.194009	1.24851	0.000252477	19.83
0.120767	1.25767	0.000250119	19.845
0.0470866	1.26257	0.00024777	19.86
-0.026785	1.26317	0.000245438	19.875
-0.100598	1.25946	0.000243132	19.89
-0.174103	1.25146	0.000240861	19.905
-0.24705	1.23918	0.000238633	19.92
-0.31919	1.22266	0.000236456	19.935
-0.390276	1.20194	0.000234337	19.95
-0.460063	1.17709	0.000232285	19.965
-0.528311	1.14818	0.000230308	19.98
-0.594783	1.1153	0.000228412	19.995
-0.659247	1.07857	0.000226605	20.01
-0.721477	1.03809	0.000224894	20.025
-0.781254	0.993996	0.000223286	20.04
-0.838366	0.946437	0.000221786	20.055
-0.892609	0.895566	0.000220401	20.07
-0.943788	0.841554	0.000219136	20.085
-0.991718	0.784579	0.000217997	20.1
-1.03622	0.724833	0.000216988	20.115
-1.07714	0.662518	0.000216114	20.13
-1.11432	0.597846	0.000215378	20.145
-1.14762	0.531039	0.000214784	20.16
-1.1769	0.462324	0.000214335	20.175
-1.20207	0.391941	0.000214033	20.19
-1.22301	0.320133	0.000213881	20.205
-1.23964	0.247152	0.00021388	20.22
-1.25189	0.173254	0.00021403	20.235
-1.25971	0.0987006	0.000214333	20.25
-1.26304	0.0237566	0.000214789	20.265
-1.26187	-0.0513097	0.000215395	20.28
-1.25619	-0.126228	0.000216152	20.295
-1.246	-0.200727	0.000217058	20.31
-1.23132	-0.274536	0.00021811	20.325
-1.2122	-0.347383	0.000219306	20.34
-1.18868	-0.418999	0.000220641	20.355
-1.16085	-0.489118	0.000222113	20.37
-1.12879	-0.557477	0.000223717	20.385
-1.09259	-0.623818	0.000225448	20.4
-1.05239	-0.687888	0.0002273	20.415
-1.00831	-0.74944	0.000229268	20.43
-0.960511	-0.808237	0.000231345	20.445
-0.909152	-0.864048	0.000233524	20.46
-0.854414	-0.916652	0.000235798	20.475
-0.796491	-0.965839	0.000238161	20.49
-0.735589	-1.01141	0.000240602	20.505
-0.671928	-1.05317	0.000243114	20.52
-0.605741	-1.09096	0.000245689	20.535
-0.53727	-1.12461	0.000248317	20.55
-0.46677	-1.15397	0.000250989	20.565
-0.394504	-1.17892	0.000253695	20.58
-0.320745	-1.19933	0.000256426	20.595
-0.245775	-1.21511	0.000259171	20.61
-0.169882	-1.22618	0.000261921	20.625
-0.0933589	-1.23247	0.000264664	20.64
-0.0165059	-1.23393	0.000267392	20.655
0.0603738	-1.23055	0.000270094	20.67
0.136974	-1.22231	0.000272759	20.685
0.212987	-1.20921	0.000275376	20.7
0.288105	-1.1913	0.000277937	20.715
0.362019	-1.16861	0.000280431	20.73
0.434423	-1.14123	0.000282848	20.745
0.505015	-1.10923	0.000285178	20.76
0.573497	-1.07273	0.000287412	20.775
0.639575	-1.03185	0.000289541	20.79
0.702964	-0.986747	0.000291556	20.805
0.763386	-0.937576	0.000293449	20.82
0.820572	-0.884527	0.000295212	20.835
0.874265	-0.827803	0.000296837	20.85
0.924219	-0.767622	0.000298318	20.865
0.970202	-0.704223	0.000299647	20.88
1.01199	-0.637859	0.00030082	20.895
1.04939	-0.568798	0.00030183	20.91
1.08221	-0.497325	0.000302673	20.925
1.11028	-0.423737	0.000303345	20.94
1.13346	-0.348343	0.000303843	20.955
1.1516	-0.271463	0.000304165	20.97
1.16461	-0.193431	0.000304308	20.985
1.17239	-0.114585	0.000304271	21
1.17487	-0.0352755	0.000304054	21.015
1.17202	0.0441447	0.000303658	21.03
1.16381	0.123316	0.000303084	21.045
1.15025	0.201875	0.000302334	21.06
1.13136	0.279457	0.000301411	21.075
1.1072	0.355699	0.000300319	21.09
1.07785	0.430237	0.000299063	21.105
1.04341	0.50271	0.000297648	21.12
1.004	0.572764	0.00029608	21.135
0.959792	0.64005	0.000294367	21.15
0.910952	0.704229	0.000292516	21.165
0.857685	0.76497	0.000290537	21.18
0.800219	0.821956	0.000288438	21.195
0.738805	0.874883	0.000286229	21.21
0.673717	0.923463	0.000283922	21.225
0.605249	0.967423	0.000281528	21.24
0.533718	1.00651	0.000279058	21.255
0.459461	1.0405	0.000276526	21.27
0.382833	1.06917	0.000273944	21.285
0.304205	1.09235	0.000271326	21.3
0.223967	1.10987	0.000268686	21.315
0.14252	1.1216	0.000266038	21.33
0.0602784	1.12743	0.000263397	21.345
-0.0223314	1.12728	0.000260776	21.36
-0.104876	1.12112	0.000258192	21.375
-0.186914	1.10892	0.000255659	21.39
-0.268002	1.0907	0.000253191	21.405
-0.347692	1.06651	0.000250804	21.42
-0.425538	1.03644	0.000248511	21.435
-0.501095	1.0006	0.000246328	21.45
-0.573925	0.959138	0.000244267	21.465
-0.643598	0.912245	0.000242343	21.48
-0.709692	0.860138	0.000240568	21.495
-0.7718	0.803067	0.000238954	21.51
-0.829531	0.741317	0.000237513	21.525
-0.882511	0.675205	0.000236256	21.54
-0.930388	0.605078	0.000235192	21.555
-0.972834	0.531315	0.000234331	21.57
-1.00955	0.45432	0.00023368	21.585
-1.04025	0.374528	0.000233245	21.6
-1.06471	0.292397	0.000233033	21.615
-1.08271	0.208406	0.000233048	21.63
-1.09408	0.123057	0.000233293	21.645
-1.09869	0.0368703	0.000233768	21.66
-1.09644	-0.0496197	0.000234475	21.675
-1.08728	-0.135866	0.000235412	21.69
-1.07119	-0.221312	0.000236577	21.705
-1.04823	-0.305396	0.000237964	21.72
-1.01846	-0.387552	0.000239568	21.735
-0.982011	-0.467218	0.000241382	21.75
-0.939066	-0.543835	0.000243397	21.765
-0.889843	-0.616854	0.000245601	21.78
-0.834613	-0.685738	0.000247983	21.795
-0.773694	-0.749969	0.00025053	21.81
-0.707449	-0.80905	0.000253226	21.825
-0.636288	-0.862507	0.000256056	21.84
-0.560666	-0.9099	0.000259	21.855
-0.481077	-0.950819	0.000262041	21.87
-0.398057	-0.984895	0.000265159	21.885
-0.312179	-1.0118	0.000268332	21.9
-0.224051	-1.03125	0.000271538	21.915
-0.134312	-1.04302	0.000274755	21.93
-0.0436255	-1.04693	0.00027796	21.945
0.0473188	-1.04285	0.000281129	21.96
0.137815	-1.03072	0.000284237	21.975
0.227142	-1.01055	0.000287261	21.99
0.314574	-0.982392	0.000290176	22.005
0.399379	-0.946385	0.00029296	22.02
0.480832	-0.902725	0.000295588	22.035
0.558216	-0.85168	0.000298039	22.05
0.63083	-0.793585	0.00030029	22.065
0.697997	-0.728846	0.000302321	22.08
0.759071	-0.657934	0.000304113	22.095
0.81344	-0.581389	0.00030565	22.11
0.860537	-0.499814	0.000306914	22.125
0.899845	-0.413872	0.000307894	22.14
0.930906	-0.324284	0.000308576	22.155
0.953323	-0.231825	0.000308953	22.17
0.966772	-0.137316	0.000309018	22.185
0.971004	-0.0416219	0.000308767	22.2
0.965851	0.0543587	0.000308201	22.215
0.951233	0.149699	0.000307321	22.23
0.927161	0.243452	0.000306134	22.245
0.893743	0.334662	0.000304648	22.26
0.851181	0.422368	0.000302875	22.275
0.799782	0.50562	0.000300832	22.29
0.739952	0.583488	0.000298536	22.305
0.6722	0.655071	0.00029601	22.32
0.597134	0.719506	0.00029328	22.335
0.515461	0.775988	0.000290372	22.35
0.427984	0.823773	0.00028732	22.365
0.335595	0.862193	0.000284155	22.38
0.23927	0.890667	0.000280915	22.395
0.140061	0.908712	0.000277636	22.41
0.0390875	0.915954	0.00027436	22.425
-0.0624745	0.912137	0.000271125	22.44
-0.163405	0.89713	0.000267975	22.455
-0.262451	0.870941	0.000264951	22.47
-0.358346	0.833714	0.000262094	22.485
-0.449818	0.785745	0.000259445	22.5
-0.535615	0.727475	0.000257045	22.515
-0.614517	0.6595	0.00025493	22.53
-0.685356	0.582565	0.000253135	22.545
-0.747034	0.497563	0.000251693	22.56
-0.798547	0.405531	0.00025063	22.575
-0.838998	0.307639	0.000249971	22.59
-0.867619	0.205185	0.000249734	22.605
-0.88379	0.0995782	0.000249931	22.62
-0.887055	-0.00767728	0.00025057	22.635
-0.877139	-0.114997	0.000251651	22.65
-0.853961	-0.220741	0.000253167	22.665
-0.817645	-0.323235	0.000255105	22.68
-0.768532	-0.420794	0.000257443	22.695
-0.707183	-0.511757	0.000260155	22.71
-0.634386	-0.59451	0.000263203	22.725
-0.55115	-0.667517	0.000266547	22.74
-0.4587	-0.729358	0.000270136	22.755
-0.358472	-0.778752	0.000273916	22.77
-0.252093	-0.814598	0.000277826	22.785
-0.141363	-0.835997	0.0002818	22.8
-0.028231	-0.842287	0.00028577	22.815
0.0852337	-0.833067	0.000289664	22.83
0.196878	-0.80822	0.000293409	22.845
0.304501	-0.767933	0.000296932	22.86
0.405901	-0.712709	0.000300163	22.875
0.498915	-0.643376	0.000303034	22.89
0.581477	-0.561088	0.000305483	22.905
0.651658	-0.46732	0.000307452	22.92
0.707726	-0.36385	0.000308894	22.935
0.748192	-0.252741	0.00030977	22.95
0.771863	-0.136306	0.000310054	22.965
0.777881	-0.0170718	0.000309731	22.98
0.765772	0.102274	0.000308801	22.995
0.735472	0.218937	0.000307276	23.01
0.687359	0.330079	0.000305186	23.025
0.622265	0.43289	0.000302573	23.04
0.541482	0.524664	0.000299498	23.055
0.446756	0.602875	0.000296031	23.07
0.340263	0.665254	0.00029226	23.085
0.224575	0.709873	0.00028828	23.1
0.102612	0.735212	0.000284199	23.115
-0.0224264	0.740228	0.000280128	23.13
-0.147135	0.724415	0.000276186	23.145
-0.267994	0.687843	0.000272489	23.16
-0.38147	0.631194	0.000269153	23.175
-0.484124	0.55577	0.000266284	23.19
-0.572723	0.463485	0.000263981	23.205
-0.644356	0.356838	0.000262327	23.22
-0.696543	0.238864	0.000261387	23.235
-0.727341	0.113054	0.000261208	23.25
-0.735433	-0.0167291	0.000261812	23.265
-0.720208	-0.146374	0.000263196	23.28
-0.68181	-0.271646	0.000265332	23.295
-0.621171	-0.38833	0.000268164	23.31
-0.540014	-0.492383	0.000271612	23.325
-0.44082	-0.580088	0.000275572	23.34
-0.326776	-0.648201	0.00027992	23.355
-0.201681	-0.694096	0.000284513	23.37
-0.0698249	-0.715878	0.000289197	23.385
0.0641507	-0.712494	0.00029381	23.4
0.195423	-0.68379	0.000298191	23.415
0.319167	-0.630558	0.000302182	23.43
0.430746	-0.554527	0.000305637	23.445
0.525898	-0.458325	0.000308429	23.46
0.60092	-0.345397	0.000310452	23.475
0.652824	-0.219888	0.000311631	23.49
0.679483	-0.0864909	0.00031192	23.505
0.679725	0.0497351	0.000311308	23.52
0.653405	0.183562	0.00030982	23.535
0.601425	0.309808	0.000307515	23.55
0.525709	0.42355	0.000304486	23.565
0.429137	0.520331	0.000300853	23.58
0.315432	0.596347	0.000296763	23.595
0.189009	0.64861	0.000292381	23.61
0.0547966	0.675076	0.000287883	23.625
-0.0819675	0.674727	0.00028345	23.64
-0.215955	0.647614	0.00027926	23.655
-0.341968	0.594849	0.000275482	23.67
-0.455151	0.518554	0.000272266	23.685
-0.551185	0.421761	0.000269739	23.7
-0.626462	0.308283	0.000268001	23.715
-0.678221	0.182543	0.00026712	23.73
-0.704643	0.04939	0.000267128	23.745
-0.704907	-0.086106	0.000268026	23.76
-0.679203	-0.218859	0.000269779	23.775
-0.628705	-0.343969	0.000272319	23.79
-0.555491	-0.456908	0.000275551	23.805
-0.46245	-0.553682	0.000279356	23.82
-0.353138	-0.630976	0.000283597	23.835
-0.231628	-0.68625	0.000288122	23.85
-0.10234	-0.717814	0.000292775	23.865
0.0301338	-0.72486	0.000297397	23.88
0.161204	-0.707458	0.000301834	23.895
0.286449	-0.666522	0.000305944	23.91
0.401762	-0.603744	0.000309599	23.925
0.503487	-0.521502	0.000312689	23.94
0.588519	-0.422752	0.000315128	23.955
0.654392	-0.310899	0.000316851	23.97
0.699329	-0.189667	0.00031782	23.985
0.722268	-0.0629609	0.000318022	24
0.722866	0.0652696	0.000317467	24.015
0.701473	0.191155	0.000316188	24.03
0.659088	0.311024	0.000314241	24.045
0.597296	0.421507	0.000311696	24.06
0.518192	0.519619	0.000308641	24.075
0.424292	0.602833	0.000305174	24.09
0.318437	0.669126	0.000301402	24.105
0.203698	0.717012	0.000297435	24.12
0.0832749	0.745554	0.000293387	24.135
-0.0395955	0.754362	0.000289368	24.15
-0.161731	0.743572	0.000285484	24.165
-0.280084	0.713816	0.000281833	24.18
-0.391813	0.666178	0.000278504	24.195
-0.494344	0.602141	0.000275576	24.21
-0.58542	0.523527	0.000273113	24.225
-0.663138	0.432438	0.000271167	24.24
-0.725977	0.331185	0.000269777	24.255
-0.77281	0.222226	0.000268966	24.27
-0.802911	0.108098	0.000268745	24.285
-0.815944	-0.00864306	0.00026911	24.3
-0.811957	-0.12548	0.000270046	24.315
-0.791351	-0.239987	0.000271525	24.33
-0.754859	-0.349877	0.00027351	24.345
-0.703507	-0.453043	0.000275955	24.36
-0.638579	-0.547588	0.000278806	24.375
-0.561577	-0.631854	0.000282004	24.39
-0.47418	-0.704443	0.000285484	24.405
-0.378199	-0.764225	0.00028918	24.42
-0.275539	-0.810349	0.000293023	24.435
-0.168154	-0.842244	0.000296944	24.45
-0.0580129	-0.859611	0.000300876	24.465
0.0529384	-0.862415	0.000304753	24.48
0.162811	-0.850874	0.000308513	24.495
0.269801	-0.825436	0.000312099	24.51
0.372217	-0.786767	0.000315457	24.525
0.468501	-0.73572	0.00031854	24.54
0.557249	-0.673317	0.000321307	24.555
0.637222	-0.600722	0.000323723	24.57
0.70736	-0.519215	0.00032576	24.585
0.766789	-0.430166	0.000327395	24.6
0.814821	-0.33501	0.000328615	24.615
0.850961	-0.235222	0.00032941	24.63
0.8749	-0.132294	0.000329779	24.645
0.886509	-0.027712	0.000329725	24.66
0.885838	0.0770659	0.000329259	24.675
0.873098	0.180626	0.000328396	24.69
0.848659	0.281618	0.000327156	24.705
0.81303	0.378769	0.000325562	24.72
0.766849	0.470897	0.000323643	24.735
0.710868	0.556922	0.00032143	24.75
0.645938	0.635877	0.000318958	24.765
0.572993	0.706908	0.000316261	24.78
0.493035	0.769289	0.000313378	24.795
0.407119	0.822416	0.000310347	24.81
0.316337	0.865815	0.000307209	24.825
0.221804	0.899137	0.000304001	24.84
0.124643	0.922161	0.000300763	24.855
0.0259745	0.934784	0.000297533	24.87
-0.0730992	0.937025	0.000294348	24.885
-0.171504	0.929014	0.000291242	24.9
-0.268203	0.910986	0.000288251	24.915
-0.362209	0.883275	0.000285403	24.93
-0.452592	0.846309	0.00028273	24.945
-0.538482	0.800594	0.000280255	24.96
-0.619084	0.746715	0.000278004	24.975
-0.693674	0.685317	0.000275996	24.99
-0.76161	0.617105	0.00027425	25.005
-0.822329	0.542829	0.000272779	25.02
-0.875355	0.463275	0.000271596	25.035
-0.920297	0.379259	0.000270708	25.05
-0.956848	0.291617	0.000270122	25.065
-0.984787	0.201194	0.00026984	25.08
-1.00398	0.108841	0.000269861	25.095
-1.01436	0.0154001	0.000270184	25.11
-1.01597	-0.0782956	0.000270802	25.125
-1.00889	-0.171434	0.000271708	25.14
-0.993298	-0.263227	0.000272892	25.155
-0.969434	-0.352918	0.00027434	25.17
-0.937598	-0.439789	0.00027604	25.185
-0.898151	-0.52316	0.000277975	25.2
-0.851507	-0.602398	0.000280128	25.215
-0.798125	-0.676918	0.00028248	25.23
-0.738511	-0.746185	0.000285011	25.245
-0.673204	-0.809722	0.000287701	25.26
-0.602777	-0.867104	0.000290527	25.275
-0.527828	-0.917964	0.000293469	25.29
-0.448976	-0.961993	0.000296502	25.305
-0.366855	-0.998943	0.000299606	25.32
-0.282107	-1.02862	0.000302756	25.335
-0.195381	-1.05089	0.000305931	25.35
-0.107326	-1.06567	0.000309109	25.365
-0.0185837	-1.07294	0.000312267	25.38
0.0702105	-1.07274	0.000315385	25.395
0.158436	-1.06513	0.000318443	25.41
0.245489	-1.05027	0.00032142	25.425
0.330787	-1.02832	0.000324299	25.44
0.413772	-0.999504	0.000327062	25.455
0.493911	-0.964093	0.000329692	25.47
0.570703	-0.922386	0.000332175	25.485
0.643679	-0.874721	0.000334496	25.5
0.712402	-0.821469	0.000336644	25.515
0.776475	-0.763027	0.000338607	25.53
0.835535	-0.699819	0.000340375	25.545
0.88926	-0.63229	0.000341941	25.56
0.937365	-0.560903	0.000343296	25.575
0.979608	-0.486137	0.000344436	25.59
1.01579	-0.408482	0.000345357	25.605
1.04574	-0.328435	0.000346055	25.62
1.06934	-0.2465	0.000346531	25.635
1.08651	-0.163182	0.000346783	25.65
1.09721	-0.0789853	0.000346814	25.665
1.10143	0.00559035	0.000346625	25.68
1.0992	0.0900517	0.000346221	25.695
1.0906	0.173915	0.000345608	25.71
1.07574	0.256708	0.00034479	25.725
1.05474	0.337974	0.000343776	25.74
1.02779	0.41727	0.000342573	25.755
0.99507	0.494175	0.00034119	25.77
0.956823	0.568286	0.000339638	25.785
0.913298	0.639221	0.000337927	25.8
0.864776	0.706625	0.000336069	25.815
0.811558	0.770164	0.000334075	25.83
0.753963	0.829531	0.000331958	25.845
0.692332	0.884448	0.000329731	25.86
0.627018	0.934662	0.000327406	25.875
0.55839	0.979949	0.000324999	25.89
0.486827	1.02011	0.000322522	25.905
0.412718	1.05499	0.000319989	25.92
0.336458	1.08444	0.000317415	25.935
0.258446	1.10837	0.000314813	25.95
0.179086	1.12668	0.000312198	25.965
0.0987815	1.13933	0.000309583	25.98
0.0179346	1.1463	0.000306982	25.995
-0.0630556	1.1476	0.000304407	26.01
-0.143795	1.14326	0.000301873	26.025
-0.223896	1.13334	0.000299391	26.04
-0.302981	1.11792	0.000296975	26.055
-0.38068	1.09713	0.000294635	26.07
-0.456636	1.07109	0.000292383	26.085
-0.530505	1.03996	0.000290229	26.1
-0.601958	1.00393	0.000288184	26.115
-0.670679	0.963182	0.000286257	26.13
-0.736371	0.917944	0.000284456	26.145
-0.798754	0.868449	0.00028279	26.16
-0.857566	0.81495	0.000281267	26.175
-0.912565	0.757713	0.000279892	26.19
-0.963529	0.697018	0.000278671	26.205
-1.01026	0.633156	0.000277611	26.22
-1.05256	0.56643	0.000276714	26.235
-1.0903	0.497149	0.000275985	26.25
-1.12331	0.425632	0.000275427	26.265
-1.1515	0.352203	0.000275041	26.28
-1.17476	0.27719	0.000274828	26.295
-1.19303	0.200924	0.00027479	26.31
-1.20626	0.123738	0.000274927	26.325
-1.21442	0.0459653	0.000275236	26.34
-1.21749	-0.0320634	0.000275717	26.355
-1.21551	-0.110019	0.000276366	26.37
-1.2085	-0.187576	0.000277182	26.385
-1.19652	-0.264416	0.000278161	26.4
-1.17965	-0.340224	0.000279297	26.415
-1.15797	-0.414695	0.000280587	26.43
-1.13162	-0.487531	0.000282024	26.445
-1.10071	-0.558446	0.000283603	26.46
-1.06539	-0.627161	0.000285318	26.475
-1.02584	-0.693411	0.00028716	26.49
-0.982221	-0.756945	0.000289123	26.505
-0.934736	-0.81752	0.000291199	26.52
-0.883591	-0.874913	0.00029338	26.535
-0.829004	-0.928912	0.000295657	26.55
-0.771207	-0.97932	0.000298021	26.565
-0.71044	-1.02596	0.000300464	26.58
-0.646954	-1.06866	0.000302975	26.595
-0.581006	-1.10728	0.000305546	26.61
-0.512863	-1.14169	0.000308167	26.625
-0.442795	-1.17177	0.000310828	26.64
-0.371079	-1.19743	0.00031352	26.655
-0.297995	-1.21859	0.000316232	26.67
-0.223825	-1.23519	0.000318954	26.685
-0.148854	-1.24718	0.000321678	26.7
-0.073368	-1.25454	0.000324393	26.715
0.00234971	-1.25726	0.000327089	26.73
0.0780154	-1.25535	0.000329758	26.745
0.153348	-1.24884	0.00033239	26.76
0.228071	-1.23776	0.000334976	26.775
0.301911	-1.22218	0.000337506	26.79
0.3746	-1.20216	0.000339974	26.805
0.445877	-1.17781	0.000342369	26.82
0.515487	-1.14921	0.000344685	26.835
0.583184	-1.11651	0.000346914	26.85
0.648729	-1.07981	0.000349048	26.865
0.711895	-1.03928	0.000351082	26.88
0.772461	-0.995072	0.000353007	26.895
0.830222	-0.947355	0.000354819	26.91
0.884979	-0.896312	0.000356511	26.925
0.936547	-0.842135	0.000358079	26.94
0.984756	-0.785027	0.000359518	26.955
1.02944	-0.725199	0.000360824	26.97
1.07047	-0.662871	0.000361993	26.985
1.10769	-0.598268	0.000363022	27
1.14099	-0.531624	0.000363908	27.015
1.17028	-0.463178	0.00036465	27.03
1.19545	-0.393172	0.000365245	27.045
1.21643	-0.321855	0.000365692	27.06
1.23316	-0.249477	0.000365991	27.075
1.2456	-0.176291	0.000366142	27.09
1.25372	-0.10255	0.000366144	27.105
1.25749	-0.0285096	0.000366	27.12
1.25691	0.0455766	0.00036571	27.135
1.25201	0.119455	0.000365276	27.15
1.2428	0.192876	0.0003647	27.165
1.22934	0.265589	0.000363986	27.18
1.21166	0.337351	0.000363136	27.195
1.18986	0.407921	0.000362155	27.21
1.16399	0.477064	0.000361045	27.225
1.13418	0.544551	0.000359813	27.24
1.10051	0.610158	0.000358462	27.255
1.06312	0.673669	0.000356998	27.27
1.02214	0.734877	0.000355427	27.285
0.977705	0.793583	0.000353754	27.3
0.929977	0.849595	0.000351987	27.315
0.87912	0.902733	0.00035013	27.33
0.825308	0.952827	0.000348192	27.345
0.768724	0.999715	0.000346179	27.36
0.709562	1.04325	0.000344098	27.375
0.64802	1.08329	0.000341957	27.39
0.584306	1.11972	0.000339764	27.405
0.518632	1.15241	0.000337526	27.42
0.451217	1.18127	0.000335251	27.435
0.382284	1.20621	0.000332948	27.45
0.312062	1.22715	0.000330624	27.465
0.240782	1.24403	0.000328287	27.48
0.168678	1.25681	0.000325946	27.495
0.0959857	1.26543	0.000323608	27.51
0.0229427	1.2699	0.000321282	27.525
-0.0502134	1.27018	0.000318976	27.54
-0.123245	1.26629	0.000316697	27.555
-0.195916	1.25825	0.000314454	27.57
-0.26799	1.24608	0.000312254	27.585
-0.339236	1.22983	0.000310104	27.6
-0.409425	1.20956	0.000308013	27.615
-0.47833	1.18533	0.000305987	27.63
-0.545731	1.15723	0.000304032	27.645
-0.611412	1.12536	0.000302157	27.66
-0.675163	1.08981	0.000300367	27.675
-0.73678	1.0507	0.000298669	27.69
-0.796068	1.00817	0.000297067	27.705
-0.852837	0.962348	0.000295569	27.72
-0.906907	0.913388	0.000294178	27.735
-0.958106	0.861448	0.000292901	27.75
-1.00627	0.806696	0.000291741	27.765
-1.05125	0.74931	0.000290702	27.78
-1.0929	0.689473	0.000289789	27.795
-1.13109	0.627379	0.000289004	27.81
-1.1657	0.563227	0.000288351	27.825
-1.19662	0.497223	0.000287832	27.84
-1.22375	0.429578	0.000287449	27.855
-1.247	0.36051	0.000287203	27.87
-1.2663	0.290238	0.000287097	27.885
-1.2816	0.218989	0.00028713	27.9
-1.29284	0.14699	0.000287304	27.915
-1.29998	0.0744706	0.000287617	27.93
-1.30301	0.00166275	0.00028807	27.945
-1.30191	-0.0712008	0.000288662	27.96
-1.29669	-0.143887	0.000289391	27.975
-1.28736	-0.216164	0.000290254	27.99
-1.27395	-0.2878	0.000291251	28.005
-1.25651	-0.358567	0.000292379	28.02
-1.23508	-0.428236	0.000293633	28.035
-1.20974	-0.496586	0.000295011	28.05
-1.18057	-0.563397	0.000296509	28.065
-1.14765	-0.628454	0.000298122	28.08
-1.1111	-0.691549	0.000299846	28.095
-1.07102	-0.752476	0.000301676	28.11
-1.02754	-0.811041	0.000303607	28.125
-0.980805	-0.867054	0.000305632	28.14
-0.930957	-0.920333	0.000307746	28.155
-0.878155	-0.970705	0.000309943	28.17
-0.822567	-1.01801	0.000312216	28.185
-0.76437	-1.06208	0.000314558	28.2
-0.703749	-1.10278	0.000316962	28.215
-0.640897	-1.13998	0.000319421	28.23
-0.576015	-1.17355	0.000321928	28.245
-0.509311	-1.20338	0.000324475	28.26
-0.440998	-1.22937	0.000327054	28.275
-0.371296	-1.25143	0.000329658	28.29
-0.30043	-1.26949	0.000332278	28.305
-0.228628	-1.28347	0.000334907	28.32
-0.156123	-1.29334	0.000337536	28.335
-0.0831481	-1.29905	0.000340157	28.35
-0.00994212	-1.30058	0.000342763	28.365
0.0632568	-1.29792	0.000345345	28.38
0.13621	-1.29108	0.000347895	28.395
0.208677	-1.28005	0.000350405	28.41
0.280421	-1.26489	0.000352868	28.425
0.351204	-1.24563	0.000355276	28.44
0.420793	-1.22233	0.000357621	28.455
0.488957	-1.19505	0.000359896	28.47
0.555467	-1.16388	0.000362093	28.485
0.620101	-1.12892	0.000364207	28.5
0.682642	-1.09028	0.00036623	28.515
0.742879	-1.04807	0.000368155	28.53
0.800606	-1.00244	0.000369977	28.545
0.855626	-0.953518	0.000371691	28.56
0.907751	-0.901471	0.000373289	28.575
0.956801	-0.846464	0.000374768	28.59
1.0026	-0.788674	0.000376123	28.605
1.045	-0.728291	0.000377348	28.62
1.08383	-0.665512	0.000378442	28.635
1.11897	-0.600542	0.000379399	28.65
1.15029	-0.533597	0.000380217	28.665
1.17767	-0.464899	0.000380893	28.68
1.201	-0.394677	0.000381425	28.695
1.2202	-0.323166	0.000381811	28.71
1.2352	-0.250608	0.000382051	28.725
1.24592	-0.177247	0.000382143	28.74
1.25233	-0.103335	0.000382088	28.755
1.25438	-0.0291227	0.000381885	28.77
1.25206	0.0451333	0.000381536	28.785
1.24537	0.119177	0.000381041	28.8
1.23432	0.192749	0.000380402	28.815
1.21893	0.265594	0.000379623	28.83
1.19924	0.337455	0.000378705	28.845
1.17531	0.408077	0.000377652	28.86
1.1472	0.477208	0.000376468	28.875
1.11502	0.544601	0.000375156	28.89
1.07885	0.610011	0.000373723	28.905
1.03881	0.6732	0.000372172	28.92
0.995039	0.733937	0.00037051	28.935
0.94767	0.791996	0.000368743	28.95
0.896865	0.84716	0.000366876	28.965
0.842793	0.899222	0.000364918	28.98
0.785639	0.947982	0.000362875	28.995
0.725598	0.993253	0.000360755	29.01
0.662878	1.03486	0.000358566	29.025
0.597697	1.07263	0.000356316	29.04
0.530286	1.10642	0.000354014	29.055
0.460883	1.13609	0.000351668	29.07
0.389735	1.16151	0.000349288	29.085
0.317101	1.18257	0.000346882	29.1
0.243243	1.19918	0.000344461	29.115
0.168432	1.21125	0.000342033	29.13
0.0929441	1.21873	0.000339608	29.145
0.0170606	1.22156	0.000337196	29.16
-0.0589339	1.21972	0.000334806	29.175
-0.134752	1.21319	0.000332449	29.19
-0.210104	1.20198	0.000330134	29.205
-0.284699	1.18611	0.00032787	29.22
-0.358249	1.16563	0.000325667	29.235
-0.430465	1.14058	0.000323534	29.25
-0.501061	1.11105	0.000321481	29.265
-0.569754	1.07712	0.000319517	29.28
-0.636268	1.03892	0.000317649	29.295
-0.700331	0.996576	0.000315887	29.31
-0.761678	0.950229	0.000314238	29.325
-0.820054	0.900047	0.00031271	29.34
-0.87521	0.84621	0.00031131	29.355
-0.92691	0.788917	0.000310046	29.37
-0.974929	0.72838	0.000308923	29.385
-1.01905	0.664828	0.000307948	29.4
-1.05908	0.598505	0.000307125	29.415
-1.09484	0.529667	0.00030646	29.43
-1.12614	0.458582	0.000305956	29.445
-1.15285	0.385534	0.000305618	29.46
-1.17482	0.310815	0.000305447	29.475
-1.19193	0.234728	0.000305447	29.49
-1.20409	0.157584	0.000305618	29.505
-1.21122	0.0797032	0.000305962	29.52
-1.21326	0.00141258	0.000306479	29.535
-1.21018	-0.0769563	0.000307168	29.55
-1.20195	-0.155067	0.000308028	29.565
-1.18858	-0.232582	0.000309057	29.58
-1.1701	-0.309159	0.000310251	29.595
-1.14656	-0.384459	0.000311608	29.61
-1.11803	-0.458142	0.000313123	29.625
-1.08461	-0.529874	0.00031479	29.64
-1.04642	-0.599322	0.000316605	29.655
-1.00359	-0.666161	0.00031856	29.67
-0.956299	-0.730074	0.000320648	29.685
-0.904724	-0.790752	0.000322862	29.7
-0.849075	-0.847896	0.000325192	29.715
-0.789581	-0.901222	0.000327629	29.73
-0.726491	-0.950456	0.000330164	29.745
-0.660077	-0.995344	0.000332786	29.76
-0.590626	-1.03564	0.000335484	29.775
-0.518445	-1.07114	0.000338246	29.79
-0.44386	-1.10162	0.00034106	29.805
-0.36721	-1.12691	0.000343915	29.82
-0.28885	-1.14685	0.000346796	29.835
-0.209149	-1.1613	0.000349692	29.85
-0.128487	-1.17016	0.000352589	29.865
-0.0472531	-1.17334	0.000355473	29.88
0.0341526	-1.17079	0.00035833	29.895
0.115325	-1.16246	0.000361147	29.91
0.195853	-1.14837	0.00036391	29.925
0.275323	-1.12854	0.000366605	29.94
0.353322	-1.10303	0.000369219	29.955
0.429434	-1.07192	0.000371739	29.97
0.503251	-1.03533	0.000374151	29.985
