2.59195	-4.40597	-0.039712	1.58101e-322
2.62721	-4.38328	-0.040595	0.015
2.66244	-4.36054	-0.0414775	0.03
2.69764	-4.33774	-0.0423595	0.045
2.7328	-4.31489	-0.0432409	0.06
2.76792	-4.29198	-0.0441218	0.075
2.80301	-4.26901	-0.0450021	0.09
2.83806	-4.24599	-0.0458818	0.105
2.87308	-4.22291	-0.0467609	0.12
2.90805	-4.19978	-0.0476393	0.135
2.94299	-4.17659	-0.0485172	0.15
2.9779	-4.15335	-0.0493945	0.165
3.01276	-4.13006	-0.0502711	0.18
3.04758	-4.10671	-0.051147	0.195
3.08237	-4.08331	-0.0520223	0.21
3.11711	-4.05985	-0.0528969	0.225
3.15181	-4.03634	-0.0537709	0.24
3.18648	-4.01278	-0.0546441	0.255
3.2211	-3.98917	-0.0555166	0.27
3.25568	-3.96551	-0.0563885	0.285
3.29022	-3.9418	-0.0572596	0.3
3.32472	-3.91804	-0.0581299	0.315
3.35917	-3.89422	-0.0589996	0.33
3.39359	-3.87036	-0.0598685	0.345
3.42796	-3.84645	-0.0607366	0.36
3.46228	-3.82249	-0.061604	0.375
3.49657	-3.79848	-0.0624706	0.39
3.53081	-3.77443	-0.0633364	0.405
3.565	-3.75033	-0.0642015	0.42
3.59916	-3.72618	-0.0650657	0.435
3.63326	-3.70199	-0.0659291	0.45
3.66733	-3.67775	-0.0667918	0.465
3.70135	-3.65347	-0.0676536	0.48
3.73532	-3.62914	-0.0685146	0.495
3.76925	-3.60477	-0.0693748	0.51
3.80313	-3.58035	-0.0702342	0.525
3.83697	-3.55589	-0.0710927	0.54
3.87077	-3.5314	-0.0719504	0.555
3.90451	-3.50685	-0.0728072	0.57
3.93822	-3.48227	-0.0736632	0.585
3.97187	-3.45765	-0.0745183	0.6
4.00548	-3.43299	-0.0753726	0.615
4.03905	-3.40829	-0.076226	0.63
4.07257	-3.38355	-0.0770785	0.645
4.10604	-3.35877	-0.0779302	0.66
4.13947	-3.33396	-0.078781	0.675
4.17285	-3.3091	-0.0796309	0.69
4.20619	-3.28421	-0.08048	0.705
4.23948	-3.25929	-0.0813281	0.72
4.27272	-3.23433	-0.0821754	0.735
4.30592	-3.20933	-0.0830218	0.75
4.33907	-3.1843	-0.0838674	0.765
4.37218	-3.15924	-0.084712	0.78
4.40524	-3.13415	-0.0855558	0.795
4.43825	-3.10902	-0.0863986	0.81
4.47122	-3.08386	-0.0872406	0.825
4.50415	-3.05867	-0.0880817	0.84
4.53703	-3.03344	-0.0889219	0.855
4.56986	-3.00819	-0.0897612	0.87
4.60265	-2.98291	-0.0905997	0.885
4.63539	-2.9576	-0.0914372	0.9
4.66809	-2.93226	-0.0922739	0.915
4.70074	-2.90689	-0.0931097	0.93
4.73335	-2.88149	-0.0939446	0.945
4.76591	-2.85607	-0.0947786	0.96
4.79843	-2.83062	-0.0956117	0.975
4.83091	-2.80514	-0.0964439	0.99
4.86334	-2.77964	-0.0972753	1.005
4.89573	-2.75411	-0.0981058	1.02
4.92807	-2.72856	-0.0989354	1.035
4.96038	-2.70299	-0.0997642	1.05
4.99263	-2.67739	-0.100592	1.065
5.02485	-2.65177	-0.101419	1.08
5.05702	-2.62613	-0.102245	1.095
5.08915	-2.60046	-0.103071	1.11
5.12124	-2.57477	-0.103895	1.125
5.15329	-2.54906	-0.104719	1.14
5.18529	-2.52333	-0.105541	1.155
5.21725	-2.49758	-0.106363	1.17
5.24917	-2.47181	-0.107184	1.185
5.28105	-2.44603	-0.108005	1.2
5.31289	-2.42022	-0.108824	1.215
5.34469	-2.39439	-0.109642	1.23
5.37645	-2.36855	-0.11046	1.245
5.40817	-2.34269	-0.111277	1.26
5.43985	-2.31681	-0.112093	1.275
5.47149	-2.29091	-0.112909	1.29
5.50309	-2.265	-0.113723	1.305
5.53465	-2.23907	-0.114537	1.32
5.56617	-2.21313	-0.11535	1.335
5.59766	-2.18717	-0.116162	1.35
5.6291	-2.16119	-0.116973	1.365
5.66051	-2.1352	-0.117783	1.38
5.69189	-2.1092	-0.118593	1.395
5.72322	-2.08319	-0.119402	1.41
5.75452	-2.05716	-0.12021	1.425
5.78578	-2.03111	-0.121018	1.44
5.817	-2.00506	-0.121824	1.455
5.84819	-1.97899	-0.12263	1.47
5.87935	-1.95291	-0.123435	1.485
5.91046	-1.92682	-0.12424	1.5
5.94155	-1.90071	-0.125044	1.515
5.97259	-1.8746	-0.125847	1.53
6.00361	-1.84847	-0.126649	1.545
6.03459	-1.82234	-0.12745	1.56
6.06553	-1.79619	-0.128251	1.575
6.09644	-1.77004	-0.129051	1.59
6.12732	-1.74387	-0.129851	1.605
6.15817	-1.7177	-0.130649	1.62
6.18898	-1.69151	-0.131447	1.635
6.21976	-1.66532	-0.132244	1.65
6.25051	-1.63912	-0.133041	1.665
6.28123	-1.61291	-0.133837	1.68
6.31191	-1.58669	-0.134632	1.695
6.34257	-1.56046	-0.135427	1.71
6.37319	-1.53423	-0.136221	1.725
6.40379	-1.50799	-0.137014	1.74
6.43435	-1.48174	-0.137807	1.755
6.46488	-1.45549	-0.138599	1.77
6.49538	-1.42922	-0.13939	1.785
6.52586	-1.40296	-0.140181	1.8
6.5563	-1.37668	-0.140971	1.815
6.58672	-1.3504	-0.141761	1.83
6.6171	-1.32411	-0.142549	1.845
6.64746	-1.29782	-0.143338	1.86
6.67779	-1.27153	-0.144125	1.875
6.7081	-1.24522	-0.144912	1.89
6.73837	-1.21891	-0.145699	1.905
6.76862	-1.1926	-0.146485	1.92
6.79884	-1.16628	-0.14727	1.935
6.82904	-1.13996	-0.148055	1.95
6.85921	-1.11364	-0.148839	1.965
6.88935	-1.08731	-0.149623	1.98
6.91947	-1.06097	-0.150406	1.995
6.94956	-1.03463	-0.151188	2.01
6.97962	-1.00829	-0.15197	2.025
7.00966	-0.981943	-0.152751	2.04
7.03968	-0.955594	-0.153532	2.055
7.06967	-0.929241	-0.154313	2.07
7.09964	-0.902885	-0.155092	2.085
7.12958	-0.876526	-0.155872	2.1
7.1595	-0.850164	-0.15665	2.115
7.1894	-0.823799	-0.157429	2.13
7.21927	-0.797431	-0.158206	2.145
7.24912	-0.771061	-0.158984	2.16
7.27895	-0.744689	-0.15976	2.175
7.30876	-0.718314	-0.160537	2.19
7.33854	-0.691937	-0.161312	2.205
7.3683	-0.665558	-0.162087	2.22
7.39804	-0.639177	-0.162862	2.235
7.42776	-0.612794	-0.163637	2.25
7.45745	-0.586409	-0.16441	2.265
7.48713	-0.560022	-0.165184	2.28
7.51678	-0.533635	-0.165957	2.295
7.54641	-0.507245	-0.166729	2.31
7.57603	-0.480854	-0.167501	2.325
7.60562	-0.454462	-0.168273	2.34
7.63519	-0.428069	-0.169044	2.355
7.66474	-0.401674	-0.169814	2.37
7.69428	-0.375279	-0.170585	2.385
7.72379	-0.348883	-0.171354	2.4
7.75329	-0.322485	-0.172124	2.415
7.78276	-0.296087	-0.172893	2.43
7.81222	-0.269689	-0.173661	2.445
7.84166	-0.243289	-0.174429	2.46
7.87108	-0.216889	-0.175197	2.475
7.90048	-0.190489	-0.175964	2.49
7.92986	-0.164088	-0.176731	2.505
7.95923	-0.137686	-0.177498	2.52
7.98858	-0.111285	-0.178264	2.535
8.01791	-0.0848829	-0.17903	2.55
8.04723	-0.0584808	-0.179795	2.565
8.07652	-0.0320786	-0.18056	2.58
8.1058	-0.00567637	-0.181325	2.595
8.13507	0.0207259	-0.182089	2.61
8.16431	0.0471281	-0.182853	2.625
8.19355	0.0735303	-0.183616	2.64
8.22276	0.0999323	-0.184379	2.655
8.25196	0.126334	-0.185142	2.67
8.28114	0.152736	-0.185905	2.685
8.31031	0.179137	-0.186667	2.7
8.33946	0.205538	-0.187428	2.715
8.3686	0.231939	-0.18819	2.73
8.39772	0.258339	-0.188951	2.745
8.42683	0.284739	-0.189712	2.76
8.45592	0.311138	-0.190472	2.775
8.485	0.337536	-0.191232	2.79
8.51406	0.363935	-0.191992	2.805
8.54311	0.390332	-0.192751	2.82
8.57214	0.416729	-0.19351	2.835
8.60116	0.443125	-0.194269	2.85
8.63017	0.469521	-0.195027	2.865
8.65916	0.495915	-0.195786	2.88
8.68814	0.522309	-0.196543	2.895
8.71711	0.548703	-0.197301	2.91
8.74606	0.575095	-0.198058	2.925
8.775	0.601486	-0.198815	2.94
8.80393	0.627877	-0.199572	2.955
8.83284	0.654267	-0.200328	2.97
8.86174	0.680655	-0.201084	2.985
8.89063	0.707043	-0.20184	3
8.91951	0.73343	-0.202595	3.015
8.94837	0.759816	-0.203351	3.03
8.97722	0.786201	-0.204106	3.045
9.00606	0.812584	-0.20486	3.06
9.03489	0.838967	-0.205615	3.075
9.0637	0.865348	-0.206369	3.09
9.09251	0.891729	-0.207123	3.105
9.1213	0.918108	-0.207876	3.12
9.15008	0.944486	-0.208629	3.135
9.17885	0.970863	-0.209383	3.15
9.20761	0.997239	-0.210135	3.165
9.23636	1.02361	-0.210888	3.18
9.26509	1.04999	-0.21164	3.195
9.29382	1.07636	-0.212392	3.21
9.32253	1.10273	-0.213144	3.225
9.35124	1.1291	-0.213896	3.24
9.37993	1.15547	-0.214647	3.255
9.40861	1.18184	-0.215398	3.27
9.43729	1.2082	-0.216149	3.285
9.46595	1.23457	-0.2169	3.3
9.4946	1.26093	-0.21765	3.315
9.52324	1.28729	-0.2184	3.33
9.55188	1.31365	-0.21915	3.345
9.5805	1.34001	-0.2199	3.36
9.60911	1.36637	-0.220649	3.375
9.63772	1.39272	-0.221399	3.39
9.66631	1.41908	-0.222148	3.405
9.6949	1.44543	-0.222896	3.42
9.72347	1.47179	-0.223645	3.435
9.75204	1.49814	-0.224393	3.45
9.78059	1.52449	-0.225142	3.465
9.80914	1.55083	-0.22589	3.48
9.83768	1.57718	-0.226637	3.495
9.86621	1.60353	-0.227385	3.51
9.89473	1.62987	-0.228132	3.525
9.92324	1.65621	-0.22888	3.54
9.95175	1.68255	-0.229627	3.555
9.98024	1.70889	-0.230373	3.57
10.0087	1.73523	-0.23112	3.585
10.0372	1.76157	-0.231866	3.6
10.0657	1.7879	-0.232612	3.615
10.0941	1.81424	-0.233359	3.63
10.1226	1.84057	-0.234104	3.645
10.151	1.8669	-0.23485	3.66
10.1795	1.89323	-0.235595	3.675
10.2079	1.91956	-0.236341	3.69
10.2363	1.94588	-0.237086	3.705
10.2648	1.97221	-0.237831	3.72
10.2932	1.99853	-0.238576	3.735
10.3216	2.02486	-0.23932	3.75
10.35	2.05118	-0.240064	3.765
10.3783	2.0775	-0.240809	3.78
10.4067	2.10381	-0.241553	3.795
10.4351	2.13013	-0.242297	3.81
10.4634	2.15644	-0.24304	3.825
10.4918	2.18276	-0.243784	3.84
10.5202	2.20907	-0.244527	3.855
10.5485	2.23538	-0.245271	3.87
10.5768	2.26169	-0.246014	3.885
10.6052	2.288	-0.246757	3.9
10.6335	2.3143	-0.247499	3.915
10.6618	2.34061	-0.248242	3.93
10.6901	2.36691	-0.248984	3.945
10.7184	2.39321	-0.249727	3.96
10.7467	2.41951	-0.250469	3.975
10.775	2.44581	-0.251211	3.99
10.8033	2.47211	-0.251953	4.005
10.8315	2.4984	-0.252694	4.02
10.8598	2.5247	-0.253436	4.035
10.8881	2.55099	-0.254177	4.05
10.9163	2.57728	-0.254918	4.065
10.9446	2.60357	-0.255659	4.08
10.9728	2.62986	-0.2564	4.095
11.0011	2.65615	-0.257141	4.11
11.0293	2.68243	-0.257882	4.125
11.0575	2.70872	-0.258622	4.14
11.0857	2.735	-0.259363	4.155
11.114	2.76128	-0.260103	4.17
11.1422	2.78756	-0.260843	4.185
11.1704	2.81384	-0.261583	4.2
11.1986	2.84012	-0.262323	4.215
11.2268	2.86639	-0.263063	4.23
11.255	2.89267	-0.263803	4.245
11.2831	2.91894	-0.264542	4.26
11.3113	2.94521	-0.265281	4.275
11.3395	2.97148	-0.266021	4.29
11.3677	2.99775	-0.26676	4.305
11.3958	3.02402	-0.267499	4.32
11.424	3.05029	-0.268238	4.335
11.4521	3.07655	-0.268976	4.35
11.4803	3.10281	-0.269715	4.365
11.5084	3.12908	-0.270453	4.38
11.5365	3.15534	-0.271192	4.395
11.5647	3.1816	-0.27193	4.41
11.5928	3.20785	-0.272668	4.425
11.6209	3.23411	-0.273406	4.44
11.649	3.26036	-0.274144	4.455
11.6771	3.28662	-0.274882	4.47
11.7052	3.31287	-0.27562	4.485
11.7333	3.33912	-0.276357	4.5
11.7614	3.36537	-0.277095	4.515
11.7895	3.39162	-0.277832	4.53
11.8176	3.41787	-0.278569	4.545
11.8457	3.44411	-0.279307	4.56
11.8738	3.47036	-0.280044	4.575
11.9019	3.4966	-0.28078	4.59
11.9299	3.52284	-0.281517	4.605
11.958	3.54908	-0.282254	4.62
11.986	3.57532	-0.282991	4.635
12.0141	3.60156	-0.283727	4.65
12.0421	3.6278	-0.284464	4.665
12.0702	3.65403	-0.2852	4.68
12.0982	3.68026	-0.285936	4.695
12.1263	3.7065	-0.286672	4.71
12.1543	3.73273	-0.287408	4.725
12.1823	3.75896	-0.288144	4.74
12.2104	3.78519	-0.28888	4.755
12.2384	3.81142	-0.289616	4.77
12.2664	3.83764	-0.290351	4.785
12.2944	3.86387	-0.291087	4.8
12.3224	3.89009	-0.291822	4.815
12.3504	3.91631	-0.292558	4.83
12.3784	3.94254	-0.293293	4.845
12.4064	3.96876	-0.294028	4.86
12.4344	3.99497	-0.294763	4.875
12.4624	4.02119	-0.295498	4.89
12.4904	4.04741	-0.296233	4.905
12.5184	4.07362	-0.296968	4.92
12.5464	4.09984	-0.297703	4.935
12.5744	4.12605	-0.298437	4.95
12.6023	4.15226	-0.299172	4.965
12.6303	4.17847	-0.299906	4.98
12.6583	4.20468	-0.300641	4.995
12.6862	4.23089	-0.301375	5.01
12.7142	4.2571	-0.302109	5.025
12.7421	4.2833	-0.302843	5.04
12.7701	4.30951	-0.303577	5.055
12.798	4.33571	-0.304311	5.07
12.826	4.36192	-0.305045	5.085
12.8539	4.38812	-0.305779	5.1
12.8819	4.41432	-0.306513	5.115
12.9098	4.44052	-0.307246	5.13
12.9377	4.46671	-0.30798	5.145
12.9656	4.49291	-0.308713	5.16
12.9936	4.51911	-0.309447	5.175
13.0215	4.5453	-0.31018	5.19
13.0494	4.57149	-0.310913	5.205
13.0773	4.59769	-0.311647	5.22
13.1052	4.62388	-0.31238	5.235
13.1331	4.65007	-0.313113	5.25
13.1611	4.67626	-0.313846	5.265
13.189	4.70244	-0.314579	5.28
13.2169	4.72863	-0.315311	5.295
13.2448	4.75482	-0.316044	5.31
13.2726	4.781	-0.316777	5.325
13.3005	4.80719	-0.317509	5.34
13.3284	4.83337	-0.318242	5.355
13.3563	4.85955	-0.318974	5.37
13.3842	4.88573	-0.319707	5.385
13.4121	4.91191	-0.320439	5.4
13.4399	4.93809	-0.321171	5.415
13.4678	4.96426	-0.321903	5.43
13.4957	4.99044	-0.322636	5.445
13.5236	5.01662	-0.323368	5.46
13.5514	5.04279	-0.3241	5.475
13.5793	5.06896	-0.324832	5.49
13.6071	5.09514	-0.325563	5.505
13.635	5.12131	-0.326295	5.52
13.6629	5.14748	-0.327027	5.535
13.6907	5.17365	-0.327759	5.55
13.7186	5.19981	-0.32849	5.565
13.7464	5.22598	-0.329222	5.58
13.7742	5.25215	-0.329953	5.595
13.8021	5.27831	-0.330685	5.61
13.8299	5.30448	-0.331416	5.625
13.8578	5.33064	-0.332147	5.64
13.8856	5.3568	-0.332878	5.655
13.9134	5.38296	-0.33361	5.67
13.9412	5.40912	-0.334341	5.685
13.9691	5.43528	-0.335072	5.7
13.9969	5.46144	-0.335803	5.715
14.0247	5.4876	-0.336534	5.73
14.0525	5.51376	-0.337265	5.745
14.0803	5.53991	-0.337995	5.76
14.1082	5.56607	-0.338726	5.775
14.136	5.59222	-0.339457	5.79
14.1638	5.61837	-0.340187	5.805
14.1916	5.64452	-0.340918	5.82
14.2194	5.67067	-0.341649	5.835
14.2472	5.69682	-0.342379	5.85
14.275	5.72297	-0.343109	5.865
14.3028	5.74912	-0.34384	5.88
14.3306	5.77527	-0.34457	5.895
14.3584	5.80142	-0.3453	5.91
14.3862	5.82756	-0.346031	5.925
14.414	5.85371	-0.346761	5.94
14.4417	5.87985	-0.347491	5.955
14.4695	5.90599	-0.348221	5.97
14.4973	5.93213	-0.348951	5.985
14.5251	5.95827	-0.349681	6
14.5529	5.98441	-0.350411	6.015
14.5806	6.01055	-0.351141	6.03
14.6084	6.03669	-0.35187	6.045
14.6362	6.06283	-0.3526	6.06
14.664	6.08897	-0.35333	6.075
14.6917	6.1151	-0.35406	6.09
14.7195	6.14124	-0.354789	6.105
14.7473	6.16737	-0.355519	6.12
14.775	6.19351	-0.356248	6.135
14.8028	6.21964	-0.356978	6.15
14.8305	6.24577	-0.357707	6.165
14.8583	6.2719	-0.358436	6.18
14.886	6.29803	-0.359166	6.195
14.9138	6.32416	-0.359895	6.21
14.9415	6.35029	-0.360624	6.225
14.9693	6.37642	-0.361353	6.24
14.997	6.40254	-0.362082	6.255
15.0248	6.42867	-0.362812	6.27
15.0525	6.45479	-0.363541	6.285
15.0803	6.48092	-0.36427	6.3
15.108	6.50704	-0.364998	6.315
15.1357	6.53316	-0.365727	6.33
15.1635	6.55929	-0.366456	6.345
15.1912	6.58541	-0.367185	6.36
15.2189	6.61153	-0.367914	6.375
15.2467	6.63765	-0.368643	6.39
15.2744	6.66377	-0.369371	6.405
15.3021	6.68989	-0.3701	6.42
15.3298	6.716	-0.370828	6.435
15.3576	6.74212	-0.371557	6.45
15.3853	6.76824	-0.372286	6.465
15.413	6.79435	-0.373014	6.48
15.4407	6.82047	-0.373742	6.495
15.4684	6.84658	-0.374471	6.51
15.4962	6.87269	-0.375199	6.525
15.5239	6.8988	-0.375928	6.54
15.5516	6.92492	-0.376656	6.555
15.5793	6.95103	-0.377384	6.57
15.607	6.97714	-0.378112	6.585
15.6347	7.00325	-0.37884	6.6
15.6624	7.02935	-0.379568	6.615
15.6901	7.05546	-0.380297	6.63
15.7178	7.08157	-0.381025	6.645
15.7455	7.10768	-0.381753	6.66
15.7732	7.13378	-0.382481	6.675
15.8009	7.15989	-0.383208	6.69
15.8286	7.18599	-0.383936	6.705
15.8563	7.21209	-0.384664	6.72
15.884	7.2382	-0.385392	6.735
15.9117	7.2643	-0.38612	6.75
15.9394	7.2904	-0.386848	6.765
15.967	7.3165	-0.387575	6.78
15.9947	7.3426	-0.388303	6.795
16.0224	7.3687	-0.389031	6.81
16.0501	7.3948	-0.389758	6.825
16.0778	7.4209	-0.390486	6.84
16.1055	7.447	-0.391213	6.855
16.1331	7.47309	-0.391941	6.87
16.1608	7.49919	-0.392668	6.885
16.1885	7.52528	-0.393396	6.9
16.2162	7.55138	-0.394123	6.915
16.2438	7.57747	-0.39485	6.93
16.2715	7.60357	-0.395578	6.945
16.2992	7.62966	-0.396305	6.96
16.3268	7.65575	-0.397032	6.975
16.3545	7.68184	-0.397759	6.99
16.3822	7.70793	-0.398487	7.005
16.4098	7.73402	-0.399214	7.02
16.4375	7.76011	-0.399941	7.035
16.4652	7.7862	-0.400668	7.05
16.4928	7.81229	-0.401395	7.065
16.5205	7.83838	-0.402122	7.08
16.5481	7.86447	-0.402849	7.095
16.5758	7.89055	-0.403576	7.11
16.6034	7.91664	-0.404303	7.125
16.6311	7.94272	-0.40503	7.14
16.6588	7.96881	-0.405757	7.155
16.6864	7.99489	-0.406483	7.17
16.7141	8.02098	-0.40721	7.185
16.7417	8.04706	-0.407937	7.2
16.7693	8.07314	-0.408664	7.215
16.797	8.09922	-0.40939	7.23
16.8246	8.1253	-0.410117	7.245
16.8523	8.15138	-0.410844	7.26
16.8799	8.17746	-0.41157	7.275
16.9076	8.20354	-0.412297	7.29
16.9352	8.22962	-0.413024	7.305
16.9628	8.2557	-0.41375	7.32
16.9905	8.28178	-0.414477	7.335
17.0181	8.30786	-0.415203	7.35
17.0458	8.33393	-0.41593	7.365
17.0734	8.36001	-0.416656	7.38
17.101	8.38608	-0.417382	7.395
17.1287	8.41216	-0.418109	7.41
17.1563	8.43823	-0.418835	7.425
17.1839	8.46431	-0.419561	7.44
17.2115	8.49038	-0.420288	7.455
17.2392	8.51645	-0.421014	7.47
17.2668	8.54252	-0.42174	7.485
17.2944	8.56859	-0.422466	7.5
17.322	8.59466	-0.423192	7.515
17.3497	8.62074	-0.423919	7.53
17.3773	8.64681	-0.424645	7.545
17.4049	8.67287	-0.425371	7.56
17.4325	8.69894	-0.426097	7.575
17.4601	8.72501	-0.426823	7.59
17.4878	8.75108	-0.427549	7.605
17.5154	8.77715	-0.428275	7.62
17.543	8.80321	-0.429001	7.635
17.5706	8.82928	-0.429727	7.65
17.5982	8.85534	-0.430453	7.665
17.6258	8.88141	-0.431179	7.68
17.6534	8.90747	-0.431904	7.695
17.6811	8.93354	-0.43263	7.71
17.7087	8.9596	-0.433356	7.725
17.7363	8.98566	-0.434082	7.74
17.7639	9.01173	-0.434808	7.755
17.7915	9.03779	-0.435533	7.77
17.8191	9.06385	-0.436259	7.785
17.8467	9.08991	-0.436985	7.8
17.8743	9.11597	-0.43771	7.815
17.9019	9.14203	-0.438436	7.83
17.9295	9.16809	-0.439162	7.845
17.9571	9.19415	-0.439887	7.86
17.9847	9.22021	-0.440613	7.875
18.0123	9.24627	-0.441338	7.89
18.0399	9.27232	-0.442064	7.905
18.0675	9.29838	-0.442789	7.92
18.0951	9.32444	-0.443515	7.935
18.1227	9.35049	-0.44424	7.95
18.1503	9.37655	-0.444966	7.965
18.1779	9.4026	-0.445691	7.98
18.2055	9.42866	-0.446416	7.995
18.2331	9.45471	-0.447142	8.01
18.2606	9.48076	-0.447867	8.025
18.2882	9.50682	-0.448592	8.04
18.3158	9.53287	-0.449318	8.055
18.3434	9.55892	-0.450043	8.07
18.371	9.58497	-0.450768	8.085
18.3986	9.61103	-0.451493	8.1
18.4262	9.63708	-0.452219	8.115
18.4538	9.66313	-0.452944	8.13
18.4813	9.68918	-0.453669	8.145
18.5089	9.71523	-0.454394	8.16
18.5365	9.74128	-0.455119	8.175
18.5641	9.76732	-0.455844	8.19
18.5917	9.79337	-0.456569	8.205
18.6192	9.81942	-0.457295	8.22
18.6468	9.84547	-0.45802	8.235
18.6744	9.87151	-0.458745	8.25
18.702	9.89756	-0.45947	8.265
18.7295	9.92361	-0.460195	8.28
18.7571	9.94965	-0.46092	8.295
18.7847	9.9757	-0.461644	8.31
18.8123	10.0017	-0.462369	8.325
18.8398	10.0278	-0.463094	8.34
18.8674	10.0538	-0.463819	8.355
18.895	10.0799	-0.464544	8.37
18.9225	10.1059	-0.465269	8.385
18.9501	10.132	-0.465994	8.4
18.9777	10.158	-0.466718	8.415
19.0053	10.184	-0.467443	8.43
19.0328	10.2101	-0.468168	8.445
19.0604	10.2361	-0.468893	8.46
19.0879	10.2622	-0.469617	8.475
19.1155	10.2882	-0.470342	8.49
19.1431	10.3142	-0.471067	8.505
19.1706	10.3403	-0.471791	8.52
19.1982	10.3663	-0.472516	8.535
19.2258	10.3924	-0.473241	8.55
19.2533	10.4184	-0.473965	8.565
19.2809	10.4444	-0.47469	8.58
19.3084	10.4705	-0.475415	8.595
19.336	10.4965	-0.476139	8.61
19.3636	10.5225	-0.476864	8.625
19.3911	10.5486	-0.477588	8.64
19.4187	10.5746	-0.478313	8.655
19.4462	10.6007	-0.479037	8.67
19.4738	10.6267	-0.479762	8.685
19.5013	10.6527	-0.480486	8.7
19.5289	10.6788	-0.48121	8.715
19.5564	10.7048	-0.481935	8.73
19.584	10.7308	-0.482659	8.745
19.6115	10.7569	-0.483384	8.76
19.6391	10.7829	-0.484108	8.775
19.6666	10.8089	-0.484832	8.79
19.6942	10.835	-0.485557	8.805
19.7217	10.861	-0.486281	8.82
19.7493	10.887	-0.487005	8.835
19.7768	10.913	-0.48773	8.85
19.8044	10.9391	-0.488454	8.865
19.8319	10.9651	-0.489178	8.88
19.8595	10.9911	-0.489902	8.895
19.887	11.0172	-0.490627	8.91
19.9146	11.0432	-0.491351	8.925
19.9421	11.0692	-0.492075	8.94
19.9696	11.0952	-0.492799	8.955
19.9972	11.1213	-0.493523	8.97
20.0247	11.1473	-0.494247	8.985
20.0523	11.1733	-0.494971	9
20.0798	11.1994	-0.495696	9.015
20.1073	11.2254	-0.49642	9.03
20.1349	11.2514	-0.497144	9.045
20.1624	11.2774	-0.497868	9.06
20.19	11.3035	-0.498592	9.075
20.2175	11.3295	-0.499316	9.09
20.245	11.3555	-0.50004	9.105
20.2726	11.3815	-0.500764	9.12
20.3001	11.4076	-0.501488	9.135
20.3276	11.4336	-0.502212	9.15
20.3552	11.4596	-0.502936	9.165
20.3827	11.4856	-0.50366	9.18
20.4102	11.5116	-0.504383	9.195
20.4378	11.5377	-0.505107	9.21
20.4653	11.5637	-0.505831	9.225
20.4928	11.5897	-0.506555	9.24
20.5204	11.6157	-0.507279	9.255
20.5479	11.6418	-0.508003	9.27
20.5754	11.6678	-0.508727	9.285
20.6029	11.6938	-0.50945	9.3
20.6305	11.7198	-0.510174	9.315
20.658	11.7458	-0.510898	9.33
20.6855	11.7719	-0.511622	9.345
20.713	11.7979	-0.512346	9.36
20.7406	11.8239	-0.513069	9.375
20.7681	11.8499	-0.513793	9.39
20.7956	11.8759	-0.514517	9.405
20.8231	11.9019	-0.51524	9.42
20.8507	11.928	-0.515964	9.435
20.8782	11.954	-0.516688	9.45
20.9057	11.98	-0.517411	9.465
20.9332	12.006	-0.518135	9.48
20.9608	12.032	-0.518859	9.495
20.9883	12.058	-0.519582	9.51
21.0158	12.0841	-0.520306	9.525
21.0433	12.1101	-0.52103	9.54
21.0708	12.1361	-0.521753	9.555
21.0983	12.1621	-0.522477	9.57
21.1259	12.1881	-0.5232	9.585
21.1534	12.2141	-0.523924	9.6
21.1809	12.2401	-0.524647	9.615
21.2084	12.2662	-0.525371	9.63
21.2359	12.2922	-0.526094	9.645
21.2634	12.3182	-0.526818	9.66
21.291	12.3442	-0.527541	9.675
21.3185	12.3702	-0.528265	9.69
21.346	12.3962	-0.528988	9.705
21.3735	12.4222	-0.529712	9.72
21.401	12.4482	-0.530435	9.735
21.4285	12.4742	-0.531158	9.75
21.456	12.5003	-0.531882	9.765
21.4835	12.5263	-0.532605	9.78
21.5111	12.5523	-0.533329	9.795
21.5386	12.5783	-0.534052	9.81
21.5661	12.6043	-0.534775	9.825
21.5936	12.6303	-0.535499	9.84
21.6211	12.6563	-0.536222	9.855
21.6486	12.6823	-0.536945	9.87
21.6761	12.7083	-0.537669	9.885
21.7036	12.7343	-0.538392	9.9
21.7311	12.7603	-0.539115	9.915
21.7586	12.7864	-0.539838	9.93
21.7861	12.8124	-0.540562	9.945
21.8136	12.8384	-0.541285	9.96
21.8411	12.8644	-0.542008	9.975
21.8686	12.8904	-0.542731	9.99
21.8961	12.9164	-0.543455	10.005
21.9237	12.9424	-0.544178	10.02
21.9512	12.9684	-0.544901	10.035
21.9787	12.9944	-0.545624	10.05
22.0062	13.0204	-0.546347	10.065
22.0337	13.0464	-0.54707	10.08
22.0612	13.0724	-0.547794	10.095
22.0887	13.0984	-0.548517	10.11
22.1162	13.1244	-0.54924	10.125
22.1437	13.1504	-0.549963	10.14
22.1712	13.1764	-0.550686	10.155
22.1987	13.2024	-0.551409	10.17
22.2262	13.2284	-0.552132	10.185
22.2537	13.2544	-0.552855	10.2
22.2811	13.2804	-0.553578	10.215
22.3086	13.3064	-0.554301	10.23
22.3361	13.3324	-0.555024	10.245
22.3636	13.3584	-0.555747	10.26
22.3911	13.3844	-0.55647	10.275
22.4186	13.4104	-0.557193	10.29
22.4461	13.4364	-0.557916	10.305
22.4736	13.4624	-0.558639	10.32
22.5011	13.4884	-0.559362	10.335
22.5286	13.5144	-0.560085	10.35
22.5561	13.5404	-0.560808	10.365
22.5836	13.5664	-0.561531	10.38
22.6111	13.5924	-0.562254	10.395
22.6386	13.6184	-0.562977	10.41
22.6661	13.6444	-0.5637	10.425
22.6936	13.6704	-0.564423	10.44
22.721	13.6964	-0.565146	10.455
22.7485	13.7224	-0.565868	10.47
22.776	13.7484	-0.566591	10.485
22.8035	13.7744	-0.567314	10.5
22.831	13.8004	-0.568037	10.515
22.8585	13.8264	-0.56876	10.53
22.886	13.8524	-0.569483	10.545
22.9135	13.8784	-0.570205	10.56
22.941	13.9044	-0.570928	10.575
22.9684	13.9304	-0.571651	10.59
22.9959	13.9564	-0.572374	10.605
23.0234	13.9824	-0.573097	10.62
23.0509	14.0084	-0.573819	10.635
23.0784	14.0344	-0.574542	10.65
23.1059	14.0604	-0.575265	10.665
23.1334	14.0864	-0.575988	10.68
23.1608	14.1124	-0.57671	10.695
23.1883	14.1384	-0.577433	10.71
23.2158	14.1644	-0.578156	10.725
23.2433	14.1904	-0.578878	10.74
23.2708	14.2164	-0.579601	10.755
23.2983	14.2423	-0.580324	10.77
23.3257	14.2683	-0.581046	10.785
23.3532	14.2943	-0.581769	10.8
23.3807	14.3203	-0.582492	10.815
23.4082	14.3463	-0.583214	10.83
23.4357	14.3723	-0.583937	10.845
23.4631	14.3983	-0.58466	10.86
23.4906	14.4243	-0.585382	10.875
23.5181	14.4503	-0.586105	10.89
23.5456	14.4763	-0.586827	10.905
23.5731	14.5023	-0.58755	10.92
23.6005	14.5283	-0.588273	10.935
23.628	14.5542	-0.588995	10.95
23.6555	14.5802	-0.589718	10.965
23.683	14.6062	-0.59044	10.98
23.7104	14.6322	-0.591163	10.995
23.7379	14.6582	-0.591885	11.01
23.7654	14.6842	-0.592608	11.025
23.7929	14.7102	-0.59333	11.04
23.8204	14.7362	-0.594053	11.055
23.8478	14.7622	-0.594775	11.07
23.8753	14.7881	-0.595498	11.085
23.9028	14.8141	-0.59622	11.1
23.9303	14.8401	-0.596943	11.115
23.9577	14.8661	-0.597665	11.13
23.9852	14.8921	-0.598388	11.145
24.0127	14.9181	-0.59911	11.16
24.0401	14.9441	-0.599833	11.175
24.0676	14.9701	-0.600555	11.19
24.0951	14.996	-0.601278	11.205
24.1226	15.022	-0.602	11.22
24.15	15.048	-0.602722	11.235
24.1775	15.074	-0.603445	11.25
24.205	15.1	-0.604167	11.265
24.2324	15.126	-0.60489	11.28
24.2599	15.152	-0.605612	11.295
24.2874	15.178	-0.606334	11.31
24.3149	15.2039	-0.607057	11.325
24.3423	15.2299	-0.607779	11.34
24.3698	15.2559	-0.608501	11.355
24.3973	15.2819	-0.609224	11.37
24.4247	15.3079	-0.609946	11.385
24.4522	15.3339	-0.610668	11.4
24.4797	15.3598	-0.611391	11.415
24.5071	15.3858	-0.612113	11.43
24.5346	15.4118	-0.612835	11.445
24.5621	15.4378	-0.613558	11.46
24.5895	15.4638	-0.61428	11.475
24.617	15.4898	-0.615002	11.49
24.6445	15.5157	-0.615724	11.505
24.6719	15.5417	-0.616447	11.52
24.6994	15.5677	-0.617169	11.535
24.7269	15.5937	-0.617891	11.55
24.7543	15.6197	-0.618613	11.565
24.7818	15.6457	-0.619336	11.58
24.8093	15.6716	-0.620058	11.595
24.8367	15.6976	-0.62078	11.61
24.8642	15.7236	-0.621502	11.625
24.8916	15.7496	-0.622224	11.64
24.9191	15.7756	-0.622947	11.655
24.9466	15.8015	-0.623669	11.67
24.974	15.8275	-0.624391	11.685
25.0015	15.8535	-0.625113	11.7
25.029	15.8795	-0.625835	11.715
25.0564	15.9055	-0.626557	11.73
25.0839	15.9314	-0.62728	11.745
25.1113	15.9574	-0.628002	11.76
25.1388	15.9834	-0.628724	11.775
25.1663	16.0094	-0.629446	11.79
25.1937	16.0354	-0.630168	11.805
25.2212	16.0613	-0.63089	11.82
25.2486	16.0873	-0.631612	11.835
25.2761	16.1133	-0.632334	11.85
25.3036	16.1393	-0.633056	11.865
25.331	16.1653	-0.633779	11.88
25.3585	16.1912	-0.634501	11.895
25.3859	16.2172	-0.635223	11.91
25.4134	16.2432	-0.635945	11.925
25.4408	16.2692	-0.636667	11.94
25.4683	16.2951	-0.637389	11.955
25.4958	16.3211	-0.638111	11.97
25.5232	16.3471	-0.638833	11.985
25.5507	16.3731	-0.639555	12
25.5781	16.3991	-0.640277	12.015
25.6056	16.425	-0.640999	12.03
25.633	16.451	-0.641721	12.045
25.6605	16.477	-0.642443	12.06
25.6879	16.503	-0.643165	12.075
25.7154	16.5289	-0.643887	12.09
25.7429	16.5549	-0.644609	12.105
25.7703	16.5809	-0.645331	12.12
25.7978	16.6069	-0.646053	12.135
25.8252	16.6328	-0.646775	12.15
25.8527	16.6588	-0.647497	12.165
25.8801	16.6848	-0.648219	12.18
25.9076	16.7108	-0.648941	12.195
25.935	16.7367	-0.649663	12.21
25.9625	16.7627	-0.650385	12.225
25.9899	16.7887	-0.651107	12.24
26.0174	16.8147	-0.651828	12.255
26.0448	16.8406	-0.65255	12.27
26.0723	16.8666	-0.653272	12.285
26.0997	16.8926	-0.653994	12.3
26.1272	16.9186	-0.654716	12.315
26.1546	16.9445	-0.655438	12.33
26.1821	16.9705	-0.65616	12.345
26.2095	16.9965	-0.656882	12.36
26.237	17.0224	-0.657604	12.375
26.2644	17.0484	-0.658325	12.39
26.2919	17.0744	-0.659047	12.405
26.3193	17.1004	-0.659769	12.42
26.3468	17.1263	-0.660491	12.435
26.3742	17.1523	-0.661213	12.45
26.4017	17.1783	-0.661935	12.465
26.4291	17.2042	-0.662657	12.48
26.4566	17.2302	-0.663378	12.495
26.484	17.2562	-0.6641	12.51
26.5115	17.2822	-0.664822	12.525
26.5389	17.3081	-0.665544	12.54
26.5664	17.3341	-0.666266	12.555
26.5938	17.3601	-0.666987	12.57
26.6213	17.386	-0.667709	12.585
26.6487	17.412	-0.668431	12.6
26.6762	17.438	-0.669153	12.615
26.7036	17.464	-0.669874	12.63
26.7311	17.4899	-0.670596	12.645
26.7585	17.5159	-0.671318	12.66
26.7859	17.5419	-0.67204	12.675
26.8134	17.5678	-0.672761	12.69
26.8408	17.5938	-0.673483	12.705
26.8683	17.6198	-0.674205	12.72
26.8957	17.6457	-0.674927	12.735
26.9232	17.6717	-0.675648	12.75
26.9506	17.6977	-0.67637	12.765
26.9781	17.7236	-0.677092	12.78
27.0055	17.7496	-0.677814	12.795
27.0329	17.7756	-0.678535	12.81
27.0604	17.8016	-0.679257	12.825
27.0878	17.8275	-0.679979	12.84
27.1153	17.8535	-0.6807	12.855
27.1427	17.8795	-0.681422	12.87
27.1702	17.9054	-0.682144	12.885
27.1976	17.9314	-0.682865	12.9
27.225	17.9574	-0.683587	12.915
27.2525	17.9833	-0.684309	12.93
27.2799	18.0093	-0.68503	12.945
27.3074	18.0353	-0.685752	12.96
27.3348	18.0612	-0.686474	12.975
27.3622	18.0872	-0.687195	12.99
27.3897	18.1132	-0.687917	13.005
27.4171	18.1391	-0.688638	13.02
27.4446	18.1651	-0.68936	13.035
27.472	18.1911	-0.690082	13.05
27.4994	18.217	-0.690803	13.065
27.5269	18.243	-0.691525	13.08
27.5543	18.269	-0.692247	13.095
27.5818	18.2949	-0.692968	13.11
27.6092	18.3209	-0.69369	13.125
27.6366	18.3469	-0.694411	13.14
27.6641	18.3728	-0.695133	13.155
27.6915	18.3988	-0.695854	13.17
27.719	18.4248	-0.696576	13.185
27.7464	18.4507	-0.697298	13.2
27.7738	18.4767	-0.698019	13.215
27.8013	18.5026	-0.698741	13.23
27.8287	18.5286	-0.699462	13.245
27.8561	18.5546	-0.700184	13.26
27.8836	18.5805	-0.700905	13.275
27.911	18.6065	-0.701627	13.29
27.9385	18.6325	-0.702348	13.305
27.9659	18.6584	-0.70307	13.32
27.9933	18.6844	-0.703791	13.335
28.0208	18.7104	-0.704513	13.35
28.0482	18.7363	-0.705234	13.365
28.0756	18.7623	-0.705956	13.38
28.1031	18.7882	-0.706677	13.395
28.1305	18.8142	-0.707399	13.41
28.1579	18.8402	-0.70812	13.425
28.1854	18.8661	-0.708842	13.44
28.2128	18.8921	-0.709563	13.455
28.2402	18.9181	-0.710285	13.47
28.2677	18.944	-0.711006	13.485
28.2951	18.97	-0.711728	13.5
28.3225	18.9959	-0.712449	13.515
28.35	19.0219	-0.713171	13.53
28.3774	19.0479	-0.713892	13.545
28.4048	19.0738	-0.714614	13.56
28.4323	19.0998	-0.715335	13.575
28.4597	19.1258	-0.716057	13.59
28.4871	19.1517	-0.716778	13.605
28.5146	19.1777	-0.717499	13.62
28.542	19.2036	-0.718221	13.635
28.5694	19.2296	-0.718942	13.65
28.5969	19.2556	-0.719664	13.665
28.6243	19.2815	-0.720385	13.68
28.6517	19.3075	-0.721106	13.695
28.6792	19.3334	-0.721828	13.71
28.7066	19.3594	-0.722549	13.725
28.734	19.3854	-0.723271	13.74
28.7615	19.4113	-0.723992	13.755
28.7889	19.4373	-0.724713	13.77
28.8163	19.4632	-0.725435	13.785
28.8437	19.4892	-0.726156	13.8
28.8712	19.5152	-0.726878	13.815
28.8986	19.5411	-0.727599	13.83
28.926	19.5671	-0.72832	13.845
28.9535	19.593	-0.729042	13.86
28.9809	19.619	-0.729763	13.875
29.0083	19.645	-0.730484	13.89
29.0358	19.6709	-0.731206	13.905
29.0632	19.6969	-0.731927	13.92
29.0906	19.7228	-0.732648	13.935
29.118	19.7488	-0.73337	13.95
29.1455	19.7748	-0.734091	13.965
29.1729	19.8007	-0.734812	13.98
29.2003	19.8267	-0.735534	13.995
29.2278	19.8526	-0.736255	14.01
29.2552	19.8786	-0.736976	14.025
29.2826	19.9045	-0.737698	14.04
29.31	19.9305	-0.738419	14.055
29.3375	19.9565	-0.73914	14.07
29.3649	19.9824	-0.739862	14.085
29.3923	20.0084	-0.740583	14.1
29.4197	20.0343	-0.741304	14.115
29.4472	20.0603	-0.742025	14.13
29.4746	20.0862	-0.742747	14.145
29.502	20.1122	-0.743468	14.16
29.5295	20.1382	-0.744189	14.175
29.5569	20.1641	-0.74491	14.19
29.5843	20.1901	-0.745632	14.205
29.6117	20.216	-0.746353	14.22
29.6392	20.242	-0.747074	14.235
29.6666	20.2679	-0.747796	14.25
29.694	20.2939	-0.748517	14.265
29.7214	20.3199	-0.749238	14.28
29.7489	20.3458	-0.749959	14.295
29.7763	20.3718	-0.75068	14.31
29.8037	20.3977	-0.751402	14.325
29.8311	20.4237	-0.752123	14.34
29.8586	20.4496	-0.752844	14.355
29.886	20.4756	-0.753565	14.37
29.9134	20.5015	-0.754287	14.385
29.9408	20.5275	-0.755008	14.4
29.9683	20.5535	-0.755729	14.415
29.9957	20.5794	-0.75645	14.43
30.0231	20.6054	-0.757171	14.445
30.0505	20.6313	-0.757893	14.46
30.0779	20.6573	-0.758614	14.475
30.1054	20.6832	-0.759335	14.49
30.1328	20.7092	-0.760056	14.505
30.1602	20.7351	-0.760777	14.52
30.1876	20.7611	-0.761499	14.535
30.2151	20.787	-0.76222	14.55
30.2425	20.813	-0.762941	14.565
30.2699	20.839	-0.763662	14.58
30.2973	20.8649	-0.764383	14.595
30.3247	20.8909	-0.765104	14.61
30.3522	20.9168	-0.765826	14.625
30.3796	20.9428	-0.766547	14.64
30.407	20.9687	-0.767268	14.655
30.4344	20.9947	-0.767989	14.67
30.4619	21.0206	-0.76871	14.685
30.4893	21.0466	-0.769431	14.7
30.5167	21.0725	-0.770152	14.715
30.5441	21.0985	-0.770873	14.73
30.5715	21.1244	-0.771595	14.745
30.599	21.1504	-0.772316	14.76
30.6264	21.1764	-0.773037	14.775
30.6538	21.2023	-0.773758	14.79
30.6812	21.2283	-0.774479	14.805
30.7086	21.2542	-0.7752	14.82
30.7361	21.2802	-0.775921	14.835
30.7635	21.3061	-0.776642	14.85
30.7909	21.3321	-0.777363	14.865
30.8183	21.358	-0.778085	14.88
30.8457	21.384	-0.778806	14.895
30.8731	21.4099	-0.779527	14.91
30.9006	21.4359	-0.780248	14.925
30.928	21.4618	-0.780969	14.94
30.9554	21.4878	-0.78169	14.955
30.9828	21.5137	-0.782411	14.97
31.0102	21.5397	-0.783132	14.985
31.0377	21.5656	-0.783853	15
31.0651	21.5916	-0.784574	15.015
31.0925	21.6175	-0.785295	15.03
31.1199	21.6435	-0.786016	15.045
31.1473	21.6694	-0.786737	15.06
31.1747	21.6954	-0.787458	15.075
31.2022	21.7213	-0.78818	15.09
31.2296	21.7473	-0.788901	15.105
31.257	21.7732	-0.789622	15.12
31.2844	21.7992	-0.790343	15.135
31.3118	21.8251	-0.791064	15.15
31.3392	21.8511	-0.791785	15.165
31.3667	21.877	-0.792506	15.18
31.3941	21.903	-0.793227	15.195
31.4215	21.9289	-0.793948	15.21
31.4489	21.9549	-0.794669	15.225
31.4763	21.9808	-0.79539	15.24
31.5037	22.0068	-0.796111	15.255
31.5312	22.0327	-0.796832	15.27
31.5586	22.0587	-0.797553	15.285
31.586	22.0846	-0.798274	15.3
31.6134	22.1106	-0.798995	15.315
31.6408	22.1365	-0.799716	15.33
31.6682	22.1625	-0.800437	15.345
31.6957	22.1884	-0.801158	15.36
31.7231	22.2144	-0.801879	15.375
31.7505	22.2403	-0.8026	15.39
31.7779	22.2663	-0.803321	15.405
31.8053	22.2922	-0.804042	15.42
31.8327	22.3182	-0.804763	15.435
31.8601	22.3441	-0.805484	15.45
31.8876	22.3701	-0.806205	15.465
31.915	22.396	-0.806926	15.48
31.9424	22.422	-0.807647	15.495
31.9698	22.4479	-0.808367	15.51
31.9972	22.4739	-0.809088	15.525
32.0246	22.4998	-0.809809	15.54
32.052	22.5258	-0.81053	15.555
32.0794	22.5517	-0.811251	15.57
32.1069	22.5777	-0.811972	15.585
32.1343	22.6036	-0.812693	15.6
32.1617	22.6296	-0.813414	15.615
32.1891	22.6555	-0.814135	15.63
32.2165	22.6815	-0.814856	15.645
32.2439	22.7074	-0.815577	15.66
32.2713	22.7333	-0.816298	15.675
32.2987	22.7593	-0.817019	15.69
32.3262	22.7852	-0.81774	15.705
32.3536	22.8112	-0.818461	15.72
32.381	22.8371	-0.819181	15.735
32.4084	22.8631	-0.819902	15.75
32.4358	22.889	-0.820623	15.765
32.4632	22.915	-0.821344	15.78
32.4906	22.9409	-0.822065	15.795
32.518	22.9669	-0.822786	15.81
32.5455	22.9928	-0.823507	15.825
32.5729	23.0188	-0.824228	15.84
32.6003	23.0447	-0.824949	15.855
32.6277	23.0707	-0.82567	15.87
32.6551	23.0966	-0.82639	15.885
32.6825	23.1225	-0.827111	15.9
32.7099	23.1485	-0.827832	15.915
32.7373	23.1744	-0.828553	15.93
32.7647	23.2004	-0.829274	15.945
32.7922	23.2263	-0.829995	15.96
32.8196	23.2523	-0.830716	15.975
32.847	23.2782	-0.831436	15.99
32.8744	23.3042	-0.832157	16.005
32.9018	23.3301	-0.832878	16.02
32.9292	23.3561	-0.833599	16.035
32.9566	23.382	-0.83432	16.05
32.984	23.408	-0.835041	16.065
33.0114	23.4339	-0.835762	16.08
33.0388	23.4598	-0.836482	16.095
33.0662	23.4858	-0.837203	16.11
33.0937	23.5117	-0.837924	16.125
33.1211	23.5377	-0.838645	16.14
33.1485	23.5636	-0.839366	16.155
33.1759	23.5896	-0.840087	16.17
33.2033	23.6155	-0.840807	16.185
33.2307	23.6415	-0.841528	16.2
33.2581	23.6674	-0.842249	16.215
33.2855	23.6933	-0.84297	16.23
33.3129	23.7193	-0.843691	16.245
33.3403	23.7452	-0.844412	16.26
33.3677	23.7712	-0.845132	16.275
33.3951	23.7971	-0.845853	16.29
33.4226	23.8231	-0.846574	16.305
33.45	23.849	-0.847295	16.32
33.4774	23.875	-0.848016	16.335
33.5048	23.9009	-0.848736	16.35
33.5322	23.9268	-0.849457	16.365
33.5596	23.9528	-0.850178	16.38
33.587	23.9787	-0.850899	16.395
33.6144	24.0047	-0.851619	16.41
33.6418	24.0306	-0.85234	16.425
33.6692	24.0566	-0.853061	16.44
33.6966	24.0825	-0.853782	16.455
33.724	24.1084	-0.854503	16.47
33.7514	24.1344	-0.855223	16.485
33.7788	24.1603	-0.855944	16.5
33.8063	24.1863	-0.856665	16.515
33.8337	24.2122	-0.857386	16.53
33.8611	24.2382	-0.858106	16.545
33.8885	24.2641	-0.858827	16.56
33.9159	24.29	-0.859548	16.575
33.9433	24.316	-0.860269	16.59
33.9707	24.3419	-0.860989	16.605
33.9981	24.3679	-0.86171	16.62
34.0255	24.3938	-0.862431	16.635
34.0529	24.4198	-0.863152	16.65
34.0803	24.4457	-0.863872	16.665
34.1077	24.4716	-0.864593	16.68
34.1351	24.4976	-0.865314	16.695
34.1625	24.5235	-0.866035	16.71
34.1899	24.5495	-0.866755	16.725
34.2173	24.5754	-0.867476	16.74
34.2447	24.6014	-0.868197	16.755
34.2721	24.6273	-0.868918	16.77
34.2995	24.6532	-0.869638	16.785
34.327	24.6792	-0.870359	16.8
34.3544	24.7051	-0.87108	16.815
34.3818	24.7311	-0.8718	16.83
34.4092	24.757	-0.872521	16.845
34.4366	24.7829	-0.873242	16.86
34.464	24.8089	-0.873963	16.875
34.4914	24.8348	-0.874683	16.89
34.5188	24.8608	-0.875404	16.905
34.5462	24.8867	-0.876125	16.92
34.5736	24.9127	-0.876845	16.935
34.601	24.9386	-0.877566	16.95
34.6284	24.9645	-0.878287	16.965
34.6558	24.9905	-0.879007	16.98
34.6832	25.0164	-0.879728	16.995
34.7106	25.0424	-0.880449	17.01
34.738	25.0683	-0.88117	17.025
34.7654	25.0942	-0.88189	17.04
34.7928	25.1202	-0.882611	17.055
34.8202	25.1461	-0.883332	17.07
34.8476	25.1721	-0.884052	17.085
34.875	25.198	-0.884773	17.1
34.9024	25.2239	-0.885494	17.115
34.9298	25.2499	-0.886214	17.13
34.9572	25.2758	-0.886935	17.145
34.9846	25.3018	-0.887656	17.16
35.012	25.3277	-0.888376	17.175
35.0394	25.3536	-0.889097	17.19
35.0668	25.3796	-0.889818	17.205
35.0942	25.4055	-0.890538	17.22
35.1216	25.4315	-0.891259	17.235
35.149	25.4574	-0.89198	17.25
35.1764	25.4833	-0.8927	17.265
35.2038	25.5093	-0.893421	17.28
35.2312	25.5352	-0.894141	17.295
35.2586	25.5612	-0.894862	17.31
35.286	25.5871	-0.895583	17.325
35.3134	25.613	-0.896303	17.34
35.3408	25.639	-0.897024	17.355
35.3683	25.6649	-0.897745	17.37
35.3957	25.6909	-0.898465	17.385
35.4231	25.7168	-0.899186	17.4
35.4505	25.7427	-0.899907	17.415
35.4779	25.7687	-0.900627	17.43
35.5053	25.7946	-0.901348	17.445
35.5327	25.8206	-0.902068	17.46
35.5601	25.8465	-0.902789	17.475
35.5875	25.8724	-0.90351	17.49
35.6149	25.8984	-0.90423	17.505
35.6423	25.9243	-0.904951	17.52
35.6697	25.9502	-0.905672	17.535
35.6971	25.9762	-0.906392	17.55
35.7245	26.0021	-0.907113	17.565
35.7519	26.0281	-0.907833	17.58
35.7793	26.054	-0.908554	17.595
35.8067	26.0799	-0.909275	17.61
35.8341	26.1059	-0.909995	17.625
35.8615	26.1318	-0.910716	17.64
35.8889	26.1577	-0.911436	17.655
35.9163	26.1837	-0.912157	17.67
35.9437	26.2096	-0.912877	17.685
35.9711	26.2356	-0.913598	17.7
35.9984	26.2615	-0.914319	17.715
36.0258	26.2874	-0.915039	17.73
36.0532	26.3134	-0.91576	17.745
36.0806	26.3393	-0.91648	17.76
36.108	26.3653	-0.917201	17.775
36.1354	26.3912	-0.917922	17.79
36.1628	26.4171	-0.918642	17.805
36.1902	26.4431	-0.919363	17.82
36.2176	26.469	-0.920083	17.835
36.245	26.4949	-0.920804	17.85
36.2724	26.5209	-0.921524	17.865
36.2998	26.5468	-0.922245	17.88
36.3272	26.5728	-0.922966	17.895
36.3546	26.5987	-0.923686	17.91
36.382	26.6246	-0.924407	17.925
36.4094	26.6506	-0.925127	17.94
36.4368	26.6765	-0.925848	17.955
36.4642	26.7024	-0.926568	17.97
36.4916	26.7284	-0.927289	17.985
36.519	26.7543	-0.928009	18
36.5464	26.7802	-0.92873	18.015
36.5738	26.8062	-0.92945	18.03
36.6012	26.8321	-0.930171	18.045
36.6286	26.8581	-0.930892	18.06
36.656	26.884	-0.931612	18.075
36.6834	26.9099	-0.932333	18.09
36.7108	26.9359	-0.933053	18.105
36.7382	26.9618	-0.933774	18.12
36.7656	26.9877	-0.934494	18.135
36.793	27.0137	-0.935215	18.15
36.8204	27.0396	-0.935935	18.165
36.8478	27.0655	-0.936656	18.18
36.8752	27.0915	-0.937376	18.195
36.9026	27.1174	-0.938097	18.21
36.93	27.1434	-0.938817	18.225
36.9574	27.1693	-0.939538	18.24
36.9848	27.1952	-0.940258	18.255
37.0122	27.2212	-0.940979	18.27
37.0396	27.2471	-0.941699	18.285
37.067	27.273	-0.94242	18.3
37.0943	27.299	-0.94314	18.315
37.1217	27.3249	-0.943861	18.33
37.1491	27.3508	-0.944581	18.345
37.1765	27.3768	-0.945302	18.36
37.2039	27.4027	-0.946022	18.375
37.2313	27.4286	-0.946743	18.39
37.2587	27.4546	-0.947463	18.405
37.2861	27.4805	-0.948184	18.42
37.3135	27.5065	-0.948904	18.435
37.3409	27.5324	-0.949625	18.45
37.3683	27.5583	-0.950345	18.465
37.3957	27.5843	-0.951066	18.48
37.4231	27.6102	-0.951786	18.495
37.4505	27.6361	-0.952507	18.51
37.4779	27.6621	-0.953227	18.525
37.5053	27.688	-0.953948	18.54
37.5327	27.7139	-0.954668	18.555
37.5601	27.7399	-0.955389	18.57
37.5875	27.7658	-0.956109	18.585
37.6149	27.7917	-0.95683	18.6
37.6423	27.8177	-0.95755	18.615
37.6696	27.8436	-0.958271	18.63
37.697	27.8695	-0.958991	18.645
37.7244	27.8955	-0.959712	18.66
37.7518	27.9214	-0.960432	18.675
37.7792	27.9473	-0.961152	18.69
37.8066	27.9733	-0.961873	18.705
37.834	27.9992	-0.962593	18.72
37.8614	28.0251	-0.963314	18.735
37.8888	28.0511	-0.964034	18.75
37.9162	28.077	-0.964755	18.765
37.9436	28.1029	-0.965475	18.78
37.971	28.1289	-0.966196	18.795
37.9984	28.1548	-0.966916	18.81
38.0258	28.1807	-0.967637	18.825
38.0532	28.2067	-0.968357	18.84
38.0806	28.2326	-0.969077	18.855
38.1079	28.2585	-0.969798	18.87
38.1353	28.2845	-0.970518	18.885
38.1627	28.3104	-0.971239	18.9
38.1901	28.3363	-0.971959	18.915
38.2175	28.3623	-0.97268	18.93
38.2449	28.3882	-0.9734	18.945
38.2723	28.4141	-0.97412	18.96
38.2997	28.4401	-0.974841	18.975
38.3271	28.466	-0.975561	18.99
38.3545	28.4919	-0.976282	19.005
38.3819	28.5179	-0.977002	19.02
38.4093	28.5438	-0.977723	19.035
38.4367	28.5697	-0.978443	19.05
38.4641	28.5957	-0.979163	19.065
38.4914	28.6216	-0.979884	19.08
38.5188	28.6475	-0.980604	19.095
38.5462	28.6735	-0.981325	19.11
38.5736	28.6994	-0.982045	19.125
38.601	28.7253	-0.982765	19.14
38.6284	28.7513	-0.983486	19.155
38.6558	28.7772	-0.984206	19.17
38.6832	28.8031	-0.984927	19.185
38.7106	28.8291	-0.985647	19.2
38.738	28.855	-0.986367	19.215
38.7654	28.8809	-0.987088	19.23
38.7928	28.9069	-0.987808	19.245
38.8202	28.9328	-0.988529	19.26
38.8475	28.9587	-0.989249	19.275
38.8749	28.9847	-0.989969	19.29
38.9023	29.0106	-0.99069	19.305
38.9297	29.0365	-0.99141	19.32
38.9571	29.0625	-0.992131	19.335
38.9845	29.0884	-0.992851	19.35
39.0119	29.1143	-0.993571	19.365
39.0393	29.1403	-0.994292	19.38
39.0667	29.1662	-0.995012	19.395
39.0941	29.1921	-0.995733	19.41
39.1215	29.2181	-0.996453	19.425
39.1488	29.244	-0.997173	19.44
39.1762	29.2699	-0.997894	19.455
39.2036	29.2959	-0.998614	19.47
39.231	29.3218	-0.999334	19.485
39.2584	29.3477	-1.00005	19.5
39.2858	29.3736	-1.00078	19.515
39.3132	29.3996	-1.0015	19.53
39.3406	29.4255	-1.00222	19.545
39.368	29.4514	-1.00294	19.56
39.3954	29.4774	-1.00366	19.575
39.4228	29.5033	-1.00438	19.59
39.4501	29.5292	-1.0051	19.605
39.4775	29.5552	-1.00582	19.62
39.5049	29.5811	-1.00654	19.635
39.5323	29.607	-1.00726	19.65
39.5597	29.633	-1.00798	19.665
39.5871	29.6589	-1.0087	19.68
39.6145	29.6848	-1.00942	19.695
39.6419	29.7108	-1.01014	19.71
39.6693	29.7367	-1.01086	19.725
39.6967	29.7626	-1.01158	19.74
39.724	29.7885	-1.0123	19.755
39.7514	29.8145	-1.01302	19.77
39.7788	29.8404	-1.01374	19.785
39.8062	29.8663	-1.01446	19.8
39.8336	29.8923	-1.01518	19.815
39.861	29.9182	-1.0159	19.83
39.8884	29.9441	-1.01662	19.845
39.9158	29.9701	-1.01734	19.86
39.9432	29.996	-1.01806	19.875
39.9705	30.0219	-1.01878	19.89
39.9979	30.0479	-1.0195	19.905
40.0253	30.0738	-1.02022	19.92
40.0527	30.0997	-1.02094	19.935
40.0801	30.1256	-1.02167	19.95
40.1075	30.1516	-1.02239	19.965
40.1349	30.1775	-1.02311	19.98
40.1623	30.2034	-1.02383	19.995
40.1897	30.2294	-1.02455	20.01
40.217	30.2553	-1.02527	20.025
40.2444	30.2812	-1.02599	20.04
40.2718	30.3072	-1.02671	20.055
40.2992	30.3331	-1.02743	20.07
40.3266	30.359	-1.02815	20.085
40.354	30.3849	-1.02887	20.1
40.3814	30.4109	-1.02959	20.115
40.4088	30.4368	-1.03031	20.13
40.4362	30.4627	-1.03103	20.145
40.4635	30.4887	-1.03175	20.16
40.4909	30.5146	-1.03247	20.175
40.5183	30.5405	-1.03319	20.19
40.5457	30.5665	-1.03391	20.205
40.5731	30.5924	-1.03463	20.22
40.6005	30.6183	-1.03535	20.235
40.6279	30.6442	-1.03607	20.25
40.6553	30.6702	-1.03679	20.265
40.6826	30.6961	-1.03751	20.28
40.71	30.722	-1.03823	20.295
40.7374	30.748	-1.03895	20.31
40.7648	30.7739	-1.03967	20.325
40.7922	30.7998	-1.04039	20.34
40.8196	30.8258	-1.04111	20.355
40.847	30.8517	-1.04183	20.37
40.8744	30.8776	-1.04255	20.385
40.9017	30.9035	-1.04327	20.4
40.9291	30.9295	-1.04399	20.415
40.9565	30.9554	-1.04472	20.43
40.9839	30.9813	-1.04544	20.445
41.0113	31.0073	-1.04616	20.46
41.0387	31.0332	-1.04688	20.475
41.0661	31.0591	-1.0476	20.49
41.0935	31.085	-1.04832	20.505
41.1208	31.111	-1.04904	20.52
41.1482	31.1369	-1.04976	20.535
41.1756	31.1628	-1.05048	20.55
41.203	31.1888	-1.0512	20.565
41.2304	31.2147	-1.05192	20.58
41.2578	31.2406	-1.05264	20.595
41.2852	31.2665	-1.05336	20.61
41.3125	31.2925	-1.05408	20.625
41.3399	31.3184	-1.0548	20.64
41.3673	31.3443	-1.05552	20.655
41.3947	31.3703	-1.05624	20.67
41.4221	31.3962	-1.05696	20.685
41.4495	31.4221	-1.05768	20.7
41.4769	31.448	-1.0584	20.715
41.5043	31.474	-1.05912	20.73
41.5316	31.4999	-1.05984	20.745
41.559	31.5258	-1.06056	20.76
41.5864	31.5518	-1.06128	20.775
41.6138	31.5777	-1.062	20.79
41.6412	31.6036	-1.06272	20.805
41.6686	31.6295	-1.06344	20.82
41.696	31.6555	-1.06416	20.835
41.7233	31.6814	-1.06488	20.85
41.7507	31.7073	-1.0656	20.865
41.7781	31.7332	-1.06632	20.88
41.8055	31.7592	-1.06704	20.895
41.8329	31.7851	-1.06776	20.91
41.8603	31.811	-1.06848	20.925
41.8877	31.837	-1.0692	20.94
41.915	31.8629	-1.06992	20.955
41.9424	31.8888	-1.07064	20.97
41.9698	31.9147	-1.07136	20.985
41.9972	31.9407	-1.07208	21
42.0246	31.9666	-1.07281	21.015
42.052	31.9925	-1.07353	21.03
42.0794	32.0185	-1.07425	21.045
42.1067	32.0444	-1.07497	21.06
42.1341	32.0703	-1.07569	21.075
42.1615	32.0962	-1.07641	21.09
42.1889	32.1222	-1.07713	21.105
42.2163	32.1481	-1.07785	21.12
42.2437	32.174	-1.07857	21.135
42.271	32.1999	-1.07929	21.15
42.2984	32.2259	-1.08001	21.165
42.3258	32.2518	-1.08073	21.18
42.3532	32.2777	-1.08145	21.195
42.3806	32.3037	-1.08217	21.21
42.408	32.3296	-1.08289	21.225
42.4354	32.3555	-1.08361	21.24
42.4627	32.3814	-1.08433	21.255
42.4901	32.4074	-1.08505	21.27
42.5175	32.4333	-1.08577	21.285
42.5449	32.4592	-1.08649	21.3
42.5723	32.4851	-1.08721	21.315
42.5997	32.5111	-1.08793	21.33
42.627	32.537	-1.08865	21.345
42.6544	32.5629	-1.08937	21.36
42.6818	32.5888	-1.09009	21.375
42.7092	32.6148	-1.09081	21.39
42.7366	32.6407	-1.09153	21.405
42.764	32.6666	-1.09225	21.42
42.7913	32.6926	-1.09297	21.435
42.8187	32.7185	-1.09369	21.45
42.8461	32.7444	-1.09441	21.465
42.8735	32.7703	-1.09513	21.48
42.9009	32.7963	-1.09585	21.495
42.9283	32.8222	-1.09657	21.51
42.9557	32.8481	-1.09729	21.525
42.983	32.874	-1.09801	21.54
43.0104	32.9	-1.09873	21.555
43.0378	32.9259	-1.09945	21.57
43.0652	32.9518	-1.10017	21.585
43.0926	32.9777	-1.10089	21.6
43.12	33.0037	-1.10161	21.615
43.1473	33.0296	-1.10233	21.63
43.1747	33.0555	-1.10305	21.645
43.2021	33.0815	-1.10377	21.66
43.2295	33.1074	-1.10449	21.675
43.2569	33.1333	-1.10521	21.69
43.2843	33.1592	-1.10593	21.705
43.3116	33.1852	-1.10665	21.72
43.339	33.2111	-1.10737	21.735
43.3664	33.237	-1.1081	21.75
43.3938	33.2629	-1.10882	21.765
43.4212	33.2889	-1.10954	21.78
43.4486	33.3148	-1.11026	21.795
43.4759	33.3407	-1.11098	21.81
43.5033	33.3666	-1.1117	21.825
43.5307	33.3926	-1.11242	21.84
43.5581	33.4185	-1.11314	21.855
43.5855	33.4444	-1.11386	21.87
43.6128	33.4703	-1.11458	21.885
43.6402	33.4963	-1.1153	21.9
43.6676	33.5222	-1.11602	21.915
43.695	33.5481	-1.11674	21.93
43.7224	33.574	-1.11746	21.945
43.7498	33.6	-1.11818	21.96
43.7771	33.6259	-1.1189	21.975
43.8045	33.6518	-1.11962	21.99
43.8319	33.6777	-1.12034	22.005
43.8593	33.7037	-1.12106	22.02
43.8867	33.7296	-1.12178	22.035
43.9141	33.7555	-1.1225	22.05
43.9414	33.7814	-1.12322	22.065
43.9688	33.8074	-1.12394	22.08
43.9962	33.8333	-1.12466	22.095
44.0236	33.8592	-1.12538	22.11
44.051	33.8851	-1.1261	22.125
44.0783	33.9111	-1.12682	22.14
44.1057	33.937	-1.12754	22.155
44.1331	33.9629	-1.12826	22.17
44.1605	33.9888	-1.12898	22.185
44.1879	34.0148	-1.1297	22.2
44.2153	34.0407	-1.13042	22.215
44.2426	34.0666	-1.13114	22.23
44.27	34.0925	-1.13186	22.245
44.2974	34.1185	-1.13258	22.26
44.3248	34.1444	-1.1333	22.275
44.3522	34.1703	-1.13402	22.29
44.3795	34.1962	-1.13474	22.305
44.4069	34.2222	-1.13546	22.32
44.4343	34.2481	-1.13618	22.335
44.4617	34.274	-1.1369	22.35
44.4891	34.2999	-1.13762	22.365
44.5165	34.3259	-1.13834	22.38
44.5438	34.3518	-1.13906	22.395
44.5712	34.3777	-1.13978	22.41
44.5986	34.4036	-1.1405	22.425
44.626	34.4296	-1.14122	22.44
44.6534	34.4555	-1.14194	22.455
44.6807	34.4814	-1.14266	22.47
44.7081	34.5073	-1.14338	22.485
44.7355	34.5333	-1.1441	22.5
44.7629	34.5592	-1.14482	22.515
44.7903	34.5851	-1.14554	22.53
44.8176	34.611	-1.14626	22.545
44.845	34.637	-1.14698	22.56
44.8724	34.6629	-1.1477	22.575
44.8998	34.6888	-1.14842	22.59
44.9272	34.7147	-1.14914	22.605
44.9545	34.7407	-1.14986	22.62
44.9819	34.7666	-1.15058	22.635
45.0093	34.7925	-1.1513	22.65
45.0367	34.8184	-1.15202	22.665
45.0641	34.8443	-1.15274	22.68
45.0914	34.8703	-1.15346	22.695
45.1188	34.8962	-1.15418	22.71
45.1462	34.9221	-1.1549	22.725
45.1736	34.948	-1.15562	22.74
45.201	34.974	-1.15634	22.755
45.2283	34.9999	-1.15706	22.77
45.2557	35.0258	-1.15778	22.785
45.2831	35.0517	-1.1585	22.8
45.3105	35.0777	-1.15922	22.815
45.3379	35.1036	-1.15994	22.83
45.3653	35.1295	-1.16067	22.845
45.3926	35.1554	-1.16139	22.86
45.42	35.1814	-1.16211	22.875
45.4474	35.2073	-1.16283	22.89
45.4748	35.2332	-1.16355	22.905
45.5022	35.2591	-1.16427	22.92
45.5295	35.285	-1.16499	22.935
45.5569	35.311	-1.16571	22.95
45.5843	35.3369	-1.16643	22.965
45.6117	35.3628	-1.16715	22.98
45.639	35.3887	-1.16787	22.995
45.6664	35.4147	-1.16859	23.01
45.6938	35.4406	-1.16931	23.025
45.7212	35.4665	-1.17003	23.04
45.7486	35.4924	-1.17075	23.055
45.7759	35.5184	-1.17147	23.07
45.8033	35.5443	-1.17219	23.085
45.8307	35.5702	-1.17291	23.1
45.8581	35.5961	-1.17363	23.115
45.8855	35.6221	-1.17435	23.13
45.9128	35.648	-1.17507	23.145
45.9402	35.6739	-1.17579	23.16
45.9676	35.6998	-1.17651	23.175
45.995	35.7257	-1.17723	23.19
46.0224	35.7517	-1.17795	23.205
46.0497	35.7776	-1.17867	23.22
46.0771	35.8035	-1.17939	23.235
46.1045	35.8294	-1.18011	23.25
46.1319	35.8554	-1.18083	23.265
46.1593	35.8813	-1.18155	23.28
46.1866	35.9072	-1.18227	23.295
46.214	35.9331	-1.18299	23.31
46.2414	35.959	-1.18371	23.325
46.2688	35.985	-1.18443	23.34
46.2962	36.0109	-1.18515	23.355
46.3235	36.0368	-1.18587	23.37
46.3509	36.0627	-1.18659	23.385
46.3783	36.0887	-1.18731	23.4
46.4057	36.1146	-1.18803	23.415
46.433	36.1405	-1.18875	23.43
46.4604	36.1664	-1.18947	23.445
46.4878	36.1924	-1.19019	23.46
46.5152	36.2183	-1.19091	23.475
46.5426	36.2442	-1.19163	23.49
46.5699	36.2701	-1.19235	23.505
46.5973	36.296	-1.19307	23.52
46.6247	36.322	-1.19379	23.535
46.6521	36.3479	-1.19451	23.55
46.6795	36.3738	-1.19523	23.565
46.7068	36.3997	-1.19595	23.58
46.7342	36.4257	-1.19667	23.595
46.7616	36.4516	-1.19739	23.61
46.789	36.4775	-1.19811	23.625
46.8163	36.5034	-1.19883	23.64
46.8437	36.5293	-1.19955	23.655
46.8711	36.5553	-1.20027	23.67
46.8985	36.5812	-1.20099	23.685
46.9259	36.6071	-1.20171	23.7
46.9532	36.633	-1.20243	23.715
46.9806	36.659	-1.20315	23.73
47.008	36.6849	-1.20387	23.745
47.0354	36.7108	-1.20459	23.76
47.0627	36.7367	-1.20531	23.775
47.0901	36.7626	-1.20603	23.79
47.1175	36.7886	-1.20675	23.805
47.1449	36.8145	-1.20747	23.82
47.1723	36.8404	-1.20819	23.835
47.1996	36.8663	-1.20891	23.85
47.227	36.8922	-1.20963	23.865
47.2544	36.9182	-1.21035	23.88
47.2818	36.9441	-1.21107	23.895
47.3091	36.97	-1.21179	23.91
47.3365	36.9959	-1.21251	23.925
47.3639	37.0219	-1.21323	23.94
47.3913	37.0478	-1.21395	23.955
47.4187	37.0737	-1.21467	23.97
47.446	37.0996	-1.21539	23.985
47.4734	37.1255	-1.21611	24
47.5008	37.1515	-1.21683	24.015
47.5282	37.1774	-1.21755	24.03
47.5555	37.2033	-1.21827	24.045
47.5829	37.2292	-1.21899	24.06
47.6103	37.2552	-1.21971	24.075
47.6377	37.2811	-1.22043	24.09
47.6651	37.307	-1.22115	24.105
47.6924	37.3329	-1.22187	24.12
47.7198	37.3588	-1.22259	24.135
47.7472	37.3848	-1.22331	24.15
47.7746	37.4107	-1.22403	24.165
47.8019	37.4366	-1.22475	24.18
47.8293	37.4625	-1.22547	24.195
47.8567	37.4884	-1.22619	24.21
47.8841	37.5144	-1.22691	24.225
47.9114	37.5403	-1.22763	24.24
47.9388	37.5662	-1.22835	24.255
47.9662	37.5921	-1.22907	24.27
47.9936	37.618	-1.22979	24.285
48.021	37.644	-1.23051	24.3
48.0483	37.6699	-1.23123	24.315
48.0757	37.6958	-1.23195	24.33
48.1031	37.7217	-1.23267	24.345
48.1305	37.7477	-1.23339	24.36
48.1578	37.7736	-1.23411	24.375
48.1852	37.7995	-1.23483	24.39
48.2126	37.8254	-1.23555	24.405
48.24	37.8513	-1.23627	24.42
48.2673	37.8773	-1.23699	24.435
48.2947	37.9032	-1.23771	24.45
48.3221	37.9291	-1.23843	24.465
48.3495	37.955	-1.23915	24.48
48.3768	37.9809	-1.23987	24.495
48.4042	38.0069	-1.24059	24.51
48.4316	38.0328	-1.24131	24.525
48.459	38.0587	-1.24203	24.54
48.4864	38.0846	-1.24275	24.555
48.5137	38.1105	-1.24347	24.57
48.5411	38.1365	-1.24419	24.585
48.5685	38.1624	-1.24491	24.6
48.5959	38.1883	-1.24563	24.615
48.6232	38.2142	-1.24635	24.63
48.6506	38.2401	-1.24707	24.645
48.678	38.2661	-1.24779	24.66
48.7054	38.292	-1.24851	24.675
48.7327	38.3179	-1.24923	24.69
48.7601	38.3438	-1.24995	24.705
48.7875	38.3697	-1.25067	24.72
48.8149	38.3957	-1.25139	24.735
48.8422	38.4216	-1.25211	24.75
48.8696	38.4475	-1.25283	24.765
48.897	38.4734	-1.25355	24.78
48.9244	38.4994	-1.25427	24.795
48.9517	38.5253	-1.25499	24.81
48.9791	38.5512	-1.25571	24.825
49.0065	38.5771	-1.25643	24.84
49.0339	38.603	-1.25715	24.855
49.0612	38.629	-1.25787	24.87
49.0886	38.6549	-1.25859	24.885
49.116	38.6808	-1.25931	24.9
49.1434	38.7067	-1.26003	24.915
49.1708	38.7326	-1.26075	24.93
49.1981	38.7586	-1.26147	24.945
49.2255	38.7845	-1.26219	24.96
49.2529	38.8104	-1.26291	24.975
49.2803	38.8363	-1.26363	24.99
49.3076	38.8622	-1.26435	25.005
49.335	38.8882	-1.26507	25.02
49.3624	38.9141	-1.26579	25.035
49.3898	38.94	-1.26651	25.05
49.4171	38.9659	-1.26723	25.065
49.4445	38.9918	-1.26795	25.08
49.4719	39.0178	-1.26867	25.095
49.4993	39.0437	-1.26939	25.11
49.5266	39.0696	-1.27011	25.125
49.554	39.0955	-1.27083	25.14
49.5814	39.1214	-1.27155	25.155
49.6088	39.1474	-1.27227	25.17
49.6361	39.1733	-1.27299	25.185
49.6635	39.1992	-1.27371	25.2
49.6909	39.2251	-1.27443	25.215
49.7183	39.251	-1.27515	25.23
49.7456	39.2769	-1.27587	25.245
49.773	39.3029	-1.27659	25.26
49.8004	39.3288	-1.27731	25.275
49.8278	39.3547	-1.27803	25.29
49.8551	39.3806	-1.27875	25.305
49.8825	39.4065	-1.27947	25.32
49.9099	39.4325	-1.28019	25.335
49.9373	39.4584	-1.28091	25.35
49.9646	39.4843	-1.28163	25.365
49.992	39.5102	-1.28235	25.38
50.0194	39.5361	-1.28307	25.395
50.0468	39.5621	-1.28379	25.41
50.0741	39.588	-1.28451	25.425
50.1015	39.6139	-1.28523	25.44
50.1289	39.6398	-1.28595	25.455
50.1563	39.6657	-1.28667	25.47
50.1836	39.6917	-1.28739	25.485
50.211	39.7176	-1.28811	25.5
50.2384	39.7435	-1.28883	25.515
50.2658	39.7694	-1.28955	25.53
50.2931	39.7953	-1.29027	25.545
50.3205	39.8213	-1.29099	25.56
50.3479	39.8472	-1.29171	25.575
50.3752	39.8731	-1.29243	25.59
50.4026	39.899	-1.29315	25.605
50.43	39.9249	-1.29387	25.62
50.4574	39.9509	-1.29459	25.635
50.4847	39.9768	-1.29531	25.65
50.5121	40.0027	-1.29603	25.665
50.5395	40.0286	-1.29675	25.68
50.5669	40.0545	-1.29747	25.695
50.5942	40.0804	-1.29819	25.71
50.6216	40.1064	-1.29891	25.725
50.649	40.1323	-1.29963	25.74
50.6764	40.1582	-1.30035	25.755
50.7037	40.1841	-1.30107	25.77
50.7311	40.21	-1.30179	25.785
50.7585	40.236	-1.30251	25.8
50.7859	40.2619	-1.30323	25.815
50.8132	40.2878	-1.30395	25.83
50.8406	40.3137	-1.30467	25.845
50.868	40.3396	-1.30539	25.86
50.8954	40.3656	-1.30611	25.875
50.9227	40.3915	-1.30683	25.89
50.9501	40.4174	-1.30755	25.905
50.9775	40.4433	-1.30827	25.92
51.0049	40.4692	-1.30899	25.935
51.0322	40.4951	-1.30971	25.95
51.0596	40.5211	-1.31043	25.965
51.087	40.547	-1.31115	25.98
51.1143	40.5729	-1.31187	25.995
51.1417	40.5988	-1.31259	26.01
51.1691	40.6247	-1.31331	26.025
51.1965	40.6507	-1.31403	26.04
51.2238	40.6766	-1.31475	26.055
51.2512	40.7025	-1.31547	26.07
51.2786	40.7284	-1.31619	26.085
51.306	40.7543	-1.31691	26.1
51.3333	40.7802	-1.31763	26.115
51.3607	40.8062	-1.31835	26.13
51.3881	40.8321	-1.31907	26.145
51.4155	40.858	-1.31979	26.16
51.4428	40.8839	-1.32051	26.175
51.4702	40.9098	-1.32123	26.19
51.4976	40.9358	-1.32195	26.205
51.5249	40.9617	-1.32267	26.22
51.5523	40.9876	-1.32339	26.235
51.5797	41.0135	-1.32411	26.25
51.6071	41.0394	-1.32483	26.265
51.6344	41.0654	-1.32555	26.28
51.6618	41.0913	-1.32627	26.295
51.6892	41.1172	-1.32699	26.31
51.7166	41.1431	-1.32771	26.325
51.7439	41.169	-1.32843	26.34
51.7713	41.1949	-1.32915	26.355
51.7987	41.2209	-1.32987	26.37
51.8261	41.2468	-1.33059	26.385
51.8534	41.2727	-1.33131	26.4
51.8808	41.2986	-1.33203	26.415
51.9082	41.3245	-1.33275	26.43
51.9355	41.3505	-1.33347	26.445
51.9629	41.3764	-1.33419	26.46
51.9903	41.4023	-1.33491	26.475
52.0177	41.4282	-1.33563	26.49
52.045	41.4541	-1.33635	26.505
52.0724	41.48	-1.33707	26.52
52.0998	41.506	-1.33779	26.535
52.1272	41.5319	-1.33851	26.55
52.1545	41.5578	-1.33923	26.565
52.1819	41.5837	-1.33994	26.58
52.2093	41.6096	-1.34066	26.595
52.2366	41.6355	-1.34138	26.61
52.264	41.6615	-1.3421	26.625
52.2914	41.6874	-1.34282	26.64
52.3188	41.7133	-1.34354	26.655
52.3461	41.7392	-1.34426	26.67
52.3735	41.7651	-1.34498	26.685
52.4009	41.7911	-1.3457	26.7
52.4283	41.817	-1.34642	26.715
52.4556	41.8429	-1.34714	26.73
52.483	41.8688	-1.34786	26.745
52.5104	41.8947	-1.34858	26.76
52.5377	41.9206	-1.3493	26.775
52.5651	41.9466	-1.35002	26.79
52.5925	41.9725	-1.35074	26.805
52.6199	41.9984	-1.35146	26.82
52.6472	42.0243	-1.35218	26.835
52.6746	42.0502	-1.3529	26.85
52.702	42.0761	-1.35362	26.865
52.7294	42.1021	-1.35434	26.88
52.7567	42.128	-1.35506	26.895
52.7841	42.1539	-1.35578	26.91
52.8115	42.1798	-1.3565	26.925
52.8388	42.2057	-1.35722	26.94
52.8662	42.2317	-1.35794	26.955
52.8936	42.2576	-1.35866	26.97
52.921	42.2835	-1.35938	26.985
52.9483	42.3094	-1.3601	27
52.9757	42.3353	-1.36082	27.015
53.0031	42.3612	-1.36154	27.03
53.0304	42.3872	-1.36226	27.045
53.0578	42.4131	-1.36298	27.06
53.0852	42.439	-1.3637	27.075
53.1126	42.4649	-1.36442	27.09
53.1399	42.4908	-1.36514	27.105
53.1673	42.5167	-1.36586	27.12
53.1947	42.5427	-1.36658	27.135
53.222	42.5686	-1.3673	27.15
53.2494	42.5945	-1.36802	27.165
53.2768	42.6204	-1.36874	27.18
53.3042	42.6463	-1.36946	27.195
53.3315	42.6722	-1.37018	27.21
53.3589	42.6982	-1.3709	27.225
53.3863	42.7241	-1.37162	27.24
53.4137	42.75	-1.37234	27.255
53.441	42.7759	-1.37306	27.27
53.4684	42.8018	-1.37378	27.285
53.4958	42.8277	-1.3745	27.3
53.5231	42.8537	-1.37522	27.315
53.5505	42.8796	-1.37594	27.33
53.5779	42.9055	-1.37666	27.345
53.6053	42.9314	-1.37738	27.36
53.6326	42.9573	-1.3781	27.375
53.66	42.9832	-1.37882	27.39
53.6874	43.0092	-1.37954	27.405
53.7147	43.0351	-1.38026	27.42
53.7421	43.061	-1.38098	27.435
53.7695	43.0869	-1.3817	27.45
53.7969	43.1128	-1.38242	27.465
53.8242	43.1387	-1.38314	27.48
53.8516	43.1647	-1.38386	27.495
53.879	43.1906	-1.38458	27.51
53.9063	43.2165	-1.3853	27.525
53.9337	43.2424	-1.38602	27.54
53.9611	43.2683	-1.38674	27.555
53.9885	43.2942	-1.38746	27.57
54.0158	43.3202	-1.38818	27.585
54.0432	43.3461	-1.3889	27.6
54.0706	43.372	-1.38962	27.615
54.0979	43.3979	-1.39034	27.63
54.1253	43.4238	-1.39106	27.645
54.1527	43.4497	-1.39178	27.66
54.1801	43.4757	-1.3925	27.675
54.2074	43.5016	-1.39322	27.69
54.2348	43.5275	-1.39394	27.705
54.2622	43.5534	-1.39466	27.72
54.2895	43.5793	-1.39538	27.735
54.3169	43.6052	-1.3961	27.75
54.3443	43.6312	-1.39682	27.765
54.3716	43.6571	-1.39754	27.78
54.399	43.683	-1.39826	27.795
54.4264	43.7089	-1.39898	27.81
54.4538	43.7348	-1.3997	27.825
54.4811	43.7607	-1.40042	27.84
54.5085	43.7867	-1.40114	27.855
54.5359	43.8126	-1.40186	27.87
54.5632	43.8385	-1.40258	27.885
54.5906	43.8644	-1.4033	27.9
54.618	43.8903	-1.40401	27.915
54.6454	43.9162	-1.40473	27.93
54.6727	43.9422	-1.40545	27.945
54.7001	43.9681	-1.40617	27.96
54.7275	43.994	-1.40689	27.975
54.7548	44.0199	-1.40761	27.99
54.7822	44.0458	-1.40833	28.005
54.8096	44.0717	-1.40905	28.02
54.837	44.0977	-1.40977	28.035
54.8643	44.1236	-1.41049	28.05
54.8917	44.1495	-1.41121	28.065
54.9191	44.1754	-1.41193	28.08
54.9464	44.2013	-1.41265	28.095
54.9738	44.2272	-1.41337	28.11
55.0012	44.2532	-1.41409	28.125
55.0285	44.2791	-1.41481	28.14
55.0559	44.305	-1.41553	28.155
55.0833	44.3309	-1.41625	28.17
55.1107	44.3568	-1.41697	28.185
55.138	44.3827	-1.41769	28.2
55.1654	44.4086	-1.41841	28.215
55.1928	44.4346	-1.41913	28.23
55.2201	44.4605	-1.41985	28.245
55.2475	44.4864	-1.42057	28.26
55.2749	44.5123	-1.42129	28.275
55.3022	44.5382	-1.42201	28.29
55.3296	44.5641	-1.42273	28.305
55.357	44.5901	-1.42345	28.32
55.3844	44.616	-1.42417	28.335
55.4117	44.6419	-1.42489	28.35
55.4391	44.6678	-1.42561	28.365
55.4665	44.6937	-1.42633	28.38
55.4938	44.7196	-1.42705	28.395
55.5212	44.7456	-1.42777	28.41
55.5486	44.7715	-1.42849	28.425
55.576	44.7974	-1.42921	28.44
55.6033	44.8233	-1.42993	28.455
55.6307	44.8492	-1.43065	28.47
55.6581	44.8751	-1.43137	28.485
55.6854	44.901	-1.43209	28.5
55.7128	44.927	-1.43281	28.515
55.7402	44.9529	-1.43353	28.53
55.7675	44.9788	-1.43425	28.545
55.7949	45.0047	-1.43497	28.56
55.8223	45.0306	-1.43569	28.575
55.8497	45.0565	-1.43641	28.59
55.877	45.0825	-1.43713	28.605
55.9044	45.1084	-1.43785	28.62
55.9318	45.1343	-1.43857	28.635
55.9591	45.1602	-1.43929	28.65
55.9865	45.1861	-1.44001	28.665
56.0139	45.212	-1.44073	28.68
56.0412	45.238	-1.44145	28.695
56.0686	45.2639	-1.44217	28.71
56.096	45.2898	-1.44289	28.725
56.1233	45.3157	-1.44361	28.74
56.1507	45.3416	-1.44433	28.755
56.1781	45.3675	-1.44505	28.77
56.2055	45.3934	-1.44577	28.785
56.2328	45.4194	-1.44649	28.8
56.2602	45.4453	-1.44721	28.815
56.2876	45.4712	-1.44793	28.83
56.3149	45.4971	-1.44865	28.845
56.3423	45.523	-1.44937	28.86
56.3697	45.5489	-1.45009	28.875
56.397	45.5749	-1.4508	28.89
56.4244	45.6008	-1.45152	28.905
56.4518	45.6267	-1.45224	28.92
56.4792	45.6526	-1.45296	28.935
56.5065	45.6785	-1.45368	28.95
56.5339	45.7044	-1.4544	28.965
56.5613	45.7303	-1.45512	28.98
56.5886	45.7563	-1.45584	28.995
56.616	45.7822	-1.45656	29.01
56.6434	45.8081	-1.45728	29.025
56.6707	45.834	-1.458	29.04
56.6981	45.8599	-1.45872	29.055
56.7255	45.8858	-1.45944	29.07
56.7528	45.9117	-1.46016	29.085
56.7802	45.9377	-1.46088	29.1
56.8076	45.9636	-1.4616	29.115
56.835	45.9895	-1.46232	29.13
56.8623	46.0154	-1.46304	29.145
56.8897	46.0413	-1.46376	29.16
56.9171	46.0672	-1.46448	29.175
56.9444	46.0932	-1.4652	29.19
56.9718	46.1191	-1.46592	29.205
56.9992	46.145	-1.46664	29.22
57.0265	46.1709	-1.46736	29.235
57.0539	46.1968	-1.46808	29.25
57.0813	46.2227	-1.4688	29.265
57.1086	46.2486	-1.46952	29.28
57.136	46.2746	-1.47024	29.295
57.1634	46.3005	-1.47096	29.31
57.1908	46.3264	-1.47168	29.325
57.2181	46.3523	-1.4724	29.34
57.2455	46.3782	-1.47312	29.355
57.2729	46.4041	-1.47384	29.37
57.3002	46.43	-1.47456	29.385
57.3276	46.456	-1.47528	29.4
57.355	46.4819	-1.476	29.415
57.3823	46.5078	-1.47672	29.43
57.4097	46.5337	-1.47744	29.445
57.4371	46.5596	-1.47816	29.46
57.4644	46.5855	-1.47888	29.475
57.4918	46.6115	-1.4796	29.49
57.5192	46.6374	-1.48032	29.505
57.5466	46.6633	-1.48104	29.52
57.5739	46.6892	-1.48176	29.535
57.6013	46.7151	-1.48248	29.55
57.6287	46.741	-1.4832	29.565
57.656	46.7669	-1.48392	29.58
57.6834	46.7929	-1.48464	29.595
57.7108	46.8188	-1.48536	29.61
57.7381	46.8447	-1.48608	29.625
57.7655	46.8706	-1.4868	29.64
57.7929	46.8965	-1.48752	29.655
57.8202	46.9224	-1.48824	29.67
57.8476	46.9483	-1.48896	29.685
57.875	46.9743	-1.48968	29.7
57.9023	47.0002	-1.49039	29.715
57.9297	47.0261	-1.49111	29.73
57.9571	47.052	-1.49183	29.745
57.9844	47.0779	-1.49255	29.76
58.0118	47.1038	-1.49327	29.775
58.0392	47.1297	-1.49399	29.79
58.0666	47.1557	-1.49471	29.805
58.0939	47.1816	-1.49543	29.82
58.1213	47.2075	-1.49615	29.835
58.1487	47.2334	-1.49687	29.85
58.176	47.2593	-1.49759	29.865
58.2034	47.2852	-1.49831	29.88
58.2308	47.3111	-1.49903	29.895
58.2581	47.3371	-1.49975	29.91
58.2855	47.363	-1.50047	29.925
58.3129	47.3889	-1.50119	29.94
58.3402	47.4148	-1.50191	29.955
58.3676	47.4407	-1.50263	29.97
58.395	47.4666	-1.50335	29.985
