-0.00245891	0.00422474	3.74215e-05	1.58101e-322
-0.00247087	0.00421688	3.77227e-05	0.015
-0.00248277	0.00420898	3.80235e-05	0.03
-0.00249462	0.00420104	3.83237e-05	0.045
-0.00250642	0.00419306	3.86234e-05	0.06
-0.00251817	0.00418505	3.89226e-05	0.075
-0.00252986	0.00417701	3.92212e-05	0.09
-0.00254151	0.00416894	3.95192e-05	0.105
-0.00255312	0.00416084	3.98167e-05	0.12
-0.00256468	0.00415271	4.01136e-05	0.135
-0.0025762	0.00414455	4.04099e-05	0.15
-0.00258767	0.00413636	4.07056e-05	0.165
-0.00259911	0.00412815	4.10007e-05	0.18
-0.00261051	0.0041199	4.12952e-05	0.195
-0.00262188	0.00411164	4.1589e-05	0.21
-0.00263321	0.00410334	4.18822e-05	0.225
-0.00264452	0.00409502	4.21748e-05	0.24
-0.00265579	0.00408666	4.24666e-05	0.255
-0.00266703	0.00407828	4.27578e-05	0.27
-0.00267824	0.00406987	4.30484e-05	0.285
-0.00268943	0.00406143	4.33382e-05	0.3
-0.00270059	0.00405296	4.36273e-05	0.315
-0.00271173	0.00404446	4.39158e-05	0.33
-0.00272285	0.00403593	4.42035e-05	0.345
-0.00273394	0.00402736	4.44905e-05	0.36
-0.00274501	0.00401875	4.47768e-05	0.375
-0.00275605	0.00401011	4.50623e-05	0.39
-0.00276708	0.00400143	4.53471e-05	0.405
-0.00277808	0.00399272	4.56311e-05	0.42
-0.00278906	0.00398396	4.59144e-05	0.435
-0.00280002	0.00397516	4.61969e-05	0.45
-0.00281096	0.00396632	4.64786e-05	0.465
-0.00282188	0.00395744	4.67596e-05	0.48
-0.00283278	0.00394851	4.70397e-05	0.495
-0.00284365	0.00393953	4.73191e-05	0.51
-0.0028545	0.00393051	4.75977e-05	0.525
-0.00286532	0.00392144	4.78755e-05	0.54
-0.00287612	0.00391232	4.81525e-05	0.555
-0.00288689	0.00390316	4.84287e-05	0.57
-0.00289764	0.00389394	4.8704e-05	0.585
-0.00290836	0.00388467	4.89786e-05	0.6
-0.00291904	0.00387535	4.92523e-05	0.615
-0.0029297	0.00386598	4.95252e-05	0.63
-0.00294033	0.00385656	4.97973e-05	0.645
-0.00295092	0.00384708	5.00685e-05	0.66
-0.00296148	0.00383756	5.03389e-05	0.675
-0.002972	0.00382798	5.06085e-05	0.69
-0.00298249	0.00381835	5.08772e-05	0.705
-0.00299294	0.00380866	5.11451e-05	0.72
-0.00300335	0.00379893	5.14122e-05	0.735
-0.00301371	0.00378914	5.16784e-05	0.75
-0.00302404	0.0037793	5.19438e-05	0.765
-0.00303432	0.00376942	5.22083e-05	0.78
-0.00304456	0.00375948	5.2472e-05	0.795
-0.00305475	0.00374949	5.27348e-05	0.81
-0.00306489	0.00373946	5.29968e-05	0.825
-0.00307499	0.00372937	5.32579e-05	0.84
-0.00308503	0.00371925	5.35182e-05	0.855
-0.00309503	0.00370907	5.37776e-05	0.87
-0.00310497	0.00369886	5.40362e-05	0.885
-0.00311486	0.0036886	5.42939e-05	0.9
-0.0031247	0.00367829	5.45508e-05	0.915
-0.00313448	0.00366795	5.48069e-05	0.93
-0.00314421	0.00365757	5.50621e-05	0.945
-0.00315389	0.00364716	5.53165e-05	0.96
-0.00316351	0.0036367	5.557e-05	0.975
-0.00317307	0.00362622	5.58226e-05	0.99
-0.00318257	0.0036157	5.60745e-05	1.005
-0.00319202	0.00360515	5.63255e-05	1.02
-0.00320141	0.00359457	5.65757e-05	1.035
-0.00321075	0.00358396	5.6825e-05	1.05
-0.00322002	0.00357332	5.70735e-05	1.065
-0.00322924	0.00356266	5.73212e-05	1.08
-0.00323841	0.00355198	5.75681e-05	1.095
-0.00324751	0.00354128	5.78141e-05	1.11
-0.00325656	0.00353055	5.80593e-05	1.125
-0.00326555	0.00351981	5.83037e-05	1.14
-0.00327449	0.00350905	5.85473e-05	1.155
-0.00328337	0.00349827	5.87901e-05	1.17
-0.0032922	0.00348748	5.90321e-05	1.185
-0.00330097	0.00347668	5.92733e-05	1.2
-0.00330969	0.00346586	5.95137e-05	1.215
-0.00331836	0.00345504	5.97533e-05	1.23
-0.00332697	0.0034442	5.99921e-05	1.245
-0.00333554	0.00343336	6.02301e-05	1.26
-0.00334405	0.00342252	6.04674e-05	1.275
-0.00335252	0.00341166	6.07039e-05	1.29
-0.00336094	0.00340081	6.09395e-05	1.305
-0.00336931	0.00338995	6.11745e-05	1.32
-0.00337763	0.00337908	6.14086e-05	1.335
-0.00338591	0.00336822	6.16421e-05	1.35
-0.00339415	0.00335735	6.18747e-05	1.365
-0.00340235	0.00334649	6.21066e-05	1.38
-0.0034105	0.00333562	6.23378e-05	1.395
-0.00341862	0.00332476	6.25682e-05	1.41
-0.00342669	0.0033139	6.27979e-05	1.425
-0.00343473	0.00330304	6.30268e-05	1.44
-0.00344273	0.00329218	6.32551e-05	1.455
-0.0034507	0.00328133	6.34826e-05	1.47
-0.00345864	0.00327048	6.37094e-05	1.485
-0.00346654	0.00325963	6.39355e-05	1.5
-0.00347441	0.00324879	6.41608e-05	1.515
-0.00348225	0.00323795	6.43855e-05	1.53
-0.00349006	0.00322711	6.46095e-05	1.545
-0.00349784	0.00321628	6.48328e-05	1.56
-0.0035056	0.00320545	6.50554e-05	1.575
-0.00351333	0.00319463	6.52774e-05	1.59
-0.00352104	0.0031838	6.54986e-05	1.605
-0.00352873	0.00317298	6.57192e-05	1.62
-0.00353639	0.00316217	6.59392e-05	1.635
-0.00354403	0.00315135	6.61585e-05	1.65
-0.00355165	0.00314054	6.63771e-05	1.665
-0.00355925	0.00312973	6.65951e-05	1.68
-0.00356683	0.00311892	6.68124e-05	1.695
-0.00357439	0.00310811	6.70291e-05	1.71
-0.00358194	0.0030973	6.72452e-05	1.725
-0.00358947	0.00308649	6.74606e-05	1.74
-0.00359698	0.00307568	6.76754e-05	1.755
-0.00360448	0.00306487	6.78897e-05	1.77
-0.00361196	0.00305405	6.81033e-05	1.785
-0.00361943	0.00304323	6.83163e-05	1.8
-0.00362688	0.00303241	6.85287e-05	1.815
-0.00363432	0.00302159	6.87405e-05	1.83
-0.00364175	0.00301075	6.89517e-05	1.845
-0.00364916	0.00299992	6.91623e-05	1.86
-0.00365656	0.00298907	6.93724e-05	1.875
-0.00366395	0.00297822	6.95819e-05	1.89
-0.00367133	0.00296737	6.97908e-05	1.905
-0.00367869	0.0029565	6.99991e-05	1.92
-0.00368604	0.00294563	7.02069e-05	1.935
-0.00369338	0.00293474	7.04142e-05	1.95
-0.0037007	0.00292385	7.06209e-05	1.965
-0.00370801	0.00291294	7.08271e-05	1.98
-0.00371531	0.00290203	7.10327e-05	1.995
-0.0037226	0.0028911	7.12378e-05	2.01
-0.00372987	0.00288016	7.14424e-05	2.025
-0.00373713	0.00286921	7.16464e-05	2.04
-0.00374437	0.00285824	7.185e-05	2.055
-0.0037516	0.00284727	7.2053e-05	2.07
-0.00375881	0.00283627	7.22555e-05	2.085
-0.00376601	0.00282527	7.24575e-05	2.1
-0.0037732	0.00281425	7.2659e-05	2.115
-0.00378036	0.00280321	7.28601e-05	2.13
-0.00378751	0.00279216	7.30606e-05	2.145
-0.00379464	0.00278109	7.32607e-05	2.16
-0.00380176	0.00277001	7.34603e-05	2.175
-0.00380885	0.00275892	7.36594e-05	2.19
-0.00381593	0.00274781	7.3858e-05	2.205
-0.00382299	0.00273668	7.40562e-05	2.22
-0.00383003	0.00272554	7.42539e-05	2.235
-0.00383704	0.00271438	7.44512e-05	2.25
-0.00384404	0.00270321	7.4648e-05	2.265
-0.00385101	0.00269203	7.48444e-05	2.28
-0.00385797	0.00268083	7.50403e-05	2.295
-0.00386489	0.00266961	7.52358e-05	2.31
-0.0038718	0.00265838	7.54309e-05	2.325
-0.00387868	0.00264714	7.56255e-05	2.34
-0.00388554	0.00263588	7.58198e-05	2.355
-0.00389237	0.00262461	7.60136e-05	2.37
-0.00389918	0.00261333	7.6207e-05	2.385
-0.00390596	0.00260204	7.63999e-05	2.4
-0.00391271	0.00259074	7.65925e-05	2.415
-0.00391944	0.00257942	7.67847e-05	2.43
-0.00392614	0.0025681	7.69764e-05	2.445
-0.00393281	0.00255676	7.71678e-05	2.46
-0.00393946	0.00254542	7.73588e-05	2.475
-0.00394607	0.00253407	7.75494e-05	2.49
-0.00395266	0.00252271	7.77396e-05	2.505
-0.00395922	0.00251134	7.79295e-05	2.52
-0.00396576	0.00249997	7.81189e-05	2.535
-0.00397226	0.00248859	7.8308e-05	2.55
-0.00397873	0.00247721	7.84968e-05	2.565
-0.00398518	0.00246582	7.86852e-05	2.58
-0.0039916	0.00245444	7.88732e-05	2.595
-0.00399798	0.00244305	7.90608e-05	2.61
-0.00400434	0.00243165	7.92481e-05	2.625
-0.00401067	0.00242026	7.94351e-05	2.64
-0.00401697	0.00240887	7.96217e-05	2.655
-0.00402325	0.00239748	7.9808e-05	2.67
-0.00402949	0.00238609	7.99939e-05	2.685
-0.00403571	0.00237471	8.01795e-05	2.7
-0.0040419	0.00236333	8.03648e-05	2.715
-0.00404806	0.00235195	8.05497e-05	2.73
-0.0040542	0.00234058	8.07343e-05	2.745
-0.00406031	0.00232921	8.09186e-05	2.76
-0.00406639	0.00231785	8.11026e-05	2.775
-0.00407245	0.0023065	8.12862e-05	2.79
-0.00407849	0.00229515	8.14696e-05	2.805
-0.0040845	0.00228382	8.16526e-05	2.82
-0.00409048	0.00227249	8.18354e-05	2.835
-0.00409645	0.00226118	8.20178e-05	2.85
-0.00410239	0.00224987	8.21999e-05	2.865
-0.00410831	0.00223858	8.23818e-05	2.88
-0.00411421	0.00222729	8.25633e-05	2.895
-0.00412009	0.00221602	8.27446e-05	2.91
-0.00412595	0.00220476	8.29256e-05	2.925
-0.0041318	0.00219352	8.31062e-05	2.94
-0.00413762	0.00218229	8.32866e-05	2.955
-0.00414343	0.00217107	8.34668e-05	2.97
-0.00414923	0.00215986	8.36466e-05	2.985
-0.00415501	0.00214867	8.38262e-05	3
-0.00416077	0.00213749	8.40055e-05	3.015
-0.00416653	0.00212633	8.41846e-05	3.03
-0.00417227	0.00211518	8.43633e-05	3.045
-0.004178	0.00210405	8.45418e-05	3.06
-0.00418372	0.00209293	8.47201e-05	3.075
-0.00418943	0.00208182	8.48981e-05	3.09
-0.00419513	0.00207073	8.50758e-05	3.105
-0.00420083	0.00205965	8.52533e-05	3.12
-0.00420652	0.00204859	8.54306e-05	3.135
-0.0042122	0.00203754	8.56075e-05	3.15
-0.00421788	0.0020265	8.57843e-05	3.165
-0.00422356	0.00201548	8.59608e-05	3.18
-0.00422923	0.00200447	8.61371e-05	3.195
-0.0042349	0.00199347	8.63131e-05	3.21
-0.00424056	0.00198248	8.64889e-05	3.225
-0.00424623	0.0019715	8.66644e-05	3.24
-0.0042519	0.00196053	8.68398e-05	3.255
-0.00425756	0.00194958	8.70149e-05	3.27
-0.00426323	0.00193863	8.71897e-05	3.285
-0.0042689	0.00192769	8.73644e-05	3.3
-0.00427457	0.00191676	8.75388e-05	3.315
-0.00428025	0.00190584	8.7713e-05	3.33
-0.00428592	0.00189492	8.7887e-05	3.345
-0.00429161	0.00188401	8.80608e-05	3.36
-0.00429729	0.0018731	8.82344e-05	3.375
-0.00430298	0.0018622	8.84077e-05	3.39
-0.00430868	0.0018513	8.85809e-05	3.405
-0.00431437	0.0018404	8.87538e-05	3.42
-0.00432008	0.00182951	8.89265e-05	3.435
-0.00432579	0.00181862	8.9099e-05	3.45
-0.0043315	0.00180772	8.92714e-05	3.465
-0.00433722	0.00179683	8.94435e-05	3.48
-0.00434295	0.00178593	8.96154e-05	3.495
-0.00434867	0.00177504	8.97872e-05	3.51
-0.00435441	0.00176413	8.99587e-05	3.525
-0.00436015	0.00175323	9.01301e-05	3.54
-0.00436589	0.00174232	9.03012e-05	3.555
-0.00437164	0.0017314	9.04722e-05	3.57
-0.00437739	0.00172048	9.0643e-05	3.585
-0.00438315	0.00170955	9.08136e-05	3.6
-0.0043889	0.00169861	9.0984e-05	3.615
-0.00439466	0.00168767	9.11542e-05	3.63
-0.00440043	0.00167671	9.13243e-05	3.645
-0.00440619	0.00166575	9.14942e-05	3.66
-0.00441195	0.00165477	9.16639e-05	3.675
-0.00441772	0.00164378	9.18334e-05	3.69
-0.00442348	0.00163279	9.20028e-05	3.705
-0.00442925	0.00162178	9.2172e-05	3.72
-0.00443501	0.00161075	9.2341e-05	3.735
-0.00444076	0.00159972	9.25098e-05	3.75
-0.00444652	0.00158867	9.26785e-05	3.765
-0.00445227	0.00157761	9.2847e-05	3.78
-0.00445801	0.00156654	9.30154e-05	3.795
-0.00446375	0.00155545	9.31836e-05	3.81
-0.00446948	0.00154435	9.33516e-05	3.825
-0.0044752	0.00153324	9.35195e-05	3.84
-0.00448091	0.00152211	9.36872e-05	3.855
-0.00448662	0.00151097	9.38548e-05	3.87
-0.00449231	0.00149981	9.40222e-05	3.885
-0.00449799	0.00148865	9.41895e-05	3.9
-0.00450366	0.00147747	9.43566e-05	3.915
-0.00450932	0.00146628	9.45236e-05	3.93
-0.00451496	0.00145507	9.46904e-05	3.945
-0.00452059	0.00144386	9.48571e-05	3.96
-0.0045262	0.00143263	9.50236e-05	3.975
-0.00453179	0.0014214	9.519e-05	3.99
-0.00453737	0.00141015	9.53562e-05	4.005
-0.00454293	0.0013989	9.55223e-05	4.02
-0.00454847	0.00138764	9.56883e-05	4.035
-0.004554	0.00137637	9.58541e-05	4.05
-0.0045595	0.00136509	9.60198e-05	4.065
-0.00456498	0.00135381	9.61853e-05	4.08
-0.00457044	0.00134253	9.63507e-05	4.095
-0.00457588	0.00133124	9.6516e-05	4.11
-0.0045813	0.00131994	9.66811e-05	4.125
-0.0045867	0.00130865	9.68461e-05	4.14
-0.00459208	0.00129736	9.7011e-05	4.155
-0.00459744	0.00128606	9.71758e-05	4.17
-0.00460277	0.00127477	9.73404e-05	4.185
-0.00460808	0.00126348	9.75049e-05	4.2
-0.00461337	0.0012522	9.76693e-05	4.215
-0.00461864	0.00124092	9.78335e-05	4.23
-0.00462389	0.00122965	9.79977e-05	4.245
-0.00462911	0.00121838	9.81617e-05	4.26
-0.00463432	0.00120712	9.83256e-05	4.275
-0.00463951	0.00119587	9.84893e-05	4.29
-0.00464467	0.00118464	9.8653e-05	4.305
-0.00464982	0.00117341	9.88165e-05	4.32
-0.00465495	0.0011622	9.89799e-05	4.335
-0.00466006	0.001151	9.91432e-05	4.35
-0.00466516	0.00113981	9.93064e-05	4.365
-0.00467024	0.00112864	9.94695e-05	4.38
-0.00467531	0.00111748	9.96324e-05	4.395
-0.00468036	0.00110634	9.97953e-05	4.41
-0.0046854	0.00109522	9.9958e-05	4.425
-0.00469043	0.00108412	0.000100121	4.44
-0.00469546	0.00107303	0.000100283	4.455
-0.00470047	0.00106197	0.000100446	4.47
-0.00470547	0.00105092	0.000100608	4.485
-0.00471047	0.00103989	0.00010077	4.5
-0.00471547	0.00102888	0.000100932	4.515
-0.00472046	0.0010179	0.000101094	4.53
-0.00472545	0.00100693	0.000101256	4.545
-0.00473044	0.000995977	0.000101418	4.56
-0.00473543	0.000985047	0.000101579	4.575
-0.00474042	0.000974135	0.000101741	4.59
-0.00474542	0.000963241	0.000101902	4.605
-0.00475042	0.000952366	0.000102064	4.62
-0.00475543	0.000941507	0.000102225	4.635
-0.00476044	0.000930665	0.000102386	4.65
-0.00476547	0.000919838	0.000102547	4.665
-0.0047705	0.000909026	0.000102708	4.68
-0.00477555	0.000898227	0.000102869	4.695
-0.00478061	0.000887441	0.00010303	4.71
-0.00478568	0.000876666	0.000103191	4.725
-0.00479076	0.000865901	0.000103351	4.74
-0.00479587	0.000855144	0.000103512	4.755
-0.00480098	0.000844393	0.000103672	4.77
-0.00480612	0.000833649	0.000103832	4.785
-0.00481126	0.000822908	0.000103993	4.8
-0.00481643	0.000812169	0.000104153	4.815
-0.00482161	0.000801431	0.000104313	4.83
-0.00482682	0.000790692	0.000104473	4.845
-0.00483203	0.00077995	0.000104633	4.86
-0.00483727	0.000769204	0.000104792	4.875
-0.00484252	0.000758451	0.000104952	4.89
-0.00484779	0.00074769	0.000105112	4.905
-0.00485307	0.000736919	0.000105271	4.92
-0.00485837	0.000726137	0.000105431	4.935
-0.00486368	0.000715343	0.00010559	4.95
-0.004869	0.000704534	0.000105749	4.965
-0.00487434	0.000693709	0.000105908	4.98
-0.00487968	0.000682867	0.000106068	4.995
-0.00488504	0.000672006	0.000106227	5.01
-0.0048904	0.000661126	0.000106386	5.025
-0.00489576	0.000650226	0.000106544	5.04
-0.00490113	0.000639304	0.000106703	5.055
-0.0049065	0.00062836	0.000106862	5.07
-0.00491187	0.000617394	0.000107021	5.085
-0.00491724	0.000606404	0.000107179	5.1
-0.00492261	0.000595392	0.000107338	5.115
-0.00492796	0.000584356	0.000107496	5.13
-0.00493331	0.000573297	0.000107654	5.145
-0.00493865	0.000562216	0.000107813	5.16
-0.00494397	0.000551113	0.000107971	5.175
-0.00494928	0.000539989	0.000108129	5.19
-0.00495457	0.000528844	0.000108287	5.205
-0.00495984	0.000517681	0.000108445	5.22
-0.00496509	0.0005065	0.000108603	5.235
-0.00497032	0.000495303	0.000108761	5.25
-0.00497552	0.000484093	0.000108918	5.265
-0.00498069	0.00047287	0.000109076	5.28
-0.00498584	0.000461637	0.000109234	5.295
-0.00499096	0.000450397	0.000109391	5.31
-0.00499605	0.000439152	0.000109549	5.325
-0.00500111	0.000427905	0.000109706	5.34
-0.00500614	0.000416657	0.000109863	5.355
-0.00501113	0.000405413	0.000110021	5.37
-0.0050161	0.000394175	0.000110178	5.385
-0.00502103	0.000382946	0.000110335	5.4
-0.00502593	0.000371728	0.000110492	5.415
-0.00503081	0.000360525	0.000110649	5.43
-0.00503565	0.000349339	0.000110806	5.445
-0.00504047	0.000338173	0.000110963	5.46
-0.00504527	0.00032703	0.00011112	5.475
-0.00505004	0.000315911	0.000111277	5.49
-0.0050548	0.00030482	0.000111433	5.505
-0.00505953	0.000293759	0.00011159	5.52
-0.00506425	0.000282728	0.000111747	5.535
-0.00506897	0.000271729	0.000111903	5.55
-0.00507367	0.000260764	0.00011206	5.565
-0.00507837	0.000249834	0.000112216	5.58
-0.00508307	0.000238937	0.000112372	5.595
-0.00508777	0.000228076	0.000112529	5.61
-0.00509248	0.000217248	0.000112685	5.625
-0.0050972	0.000206453	0.000112841	5.64
-0.00510194	0.00019569	0.000112997	5.655
-0.00510669	0.000184957	0.000113153	5.67
-0.00511147	0.000174252	0.000113309	5.685
-0.00511627	0.000163572	0.000113465	5.7
-0.0051211	0.000152913	0.000113621	5.715
-0.00512596	0.000142273	0.000113777	5.73
-0.00513085	0.000131647	0.000113933	5.745
-0.00513578	0.000121031	0.000114088	5.76
-0.00514075	0.00011042	0.000114244	5.775
-0.00514575	9.98108e-05	0.0001144	5.79
-0.00515079	8.91969e-05	0.000114555	5.805
-0.00515587	7.85738e-05	0.000114711	5.82
-0.00516099	6.79364e-05	0.000114866	5.835
-0.00516613	5.72797e-05	0.000115021	5.85
-0.00517131	4.6599e-05	0.000115177	5.865
-0.00517652	3.58895e-05	0.000115332	5.88
-0.00518176	2.51472e-05	0.000115487	5.895
-0.00518701	1.43681e-05	0.000115642	5.91
-0.00519229	3.54904e-06	0.000115798	5.925
-0.00519757	-7.3127e-06	0.000115953	5.94
-0.00520285	-1.8219e-05	0.000116108	5.955
-0.00520814	-2.91711e-05	0.000116263	5.97
-0.00521342	-4.01692e-05	0.000116418	5.985
-0.00521868	-5.12127e-05	0.000116572	6
-0.00522392	-6.23001e-05	0.000116727	6.015
-0.00522914	-7.34287e-05	0.000116882	6.03
-0.00523432	-8.45951e-05	0.000117037	6.045
-0.00523946	-9.57948e-05	0.000117191	6.06
-0.00524455	-0.000107022	0.000117346	6.075
-0.0052496	-0.000118272	0.000117501	6.09
-0.00525459	-0.000129536	0.000117655	6.105
-0.00525953	-0.000140807	0.00011781	6.12
-0.00526442	-0.000152076	0.000117964	6.135
-0.00526924	-0.000163337	0.000118119	6.15
-0.00527401	-0.000174579	0.000118273	6.165
-0.00527873	-0.000185795	0.000118427	6.18
-0.0052834	-0.000196977	0.000118582	6.195
-0.00528803	-0.000208117	0.000118736	6.21
-0.00529262	-0.000219208	0.00011889	6.225
-0.00529718	-0.000230244	0.000119044	6.24
-0.00530172	-0.000241221	0.000119198	6.255
-0.00530625	-0.000252137	0.000119352	6.27
-0.00531078	-0.000262989	0.000119506	6.285
-0.00531533	-0.000273778	0.00011966	6.3
-0.00531989	-0.000284506	0.000119814	6.315
-0.00532448	-0.000295178	0.000119968	6.33
-0.00532912	-0.000305798	0.000120122	6.345
-0.0053338	-0.000316376	0.000120276	6.36
-0.00533855	-0.000326919	0.000120429	6.375
-0.00534335	-0.000337439	0.000120583	6.39
-0.00534822	-0.000347947	0.000120737	6.405
-0.00535317	-0.000358456	0.00012089	6.42
-0.00535817	-0.000368979	0.000121044	6.435
-0.00536325	-0.000379527	0.000121198	6.45
-0.00536838	-0.000390115	0.000121351	6.465
-0.00537357	-0.000400751	0.000121505	6.48
-0.00537879	-0.000411447	0.000121658	6.495
-0.00538405	-0.000422209	0.000121811	6.51
-0.00538933	-0.000433044	0.000121965	6.525
-0.00539461	-0.000443954	0.000122118	6.54
-0.00539987	-0.000454939	0.000122271	6.555
-0.00540511	-0.000465997	0.000122425	6.57
-0.00541032	-0.000477122	0.000122578	6.585
-0.00541547	-0.000488307	0.000122731	6.6
-0.00542055	-0.00049954	0.000122884	6.615
-0.00542557	-0.000510808	0.000123037	6.63
-0.0054305	-0.000522098	0.00012319	6.645
-0.00543536	-0.000533394	0.000123343	6.66
-0.00544013	-0.00054468	0.000123496	6.675
-0.00544482	-0.00055594	0.000123649	6.69
-0.00544945	-0.00056716	0.000123802	6.705
-0.00545401	-0.000578326	0.000123955	6.72
-0.00545851	-0.000589428	0.000124108	6.735
-0.00546298	-0.000600456	0.000124261	6.75
-0.00546743	-0.000611405	0.000124413	6.765
-0.00547187	-0.000622272	0.000124566	6.78
-0.00547632	-0.000633058	0.000124719	6.795
-0.0054808	-0.000643767	0.000124871	6.81
-0.00548532	-0.000654405	0.000125024	6.825
-0.00548988	-0.000664982	0.000125177	6.84
-0.00549451	-0.000675511	0.000125329	6.855
-0.00549922	-0.000686005	0.000125482	6.87
-0.00550399	-0.000696478	0.000125634	6.885
-0.00550885	-0.000706947	0.000125787	6.9
-0.00551378	-0.000717426	0.000125939	6.915
-0.00551879	-0.000727931	0.000126092	6.93
-0.00552386	-0.000738475	0.000126244	6.945
-0.00552899	-0.00074907	0.000126396	6.96
-0.00553416	-0.000759724	0.000126549	6.975
-0.00553937	-0.000770447	0.000126701	6.99
-0.00554459	-0.000781241	0.000126853	7.005
-0.00554982	-0.000792109	0.000127005	7.02
-0.00555504	-0.00080305	0.000127157	7.035
-0.00556024	-0.000814061	0.00012731	7.05
-0.0055654	-0.000825136	0.000127462	7.065
-0.00557052	-0.000836266	0.000127614	7.08
-0.00557558	-0.000847444	0.000127766	7.095
-0.00558059	-0.000858657	0.000127918	7.11
-0.00558553	-0.000869895	0.00012807	7.125
-0.0055904	-0.000881146	0.000128222	7.14
-0.0055952	-0.000892396	0.000128374	7.155
-0.00559993	-0.000903636	0.000128526	7.17
-0.0056046	-0.000914853	0.000128677	7.185
-0.00560921	-0.000926038	0.000128829	7.2
-0.00561377	-0.000937183	0.000128981	7.215
-0.00561829	-0.000948279	0.000129133	7.23
-0.00562277	-0.000959322	0.000129285	7.245
-0.00562723	-0.000970307	0.000129436	7.26
-0.00563167	-0.000981232	0.000129588	7.275
-0.00563611	-0.000992097	0.00012974	7.29
-0.00564055	-0.0010029	0.000129891	7.305
-0.00564501	-0.00101365	0.000130043	7.32
-0.00564949	-0.00102435	0.000130195	7.335
-0.005654	-0.00103499	0.000130346	7.35
-0.00565854	-0.0010456	0.000130498	7.365
-0.00566313	-0.00105617	0.000130649	7.38
-0.00566776	-0.00106671	0.000130801	7.395
-0.00567244	-0.00107723	0.000130952	7.41
-0.00567717	-0.00108773	0.000131104	7.425
-0.00568195	-0.00109824	0.000131255	7.44
-0.00568678	-0.00110874	0.000131406	7.455
-0.00569166	-0.00111926	0.000131558	7.47
-0.00569659	-0.00112979	0.000131709	7.485
-0.00570156	-0.00114034	0.00013186	7.5
-0.00570656	-0.00115092	0.000132012	7.515
-0.0057116	-0.00116154	0.000132163	7.53
-0.00571667	-0.00117219	0.000132314	7.545
-0.00572176	-0.00118288	0.000132465	7.56
-0.00572686	-0.00119362	0.000132616	7.575
-0.00573198	-0.0012044	0.000132767	7.59
-0.0057371	-0.00121522	0.000132919	7.605
-0.00574222	-0.00122608	0.00013307	7.62
-0.00574733	-0.00123699	0.000133221	7.635
-0.00575243	-0.00124794	0.000133372	7.65
-0.00575751	-0.00125892	0.000133523	7.665
-0.00576256	-0.00126994	0.000133674	7.68
-0.0057676	-0.001281	0.000133825	7.695
-0.0057726	-0.00129208	0.000133976	7.71
-0.00577757	-0.00130318	0.000134127	7.725
-0.0057825	-0.00131431	0.000134277	7.74
-0.0057874	-0.00132545	0.000134428	7.755
-0.00579226	-0.0013366	0.000134579	7.77
-0.00579708	-0.00134776	0.00013473	7.785
-0.00580186	-0.00135892	0.000134881	7.8
-0.00580661	-0.00137007	0.000135032	7.815
-0.00581132	-0.00138122	0.000135182	7.83
-0.00581599	-0.00139236	0.000135333	7.845
-0.00582063	-0.00140348	0.000135484	7.86
-0.00582524	-0.00141459	0.000135635	7.875
-0.00582982	-0.00142567	0.000135785	7.89
-0.00583437	-0.00143674	0.000135936	7.905
-0.0058389	-0.00144777	0.000136086	7.92
-0.00584341	-0.00145878	0.000136237	7.935
-0.0058479	-0.00146975	0.000136388	7.95
-0.00585238	-0.0014807	0.000136538	7.965
-0.00585686	-0.00149161	0.000136689	7.98
-0.00586132	-0.00150249	0.000136839	7.995
-0.00586578	-0.00151334	0.00013699	8.01
-0.00587024	-0.00152416	0.00013714	8.025
-0.00587471	-0.00153495	0.000137291	8.04
-0.00587918	-0.0015457	0.000137441	8.055
-0.00588366	-0.00155643	0.000137592	8.07
-0.00588816	-0.00156713	0.000137742	8.085
-0.00589267	-0.0015778	0.000137892	8.1
-0.0058972	-0.00158846	0.000138043	8.115
-0.00590174	-0.00159909	0.000138193	8.13
-0.00590631	-0.0016097	0.000138343	8.145
-0.0059109	-0.00162029	0.000138494	8.16
-0.00591551	-0.00163087	0.000138644	8.175
-0.00592015	-0.00164144	0.000138794	8.19
-0.00592481	-0.00165199	0.000138944	8.205
-0.0059295	-0.00166255	0.000139095	8.22
-0.00593422	-0.00167309	0.000139245	8.235
-0.00593896	-0.00168364	0.000139395	8.25
-0.00594373	-0.00169419	0.000139545	8.265
-0.00594852	-0.00170474	0.000139695	8.28
-0.00595334	-0.0017153	0.000139845	8.295
-0.00595818	-0.00172586	0.000139995	8.31
-0.00596304	-0.00173644	0.000140145	8.325
-0.00596792	-0.00174703	0.000140295	8.34
-0.00597282	-0.00175763	0.000140446	8.355
-0.00597775	-0.00176825	0.000140596	8.37
-0.00598268	-0.00177889	0.000140746	8.385
-0.00598764	-0.00178954	0.000140895	8.4
-0.0059926	-0.00180021	0.000141045	8.415
-0.00599758	-0.00181091	0.000141195	8.43
-0.00600257	-0.00182162	0.000141345	8.445
-0.00600756	-0.00183236	0.000141495	8.46
-0.00601256	-0.00184312	0.000141645	8.475
-0.00601756	-0.0018539	0.000141795	8.49
-0.00602256	-0.0018647	0.000141945	8.505
-0.00602756	-0.00187553	0.000142095	8.52
-0.00603256	-0.00188638	0.000142244	8.535
-0.00603755	-0.00189725	0.000142394	8.55
-0.00604254	-0.00190814	0.000142544	8.565
-0.00604752	-0.00191905	0.000142694	8.58
-0.00605249	-0.00192998	0.000142843	8.595
-0.00605745	-0.00194093	0.000142993	8.61
-0.00606239	-0.0019519	0.000143143	8.625
-0.00606732	-0.00196289	0.000143292	8.64
-0.00607224	-0.00197388	0.000143442	8.655
-0.00607714	-0.0019849	0.000143592	8.67
-0.00608202	-0.00199592	0.000143741	8.685
-0.00608689	-0.00200696	0.000143891	8.7
-0.00609173	-0.00201801	0.000144041	8.715
-0.00609656	-0.00202906	0.00014419	8.73
-0.00610137	-0.00204012	0.00014434	8.745
-0.00610615	-0.00205118	0.000144489	8.76
-0.00611092	-0.00206225	0.000144639	8.775
-0.00611566	-0.00207332	0.000144788	8.79
-0.00612039	-0.00208439	0.000144938	8.805
-0.00612509	-0.00209546	0.000145087	8.82
-0.00612978	-0.00210653	0.000145237	8.835
-0.00613444	-0.00211759	0.000145386	8.85
-0.00613909	-0.00212865	0.000145536	8.865
-0.00614372	-0.0021397	0.000145685	8.88
-0.00614833	-0.00215074	0.000145835	8.895
-0.00615292	-0.00216177	0.000145984	8.91
-0.00615749	-0.00217279	0.000146133	8.925
-0.00616205	-0.0021838	0.000146283	8.94
-0.0061666	-0.0021948	0.000146432	8.955
-0.00617113	-0.00220578	0.000146581	8.97
-0.00617565	-0.00221675	0.000146731	8.985
-0.00618016	-0.0022277	0.00014688	9
-0.00618466	-0.00223864	0.000147029	9.015
-0.00618915	-0.00224956	0.000147179	9.03
-0.00619363	-0.00226047	0.000147328	9.045
-0.00619811	-0.00227135	0.000147477	9.06
-0.00620258	-0.00228222	0.000147626	9.075
-0.00620704	-0.00229308	0.000147776	9.09
-0.00621151	-0.00230391	0.000147925	9.105
-0.00621597	-0.00231473	0.000148074	9.12
-0.00622043	-0.00232553	0.000148223	9.135
-0.0062249	-0.00233631	0.000148372	9.15
-0.00622936	-0.00234707	0.000148522	9.165
-0.00623383	-0.00235782	0.000148671	9.18
-0.0062383	-0.00236855	0.00014882	9.195
-0.00624278	-0.00237927	0.000148969	9.21
-0.00624727	-0.00238997	0.000149118	9.225
-0.00625176	-0.00240065	0.000149267	9.24
-0.00625626	-0.00241132	0.000149416	9.255
-0.00626077	-0.00242198	0.000149565	9.27
-0.0062653	-0.00243262	0.000149714	9.285
-0.00626983	-0.00244326	0.000149863	9.3
-0.00627437	-0.00245388	0.000150012	9.315
-0.00627893	-0.00246449	0.000150161	9.33
-0.0062835	-0.00247509	0.00015031	9.345
-0.00628808	-0.00248568	0.000150459	9.36
-0.00629268	-0.00249627	0.000150608	9.375
-0.00629729	-0.00250685	0.000150757	9.39
-0.00630192	-0.00251742	0.000150906	9.405
-0.00630656	-0.00252799	0.000151055	9.42
-0.00631121	-0.00253856	0.000151204	9.435
-0.00631589	-0.00254913	0.000151353	9.45
-0.00632057	-0.00255969	0.000151501	9.465
-0.00632527	-0.00257026	0.00015165	9.48
-0.00632999	-0.00258082	0.000151799	9.495
-0.00633472	-0.00259139	0.000151948	9.51
-0.00633946	-0.00260196	0.000152097	9.525
-0.00634422	-0.00261253	0.000152246	9.54
-0.006349	-0.00262311	0.000152394	9.555
-0.00635378	-0.0026337	0.000152543	9.57
-0.00635858	-0.00264429	0.000152692	9.585
-0.00636339	-0.00265489	0.000152841	9.6
-0.00636822	-0.0026655	0.000152989	9.615
-0.00637305	-0.00267611	0.000153138	9.63
-0.0063779	-0.00268674	0.000153287	9.645
-0.00638275	-0.00269738	0.000153436	9.66
-0.00638762	-0.00270802	0.000153584	9.675
-0.00639249	-0.00271868	0.000153733	9.69
-0.00639737	-0.00272935	0.000153882	9.705
-0.00640226	-0.00274004	0.00015403	9.72
-0.00640716	-0.00275073	0.000154179	9.735
-0.00641205	-0.00276144	0.000154327	9.75
-0.00641696	-0.00277216	0.000154476	9.765
-0.00642186	-0.0027829	0.000154625	9.78
-0.00642677	-0.00279365	0.000154773	9.795
-0.00643168	-0.00280441	0.000154922	9.81
-0.0064366	-0.00281519	0.00015507	9.825
-0.00644151	-0.00282598	0.000155219	9.84
-0.00644642	-0.00283679	0.000155367	9.855
-0.00645133	-0.00284761	0.000155516	9.87
-0.00645623	-0.00285844	0.000155664	9.885
-0.00646113	-0.00286929	0.000155813	9.9
-0.00646603	-0.00288015	0.000155961	9.915
-0.00647092	-0.00289102	0.00015611	9.93
-0.00647581	-0.00290191	0.000156258	9.945
-0.00648069	-0.00291281	0.000156407	9.96
-0.00648556	-0.00292372	0.000156555	9.975
-0.00649042	-0.00293464	0.000156704	9.99
-0.00649528	-0.00294557	0.000156852	10.005
-0.00650012	-0.00295651	0.000157001	10.02
-0.00650496	-0.00296747	0.000157149	10.035
-0.00650978	-0.00297843	0.000157297	10.05
-0.00651459	-0.0029894	0.000157446	10.065
-0.00651939	-0.00300037	0.000157594	10.08
-0.00652418	-0.00301136	0.000157743	10.095
-0.00652896	-0.00302235	0.000157891	10.11
-0.00653372	-0.00303334	0.000158039	10.125
-0.00653847	-0.00304434	0.000158188	10.14
-0.00654321	-0.00305534	0.000158336	10.155
-0.00654793	-0.00306635	0.000158484	10.17
-0.00655264	-0.00307736	0.000158633	10.185
-0.00655734	-0.00308837	0.000158781	10.2
-0.00656202	-0.00309938	0.000158929	10.215
-0.00656669	-0.00311039	0.000159077	10.23
-0.00657134	-0.0031214	0.000159226	10.245
-0.00657599	-0.00313241	0.000159374	10.26
-0.00658061	-0.00314342	0.000159522	10.275
-0.00658523	-0.00315442	0.00015967	10.29
-0.00658983	-0.00316542	0.000159819	10.305
-0.00659441	-0.00317641	0.000159967	10.32
-0.00659899	-0.0031874	0.000160115	10.335
-0.00660355	-0.00319838	0.000160263	10.35
-0.0066081	-0.00320936	0.000160411	10.365
-0.00661264	-0.00322033	0.00016056	10.38
-0.00661717	-0.00323129	0.000160708	10.395
-0.00662169	-0.00324224	0.000160856	10.41
-0.0066262	-0.00325318	0.000161004	10.425
-0.0066307	-0.00326411	0.000161152	10.44
-0.00663518	-0.00327503	0.0001613	10.455
-0.00663967	-0.00328594	0.000161448	10.47
-0.00664414	-0.00329684	0.000161597	10.485
-0.00664861	-0.00330773	0.000161745	10.5
-0.00665307	-0.00331861	0.000161893	10.515
-0.00665752	-0.00332947	0.000162041	10.53
-0.00666198	-0.00334032	0.000162189	10.545
-0.00666642	-0.00335116	0.000162337	10.56
-0.00667087	-0.00336199	0.000162485	10.575
-0.00667531	-0.0033728	0.000162633	10.59
-0.00667975	-0.0033836	0.000162781	10.605
-0.00668418	-0.00339438	0.000162929	10.62
-0.00668862	-0.00340516	0.000163077	10.635
-0.00669306	-0.00341592	0.000163225	10.65
-0.0066975	-0.00342666	0.000163373	10.665
-0.00670194	-0.0034374	0.000163521	10.68
-0.00670639	-0.00344812	0.000163669	10.695
-0.00671083	-0.00345883	0.000163817	10.71
-0.00671529	-0.00346952	0.000163965	10.725
-0.00671974	-0.00348021	0.000164113	10.74
-0.0067242	-0.00349088	0.000164261	10.755
-0.00672867	-0.00350154	0.000164409	10.77
-0.00673315	-0.00351219	0.000164557	10.785
-0.00673763	-0.00352283	0.000164705	10.8
-0.00674212	-0.00353346	0.000164853	10.815
-0.00674662	-0.00354408	0.000165001	10.83
-0.00675113	-0.00355469	0.000165148	10.845
-0.00675565	-0.00356529	0.000165296	10.86
-0.00676018	-0.00357588	0.000165444	10.875
-0.00676471	-0.00358647	0.000165592	10.89
-0.00676926	-0.00359705	0.00016574	10.905
-0.00677382	-0.00360763	0.000165888	10.92
-0.0067784	-0.0036182	0.000166036	10.935
-0.00678298	-0.00362876	0.000166183	10.95
-0.00678758	-0.00363932	0.000166331	10.965
-0.00679218	-0.00364988	0.000166479	10.98
-0.00679681	-0.00366044	0.000166627	10.995
-0.00680144	-0.00367099	0.000166775	11.01
-0.00680608	-0.00368154	0.000166922	11.025
-0.00681074	-0.0036921	0.00016707	11.04
-0.00681541	-0.00370265	0.000167218	11.055
-0.0068201	-0.0037132	0.000167366	11.07
-0.00682479	-0.00372376	0.000167513	11.085
-0.0068295	-0.00373432	0.000167661	11.1
-0.00683422	-0.00374488	0.000167809	11.115
-0.00683895	-0.00375545	0.000167957	11.13
-0.00684369	-0.00376602	0.000168104	11.145
-0.00684845	-0.0037766	0.000168252	11.16
-0.00685321	-0.00378719	0.0001684	11.175
-0.00685799	-0.00379778	0.000168547	11.19
-0.00686277	-0.00380838	0.000168695	11.205
-0.00686757	-0.00381898	0.000168843	11.22
-0.00687237	-0.0038296	0.00016899	11.235
-0.00687719	-0.00384023	0.000169138	11.25
-0.00688201	-0.00385086	0.000169286	11.265
-0.00688684	-0.00386151	0.000169433	11.28
-0.00689167	-0.00387216	0.000169581	11.295
-0.00689651	-0.00388283	0.000169729	11.31
-0.00690136	-0.00389351	0.000169876	11.325
-0.00690621	-0.0039042	0.000170024	11.34
-0.00691107	-0.0039149	0.000170171	11.355
-0.00691593	-0.00392562	0.000170319	11.37
-0.00692079	-0.00393634	0.000170467	11.385
-0.00692565	-0.00394708	0.000170614	11.4
-0.00693052	-0.00395784	0.000170762	11.415
-0.00693538	-0.0039686	0.000170909	11.43
-0.00694025	-0.00397938	0.000171057	11.445
-0.00694511	-0.00399017	0.000171204	11.46
-0.00694997	-0.00400098	0.000171352	11.475
-0.00695483	-0.0040118	0.0001715	11.49
-0.00695969	-0.00402263	0.000171647	11.505
-0.00696454	-0.00403347	0.000171795	11.52
-0.00696938	-0.00404432	0.000171942	11.535
-0.00697423	-0.00405519	0.00017209	11.55
-0.00697906	-0.00406607	0.000172237	11.565
-0.00698389	-0.00407696	0.000172385	11.58
-0.00698871	-0.00408786	0.000172532	11.595
-0.00699352	-0.00409877	0.00017268	11.61
-0.00699832	-0.00410969	0.000172827	11.625
-0.00700311	-0.00412062	0.000172974	11.64
-0.00700789	-0.00413156	0.000173122	11.655
-0.00701266	-0.00414251	0.000173269	11.67
-0.00701742	-0.00415346	0.000173417	11.685
-0.00702217	-0.00416443	0.000173564	11.7
-0.00702691	-0.00417539	0.000173712	11.715
-0.00703163	-0.00418637	0.000173859	11.73
-0.00703634	-0.00419735	0.000174007	11.745
-0.00704104	-0.00420833	0.000174154	11.76
-0.00704572	-0.00421932	0.000174301	11.775
-0.00705039	-0.0042303	0.000174449	11.79
-0.00705505	-0.00424129	0.000174596	11.805
-0.00705969	-0.00425229	0.000174744	11.82
-0.00706432	-0.00426328	0.000174891	11.835
-0.00706893	-0.00427427	0.000175038	11.85
-0.00707353	-0.00428526	0.000175186	11.865
-0.00707812	-0.00429624	0.000175333	11.88
-0.00708269	-0.00430722	0.00017548	11.895
-0.00708725	-0.0043182	0.000175628	11.91
-0.00709179	-0.00432918	0.000175775	11.925
-0.00709632	-0.00434014	0.000175922	11.94
-0.00710084	-0.0043511	0.00017607	11.955
-0.00710535	-0.00436206	0.000176217	11.97
-0.00710984	-0.004373	0.000176364	11.985
-0.00711433	-0.00438394	0.000176512	12
-0.0071188	-0.00439487	0.000176659	12.015
-0.00712326	-0.00440579	0.000176806	12.03
-0.00712772	-0.00441669	0.000176954	12.045
-0.00713216	-0.00442759	0.000177101	12.06
-0.00713659	-0.00443847	0.000177248	12.075
-0.00714102	-0.00444934	0.000177395	12.09
-0.00714544	-0.0044602	0.000177543	12.105
-0.00714986	-0.00447104	0.00017769	12.12
-0.00715426	-0.00448187	0.000177837	12.135
-0.00715867	-0.00449269	0.000177985	12.15
-0.00716307	-0.00450349	0.000178132	12.165
-0.00716747	-0.00451427	0.000178279	12.18
-0.00717187	-0.00452505	0.000178426	12.195
-0.00717626	-0.0045358	0.000178573	12.21
-0.00718066	-0.00454654	0.000178721	12.225
-0.00718506	-0.00455727	0.000178868	12.24
-0.00718946	-0.00456798	0.000179015	12.255
-0.00719386	-0.00457868	0.000179162	12.27
-0.00719826	-0.00458936	0.00017931	12.285
-0.00720268	-0.00460003	0.000179457	12.3
-0.00720709	-0.00461069	0.000179604	12.315
-0.00721152	-0.00462133	0.000179751	12.33
-0.00721595	-0.00463195	0.000179898	12.345
-0.00722039	-0.00464257	0.000180045	12.36
-0.00722484	-0.00465317	0.000180193	12.375
-0.0072293	-0.00466376	0.00018034	12.39
-0.00723377	-0.00467434	0.000180487	12.405
-0.00723825	-0.00468491	0.000180634	12.42
-0.00724275	-0.00469547	0.000180781	12.435
-0.00724726	-0.00470602	0.000180928	12.45
-0.00725178	-0.00471657	0.000181075	12.465
-0.00725631	-0.0047271	0.000181223	12.48
-0.00726086	-0.00473763	0.00018137	12.495
-0.00726543	-0.00474816	0.000181517	12.51
-0.00727001	-0.00475868	0.000181664	12.525
-0.00727461	-0.0047692	0.000181811	12.54
-0.00727922	-0.00477972	0.000181958	12.555
-0.00728385	-0.00479024	0.000182105	12.57
-0.00728849	-0.00480075	0.000182252	12.585
-0.00729316	-0.00481127	0.000182399	12.6
-0.00729783	-0.00482179	0.000182546	12.615
-0.00730253	-0.00483232	0.000182693	12.63
-0.00730723	-0.00484285	0.00018284	12.645
-0.00731196	-0.00485339	0.000182987	12.66
-0.0073167	-0.00486393	0.000183135	12.675
-0.00732145	-0.00487448	0.000183282	12.69
-0.00732622	-0.00488504	0.000183429	12.705
-0.007331	-0.00489562	0.000183576	12.72
-0.00733579	-0.0049062	0.000183723	12.735
-0.0073406	-0.00491679	0.00018387	12.75
-0.00734541	-0.0049274	0.000184017	12.765
-0.00735024	-0.00493802	0.000184164	12.78
-0.00735508	-0.00494866	0.000184311	12.795
-0.00735992	-0.00495931	0.000184458	12.81
-0.00736477	-0.00496998	0.000184605	12.825
-0.00736963	-0.00498067	0.000184752	12.84
-0.00737449	-0.00499137	0.000184899	12.855
-0.00737935	-0.00500209	0.000185045	12.87
-0.00738422	-0.00501283	0.000185192	12.885
-0.00738909	-0.00502358	0.000185339	12.9
-0.00739395	-0.00503436	0.000185486	12.915
-0.00739882	-0.00504515	0.000185633	12.93
-0.00740368	-0.00505596	0.00018578	12.945
-0.00740854	-0.00506679	0.000185927	12.96
-0.00741339	-0.00507764	0.000186074	12.975
-0.00741823	-0.0050885	0.000186221	12.99
-0.00742307	-0.00509938	0.000186368	13.005
-0.00742789	-0.00511028	0.000186515	13.02
-0.0074327	-0.00512119	0.000186662	13.035
-0.0074375	-0.00513212	0.000186809	13.05
-0.00744229	-0.00514306	0.000186956	13.065
-0.00744706	-0.00515402	0.000187102	13.08
-0.00745182	-0.00516499	0.000187249	13.095
-0.00745656	-0.00517596	0.000187396	13.11
-0.00746128	-0.00518695	0.000187543	13.125
-0.00746598	-0.00519794	0.00018769	13.14
-0.00747066	-0.00520895	0.000187837	13.155
-0.00747532	-0.00521995	0.000187984	13.17
-0.00747996	-0.00523096	0.000188131	13.185
-0.00748458	-0.00524197	0.000188278	13.2
-0.00748918	-0.00525299	0.000188424	13.215
-0.00749376	-0.005264	0.000188571	13.23
-0.00749832	-0.005275	0.000188718	13.245
-0.00750285	-0.00528601	0.000188865	13.26
-0.00750737	-0.005297	0.000189012	13.275
-0.00751186	-0.00530799	0.000189159	13.29
-0.00751634	-0.00531896	0.000189305	13.305
-0.00752079	-0.00532993	0.000189452	13.32
-0.00752523	-0.00534088	0.000189599	13.335
-0.00752965	-0.00535182	0.000189746	13.35
-0.00753406	-0.00536274	0.000189893	13.365
-0.00753845	-0.00537364	0.00019004	13.38
-0.00754282	-0.00538452	0.000190186	13.395
-0.00754719	-0.00539538	0.000190333	13.41
-0.00755154	-0.00540622	0.00019048	13.425
-0.00755589	-0.00541704	0.000190627	13.44
-0.00756023	-0.00542784	0.000190774	13.455
-0.00756457	-0.00543861	0.00019092	13.47
-0.00756891	-0.00544935	0.000191067	13.485
-0.00757324	-0.00546008	0.000191214	13.5
-0.00757758	-0.00547077	0.000191361	13.515
-0.00758193	-0.00548145	0.000191507	13.53
-0.00758628	-0.00549209	0.000191654	13.545
-0.00759064	-0.00550272	0.000191801	13.56
-0.00759501	-0.00551332	0.000191948	13.575
-0.00759939	-0.0055239	0.000192095	13.59
-0.0076038	-0.00553446	0.000192241	13.605
-0.00760821	-0.005545	0.000192388	13.62
-0.00761265	-0.00555552	0.000192535	13.635
-0.00761711	-0.00556602	0.000192681	13.65
-0.0076216	-0.00557651	0.000192828	13.665
-0.0076261	-0.00558699	0.000192975	13.68
-0.00763064	-0.00559746	0.000193122	13.695
-0.0076352	-0.00560793	0.000193268	13.71
-0.00763979	-0.00561838	0.000193415	13.725
-0.00764441	-0.00562884	0.000193562	13.74
-0.00764905	-0.0056393	0.000193708	13.755
-0.00765373	-0.00564976	0.000193855	13.77
-0.00765843	-0.00566023	0.000194002	13.785
-0.00766316	-0.00567071	0.000194148	13.8
-0.00766792	-0.0056812	0.000194295	13.815
-0.0076727	-0.00569171	0.000194442	13.83
-0.00767751	-0.00570224	0.000194589	13.845
-0.00768234	-0.00571279	0.000194735	13.86
-0.00768719	-0.00572336	0.000194882	13.875
-0.00769206	-0.00573396	0.000195028	13.89
-0.00769694	-0.00574459	0.000195175	13.905
-0.00770184	-0.00575525	0.000195322	13.92
-0.00770674	-0.00576594	0.000195468	13.935
-0.00771165	-0.00577666	0.000195615	13.95
-0.00771657	-0.00578741	0.000195762	13.965
-0.00772148	-0.0057982	0.000195908	13.98
-0.00772638	-0.00580903	0.000196055	13.995
-0.00773127	-0.00581988	0.000196202	14.01
-0.00773615	-0.00583077	0.000196348	14.025
-0.00774102	-0.0058417	0.000196495	14.04
-0.00774586	-0.00585265	0.000196641	14.055
-0.00775067	-0.00586363	0.000196788	14.07
-0.00775546	-0.00587463	0.000196935	14.085
-0.00776022	-0.00588565	0.000197081	14.1
-0.00776494	-0.00589669	0.000197228	14.115
-0.00776963	-0.00590775	0.000197374	14.13
-0.00777427	-0.00591881	0.000197521	14.145
-0.00777888	-0.00592988	0.000197668	14.16
-0.00778345	-0.00594094	0.000197814	14.175
-0.00778798	-0.00595201	0.000197961	14.19
-0.00779246	-0.00596306	0.000198107	14.205
-0.00779691	-0.00597409	0.000198254	14.22
-0.00780132	-0.0059851	0.0001984	14.235
-0.0078057	-0.00599609	0.000198547	14.25
-0.00781004	-0.00600705	0.000198694	14.265
-0.00781436	-0.00601797	0.00019884	14.28
-0.00781865	-0.00602885	0.000198987	14.295
-0.00782293	-0.00603969	0.000199133	14.31
-0.0078272	-0.00605049	0.00019928	14.325
-0.00783145	-0.00606124	0.000199426	14.34
-0.00783571	-0.00607194	0.000199573	14.355
-0.00783998	-0.00608259	0.000199719	14.37
-0.00784426	-0.0060932	0.000199866	14.385
-0.00784856	-0.00610376	0.000200013	14.4
-0.00785289	-0.00611428	0.000200159	14.415
-0.00785726	-0.00612476	0.000200306	14.43
-0.00786166	-0.00613521	0.000200452	14.445
-0.00786611	-0.00614563	0.000200599	14.46
-0.0078706	-0.00615603	0.000200745	14.475
-0.00787515	-0.00616642	0.000200892	14.49
-0.00787975	-0.0061768	0.000201038	14.505
-0.00788441	-0.00618718	0.000201185	14.52
-0.00788912	-0.00619758	0.000201331	14.535
-0.00789389	-0.00620799	0.000201478	14.55
-0.0078987	-0.00621844	0.000201624	14.565
-0.00790356	-0.00622892	0.000201771	14.58
-0.00790846	-0.00623944	0.000201917	14.595
-0.0079134	-0.00625002	0.000202063	14.61
-0.00791835	-0.00626065	0.00020221	14.625
-0.00792332	-0.00627134	0.000202356	14.64
-0.0079283	-0.0062821	0.000202503	14.655
-0.00793327	-0.00629292	0.000202649	14.67
-0.00793822	-0.0063038	0.000202796	14.685
-0.00794315	-0.00631474	0.000202942	14.7
-0.00794803	-0.00632573	0.000203089	14.715
-0.00795287	-0.00633677	0.000203235	14.73
-0.00795766	-0.00634785	0.000203382	14.745
-0.00796238	-0.00635896	0.000203528	14.76
-0.00796703	-0.00637009	0.000203674	14.775
-0.00797161	-0.00638122	0.000203821	14.79
-0.00797613	-0.00639235	0.000203967	14.805
-0.00798057	-0.00640345	0.000204114	14.82
-0.00798495	-0.00641452	0.00020426	14.835
-0.00798927	-0.00642554	0.000204407	14.85
-0.00799354	-0.00643651	0.000204553	14.865
-0.00799777	-0.00644742	0.000204699	14.88
-0.00800197	-0.00645825	0.000204846	14.895
-0.00800617	-0.00646901	0.000204992	14.91
-0.00801036	-0.00647969	0.000205139	14.925
-0.00801458	-0.0064903	0.000205285	14.94
-0.00801882	-0.00650084	0.000205431	14.955
-0.00802311	-0.00651131	0.000205578	14.97
-0.00802746	-0.00652172	0.000205724	14.985
-0.00803187	-0.0065321	0.000205871	15
-0.00803636	-0.00654244	0.000206017	15.015
-0.00804092	-0.00655277	0.000206163	15.03
-0.00804557	-0.0065631	0.00020631	15.045
-0.00805029	-0.00657345	0.000206456	15.06
-0.00805509	-0.00658383	0.000206603	15.075
-0.00805995	-0.00659426	0.000206749	15.09
-0.00806487	-0.00660475	0.000206895	15.105
-0.00806984	-0.0066153	0.000207042	15.12
-0.00807483	-0.00662593	0.000207188	15.135
-0.00807983	-0.00663665	0.000207334	15.15
-0.00808483	-0.00664744	0.000207481	15.165
-0.00808981	-0.00665831	0.000207627	15.18
-0.00809476	-0.00666925	0.000207773	15.195
-0.00809966	-0.00668026	0.00020792	15.21
-0.0081045	-0.00669132	0.000208066	15.225
-0.00810927	-0.00670243	0.000208212	15.24
-0.00811397	-0.00671356	0.000208359	15.255
-0.00811859	-0.0067247	0.000208505	15.27
-0.00812313	-0.00673584	0.000208651	15.285
-0.0081276	-0.00674696	0.000208798	15.3
-0.00813199	-0.00675805	0.000208944	15.315
-0.00813632	-0.00676909	0.00020909	15.33
-0.0081406	-0.00678008	0.000209237	15.345
-0.00814484	-0.00679101	0.000209383	15.36
-0.00814905	-0.00680186	0.000209529	15.375
-0.00815325	-0.00681264	0.000209676	15.39
-0.00815745	-0.00682335	0.000209822	15.405
-0.00816166	-0.00683399	0.000209968	15.42
-0.00816589	-0.00684456	0.000210114	15.435
-0.00817016	-0.00685507	0.000210261	15.45
-0.00817448	-0.00686552	0.000210407	15.465
-0.00817885	-0.00687594	0.000210553	15.48
-0.00818329	-0.00688632	0.0002107	15.495
-0.00818778	-0.00689668	0.000210846	15.51
-0.00819235	-0.00690703	0.000210992	15.525
-0.00819698	-0.00691739	0.000211138	15.54
-0.00820167	-0.00692775	0.000211285	15.555
-0.00820643	-0.00693815	0.000211431	15.57
-0.00821123	-0.00694857	0.000211577	15.585
-0.00821609	-0.00695904	0.000211724	15.6
-0.00822098	-0.00696956	0.00021187	15.615
-0.00822591	-0.00698013	0.000212016	15.63
-0.00823085	-0.00699075	0.000212162	15.645
-0.00823581	-0.00700143	0.000212309	15.66
-0.00824076	-0.00701218	0.000212455	15.675
-0.00824571	-0.00702298	0.000212601	15.69
-0.00825065	-0.00703383	0.000212747	15.705
-0.00825556	-0.00704474	0.000212893	15.72
-0.00826043	-0.00705569	0.00021304	15.735
-0.00826527	-0.00706668	0.000213186	15.75
-0.00827007	-0.0070777	0.000213332	15.765
-0.00827482	-0.00708875	0.000213478	15.78
-0.00827952	-0.00709982	0.000213625	15.795
-0.00828418	-0.0071109	0.000213771	15.81
-0.00828878	-0.00712198	0.000213917	15.825
-0.00829333	-0.00713306	0.000214063	15.84
-0.00829783	-0.00714413	0.000214209	15.855
-0.00830229	-0.00715519	0.000214356	15.87
-0.0083067	-0.00716622	0.000214502	15.885
-0.00831108	-0.00717722	0.000214648	15.9
-0.00831542	-0.00718819	0.000214794	15.915
-0.00831973	-0.00719912	0.000214941	15.93
-0.00832402	-0.00721001	0.000215087	15.945
-0.0083283	-0.00722086	0.000215233	15.96
-0.00833256	-0.00723167	0.000215379	15.975
-0.00833682	-0.00724244	0.000215525	15.99
-0.00834107	-0.00725316	0.000215672	16.005
-0.00834533	-0.00726384	0.000215818	16.02
-0.00834961	-0.00727448	0.000215964	16.035
-0.00835389	-0.00728508	0.00021611	16.05
-0.0083582	-0.00729565	0.000216256	16.065
-0.00836253	-0.00730618	0.000216402	16.08
-0.00836689	-0.00731668	0.000216549	16.095
-0.00837128	-0.00732716	0.000216695	16.11
-0.0083757	-0.00733762	0.000216841	16.125
-0.00838016	-0.00734806	0.000216987	16.14
-0.00838465	-0.00735849	0.000217133	16.155
-0.00838918	-0.00736892	0.00021728	16.17
-0.00839374	-0.00737933	0.000217426	16.185
-0.00839835	-0.00738975	0.000217572	16.2
-0.00840298	-0.00740018	0.000217718	16.215
-0.00840765	-0.00741061	0.000217864	16.23
-0.00841235	-0.00742106	0.00021801	16.245
-0.00841709	-0.00743152	0.000218156	16.26
-0.00842185	-0.007442	0.000218303	16.275
-0.00842664	-0.0074525	0.000218449	16.29
-0.00843145	-0.00746303	0.000218595	16.305
-0.00843628	-0.00747358	0.000218741	16.32
-0.00844112	-0.00748416	0.000218887	16.335
-0.00844598	-0.00749477	0.000219033	16.35
-0.00845085	-0.00750541	0.000219179	16.365
-0.00845573	-0.00751608	0.000219325	16.38
-0.00846061	-0.00752679	0.000219471	16.395
-0.00846549	-0.00753752	0.000219618	16.41
-0.00847037	-0.00754828	0.000219764	16.425
-0.00847524	-0.00755907	0.00021991	16.44
-0.0084801	-0.00756989	0.000220056	16.455
-0.00848496	-0.00758074	0.000220202	16.47
-0.00848979	-0.00759161	0.000220348	16.485
-0.00849461	-0.00760251	0.000220494	16.5
-0.00849942	-0.00761343	0.00022064	16.515
-0.0085042	-0.00762437	0.000220786	16.53
-0.00850896	-0.00763532	0.000220932	16.545
-0.0085137	-0.00764629	0.000221079	16.56
-0.00851841	-0.00765728	0.000221225	16.575
-0.0085231	-0.00766827	0.000221371	16.59
-0.00852776	-0.00767927	0.000221517	16.605
-0.0085324	-0.00769028	0.000221663	16.62
-0.00853701	-0.00770129	0.000221809	16.635
-0.00854159	-0.0077123	0.000221955	16.65
-0.00854615	-0.00772331	0.000222101	16.665
-0.00855068	-0.00773431	0.000222247	16.68
-0.00855519	-0.00774531	0.000222393	16.695
-0.00855967	-0.0077563	0.000222539	16.71
-0.00856414	-0.00776727	0.000222685	16.725
-0.00856858	-0.00777824	0.000222832	16.74
-0.008573	-0.00778919	0.000222978	16.755
-0.0085774	-0.00780012	0.000223124	16.77
-0.00858178	-0.00781104	0.00022327	16.785
-0.00858615	-0.00782194	0.000223416	16.8
-0.00859051	-0.00783282	0.000223562	16.815
-0.00859485	-0.00784368	0.000223708	16.83
-0.00859919	-0.00785451	0.000223854	16.845
-0.00860352	-0.00786533	0.000224	16.86
-0.00860784	-0.00787612	0.000224146	16.875
-0.00861216	-0.00788689	0.000224292	16.89
-0.00861647	-0.00789764	0.000224438	16.905
-0.00862079	-0.00790837	0.000224584	16.92
-0.0086251	-0.00791907	0.00022473	16.935
-0.00862943	-0.00792976	0.000224876	16.95
-0.00863375	-0.00794042	0.000225022	16.965
-0.00863809	-0.00795106	0.000225168	16.98
-0.00864243	-0.00796168	0.000225314	16.995
-0.00864678	-0.00797228	0.00022546	17.01
-0.00865114	-0.00798287	0.000225606	17.025
-0.00865552	-0.00799344	0.000225752	17.04
-0.00865991	-0.00800399	0.000225898	17.055
-0.00866431	-0.00801453	0.000226045	17.07
-0.00866873	-0.00802505	0.000226191	17.085
-0.00867317	-0.00803557	0.000226337	17.1
-0.00867762	-0.00804607	0.000226483	17.115
-0.00868209	-0.00805656	0.000226629	17.13
-0.00868658	-0.00806705	0.000226775	17.145
-0.00869109	-0.00807753	0.000226921	17.16
-0.00869562	-0.00808801	0.000227067	17.175
-0.00870017	-0.00809849	0.000227213	17.19
-0.00870474	-0.00810896	0.000227359	17.205
-0.00870932	-0.00811944	0.000227505	17.22
-0.00871393	-0.00812991	0.000227651	17.235
-0.00871855	-0.00814039	0.000227797	17.25
-0.0087232	-0.00815087	0.000227943	17.265
-0.00872786	-0.00816136	0.000228088	17.28
-0.00873253	-0.00817186	0.000228234	17.295
-0.00873723	-0.00818237	0.00022838	17.31
-0.00874194	-0.00819288	0.000228526	17.325
-0.00874666	-0.0082034	0.000228672	17.34
-0.0087514	-0.00821394	0.000228818	17.355
-0.00875615	-0.00822449	0.000228964	17.37
-0.00876091	-0.00823505	0.00022911	17.385
-0.00876569	-0.00824563	0.000229256	17.4
-0.00877047	-0.00825622	0.000229402	17.415
-0.00877526	-0.00826682	0.000229548	17.43
-0.00878006	-0.00827744	0.000229694	17.445
-0.00878487	-0.00828808	0.00022984	17.46
-0.00878968	-0.00829874	0.000229986	17.475
-0.0087945	-0.00830941	0.000230132	17.49
-0.00879932	-0.0083201	0.000230278	17.505
-0.00880414	-0.0083308	0.000230424	17.52
-0.00880896	-0.00834152	0.00023057	17.535
-0.00881378	-0.00835226	0.000230716	17.55
-0.0088186	-0.00836302	0.000230862	17.565
-0.00882341	-0.00837379	0.000231008	17.58
-0.00882822	-0.00838457	0.000231154	17.595
-0.00883303	-0.00839538	0.000231299	17.61
-0.00883783	-0.0084062	0.000231445	17.625
-0.00884262	-0.00841703	0.000231591	17.64
-0.0088474	-0.00842788	0.000231737	17.655
-0.00885218	-0.00843874	0.000231883	17.67
-0.00885694	-0.00844961	0.000232029	17.685
-0.0088617	-0.0084605	0.000232175	17.7
-0.00886644	-0.00847139	0.000232321	17.715
-0.00887117	-0.0084823	0.000232467	17.73
-0.00887589	-0.00849322	0.000232613	17.745
-0.00888059	-0.00850414	0.000232759	17.76
-0.00888528	-0.00851508	0.000232905	17.775
-0.00888996	-0.00852602	0.000233051	17.79
-0.00889462	-0.00853696	0.000233196	17.805
-0.00889927	-0.00854791	0.000233342	17.82
-0.0089039	-0.00855887	0.000233488	17.835
-0.00890851	-0.00856982	0.000233634	17.85
-0.00891312	-0.00858078	0.00023378	17.865
-0.0089177	-0.00859174	0.000233926	17.88
-0.00892227	-0.0086027	0.000234072	17.895
-0.00892683	-0.00861366	0.000234218	17.91
-0.00893137	-0.00862461	0.000234364	17.925
-0.00893589	-0.00863556	0.00023451	17.94
-0.0089404	-0.00864651	0.000234655	17.955
-0.0089449	-0.00865746	0.000234801	17.97
-0.00894938	-0.00866839	0.000234947	17.985
-0.00895385	-0.00867932	0.000235093	18
-0.00895831	-0.00869025	0.000235239	18.015
-0.00896275	-0.00870116	0.000235385	18.03
-0.00896719	-0.00871207	0.000235531	18.045
-0.00897161	-0.00872296	0.000235677	18.06
-0.00897602	-0.00873385	0.000235823	18.075
-0.00898042	-0.00874473	0.000235968	18.09
-0.00898481	-0.00875559	0.000236114	18.105
-0.0089892	-0.00876644	0.00023626	18.12
-0.00899357	-0.00877728	0.000236406	18.135
-0.00899794	-0.00878811	0.000236552	18.15
-0.00900231	-0.00879892	0.000236698	18.165
-0.00900667	-0.00880972	0.000236844	18.18
-0.00901102	-0.00882051	0.00023699	18.195
-0.00901537	-0.00883128	0.000237135	18.21
-0.00901972	-0.00884204	0.000237281	18.225
-0.00902407	-0.00885279	0.000237427	18.24
-0.00902842	-0.00886352	0.000237573	18.255
-0.00903276	-0.00887424	0.000237719	18.27
-0.00903711	-0.00888494	0.000237865	18.285
-0.00904146	-0.00889563	0.000238011	18.3
-0.00904581	-0.0089063	0.000238157	18.315
-0.00905017	-0.00891696	0.000238302	18.33
-0.00905453	-0.00892761	0.000238448	18.345
-0.00905889	-0.00893825	0.000238594	18.36
-0.00906326	-0.00894887	0.00023874	18.375
-0.00906764	-0.00895948	0.000238886	18.39
-0.00907203	-0.00897008	0.000239032	18.405
-0.00907642	-0.00898067	0.000239177	18.42
-0.00908082	-0.00899125	0.000239323	18.435
-0.00908523	-0.00900182	0.000239469	18.45
-0.00908965	-0.00901238	0.000239615	18.465
-0.00909408	-0.00902293	0.000239761	18.48
-0.00909852	-0.00903347	0.000239907	18.495
-0.00910297	-0.009044	0.000240052	18.51
-0.00910743	-0.00905453	0.000240198	18.525
-0.00911191	-0.00906505	0.000240344	18.54
-0.00911639	-0.00907557	0.00024049	18.555
-0.00912089	-0.00908608	0.000240636	18.57
-0.0091254	-0.00909659	0.000240782	18.585
-0.00912993	-0.00910709	0.000240927	18.6
-0.00913447	-0.00911759	0.000241073	18.615
-0.00913902	-0.00912809	0.000241219	18.63
-0.00914358	-0.00913859	0.000241365	18.645
-0.00914816	-0.00914909	0.000241511	18.66
-0.00915275	-0.00915959	0.000241656	18.675
-0.00915735	-0.00917009	0.000241802	18.69
-0.00916197	-0.00918059	0.000241948	18.705
-0.0091666	-0.0091911	0.000242094	18.72
-0.00917124	-0.00920161	0.00024224	18.735
-0.00917589	-0.00921213	0.000242385	18.75
-0.00918056	-0.00922265	0.000242531	18.765
-0.00918523	-0.00923317	0.000242677	18.78
-0.00918992	-0.0092437	0.000242823	18.795
-0.00919462	-0.00925424	0.000242969	18.81
-0.00919933	-0.00926479	0.000243114	18.825
-0.00920405	-0.00927535	0.00024326	18.84
-0.00920877	-0.00928591	0.000243406	18.855
-0.00921351	-0.00929648	0.000243552	18.87
-0.00921825	-0.00930707	0.000243698	18.885
-0.00922301	-0.00931766	0.000243843	18.9
-0.00922777	-0.00932827	0.000243989	18.915
-0.00923253	-0.00933888	0.000244135	18.93
-0.0092373	-0.00934951	0.000244281	18.945
-0.00924208	-0.00936015	0.000244426	18.96
-0.00924686	-0.0093708	0.000244572	18.975
-0.00925164	-0.00938146	0.000244718	18.99
-0.00925643	-0.00939214	0.000244864	19.005
-0.00926122	-0.00940282	0.000245009	19.02
-0.00926601	-0.00941352	0.000245155	19.035
-0.0092708	-0.00942424	0.000245301	19.05
-0.00927559	-0.00943496	0.000245447	19.065
-0.00928038	-0.0094457	0.000245593	19.08
-0.00928517	-0.00945645	0.000245738	19.095
-0.00928996	-0.00946722	0.000245884	19.11
-0.00929474	-0.00947799	0.00024603	19.125
-0.00929952	-0.00948878	0.000246176	19.14
-0.0093043	-0.00949958	0.000246321	19.155
-0.00930907	-0.00951039	0.000246467	19.17
-0.00931384	-0.00952121	0.000246613	19.185
-0.0093186	-0.00953205	0.000246759	19.2
-0.00932335	-0.00954289	0.000246904	19.215
-0.00932809	-0.00955375	0.00024705	19.23
-0.00933283	-0.00956461	0.000247196	19.245
-0.00933756	-0.00957548	0.000247342	19.26
-0.00934228	-0.00958637	0.000247487	19.275
-0.00934699	-0.00959726	0.000247633	19.29
-0.00935168	-0.00960816	0.000247779	19.305
-0.00935637	-0.00961906	0.000247924	19.32
-0.00936105	-0.00962997	0.00024807	19.335
-0.00936572	-0.00964089	0.000248216	19.35
-0.00937037	-0.00965181	0.000248362	19.365
-0.00937502	-0.00966274	0.000248507	19.38
-0.00937965	-0.00967367	0.000248653	19.395
-0.00938427	-0.00968461	0.000248799	19.41
-0.00938887	-0.00969554	0.000248945	19.425
-0.00939347	-0.00970648	0.00024909	19.44
-0.00939805	-0.00971742	0.000249236	19.455
-0.00940261	-0.00972836	0.000249382	19.47
-0.00940717	-0.0097393	0.000249527	19.485
-0.00941171	-0.00975024	0.000249673	19.5
-0.00941624	-0.00976117	0.000249819	19.515
-0.00942076	-0.00977211	0.000249965	19.53
-0.00942527	-0.00978304	0.00025011	19.545
-0.00942976	-0.00979397	0.000250256	19.56
-0.00943424	-0.00980489	0.000250402	19.575
-0.00943871	-0.0098158	0.000250548	19.59
-0.00944317	-0.00982671	0.000250693	19.605
-0.00944762	-0.00983762	0.000250839	19.62
-0.00945206	-0.00984851	0.000250985	19.635
-0.00945649	-0.0098594	0.00025113	19.65
-0.0094609	-0.00987028	0.000251276	19.665
-0.00946531	-0.00988116	0.000251422	19.68
-0.00946971	-0.00989202	0.000251568	19.695
-0.0094741	-0.00990287	0.000251713	19.71
-0.00947849	-0.00991371	0.000251859	19.725
-0.00948287	-0.00992454	0.000252005	19.74
-0.00948724	-0.00993536	0.00025215	19.755
-0.0094916	-0.00994617	0.000252296	19.77
-0.00949596	-0.00995696	0.000252442	19.785
-0.00950032	-0.00996775	0.000252587	19.8
-0.00950467	-0.00997852	0.000252733	19.815
-0.00950902	-0.00998928	0.000252879	19.83
-0.00951337	-0.01	0.000253025	19.845
-0.00951772	-0.0100108	0.00025317	19.86
-0.00952206	-0.0100215	0.000253316	19.875
-0.00952641	-0.0100322	0.000253462	19.89
-0.00953076	-0.0100429	0.000253607	19.905
-0.00953511	-0.0100536	0.000253753	19.92
-0.00953946	-0.0100642	0.000253899	19.935
-0.00954381	-0.0100749	0.000254044	19.95
-0.00954817	-0.0100855	0.00025419	19.965
-0.00955253	-0.0100962	0.000254336	19.98
-0.0095569	-0.0101068	0.000254481	19.995
-0.00956127	-0.0101174	0.000254627	20.01
-0.00956565	-0.010128	0.000254773	20.025
-0.00957004	-0.0101386	0.000254918	20.04
-0.00957444	-0.0101491	0.000255064	20.055
-0.00957884	-0.0101597	0.00025521	20.07
-0.00958326	-0.0101703	0.000255355	20.085
-0.00958768	-0.0101808	0.000255501	20.1
-0.00959211	-0.0101914	0.000255647	20.115
-0.00959656	-0.0102019	0.000255792	20.13
-0.00960101	-0.0102124	0.000255938	20.145
-0.00960548	-0.0102229	0.000256084	20.16
-0.00960996	-0.0102334	0.000256229	20.175
-0.00961445	-0.0102439	0.000256375	20.19
-0.00961895	-0.0102544	0.000256521	20.205
-0.00962347	-0.0102649	0.000256666	20.22
-0.009628	-0.0102754	0.000256812	20.235
-0.00963254	-0.0102859	0.000256958	20.25
-0.0096371	-0.0102964	0.000257103	20.265
-0.00964167	-0.0103069	0.000257249	20.28
-0.00964625	-0.0103174	0.000257395	20.295
-0.00965085	-0.0103279	0.00025754	20.31
-0.00965546	-0.0103384	0.000257686	20.325
-0.00966008	-0.0103489	0.000257832	20.34
-0.00966472	-0.0103594	0.000257977	20.355
-0.00966937	-0.0103699	0.000258123	20.37
-0.00967403	-0.0103804	0.000258269	20.385
-0.0096787	-0.0103909	0.000258414	20.4
-0.00968339	-0.0104015	0.00025856	20.415
-0.00968809	-0.010412	0.000258705	20.43
-0.0096928	-0.0104225	0.000258851	20.445
-0.00969752	-0.0104331	0.000258997	20.46
-0.00970225	-0.0104437	0.000259142	20.475
-0.00970698	-0.0104542	0.000259288	20.49
-0.00971173	-0.0104648	0.000259434	20.505
-0.00971649	-0.0104754	0.000259579	20.52
-0.00972125	-0.010486	0.000259725	20.535
-0.00972602	-0.0104966	0.00025987	20.55
-0.0097308	-0.0105072	0.000260016	20.565
-0.00973558	-0.0105179	0.000260162	20.58
-0.00974037	-0.0105285	0.000260307	20.595
-0.00974516	-0.0105392	0.000260453	20.61
-0.00974995	-0.0105499	0.000260599	20.625
-0.00975475	-0.0105606	0.000260744	20.64
-0.00975954	-0.0105713	0.00026089	20.655
-0.00976434	-0.010582	0.000261035	20.67
-0.00976913	-0.0105928	0.000261181	20.685
-0.00977393	-0.0106035	0.000261327	20.7
-0.00977872	-0.0106143	0.000261472	20.715
-0.0097835	-0.0106251	0.000261618	20.73
-0.00978828	-0.0106359	0.000261763	20.745
-0.00979306	-0.0106467	0.000261909	20.76
-0.00979783	-0.0106575	0.000262055	20.775
-0.00980259	-0.0106684	0.0002622	20.79
-0.00980735	-0.0106792	0.000262346	20.805
-0.00981209	-0.0106901	0.000262491	20.82
-0.00981683	-0.0107009	0.000262637	20.835
-0.00982156	-0.0107118	0.000262783	20.85
-0.00982627	-0.0107227	0.000262928	20.865
-0.00983097	-0.0107336	0.000263074	20.88
-0.00983566	-0.0107445	0.000263219	20.895
-0.00984034	-0.0107555	0.000263365	20.91
-0.009845	-0.0107664	0.000263511	20.925
-0.00984965	-0.0107773	0.000263656	20.94
-0.00985428	-0.0107883	0.000263802	20.955
-0.0098589	-0.0107992	0.000263947	20.97
-0.0098635	-0.0108102	0.000264093	20.985
-0.00986809	-0.0108211	0.000264239	21
-0.00987266	-0.0108321	0.000264384	21.015
-0.00987722	-0.010843	0.00026453	21.03
-0.00988176	-0.010854	0.000264675	21.045
-0.00988628	-0.0108649	0.000264821	21.06
-0.00989079	-0.0108759	0.000264966	21.075
-0.00989528	-0.0108868	0.000265112	21.09
-0.00989975	-0.0108978	0.000265258	21.105
-0.00990421	-0.0109087	0.000265403	21.12
-0.00990866	-0.0109196	0.000265549	21.135
-0.00991309	-0.0109305	0.000265694	21.15
-0.00991751	-0.0109415	0.00026584	21.165
-0.00992191	-0.0109524	0.000265986	21.18
-0.0099263	-0.0109632	0.000266131	21.195
-0.00993068	-0.0109741	0.000266277	21.21
-0.00993505	-0.010985	0.000266422	21.225
-0.00993941	-0.0109958	0.000266568	21.24
-0.00994375	-0.0110067	0.000266713	21.255
-0.0099481	-0.0110175	0.000266859	21.27
-0.00995243	-0.0110283	0.000267005	21.285
-0.00995676	-0.0110391	0.00026715	21.3
-0.00996108	-0.0110498	0.000267296	21.315
-0.0099654	-0.0110606	0.000267441	21.33
-0.00996971	-0.0110713	0.000267587	21.345
-0.00997403	-0.011082	0.000267732	21.36
-0.00997834	-0.0110927	0.000267878	21.375
-0.00998266	-0.0111034	0.000268024	21.39
-0.00998698	-0.0111141	0.000268169	21.405
-0.0099913	-0.0111247	0.000268315	21.42
-0.00999563	-0.0111353	0.00026846	21.435
-0.00999997	-0.0111459	0.000268606	21.45
-0.0100043	-0.0111565	0.000268751	21.465
-0.0100087	-0.0111671	0.000268897	21.48
-0.010013	-0.0111777	0.000269043	21.495
-0.0100174	-0.0111882	0.000269188	21.51
-0.0100218	-0.0111987	0.000269334	21.525
-0.0100262	-0.0112092	0.000269479	21.54
-0.0100306	-0.0112197	0.000269625	21.555
-0.0100351	-0.0112302	0.00026977	21.57
-0.0100395	-0.0112407	0.000269916	21.585
-0.010044	-0.0112512	0.000270061	21.6
-0.0100485	-0.0112617	0.000270207	21.615
-0.010053	-0.0112721	0.000270353	21.63
-0.0100575	-0.0112826	0.000270498	21.645
-0.010062	-0.011293	0.000270644	21.66
-0.0100666	-0.0113035	0.000270789	21.675
-0.0100712	-0.011314	0.000270935	21.69
-0.0100758	-0.0113244	0.00027108	21.705
-0.0100804	-0.0113349	0.000271226	21.72
-0.0100851	-0.0113453	0.000271371	21.735
-0.0100898	-0.0113558	0.000271517	21.75
-0.0100945	-0.0113663	0.000271662	21.765
-0.0100992	-0.0113768	0.000271808	21.78
-0.0101039	-0.0113873	0.000271953	21.795
-0.0101086	-0.0113978	0.000272099	21.81
-0.0101134	-0.0114084	0.000272244	21.825
-0.0101182	-0.0114189	0.00027239	21.84
-0.010123	-0.0114295	0.000272535	21.855
-0.0101278	-0.0114401	0.000272681	21.87
-0.0101326	-0.0114507	0.000272826	21.885
-0.0101374	-0.0114613	0.000272972	21.9
-0.0101422	-0.011472	0.000273118	21.915
-0.010147	-0.0114827	0.000273263	21.93
-0.0101519	-0.0114934	0.000273409	21.945
-0.0101567	-0.0115041	0.000273554	21.96
-0.0101615	-0.0115148	0.0002737	21.975
-0.0101664	-0.0115256	0.000273845	21.99
-0.0101712	-0.0115364	0.000273991	22.005
-0.010176	-0.0115472	0.000274136	22.02
-0.0101808	-0.0115581	0.000274282	22.035
-0.0101856	-0.0115689	0.000274427	22.05
-0.0101904	-0.0115798	0.000274573	22.065
-0.0101952	-0.0115907	0.000274718	22.08
-0.0101999	-0.0116017	0.000274864	22.095
-0.0102046	-0.0116126	0.000275009	22.11
-0.0102093	-0.0116236	0.000275155	22.125
-0.010214	-0.0116345	0.0002753	22.14
-0.0102187	-0.0116455	0.000275446	22.155
-0.0102233	-0.0116565	0.000275591	22.17
-0.0102279	-0.0116675	0.000275737	22.185
-0.0102325	-0.0116785	0.000275882	22.2
-0.010237	-0.0116895	0.000276028	22.215
-0.0102415	-0.0117005	0.000276173	22.23
-0.010246	-0.0117115	0.000276319	22.245
-0.0102505	-0.0117225	0.000276464	22.26
-0.0102549	-0.0117335	0.00027661	22.275
-0.0102593	-0.0117444	0.000276755	22.29
-0.0102637	-0.0117554	0.000276901	22.305
-0.010268	-0.0117663	0.000277046	22.32
-0.0102724	-0.0117772	0.000277192	22.335
-0.0102767	-0.0117881	0.000277337	22.35
-0.010281	-0.0117989	0.000277483	22.365
-0.0102853	-0.0118098	0.000277628	22.38
-0.0102895	-0.0118206	0.000277774	22.395
-0.0102938	-0.0118313	0.000277919	22.41
-0.0102981	-0.0118421	0.000278065	22.425
-0.0103023	-0.0118528	0.00027821	22.44
-0.0103066	-0.0118634	0.000278356	22.455
-0.0103108	-0.0118741	0.000278501	22.47
-0.0103151	-0.0118847	0.000278647	22.485
-0.0103194	-0.0118952	0.000278792	22.5
-0.0103237	-0.0119058	0.000278938	22.515
-0.010328	-0.0119163	0.000279083	22.53
-0.0103324	-0.0119268	0.000279229	22.545
-0.0103367	-0.0119372	0.000279374	22.56
-0.0103412	-0.0119477	0.00027952	22.575
-0.0103456	-0.0119581	0.000279665	22.59
-0.0103501	-0.0119685	0.000279811	22.605
-0.0103546	-0.0119789	0.000279956	22.62
-0.0103591	-0.0119893	0.000280102	22.635
-0.0103637	-0.0119997	0.000280247	22.65
-0.0103683	-0.0120101	0.000280392	22.665
-0.010373	-0.0120205	0.000280538	22.68
-0.0103777	-0.0120309	0.000280683	22.695
-0.0103825	-0.0120413	0.000280829	22.71
-0.0103872	-0.0120518	0.000280974	22.725
-0.010392	-0.0120623	0.00028112	22.74
-0.0103969	-0.0120728	0.000281265	22.755
-0.0104017	-0.0120834	0.000281411	22.77
-0.0104066	-0.012094	0.000281556	22.785
-0.0104115	-0.0121046	0.000281702	22.8
-0.0104164	-0.0121153	0.000281847	22.815
-0.0104213	-0.0121261	0.000281993	22.83
-0.0104262	-0.0121368	0.000282138	22.845
-0.0104311	-0.0121477	0.000282283	22.86
-0.010436	-0.0121586	0.000282429	22.875
-0.0104408	-0.0121695	0.000282574	22.89
-0.0104456	-0.0121804	0.00028272	22.905
-0.0104504	-0.0121914	0.000282865	22.92
-0.0104551	-0.0122024	0.000283011	22.935
-0.0104598	-0.0122135	0.000283156	22.95
-0.0104644	-0.0122246	0.000283302	22.965
-0.010469	-0.0122356	0.000283447	22.98
-0.0104735	-0.0122467	0.000283592	22.995
-0.010478	-0.0122578	0.000283738	23.01
-0.0104824	-0.0122688	0.000283883	23.025
-0.0104867	-0.0122798	0.000284029	23.04
-0.0104911	-0.0122908	0.000284174	23.055
-0.0104953	-0.0123018	0.00028432	23.07
-0.0104996	-0.0123127	0.000284465	23.085
-0.0105038	-0.0123235	0.000284611	23.1
-0.010508	-0.0123343	0.000284756	23.115
-0.0105122	-0.012345	0.000284902	23.13
-0.0105163	-0.0123557	0.000285047	23.145
-0.0105205	-0.0123663	0.000285193	23.16
-0.0105248	-0.0123768	0.000285338	23.175
-0.010529	-0.0123873	0.000285483	23.19
-0.0105333	-0.0123977	0.000285629	23.205
-0.0105376	-0.0124081	0.000285774	23.22
-0.010542	-0.0124185	0.00028592	23.235
-0.0105465	-0.0124288	0.000286065	23.25
-0.010551	-0.0124391	0.000286211	23.265
-0.0105556	-0.0124495	0.000286356	23.28
-0.0105603	-0.0124598	0.000286502	23.295
-0.0105651	-0.0124702	0.000286647	23.31
-0.0105699	-0.0124806	0.000286792	23.325
-0.0105747	-0.012491	0.000286938	23.34
-0.0105796	-0.0125015	0.000287083	23.355
-0.0105846	-0.0125121	0.000287229	23.37
-0.0105895	-0.0125227	0.000287374	23.385
-0.0105945	-0.0125335	0.000287519	23.4
-0.0105994	-0.0125443	0.000287665	23.415
-0.0106043	-0.0125551	0.00028781	23.43
-0.0106092	-0.0125661	0.000287956	23.445
-0.0106141	-0.0125771	0.000288101	23.46
-0.0106189	-0.0125881	0.000288247	23.475
-0.0106236	-0.0125992	0.000288392	23.49
-0.0106282	-0.0126103	0.000288537	23.505
-0.0106328	-0.0126214	0.000288683	23.52
-0.0106373	-0.0126325	0.000288828	23.535
-0.0106417	-0.0126436	0.000288974	23.55
-0.010646	-0.0126547	0.000289119	23.565
-0.0106502	-0.0126657	0.000289265	23.58
-0.0106545	-0.0126766	0.00028941	23.595
-0.0106586	-0.0126875	0.000289555	23.61
-0.0106628	-0.0126983	0.000289701	23.625
-0.0106669	-0.012709	0.000289846	23.64
-0.0106711	-0.0127196	0.000289992	23.655
-0.0106753	-0.0127302	0.000290137	23.67
-0.0106795	-0.0127407	0.000290283	23.685
-0.0106838	-0.0127511	0.000290428	23.7
-0.0106881	-0.0127614	0.000290573	23.715
-0.0106925	-0.0127718	0.000290719	23.73
-0.010697	-0.0127821	0.000290864	23.745
-0.0107015	-0.0127924	0.00029101	23.76
-0.0107062	-0.0128027	0.000291155	23.775
-0.0107109	-0.012813	0.0002913	23.79
-0.0107157	-0.0128234	0.000291446	23.805
-0.0107205	-0.0128338	0.000291591	23.82
-0.0107254	-0.0128443	0.000291737	23.835
-0.0107303	-0.0128549	0.000291882	23.85
-0.0107352	-0.0128655	0.000292027	23.865
-0.0107402	-0.0128762	0.000292173	23.88
-0.0107451	-0.0128869	0.000292318	23.895
-0.0107501	-0.0128978	0.000292464	23.91
-0.010755	-0.0129087	0.000292609	23.925
-0.0107598	-0.0129196	0.000292754	23.94
-0.0107647	-0.0129306	0.0002929	23.955
-0.0107694	-0.0129417	0.000293045	23.97
-0.0107741	-0.0129527	0.000293191	23.985
-0.0107787	-0.0129638	0.000293336	24
-0.0107833	-0.0129749	0.000293481	24.015
-0.0107878	-0.012986	0.000293627	24.03
-0.0107922	-0.0129971	0.000293772	24.045
-0.0107966	-0.0130081	0.000293917	24.06
-0.0108009	-0.0130191	0.000294063	24.075
-0.0108052	-0.0130301	0.000294208	24.09
-0.0108094	-0.013041	0.000294354	24.105
-0.0108136	-0.0130518	0.000294499	24.12
-0.0108178	-0.0130626	0.000294645	24.135
-0.010822	-0.0130734	0.00029479	24.15
-0.0108262	-0.0130841	0.000294935	24.165
-0.0108304	-0.0130947	0.000295081	24.18
-0.0108346	-0.0131052	0.000295226	24.195
-0.0108389	-0.0131158	0.000295372	24.21
-0.0108431	-0.0131262	0.000295517	24.225
-0.0108475	-0.0131367	0.000295662	24.24
-0.0108518	-0.0131471	0.000295808	24.255
-0.0108562	-0.0131575	0.000295953	24.27
-0.0108607	-0.0131678	0.000296098	24.285
-0.0108652	-0.0131782	0.000296244	24.3
-0.0108698	-0.0131885	0.000296389	24.315
-0.0108744	-0.0131989	0.000296535	24.33
-0.0108791	-0.0132093	0.00029668	24.345
-0.0108838	-0.0132197	0.000296825	24.36
-0.0108885	-0.0132301	0.000296971	24.375
-0.0108933	-0.0132406	0.000297116	24.39
-0.0108981	-0.0132511	0.000297261	24.405
-0.010903	-0.0132616	0.000297407	24.42
-0.0109079	-0.0132722	0.000297552	24.435
-0.0109127	-0.0132828	0.000297698	24.45
-0.0109176	-0.0132934	0.000297843	24.465
-0.0109225	-0.0133041	0.000297988	24.48
-0.0109274	-0.0133149	0.000298134	24.495
-0.0109323	-0.0133257	0.000298279	24.51
-0.0109371	-0.0133365	0.000298424	24.525
-0.010942	-0.0133474	0.00029857	24.54
-0.0109468	-0.0133583	0.000298715	24.555
-0.0109516	-0.0133692	0.00029886	24.57
-0.0109564	-0.0133801	0.000299006	24.585
-0.0109611	-0.0133911	0.000299151	24.6
-0.0109658	-0.0134021	0.000299296	24.615
-0.0109705	-0.0134131	0.000299442	24.63
-0.0109751	-0.0134241	0.000299587	24.645
-0.0109797	-0.0134352	0.000299733	24.66
-0.0109842	-0.0134462	0.000299878	24.675
-0.0109887	-0.0134572	0.000300023	24.69
-0.0109932	-0.0134682	0.000300169	24.705
-0.0109977	-0.0134792	0.000300314	24.72
-0.0110021	-0.0134902	0.000300459	24.735
-0.0110065	-0.0135012	0.000300605	24.75
-0.0110108	-0.0135121	0.00030075	24.765
-0.0110152	-0.013523	0.000300895	24.78
-0.0110195	-0.0135339	0.000301041	24.795
-0.0110238	-0.0135448	0.000301186	24.81
-0.0110281	-0.0135556	0.000301332	24.825
-0.0110323	-0.0135664	0.000301477	24.84
-0.0110366	-0.0135772	0.000301622	24.855
-0.0110409	-0.013588	0.000301768	24.87
-0.0110451	-0.0135987	0.000301913	24.885
-0.0110494	-0.0136094	0.000302058	24.9
-0.0110536	-0.01362	0.000302204	24.915
-0.0110579	-0.0136306	0.000302349	24.93
-0.0110622	-0.0136412	0.000302494	24.945
-0.0110665	-0.0136518	0.00030264	24.96
-0.0110708	-0.0136624	0.000302785	24.975
-0.0110751	-0.0136729	0.000302931	24.99
-0.0110795	-0.0136834	0.000303076	25.005
-0.0110839	-0.0136939	0.000303221	25.02
-0.0110883	-0.0137043	0.000303367	25.035
-0.0110927	-0.0137148	0.000303512	25.05
-0.0110971	-0.0137252	0.000303657	25.065
-0.0111016	-0.0137357	0.000303803	25.08
-0.0111061	-0.0137461	0.000303948	25.095
-0.0111106	-0.0137565	0.000304093	25.11
-0.0111152	-0.013767	0.000304239	25.125
-0.0111197	-0.0137774	0.000304384	25.14
-0.0111243	-0.0137878	0.000304529	25.155
-0.011129	-0.0137983	0.000304675	25.17
-0.0111336	-0.0138087	0.00030482	25.185
-0.0111383	-0.0138192	0.000304965	25.2
-0.011143	-0.0138296	0.000305111	25.215
-0.0111477	-0.0138401	0.000305256	25.23
-0.0111524	-0.0138506	0.000305401	25.245
-0.0111572	-0.0138612	0.000305547	25.26
-0.0111619	-0.0138717	0.000305692	25.275
-0.0111667	-0.0138822	0.000305837	25.29
-0.0111715	-0.0138928	0.000305983	25.305
-0.0111763	-0.0139034	0.000306128	25.32
-0.0111811	-0.013914	0.000306273	25.335
-0.0111859	-0.0139247	0.000306419	25.35
-0.0111907	-0.0139353	0.000306564	25.365
-0.0111956	-0.013946	0.000306709	25.38
-0.0112004	-0.0139567	0.000306855	25.395
-0.0112052	-0.0139675	0.000307	25.41
-0.01121	-0.0139782	0.000307145	25.425
-0.0112148	-0.013989	0.000307291	25.44
-0.0112196	-0.0139998	0.000307436	25.455
-0.0112244	-0.0140106	0.000307581	25.47
-0.0112292	-0.0140214	0.000307726	25.485
-0.011234	-0.0140323	0.000307872	25.5
-0.0112387	-0.0140432	0.000308017	25.515
-0.0112435	-0.014054	0.000308162	25.53
-0.0112482	-0.0140649	0.000308308	25.545
-0.0112529	-0.0140758	0.000308453	25.56
-0.0112576	-0.0140868	0.000308598	25.575
-0.0112623	-0.0140977	0.000308744	25.59
-0.011267	-0.0141086	0.000308889	25.605
-0.0112716	-0.0141196	0.000309034	25.62
-0.0112762	-0.0141305	0.00030918	25.635
-0.0112809	-0.0141415	0.000309325	25.65
-0.0112854	-0.0141525	0.00030947	25.665
-0.01129	-0.0141634	0.000309616	25.68
-0.0112945	-0.0141744	0.000309761	25.695
-0.0112991	-0.0141853	0.000309906	25.71
-0.0113036	-0.0141963	0.000310052	25.725
-0.0113081	-0.0142072	0.000310197	25.74
-0.0113125	-0.0142182	0.000310342	25.755
-0.011317	-0.0142291	0.000310488	25.77
-0.0113214	-0.0142401	0.000310633	25.785
-0.0113259	-0.014251	0.000310778	25.8
-0.0113303	-0.0142619	0.000310923	25.815
-0.0113347	-0.0142728	0.000311069	25.83
-0.011339	-0.0142837	0.000311214	25.845
-0.0113434	-0.0142945	0.000311359	25.86
-0.0113478	-0.0143054	0.000311505	25.875
-0.0113521	-0.0143163	0.00031165	25.89
-0.0113565	-0.0143271	0.000311795	25.905
-0.0113608	-0.0143379	0.000311941	25.92
-0.0113651	-0.0143487	0.000312086	25.935
-0.0113694	-0.0143595	0.000312231	25.95
-0.0113737	-0.0143702	0.000312377	25.965
-0.0113781	-0.014381	0.000312522	25.98
-0.0113824	-0.0143917	0.000312667	25.995
-0.0113867	-0.0144024	0.000312813	26.01
-0.011391	-0.0144131	0.000312958	26.025
-0.0113953	-0.0144238	0.000313103	26.04
-0.0113996	-0.0144344	0.000313248	26.055
-0.0114039	-0.0144451	0.000313394	26.07
-0.0114083	-0.0144557	0.000313539	26.085
-0.0114126	-0.0144663	0.000313684	26.1
-0.0114169	-0.0144769	0.00031383	26.115
-0.0114213	-0.0144875	0.000313975	26.13
-0.0114256	-0.0144981	0.00031412	26.145
-0.01143	-0.0145086	0.000314266	26.16
-0.0114344	-0.0145192	0.000314411	26.175
-0.0114388	-0.0145297	0.000314556	26.19
-0.0114432	-0.0145403	0.000314702	26.205
-0.0114476	-0.0145508	0.000314847	26.22
-0.011452	-0.0145613	0.000314992	26.235
-0.0114564	-0.0145718	0.000315137	26.25
-0.0114609	-0.0145823	0.000315283	26.265
-0.0114654	-0.0145928	0.000315428	26.28
-0.0114698	-0.0146032	0.000315573	26.295
-0.0114743	-0.0146137	0.000315719	26.31
-0.0114789	-0.0146242	0.000315864	26.325
-0.0114834	-0.0146347	0.000316009	26.34
-0.0114879	-0.0146451	0.000316154	26.355
-0.0114925	-0.0146556	0.0003163	26.37
-0.0114971	-0.0146661	0.000316445	26.385
-0.0115016	-0.0146766	0.00031659	26.4
-0.0115062	-0.014687	0.000316736	26.415
-0.0115109	-0.0146975	0.000316881	26.43
-0.0115155	-0.014708	0.000317026	26.445
-0.0115201	-0.0147185	0.000317171	26.46
-0.0115248	-0.014729	0.000317317	26.475
-0.0115295	-0.0147395	0.000317462	26.49
-0.0115342	-0.01475	0.000317607	26.505
-0.0115388	-0.0147606	0.000317753	26.52
-0.0115436	-0.0147711	0.000317898	26.535
-0.0115483	-0.0147816	0.000318043	26.55
-0.011553	-0.0147922	0.000318188	26.565
-0.0115577	-0.0148028	0.000318334	26.58
-0.0115625	-0.0148133	0.000318479	26.595
-0.0115672	-0.0148239	0.000318624	26.61
-0.011572	-0.0148345	0.000318769	26.625
-0.0115767	-0.0148451	0.000318915	26.64
-0.0115815	-0.0148558	0.00031906	26.655
-0.0115863	-0.0148664	0.000319205	26.67
-0.011591	-0.0148771	0.000319351	26.685
-0.0115958	-0.0148877	0.000319496	26.7
-0.0116006	-0.0148984	0.000319641	26.715
-0.0116054	-0.0149091	0.000319786	26.73
-0.0116102	-0.0149198	0.000319932	26.745
-0.0116149	-0.0149306	0.000320077	26.76
-0.0116197	-0.0149413	0.000320222	26.775
-0.0116245	-0.0149521	0.000320367	26.79
-0.0116293	-0.0149628	0.000320513	26.805
-0.011634	-0.0149736	0.000320658	26.82
-0.0116388	-0.0149844	0.000320803	26.835
-0.0116435	-0.0149952	0.000320948	26.85
-0.0116483	-0.015006	0.000321094	26.865
-0.011653	-0.0150168	0.000321239	26.88
-0.0116578	-0.0150277	0.000321384	26.895
-0.0116625	-0.0150385	0.00032153	26.91
-0.0116672	-0.0150494	0.000321675	26.925
-0.0116719	-0.0150603	0.00032182	26.94
-0.0116766	-0.0150711	0.000321965	26.955
-0.0116813	-0.015082	0.000322111	26.97
-0.011686	-0.0150929	0.000322256	26.985
-0.0116906	-0.0151038	0.000322401	27
-0.0116953	-0.0151147	0.000322546	27.015
-0.0116999	-0.0151256	0.000322692	27.03
-0.0117045	-0.0151365	0.000322837	27.045
-0.0117092	-0.0151475	0.000322982	27.06
-0.0117138	-0.0151584	0.000323127	27.075
-0.0117183	-0.0151693	0.000323273	27.09
-0.0117229	-0.0151802	0.000323418	27.105
-0.0117275	-0.0151912	0.000323563	27.12
-0.011732	-0.0152021	0.000323708	27.135
-0.0117366	-0.015213	0.000323854	27.15
-0.0117411	-0.015224	0.000323999	27.165
-0.0117456	-0.0152349	0.000324144	27.18
-0.0117501	-0.0152458	0.000324289	27.195
-0.0117546	-0.0152567	0.000324435	27.21
-0.0117591	-0.0152676	0.00032458	27.225
-0.0117635	-0.0152785	0.000324725	27.24
-0.011768	-0.0152894	0.000324871	27.255
-0.0117724	-0.0153003	0.000325016	27.27
-0.0117768	-0.0153112	0.000325161	27.285
-0.0117813	-0.0153221	0.000325306	27.3
-0.0117857	-0.015333	0.000325452	27.315
-0.0117901	-0.0153438	0.000325597	27.33
-0.0117945	-0.0153547	0.000325742	27.345
-0.0117988	-0.0153656	0.000325887	27.36
-0.0118032	-0.0153764	0.000326033	27.375
-0.0118076	-0.0153872	0.000326178	27.39
-0.0118119	-0.015398	0.000326323	27.405
-0.0118163	-0.0154088	0.000326468	27.42
-0.0118206	-0.0154196	0.000326614	27.435
-0.011825	-0.0154304	0.000326759	27.45
-0.0118293	-0.0154412	0.000326904	27.465
-0.0118337	-0.0154519	0.000327049	27.48
-0.011838	-0.0154627	0.000327195	27.495
-0.0118423	-0.0154734	0.00032734	27.51
-0.0118467	-0.0154841	0.000327485	27.525
-0.011851	-0.0154948	0.00032763	27.54
-0.0118553	-0.0155055	0.000327776	27.555
-0.0118597	-0.0155162	0.000327921	27.57
-0.011864	-0.0155269	0.000328066	27.585
-0.0118683	-0.0155375	0.000328211	27.6
-0.0118727	-0.0155482	0.000328357	27.615
-0.011877	-0.0155588	0.000328502	27.63
-0.0118814	-0.0155694	0.000328647	27.645
-0.0118857	-0.01558	0.000328792	27.66
-0.0118901	-0.0155906	0.000328938	27.675
-0.0118944	-0.0156012	0.000329083	27.69
-0.0118988	-0.0156118	0.000329228	27.705
-0.0119032	-0.0156224	0.000329373	27.72
-0.0119076	-0.0156329	0.000329519	27.735
-0.011912	-0.0156435	0.000329664	27.75
-0.0119164	-0.015654	0.000329809	27.765
-0.0119208	-0.0156646	0.000329954	27.78
-0.0119252	-0.0156751	0.0003301	27.795
-0.0119297	-0.0156856	0.000330245	27.81
-0.0119341	-0.0156961	0.00033039	27.825
-0.0119386	-0.0157066	0.000330535	27.84
-0.011943	-0.0157171	0.000330681	27.855
-0.0119475	-0.0157276	0.000330826	27.87
-0.011952	-0.0157381	0.000330971	27.885
-0.0119565	-0.0157486	0.000331116	27.9
-0.011961	-0.0157591	0.000331261	27.915
-0.0119655	-0.0157696	0.000331407	27.93
-0.0119701	-0.0157801	0.000331552	27.945
-0.0119746	-0.0157906	0.000331697	27.96
-0.0119792	-0.015801	0.000331842	27.975
-0.0119838	-0.0158115	0.000331988	27.99
-0.0119884	-0.015822	0.000332133	28.005
-0.011993	-0.0158325	0.000332278	28.02
-0.0119976	-0.015843	0.000332423	28.035
-0.0120022	-0.0158535	0.000332569	28.05
-0.0120069	-0.015864	0.000332714	28.065
-0.0120115	-0.0158745	0.000332859	28.08
-0.0120162	-0.015885	0.000333004	28.095
-0.0120208	-0.0158956	0.000333149	28.11
-0.0120255	-0.0159061	0.000333295	28.125
-0.0120302	-0.0159166	0.00033344	28.14
-0.0120349	-0.0159272	0.000333585	28.155
-0.0120396	-0.0159377	0.00033373	28.17
-0.0120443	-0.0159483	0.000333876	28.185
-0.0120491	-0.0159589	0.000334021	28.2
-0.0120538	-0.0159694	0.000334166	28.215
-0.0120585	-0.01598	0.000334311	28.23
-0.0120633	-0.0159906	0.000334456	28.245
-0.012068	-0.0160013	0.000334602	28.26
-0.0120728	-0.0160119	0.000334747	28.275
-0.0120775	-0.0160225	0.000334892	28.29
-0.0120823	-0.0160332	0.000335037	28.305
-0.0120871	-0.0160438	0.000335182	28.32
-0.0120918	-0.0160545	0.000335328	28.335
-0.0120966	-0.0160652	0.000335473	28.35
-0.0121014	-0.0160759	0.000335618	28.365
-0.0121061	-0.0160866	0.000335763	28.38
-0.0121109	-0.0160973	0.000335908	28.395
-0.0121157	-0.0161081	0.000336054	28.41
-0.0121204	-0.0161188	0.000336199	28.425
-0.0121252	-0.0161296	0.000336344	28.44
-0.01213	-0.0161404	0.000336489	28.455
-0.0121347	-0.0161511	0.000336635	28.47
-0.0121395	-0.0161619	0.00033678	28.485
-0.0121442	-0.0161728	0.000336925	28.5
-0.0121489	-0.0161836	0.00033707	28.515
-0.0121537	-0.0161944	0.000337215	28.53
-0.0121584	-0.0162052	0.000337361	28.545
-0.0121631	-0.0162161	0.000337506	28.56
-0.0121678	-0.016227	0.000337651	28.575
-0.0121725	-0.0162378	0.000337796	28.59
-0.0121772	-0.0162487	0.000337941	28.605
-0.0121819	-0.0162596	0.000338087	28.62
-0.0121865	-0.0162705	0.000338232	28.635
-0.0121912	-0.0162814	0.000338377	28.65
-0.0121958	-0.0162923	0.000338522	28.665
-0.0122005	-0.0163032	0.000338667	28.68
-0.0122051	-0.0163141	0.000338813	28.695
-0.0122097	-0.016325	0.000338958	28.71
-0.0122143	-0.016336	0.000339103	28.725
-0.0122189	-0.0163469	0.000339248	28.74
-0.0122234	-0.0163578	0.000339393	28.755
-0.012228	-0.0163687	0.000339539	28.77
-0.0122325	-0.0163797	0.000339684	28.785
-0.0122371	-0.0163906	0.000339829	28.8
-0.0122416	-0.0164015	0.000339974	28.815
-0.0122461	-0.0164124	0.00034012	28.83
-0.0122506	-0.0164234	0.000340265	28.845
-0.012255	-0.0164343	0.00034041	28.86
-0.0122595	-0.0164452	0.000340555	28.875
-0.012264	-0.0164561	0.0003407	28.89
-0.0122684	-0.016467	0.000340846	28.905
-0.0122728	-0.0164779	0.000340991	28.92
-0.0122772	-0.0164888	0.000341136	28.935
-0.0122817	-0.0164996	0.000341281	28.95
-0.0122861	-0.0165105	0.000341426	28.965
-0.0122904	-0.0165214	0.000341572	28.98
-0.0122948	-0.0165322	0.000341717	28.995
-0.0122992	-0.0165431	0.000341862	29.01
-0.0123035	-0.0165539	0.000342007	29.025
-0.0123079	-0.0165647	0.000342152	29.04
-0.0123122	-0.0165755	0.000342298	29.055
-0.0123166	-0.0165863	0.000342443	29.07
-0.0123209	-0.0165971	0.000342588	29.085
-0.0123253	-0.0166079	0.000342733	29.1
-0.0123296	-0.0166186	0.000342878	29.115
-0.0123339	-0.0166294	0.000343024	29.13
-0.0123382	-0.0166401	0.000343169	29.145
-0.0123425	-0.0166508	0.000343314	29.16
-0.0123469	-0.0166615	0.000343459	29.175
-0.0123512	-0.0166722	0.000343604	29.19
-0.0123555	-0.0166828	0.00034375	29.205
-0.0123598	-0.0166935	0.000343895	29.22
-0.0123642	-0.0167041	0.00034404	29.235
-0.0123685	-0.0167148	0.000344185	29.25
-0.0123728	-0.0167254	0.00034433	29.265
-0.0123772	-0.016736	0.000344476	29.28
-0.0123815	-0.0167466	0.000344621	29.295
-0.0123859	-0.0167572	0.000344766	29.31
-0.0123902	-0.0167677	0.000344911	29.325
-0.0123946	-0.0167783	0.000345056	29.34
-0.012399	-0.0167888	0.000345202	29.355
-0.0124034	-0.0167993	0.000345347	29.37
-0.0124078	-0.0168099	0.000345492	29.385
-0.0124122	-0.0168204	0.000345637	29.4
-0.0124166	-0.0168309	0.000345782	29.415
-0.0124211	-0.0168414	0.000345928	29.43
-0.0124255	-0.0168519	0.000346073	29.445
-0.01243	-0.0168624	0.000346218	29.46
-0.0124345	-0.0168728	0.000346363	29.475
-0.012439	-0.0168833	0.000346508	29.49
-0.0124435	-0.0168938	0.000346653	29.505
-0.012448	-0.0169043	0.000346799	29.52
-0.0124526	-0.0169147	0.000346944	29.535
-0.0124571	-0.0169252	0.000347089	29.55
-0.0124617	-0.0169357	0.000347234	29.565
-0.0124663	-0.0169461	0.000347379	29.58
-0.0124709	-0.0169566	0.000347525	29.595
-0.0124755	-0.0169671	0.00034767	29.61
-0.0124801	-0.0169776	0.000347815	29.625
-0.0124848	-0.0169881	0.00034796	29.64
-0.0124895	-0.0169985	0.000348105	29.655
-0.0124941	-0.0170091	0.00034825	29.67
-0.0124988	-0.0170196	0.000348396	29.685
-0.0125035	-0.0170301	0.000348541	29.7
-0.0125082	-0.0170406	0.000348686	29.715
-0.012513	-0.0170512	0.000348831	29.73
-0.0125177	-0.0170617	0.000348976	29.745
-0.0125224	-0.0170723	0.000349121	29.76
-0.0125272	-0.0170829	0.000349267	29.775
-0.012532	-0.0170935	0.000349412	29.79
-0.0125367	-0.0171041	0.000349557	29.805
-0.0125415	-0.0171147	0.000349702	29.82
-0.0125463	-0.0171253	0.000349847	29.835
-0.0125511	-0.017136	0.000349992	29.85
-0.0125559	-0.0171467	0.000350138	29.865
-0.0125607	-0.0171574	0.000350283	29.88
-0.0125655	-0.0171681	0.000350428	29.895
-0.0125703	-0.0171788	0.000350573	29.91
-0.012575	-0.0171896	0.000350718	29.925
-0.0125798	-0.0172003	0.000350863	29.94
-0.0125846	-0.0172111	0.000351009	29.955
-0.0125894	-0.0172219	0.000351154	29.97
-0.0125942	-0.0172327	0.000351299	29.985
