x	y	z	t
1	0.0314159	0	0
0.999013	0.0628319	0	0.005
0.997041	0.0942168	0	0.01
0.994085	0.12554	0	0.015
0.99015	0.156771	0	0.02
0.985239	0.187878	0	0.025
0.979359	0.218832	0	0.03
0.972515	0.249602	0	0.035
0.964714	0.280158	0	0.04
0.955965	0.310471	0	0.045
0.946277	0.340511	0	0.05
0.935659	0.37025	0	0.055
0.924124	0.399658	0	0.06
0.911682	0.428707	0	0.065
0.898346	0.45737	0	0.07
0.884131	0.485619	0	0.075
0.86905	0.513427	0	0.08
0.853118	0.540769	0	0.085
0.836353	0.567618	0	0.09
0.818771	0.593948	0	0.095
0.800389	0.619737	0	0.1
0.781227	0.644959	0	0.105
0.761303	0.669591	0	0.11
0.740637	0.693611	0	0.115
0.719251	0.716997	0	0.12
0.697165	0.739728	0	0.125
0.674401	0.761783	0	0.13
0.650982	0.783143	0	0.135
0.626931	0.803789	0	0.14
0.602271	0.823703	0	0.145
0.577028	0.842868	0	0.15
0.551225	0.861268	0	0.155
0.524887	0.878888	0	0.16
0.498041	0.895713	0	0.165
0.470712	0.911729	0	0.17
0.442926	0.926923	0	0.175
0.414711	0.941285	0	0.18
0.386092	0.954803	0	0.185
0.357097	0.967467	0	0.19
0.327753	0.979269	0	0.195
0.298087	0.9902	0	0.2
0.268129	1.00025	0	0.205
0.237904	1.00942	0	0.21
0.20744	1.0177	0	0.215
0.176766	1.02509	0	0.22
0.14591	1.03158	0	0.225
0.114898	1.03717	0	0.23
0.0837594	1.04187	0	0.235
0.0525207	1.04566	0	0.24
0.0212097	1.04855	0	0.245
-0.0101466	1.05054	0	0.25
-0.041521	1.05163	0	0.255
-0.0728867	1.05183	0	0.26
-0.104217	1.05114	0	0.265
-0.135487	1.04957	0	0.27
-0.166668	1.04711	0	0.275
-0.197738	1.04378	0	0.28
-0.228669	1.03958	0	0.285
-0.259437	1.03453	0	0.29
-0.290018	1.02862	0	0.295
-0.320388	1.02187	0	0.3
-0.350524	1.01429	0	0.305
-0.380402	1.00589	0	0.31
-0.410001	0.996678	0	0.315
-0.439297	0.986668	0	0.32
-0.46827	0.975873	0	0.325
-0.496899	0.964304	0	0.33
-0.525164	0.951976	0	0.335
-0.553044	0.938902	0	0.34
-0.580521	0.925098	0	0.345
-0.607577	0.910577	0	0.35
-0.634192	0.895355	0	0.355
-0.66035	0.879448	0	0.36
-0.686035	0.862872	0	0.365
-0.711229	0.845644	0	0.37
-0.735918	0.82778	0	0.375
-0.760087	0.809297	0	0.38
-0.783721	0.790213	0	0.385
-0.806807	0.770545	0	0.39
-0.829332	0.750312	0	0.395
-0.851284	0.729531	0	0.4
-0.87265	0.70822	0	0.405
-0.89342	0.686399	0	0.41
-0.913584	0.664085	0	0.415
-0.933131	0.641298	0	0.42
-0.952052	0.618055	0	0.425
-0.970338	0.594377	0	0.43
-0.987982	0.570281	0	0.435
-1.00498	0.545787	0	0.44
-1.02131	0.520914	0	0.445
-1.03699	0.495681	0	0.45
-1.05199	0.470107	0	0.455
-1.06632	0.444211	0	0.46
-1.07998	0.418011	0	0.465
-1.09295	0.391527	0	0.47
-1.10523	0.364777	0	0.475
-1.11682	0.337781	0	0.48
-1.12773	0.310556	0	0.485
-1.13793	0.283121	0	0.49
-1.14745	0.255494	0	0.495
-1.15626	0.227694	0	0.5
-1.16438	0.199739	0	0.505
-1.1718	0.171647	0	0.51
-1.17853	0.143435	0	0.515
-1.18456	0.115121	0	0.52
-1.18989	0.086723	0	0.525
-1.19453	0.0582572	0	0.53
-1.19848	0.029741	0	0.535
-1.20174	0.00119112	0	0.54
-1.20431	-0.0273758	0	0.545
-1.2062	-0.0559433	0	0.55
-1.20741	-0.0844954	0	0.555
-1.20794	-0.113016	0	0.56
-1.2078	-0.14149	0	0.565
-1.207	-0.169901	0	0.57
-1.20553	-0.198235	0	0.575
-1.2034	-0.226476	0	0.58
-1.20062	-0.254609	0	0.585
-1.19719	-0.282621	0	0.59
-1.19312	-0.310497	0	0.595
-1.18842	-0.338224	0	0.6
-1.18309	-0.365786	0	0.605
-1.17714	-0.393172	0	0.61
-1.17057	-0.420368	0	0.615
-1.1634	-0.44736	0	0.62
-1.15562	-0.474137	0	0.625
-1.14725	-0.500686	0	0.63
-1.1383	-0.526995	0	0.635
-1.12877	-0.553052	0	0.64
-1.11867	-0.578845	0	0.645
-1.10801	-0.604364	0	0.65
-1.09679	-0.629596	0	0.655
-1.08503	-0.654532	0	0.66
-1.07274	-0.679161	0	0.665
-1.05992	-0.703472	0	0.67
-1.04658	-0.727456	0	0.675
-1.03274	-0.751102	0	0.68
-1.0184	-0.774402	0	0.685
-1.00356	-0.797346	0	0.69
-0.98825	-0.819925	0	0.695
-0.972467	-0.84213	0	0.7
-0.956223	-0.863952	0	0.705
-0.939528	-0.885385	0	0.71
-0.922392	-0.906419	0	0.715
-0.904825	-0.927047	0	0.72
-0.886838	-0.947261	0	0.725
-0.868439	-0.967055	0	0.73
-0.84964	-0.98642	0	0.735
-0.83045	-1.00535	0	0.74
-0.810881	-1.02384	0	0.745
-0.790942	-1.04188	0	0.75
-0.770643	-1.05947	0	0.755
-0.749996	-1.0766	0	0.76
-0.729011	-1.09326	0	0.765
-0.707698	-1.10946	0	0.77
-0.686068	-1.12518	0	0.775
-0.664131	-1.14041	0	0.78
-0.641898	-1.15517	0	0.785
-0.619381	-1.16943	0	0.79
-0.596588	-1.1832	0	0.795
-0.573532	-1.19647	0	0.8
-0.550223	-1.20924	0	0.805
-0.526672	-1.2215	0	0.81
-0.502889	-1.23325	0	0.815
-0.478885	-1.2445	0	0.82
-0.454671	-1.25522	0	0.825
-0.430258	-1.26543	0	0.83
-0.405656	-1.27512	0	0.835
-0.380876	-1.28429	0	0.84
-0.355929	-1.29293	0	0.845
-0.330826	-1.30104	0	0.85
-0.305577	-1.30862	0	0.855
-0.280193	-1.31567	0	0.86
-0.254685	-1.32219	0	0.865
-0.229064	-1.32818	0	0.87
-0.203339	-1.33363	0	0.875
-0.177522	-1.33855	0	0.88
-0.151623	-1.34293	0	0.885
-0.125653	-1.34678	0	0.89
-0.0996225	-1.35008	0	0.895
-0.0735418	-1.35285	0	0.9
-0.0474215	-1.35509	0	0.905
-0.021272	-1.35678	0	0.91
0.00489624	-1.35794	0	0.915
0.0310729	-1.35857	0	0.92
0.0572477	-1.35865	0	0.925
0.0834102	-1.35821	0	0.93
0.10955	-1.35723	0	0.935
0.135658	-1.35572	0	0.94
0.161722	-1.35368	0	0.945
0.187734	-1.35111	0	0.95
0.213682	-1.34801	0	0.955
0.239558	-1.34439	0	0.96
0.265351	-1.34024	0	0.965
0.291051	-1.33557	0	0.97
0.316648	-1.33039	0	0.975
0.342132	-1.32468	0	0.98
0.367495	-1.31847	0	0.985
0.392725	-1.31174	0	0.99
0.417815	-1.30451	0	0.995
0.442753	-1.29677	0	1
0.467531	-1.28853	0	1.005
0.492139	-1.27979	0	1.01
0.516567	-1.27056	0	1.015
0.540808	-1.26084	0	1.02
0.56485	-1.25064	0	1.025
0.588686	-1.23995	0	1.03
0.612307	-1.22878	0	1.035
0.635702	-1.21714	0	1.04
0.658864	-1.20504	0	1.045
0.681784	-1.19246	0	1.05
0.704453	-1.17943	0	1.055
0.726862	-1.16595	0	1.06
0.749003	-1.15202	0	1.065
0.770867	-1.13764	0	1.07
0.792447	-1.12282	0	1.075
0.813733	-1.10757	0	1.08
0.834718	-1.0919	0	1.085
0.855393	-1.0758	0	1.09
0.875752	-1.05929	0	1.095
0.895785	-1.04237	0	1.1
0.915485	-1.02505	0	1.105
0.934845	-1.00733	0	1.11
0.953856	-0.989219	0	1.115
0.972512	-0.970727	0	1.12
0.990806	-0.951858	0	1.125
1.00873	-0.932621	0	1.13
1.02628	-0.913021	0	1.135
1.04344	-0.893066	0	1.14
1.06021	-0.872763	0	1.145
1.07658	-0.852121	0	1.15
1.09255	-0.831145	0	1.155
1.10811	-0.809845	0	1.16
1.12326	-0.788227	0	1.165
1.13798	-0.766301	0	1.17
1.15227	-0.744073	0	1.175
1.16612	-0.721553	0	1.18
1.17954	-0.698748	0	1.185
1.1925	-0.675666	0	1.19
1.20502	-0.652318	0	1.195
1.21708	-0.62871	0	1.2
1.22868	-0.604852	0	1.205
1.23981	-0.580752	0	1.21
1.25047	-0.55642	0	1.215
1.26065	-0.531865	0	1.22
1.27035	-0.507095	0	1.225
1.27956	-0.482121	0	1.23
1.28829	-0.456951	0	1.235
1.29652	-0.431595	0	1.24
1.30425	-0.406062	0	1.245
1.31148	-0.380363	0	1.25
1.31821	-0.354506	0	1.255
1.32442	-0.328502	0	1.26
1.33013	-0.30236	0	1.265
1.33532	-0.27609	0	1.27
1.34	-0.249703	0	1.275
1.34415	-0.223209	0	1.28
1.34778	-0.196617	0	1.285
1.35089	-0.169938	0	1.29
1.35347	-0.143182	0	1.295
1.35553	-0.11636	0	1.3
1.35705	-0.089482	0	1.305
1.35804	-0.0625582	0	1.31
1.3585	-0.0355993	0	1.315
1.35843	-0.00861582	0	1.32
1.35782	0.0183817	0	1.325
1.35668	0.0453825	0	1.33
1.355	0.0723762	0	1.335
1.35278	0.0993519	0	1.34
1.35004	0.126299	0	1.345
1.34675	0.153207	0	1.35
1.34293	0.180065	0	1.355
1.33858	0.206862	0	1.36
1.3337	0.233587	0	1.365
1.32828	0.260231	0	1.37
1.32233	0.286782	0	1.375
1.31586	0.313229	0	1.38
1.30886	0.339561	0	1.385
1.30133	0.365769	0	1.39
1.29328	0.391842	0	1.395
1.28471	0.417768	0	1.4
1.27562	0.443537	0	1.405
1.26602	0.46914	0	1.41
1.25591	0.494564	0	1.415
1.24529	0.5198	0	1.42
1.23417	0.544838	0	1.425
1.22254	0.569667	0	1.43
1.21042	0.594278	0	1.435
1.19781	0.618659	0	1.44
1.18471	0.6428	0	1.445
1.17113	0.666693	0	1.45
1.15707	0.690326	0	1.455
1.14254	0.713691	0	1.46
1.12754	0.736777	0	1.465
1.11208	0.759575	0	1.47
1.09617	0.782075	0	1.475
1.07981	0.804269	0	1.48
1.063	0.826146	0	1.485
1.04575	0.847698	0	1.49
1.02808	0.868916	0	1.495
1.00998	0.889791	0	1.5
0.99147	0.910314	0	1.505
0.972548	0.930477	0	1.51
0.953225	0.950272	0	1.515
0.933509	0.96969	0	1.52
0.913406	0.988724	0	1.525
0.892926	1.00737	0	1.53
0.872076	1.02561	0	1.535
0.850865	1.04344	0	1.54
0.829301	1.06086	0	1.545
0.807393	1.07785	0	1.55
0.78515	1.09442	0	1.555
0.76258	1.11055	0	1.56
0.739693	1.12624	0	1.565
0.716499	1.14149	0	1.57
0.693006	1.15627	0	1.575
0.669224	1.1706	0	1.58
0.645163	1.18446	0	1.585
0.620833	1.19785	0	1.59
0.596243	1.21077	0	1.595
0.571403	1.2232	0	1.6
0.546325	1.23515	0	1.605
0.521017	1.2466	0	1.61
0.49549	1.25756	0	1.615
0.469755	1.26802	0	1.62
0.443821	1.27798	0	1.625
0.4177	1.28744	0	1.63
0.391403	1.29638	0	1.635
0.364939	1.30481	0	1.64
0.338319	1.31273	0	1.645
0.311555	1.32013	0	1.65
0.284656	1.327	0	1.655
0.257634	1.33336	0	1.66
0.2305	1.33919	0	1.665
0.203265	1.3445	0	1.67
0.175939	1.34928	0	1.675
0.148533	1.35353	0	1.68
0.121058	1.35726	0	1.685
0.0935246	1.36045	0	1.69
0.0659444	1.36312	0	1.695
0.0383278	1.36525	0	1.7
0.0106855	1.36686	0	1.705
-0.0169715	1.36794	0	1.71
-0.0446328	1.36849	0	1.715
-0.0722874	1.36851	0	1.72
-0.0999249	1.368	0	1.725
-0.127535	1.36697	0	1.73
-0.155106	1.36542	0	1.735
-0.182629	1.36335	0	1.74
-0.210093	1.36076	0	1.745
-0.237488	1.35765	0	1.75
-0.264803	1.35402	0	1.755
-0.292029	1.34989	0	1.76
-0.319155	1.34524	0	1.765
-0.346172	1.34009	0	1.77
-0.373069	1.33444	0	1.775
-0.399838	1.32828	0	1.78
-0.426469	1.32164	0	1.785
-0.452951	1.3145	0	1.79
-0.479276	1.30687	0	1.795
-0.505435	1.29877	0	1.8
-0.531419	1.29018	0	1.805
-0.557218	1.28112	0	1.81
-0.582825	1.27159	0	1.815
-0.608229	1.2616	0	1.82
-0.633424	1.25115	0	1.825
-0.6584	1.24025	0	1.83
-0.683149	1.22889	0	1.835
-0.707663	1.2171	0	1.84
-0.731935	1.20487	0	1.845
-0.755957	1.19221	0	1.85
-0.779721	1.17912	0	1.855
-0.803219	1.16562	0	1.86
-0.826446	1.15171	0	1.865
-0.849392	1.13739	0	1.87
-0.872053	1.12267	0	1.875
-0.89442	1.10755	0	1.88
-0.916488	1.09206	0	1.885
-0.93825	1.07618	0	1.89
-0.959699	1.05993	0	1.895
-0.980831	1.04332	0	1.9
-1.00164	1.02634	0	1.905
-1.02212	1.00902	0	1.91
-1.04226	0.991356	0	1.915
-1.06206	0.973355	0	1.92
-1.08152	0.955024	0	1.925
-1.10062	0.936372	0	1.93
-1.11937	0.917406	0	1.935
-1.13776	0.898135	0	1.94
-1.15579	0.878564	0	1.945
-1.17345	0.858702	0	1.95
-1.19073	0.838557	0	1.955
-1.20764	0.818136	0	1.96
-1.22417	0.797448	0	1.965
-1.24031	0.776499	0	1.97
-1.25607	0.755298	0	1.975
-1.27143	0.733852	0	1.98
-1.2864	0.71217	0	1.985
-1.30098	0.690258	0	1.99
-1.31515	0.668126	0	1.995
-1.32893	0.64578	0	2
-1.3423	0.623229	0	2.005
-1.35526	0.60048	0	2.01
-1.36781	0.577541	0	2.015
-1.37996	0.55442	0	2.02
-1.39169	0.531126	0	2.025
-1.403	0.507665	0	2.03
-1.4139	0.484045	0	2.035
-1.42439	0.460274	0	2.04
-1.43446	0.436361	0	2.045
-1.4441	0.412312	0	2.05
-1.45333	0.388135	0	2.055
-1.46214	0.363838	0	2.06
-1.47052	0.339428	0	2.065
-1.47848	0.314914	0	2.07
-1.48602	0.290302	0	2.075
-1.49314	0.2656	0	2.08
-1.49984	0.240815	0	2.085
-1.50611	0.215956	0	2.09
-1.51196	0.191028	0	2.095
-1.51739	0.16604	0	2.1
-1.5224	0.140999	0	2.105
-1.52698	0.115912	0	2.11
-1.53115	0.0907853	0	2.115
-1.5349	0.0656272	0	2.12
-1.53822	0.0404442	0	2.125
-1.54113	0.0152434	0	2.13
-1.54363	-0.00996835	0	2.135
-1.5457	-0.0351842	0	2.14
-1.54737	-0.0603974	0	2.145
-1.54862	-0.0856012	0	2.15
-1.54946	-0.110789	0	2.155
-1.54989	-0.135954	0	2.16
-1.54991	-0.16109	0	2.165
-1.54952	-0.18619	0	2.17
-1.54874	-0.211249	0	2.175
-1.54754	-0.236259	0	2.18
-1.54595	-0.261214	0	2.185
-1.54396	-0.286108	0	2.19
-1.54158	-0.310936	0	2.195
-1.5388	-0.335691	0	2.2
-1.53563	-0.360367	0	2.205
-1.53207	-0.384958	0	2.21
-1.52812	-0.409458	0	2.215
-1.5238	-0.433862	0	2.22
-1.51909	-0.458164	0	2.225
-1.514	-0.482358	0	2.23
-1.50854	-0.50644	0	2.235
-1.5027	-0.530402	0	2.24
-1.4965	-0.55424	0	2.245
-1.48992	-0.577949	0	2.25
-1.48299	-0.601524	0	2.255
-1.47569	-0.624959	0	2.26
-1.46804	-0.648248	0	2.265
-1.46004	-0.671388	0	2.27
-1.45168	-0.694373	0	2.275
-1.44297	-0.717199	0	2.28
-1.43393	-0.73986	0	2.285
-1.42454	-0.762352	0	2.29
-1.41481	-0.78467	0	2.295
-1.40475	-0.806809	0	2.3
-1.39437	-0.828766	0	2.305
-1.38365	-0.850536	0	2.31
-1.37262	-0.872113	0	2.315
-1.36126	-0.893495	0	2.32
-1.34959	-0.914677	0	2.325
-1.33761	-0.935654	0	2.33
-1.32532	-0.956424	0	2.335
-1.31273	-0.97698	0	2.34
-1.29983	-0.997321	0	2.345
-1.28665	-1.01744	0	2.35
-1.27317	-1.03734	0	2.355
-1.2594	-1.05701	0	2.36
-1.24535	-1.07645	0	2.365
-1.23102	-1.09565	0	2.37
-1.21641	-1.11461	0	2.375
-1.20153	-1.13334	0	2.38
-1.18639	-1.15182	0	2.385
-1.17098	-1.17005	0	2.39
-1.15531	-1.18803	0	2.395
-1.13939	-1.20575	0	2.4
-1.12322	-1.22322	0	2.405
-1.1068	-1.24042	0	2.41
-1.09014	-1.25737	0	2.415
-1.07324	-1.27404	0	2.42
-1.05611	-1.29045	0	2.425
-1.03875	-1.30658	0	2.43
-1.02116	-1.32244	0	2.435
-1.00336	-1.33803	0	2.44
-0.985333	-1.35333	0	2.445
-0.967098	-1.36835	0	2.45
-0.948657	-1.38308	0	2.455
-0.930012	-1.39753	0	2.46
-0.911169	-1.41169	0	2.465
-0.892133	-1.42556	0	2.47
-0.872906	-1.43913	0	2.475
-0.853494	-1.45241	0	2.48
-0.833902	-1.46539	0	2.485
-0.814134	-1.47807	0	2.49
-0.794193	-1.49045	0	2.495
-0.774086	-1.50253	0	2.5
-0.753816	-1.5143	0	2.505
-0.733387	-1.52576	0	2.51
-0.712805	-1.53692	0	2.515
-0.692074	-1.54776	0	2.52
-0.671198	-1.55829	0	2.525
-0.650182	-1.56851	0	2.53
-0.62903	-1.57841	0	2.535
-0.607747	-1.588	0	2.54
-0.586338	-1.59727	0	2.545
-0.564807	-1.60622	0	2.55
-0.543158	-1.61485	0	2.555
-0.521396	-1.62316	0	2.56
-0.499526	-1.63115	0	2.565
-0.477552	-1.63881	0	2.57
-0.455478	-1.64615	0	2.575
-0.43331	-1.65316	0	2.58
-0.411052	-1.65985	0	2.585
-0.388708	-1.66621	0	2.59
-0.366282	-1.67225	0	2.595
-0.343781	-1.67795	0	2.6
-0.321207	-1.68333	0	2.605
-0.298565	-1.68838	0	2.61
-0.275861	-1.69309	0	2.615
-0.253098	-1.69748	0	2.62
-0.230282	-1.70154	0	2.625
-0.207415	-1.70526	0	2.63
-0.184504	-1.70865	0	2.635
-0.161553	-1.71171	0	2.64
-0.138566	-1.71444	0	2.645
-0.115547	-1.71684	0	2.65
-0.0925013	-1.7189	0	2.655
-0.0694334	-1.72063	0	2.66
-0.0463475	-1.72203	0	2.665
-0.0232482	-1.72309	0	2.67
-0.000140021	-1.72382	0	2.675
0.0229727	-1.72422	0	2.68
0.0460854	-1.72429	0	2.685
0.0691937	-1.72403	0	2.69
0.0922932	-1.72343	0	2.695
0.115379	-1.72251	0	2.7
0.138448	-1.72125	0	2.705
0.161494	-1.71966	0	2.71
0.184514	-1.71774	0	2.715
0.207503	-1.7155	0	2.72
0.230456	-1.71292	0	2.725
0.25337	-1.71002	0	2.73
0.27624	-1.70679	0	2.735
0.299061	-1.70323	0	2.74
0.32183	-1.69934	0	2.745
0.344541	-1.69514	0	2.75
0.367191	-1.6906	0	2.755
0.389776	-1.68575	0	2.76
0.41229	-1.68057	0	2.765
0.43473	-1.67507	0	2.77
0.457092	-1.66925	0	2.775
0.479371	-1.66311	0	2.78
0.501563	-1.65665	0	2.785
0.523663	-1.64988	0	2.79
0.545668	-1.64279	0	2.795
0.567574	-1.63539	0	2.8
0.589376	-1.62767	0	2.805
0.611069	-1.61964	0	2.81
0.632651	-1.61131	0	2.815
0.654116	-1.60266	0	2.82
0.675461	-1.59371	0	2.825
0.696681	-1.58446	0	2.83
0.717773	-1.5749	0	2.835
0.738733	-1.56504	0	2.84
0.759555	-1.55488	0	2.845
0.780237	-1.54442	0	2.85
0.800775	-1.53366	0	2.855
0.821163	-1.52262	0	2.86
0.841399	-1.51127	0	2.865
0.861479	-1.49964	0	2.87
0.881398	-1.48772	0	2.875
0.901153	-1.47552	0	2.88
0.920739	-1.46303	0	2.885
0.940154	-1.45026	0	2.89
0.959392	-1.43721	0	2.895
0.978451	-1.42388	0	2.9
0.997326	-1.41027	0	2.905
1.01601	-1.3964	0	2.91
1.03451	-1.38225	0	2.915
1.05281	-1.36784	0	2.92
1.07092	-1.35316	0	2.925
1.08882	-1.33822	0	2.93
1.10651	-1.32302	0	2.935
1.124	-1.30756	0	2.94
1.14128	-1.29185	0	2.945
1.15833	-1.27588	0	2.95
1.17517	-1.25967	0	2.955
1.19179	-1.24321	0	2.96
1.20817	-1.22651	0	2.965
1.22433	-1.20957	0	2.97
1.24025	-1.19239	0	2.975
1.25594	-1.17497	0	2.98
1.27139	-1.15733	0	2.985
1.28659	-1.13945	0	2.99
1.30154	-1.12136	0	2.995
1.31625	-1.10304	0	3
1.3307	-1.0845	0	3.005
1.3449	-1.06575	0	3.01
1.35883	-1.04678	0	3.015
1.37251	-1.02761	0	3.02
1.38591	-1.00823	0	3.025
1.39905	-0.988655	0	3.03
1.41192	-0.968879	0	3.035
1.42451	-0.948909	0	3.04
1.43683	-0.928749	0	3.045
1.44886	-0.908401	0	3.05
1.46061	-0.887871	0	3.055
1.47208	-0.867162	0	3.06
1.48325	-0.846276	0	3.065
1.49414	-0.82522	0	3.07
1.50473	-0.803995	0	3.075
1.51502	-0.782607	0	3.08
1.52502	-0.761059	0	3.085
1.53471	-0.739355	0	3.09
1.5441	-0.7175	0	3.095
1.55319	-0.695497	0	3.1
1.56196	-0.67335	0	3.105
1.57043	-0.651065	0	3.11
1.57858	-0.628644	0	3.115
1.58641	-0.606092	0	3.12
1.59393	-0.583414	0	3.125
1.60113	-0.560614	0	3.13
1.60801	-0.537696	0	3.135
1.61456	-0.514664	0	3.14
1.62079	-0.491524	0	3.145
1.62668	-0.46828	0	3.15
1.63226	-0.444935	0	3.155
1.63749	-0.421495	0	3.16
1.6424	-0.397965	0	3.165
1.64697	-0.374349	0	3.17
1.65121	-0.350651	0	3.175
1.65511	-0.326876	0	3.18
1.65867	-0.30303	0	3.185
1.66189	-0.279116	0	3.19
1.66477	-0.25514	0	3.195
1.6673	-0.231106	0	3.2
1.6695	-0.20702	0	3.205
1.67134	-0.182886	0	3.21
1.67284	-0.158709	0	3.215
1.674	-0.134494	0	3.22
1.6748	-0.110246	0	3.225
1.67526	-0.0859696	0	3.23
1.67537	-0.0616705	0	3.235
1.67512	-0.0373535	0	3.24
1.67453	-0.0130235	0	3.245
1.67358	0.0113144	0	3.25
1.67229	0.0356549	0	3.255
1.67064	0.0599931	0	3.26
1.66864	0.0843238	0	3.265
1.66628	0.108642	0	3.27
1.66357	0.132942	0	3.275
1.66051	0.157219	0	3.28
1.6571	0.181468	0	3.285
1.65333	0.205683	0	3.29
1.64921	0.22986	0	3.295
1.64473	0.253993	0	3.3
1.63991	0.278077	0	3.305
1.63473	0.302106	0	3.31
1.6292	0.326076	0	3.315
1.62332	0.349981	0	3.32
1.61708	0.373815	0	3.325
1.6105	0.397575	0	3.33
1.60357	0.421253	0	3.335
1.59629	0.444846	0	3.34
1.58867	0.468347	0	3.345
1.58069	0.491752	0	3.35
1.57237	0.515055	0	3.355
1.56371	0.538251	0	3.36
1.55471	0.561335	0	3.365
1.54536	0.584302	0	3.37
1.53568	0.607146	0	3.375
1.52565	0.629861	0	3.38
1.51529	0.652444	0	3.385
1.5046	0.674889	0	3.39
1.49357	0.69719	0	3.395
1.48221	0.719343	0	3.4
1.47052	0.741342	0	3.405
1.45851	0.763182	0	3.41
1.44617	0.784858	0	3.415
1.4335	0.806366	0	3.42
1.42052	0.8277	0	3.425
1.40722	0.848854	0	3.43
1.3936	0.869825	0	3.435
1.37967	0.890608	0	3.44
1.36543	0.911196	0	3.445
1.35089	0.931586	0	3.45
1.33603	0.951773	0	3.455
1.32088	0.971752	0	3.46
1.30543	0.991518	0	3.465
1.28968	1.01107	0	3.47
1.27364	1.03039	0	3.475
1.25731	1.04949	0	3.48
1.24069	1.06836	0	3.485
1.22379	1.08699	0	3.49
1.20661	1.10538	0	3.495
1.18916	1.12353	0	3.5
1.17144	1.14143	0	3.505
1.15344	1.15908	0	3.51
1.13519	1.17646	0	3.515
1.11667	1.19359	0	3.52
1.0979	1.21045	0	3.525
1.07887	1.22704	0	3.53
1.0596	1.24336	0	3.535
1.04008	1.2594	0	3.54
1.02032	1.27516	0	3.545
1.00032	1.29063	0	3.55
0.9801	1.30581	0	3.555
0.959648	1.3207	0	3.56
0.938974	1.3353	0	3.565
0.918082	1.34959	0	3.57
0.896977	1.36359	0	3.575
0.875664	1.37727	0	3.58
0.854147	1.39065	0	3.585
0.832431	1.40371	0	3.59
0.810521	1.41646	0	3.595
0.788423	1.42889	0	3.6
0.76614	1.441	0	3.605
0.743678	1.45278	0	3.61
0.721043	1.46424	0	3.615
0.698238	1.47536	0	3.62
0.67527	1.48616	0	3.625
0.652143	1.49662	0	3.63
0.628863	1.50674	0	3.635
0.605436	1.51652	0	3.64
0.581865	1.52596	0	3.645
0.558158	1.53506	0	3.65
0.534318	1.54381	0	3.655
0.510352	1.55221	0	3.66
0.486265	1.56027	0	3.665
0.462063	1.56797	0	3.67
0.437751	1.57532	0	3.675
0.413334	1.58232	0	3.68
0.388818	1.58896	0	3.685
0.36421	1.59524	0	3.69
0.339513	1.60116	0	3.695
0.314735	1.60673	0	3.7
0.28988	1.61193	0	3.705
0.264954	1.61678	0	3.71
0.239963	1.62126	0	3.715
0.214913	1.62538	0	3.72
0.189809	1.62913	0	3.725
0.164657	1.63252	0	3.73
0.139462	1.63555	0	3.735
0.11423	1.63821	0	3.74
0.0889679	1.64051	0	3.745
0.0636798	1.64244	0	3.75
0.038372	1.64401	0	3.755
0.01305	1.64521	0	3.76
-0.0122805	1.64605	0	3.765
-0.0376139	1.64652	0	3.77
-0.0629446	1.64663	0	3.775
-0.088267	1.64637	0	3.78
-0.113575	1.64575	0	3.785
-0.138865	1.64477	0	3.79
-0.164129	1.64343	0	3.795
-0.189362	1.64173	0	3.8
-0.21456	1.63966	0	3.805
-0.239716	1.63724	0	3.81
-0.264826	1.63446	0	3.815
-0.289883	1.63132	0	3.82
-0.314882	1.62783	0	3.825
-0.339819	1.62398	0	3.83
-0.364688	1.61978	0	3.835
-0.389483	1.61523	0	3.84
-0.414199	1.61033	0	3.845
-0.438832	1.60508	0	3.85
-0.463376	1.59949	0	3.855
-0.487825	1.59355	0	3.86
-0.512176	1.58727	0	3.865
-0.536423	1.58065	0	3.87
-0.56056	1.5737	0	3.875
-0.584584	1.56641	0	3.88
-0.60849	1.55878	0	3.885
-0.632271	1.55083	0	3.89
-0.655925	1.54254	0	3.895
-0.679446	1.53393	0	3.9
-0.702829	1.525	0	3.905
-0.72607	1.51575	0	3.91
-0.749165	1.50617	0	3.915
-0.772109	1.49629	0	3.92
-0.794897	1.48609	0	3.925
-0.817526	1.47558	0	3.93
-0.839991	1.46477	0	3.935
-0.862288	1.45365	0	3.94
-0.884413	1.44223	0	3.945
-0.906361	1.43051	0	3.95
-0.928129	1.41851	0	3.955
-0.949713	1.40621	0	3.96
-0.971109	1.39362	0	3.965
-0.992313	1.38075	0	3.97
-1.01332	1.36759	0	3.975
-1.03413	1.35416	0	3.98
-1.05474	1.34046	0	3.985
-1.07514	1.32649	0	3.99
-1.09533	1.31225	0	3.995
-1.1153	1.29774	0	4
-1.13507	1.28298	0	4.005
-1.15461	1.26796	0	4.01
-1.17392	1.25269	0	4.015
-1.19302	1.23718	0	4.02
-1.21188	1.22141	0	4.025
-1.23051	1.20541	0	4.03
-1.24891	1.18917	0	4.035
-1.26707	1.1727	0	4.04
-1.28499	1.156	0	4.045
-1.30266	1.13907	0	4.05
-1.32009	1.12193	0	4.055
-1.33727	1.10456	0	4.06
-1.3542	1.08698	0	4.065
-1.37088	1.0692	0	4.07
-1.38731	1.05121	0	4.075
-1.40347	1.03302	0	4.08
-1.41938	1.01463	0	4.085
-1.43502	0.996047	0	4.09
-1.4504	0.977278	0	4.095
-1.46552	0.958324	0	4.1
-1.48036	0.93919	0	4.105
-1.49494	0.919879	0	4.11
-1.50925	0.900397	0	4.115
-1.52328	0.880747	0	4.12
-1.53704	0.860933	0	4.125
-1.55052	0.840959	0	4.13
-1.56373	0.82083	0	4.135
-1.57666	0.80055	0	4.14
-1.5893	0.780123	0	4.145
-1.60167	0.759553	0	4.15
-1.61375	0.738844	0	4.155
-1.62555	0.718	0	4.16
-1.63706	0.697026	0	4.165
-1.64829	0.675926	0	4.17
-1.65923	0.654704	0	4.175
-1.66989	0.633364	0	4.18
-1.68025	0.611909	0	4.185
-1.69033	0.590346	0	4.19
-1.70011	0.568676	0	4.195
-1.70961	0.546905	0	4.2
-1.71881	0.525037	0	4.205
-1.72773	0.503075	0	4.21
-1.73635	0.481024	0	4.215
-1.74467	0.458887	0	4.22
-1.75271	0.43667	0	4.225
-1.76045	0.414376	0	4.23
-1.7679	0.392008	0	4.235
-1.77505	0.369571	0	4.24
-1.78191	0.347069	0	4.245
-1.78848	0.324506	0	4.25
-1.79475	0.301885	0	4.255
-1.80073	0.279212	0	4.26
-1.80641	0.256488	0	4.265
-1.8118	0.23372	0	4.27
-1.8169	0.210909	0	4.275
-1.8217	0.188061	0	4.28
-1.82621	0.165179	0	4.285
-1.83043	0.142266	0	4.29
-1.83435	0.119327	0	4.295
-1.83799	0.0963657	0	4.3
-1.84133	0.0733851	0	4.305
-1.84438	0.0503893	0	4.31
-1.84714	0.0273819	0	4.315
-1.84961	0.00436657	0	4.32
-1.8518	-0.018653	0	4.325
-1.85369	-0.0416733	0	4.33
-1.85529	-0.0646907	0	4.335
-1.85661	-0.0877017	0	4.34
-1.85765	-0.110703	0	4.345
-1.85839	-0.13369	0	4.35
-1.85885	-0.156661	0	4.355
-1.85903	-0.179611	0	4.36
-1.85893	-0.202537	0	4.365
-1.85854	-0.225436	0	4.37
-1.85788	-0.248305	0	4.375
-1.85693	-0.271139	0	4.38
-1.85571	-0.293937	0	4.385
-1.85421	-0.316694	0	4.39
-1.85243	-0.339407	0	4.395
-1.85038	-0.362073	0	4.4
-1.84805	-0.384689	0	4.405
-1.84545	-0.407252	0	4.41
-1.84258	-0.429758	0	4.415
-1.83944	-0.452205	0	4.42
-1.83604	-0.474589	0	4.425
-1.83236	-0.496907	0	4.43
-1.82842	-0.519157	0	4.435
-1.82422	-0.541335	0	4.44
-1.81975	-0.563439	0	4.445
-1.81502	-0.585465	0	4.45
-1.81003	-0.60741	0	4.455
-1.80478	-0.629273	0	4.46
-1.79928	-0.651049	0	4.465
-1.79352	-0.672736	0	4.47
-1.78751	-0.694331	0	4.475
-1.78124	-0.715832	0	4.48
-1.77473	-0.737236	0	4.485
-1.76797	-0.75854	0	4.49
-1.76096	-0.779741	0	4.495
-1.7537	-0.800837	0	4.5
-1.7462	-0.821826	0	4.505
-1.73846	-0.842704	0	4.51
-1.73048	-0.863469	0	4.515
-1.72227	-0.884119	0	4.52
-1.71381	-0.904651	0	4.525
-1.70512	-0.925063	0	4.53
-1.6962	-0.945353	0	4.535
-1.68705	-0.965517	0	4.54
-1.67767	-0.985554	0	4.545
-1.66807	-1.00546	0	4.55
-1.65824	-1.02524	0	4.555
-1.64818	-1.04488	0	4.56
-1.63791	-1.06438	0	4.565
-1.62741	-1.08375	0	4.57
-1.6167	-1.10297	0	4.575
-1.60578	-1.12205	0	4.58
-1.59464	-1.14099	0	4.585
-1.58329	-1.15978	0	4.59
-1.57173	-1.17842	0	4.595
-1.55997	-1.1969	0	4.6
-1.548	-1.21524	0	4.605
-1.53583	-1.23342	0	4.61
-1.52346	-1.25144	0	4.615
-1.51089	-1.2693	0	4.62
-1.49812	-1.287	0	4.625
-1.48516	-1.30454	0	4.63
-1.47201	-1.32191	0	4.635
-1.45866	-1.33912	0	4.64
-1.44513	-1.35616	0	4.645
-1.43142	-1.37303	0	4.65
-1.41752	-1.38972	0	4.655
-1.40344	-1.40625	0	4.66
-1.38918	-1.42259	0	4.665
-1.37475	-1.43876	0	4.67
-1.36014	-1.45475	0	4.675
-1.34536	-1.47057	0	4.68
-1.3304	-1.4862	0	4.685
-1.31529	-1.50164	0	4.69
-1.3	-1.5169	0	4.695
-1.28455	-1.53198	0	4.7
-1.26894	-1.54687	0	4.705
-1.25318	-1.56156	0	4.71
-1.23725	-1.57607	0	4.715
-1.22117	-1.59039	0	4.72
-1.20494	-1.60451	0	4.725
-1.18857	-1.61844	0	4.73
-1.17204	-1.63217	0	4.735
-1.15537	-1.6457	0	4.74
-1.13855	-1.65904	0	4.745
-1.1216	-1.67217	0	4.75
-1.10451	-1.68511	0	4.755
-1.08728	-1.69784	0	4.76
-1.06992	-1.71037	0	4.765
-1.05243	-1.72269	0	4.77
-1.03481	-1.73481	0	4.775
-1.01706	-1.74673	0	4.78
-0.999188	-1.75843	0	4.785
-0.981196	-1.76993	0	4.79
-0.963084	-1.78121	0	4.795
-0.944856	-1.79229	0	4.8
-0.926513	-1.80315	0	4.805
-0.908058	-1.8138	0	4.81
-0.889493	-1.82424	0	4.815
-0.870821	-1.83446	0	4.82
-0.852044	-1.84447	0	4.825
-0.833165	-1.85426	0	4.83
-0.814184	-1.86384	0	4.835
-0.795107	-1.87319	0	4.84
-0.775933	-1.88233	0	4.845
-0.756667	-1.89125	0	4.85
-0.737309	-1.89995	0	4.855
-0.717864	-1.90843	0	4.86
-0.698332	-1.91668	0	4.865
-0.678717	-1.92472	0	4.87
-0.659021	-1.93253	0	4.875
-0.639245	-1.94012	0	4.88
-0.619394	-1.94748	0	4.885
-0.599468	-1.95462	0	4.89
-0.579471	-1.96153	0	4.895
-0.559405	-1.96822	0	4.9
-0.539271	-1.97468	0	4.905
-0.519073	-1.98092	0	4.91
-0.498814	-1.98692	0	4.915
-0.478494	-1.9927	0	4.92
-0.458118	-1.99825	0	4.925
-0.437686	-2.00358	0	4.93
-0.417202	-2.00867	0	4.935
-0.396668	-2.01354	0	4.94
-0.376086	-2.01817	0	4.945
-0.355459	-2.02258	0	4.95
-0.334789	-2.02675	0	4.955
-0.314078	-2.0307	0	4.96
-0.293329	-2.03441	0	4.965
-0.272545	-2.0379	0	4.97
-0.251727	-2.04115	0	4.975
-0.230879	-2.04417	0	4.98
-0.210001	-2.04696	0	4.985
-0.189098	-2.04951	0	4.99
-0.168171	-2.05184	0	4.995
-0.147222	-2.05393	0	5
