x	y	z	t
0.999507	0.0314159	0	0
0.998027	0.0628008	0	0.005
0.995562	0.0941238	0	0.01
0.992114	0.125354	0	0.015
0.987687	0.15646	0	0.02
0.982286	0.187412	0	0.025
0.975915	0.218179	0	0.03
0.968581	0.248731	0	0.035
0.960291	0.279037	0	0.04
0.951053	0.309067	0	0.045
0.940876	0.338793	0	0.05
0.929771	0.368185	0	0.055
0.917749	0.397212	0	0.06
0.90482	0.425848	0	0.065
0.890999	0.454064	0	0.07
0.876298	0.481832	0	0.075
0.860733	0.509124	0	0.08
0.844318	0.535913	0	0.085
0.82707	0.562174	0	0.09
0.809006	0.58788	0	0.095
0.790143	0.613006	0	0.1
0.770501	0.637527	0	0.105
0.750098	0.661419	0	0.11
0.728955	0.684658	0	0.115
0.707093	0.707222	0	0.12
0.684533	0.729087	0	0.125
0.661298	0.750234	0	0.13
0.63741	0.77064	0	0.135
0.612893	0.790285	0	0.14
0.587772	0.809151	0	0.145
0.56207	0.827218	0	0.15
0.535814	0.84447	0	0.155
0.509029	0.860888	0	0.16
0.481742	0.876457	0	0.165
0.45398	0.891161	0	0.17
0.42577	0.904985	0	0.175
0.39714	0.917917	0	0.18
0.368118	0.929944	0	0.185
0.338733	0.941053	0	0.19
0.309014	0.951234	0	0.195
0.278989	0.960476	0	0.2
0.24869	0.968771	0	0.205
0.218146	0.97611	0	0.21
0.187386	0.982486	0	0.215
0.156441	0.987894	0	0.22
0.125342	0.992327	0	0.225
0.0941196	0.995781	0	0.23
0.0628042	0.998253	0	0.235
0.0314269	0.99974	0	0.24
1.85387e-05	1.00024	0	0.245
-0.0313898	0.999756	0	0.25
-0.0627672	0.998285	0	0.255
-0.0940827	0.995829	0	0.26
-0.125305	0.992391	0	0.265
-0.156405	0.987975	0	0.27
-0.18735	0.982584	0	0.275
-0.21811	0.976224	0	0.28
-0.248655	0.968902	0	0.285
-0.278955	0.960624	0	0.29
-0.308979	0.951399	0	0.295
-0.3387	0.941236	0	0.3
-0.368086	0.930145	0	0.305
-0.397109	0.918137	0	0.31
-0.425741	0.905223	0	0.315
-0.453953	0.891417	0	0.32
-0.481717	0.876732	0	0.325
-0.509007	0.861183	0	0.33
-0.535794	0.844784	0	0.335
-0.562054	0.827553	0	0.34
-0.587759	0.809506	0	0.345
-0.612885	0.790661	0	0.35
-0.637406	0.771036	0	0.355
-0.6613	0.750651	0	0.36
-0.684541	0.729527	0	0.365
-0.707108	0.707683	0	0.37
-0.728977	0.685141	0	0.375
-0.750128	0.661924	0	0.38
-0.77054	0.638055	0	0.385
-0.790191	0.613557	0	0.39
-0.809065	0.588454	0	0.395
-0.82714	0.562771	0	0.4
-0.844401	0.536533	0	0.405
-0.860829	0.509766	0	0.41
-0.876408	0.482497	0	0.415
-0.891124	0.454753	0	0.42
-0.904961	0.42656	0	0.425
-0.917907	0.397946	0	0.43
-0.929947	0.368941	0	0.435
-0.941072	0.339572	0	0.44
-0.951268	0.309868	0	0.445
-0.960527	0.279859	0	0.45
-0.96884	0.249574	0	0.455
-0.976197	0.219043	0	0.46
-0.982593	0.188296	0	0.465
-0.98802	0.157363	0	0.47
-0.992473	0.126276	0	0.475
-0.995948	0.0950635	0	0.48
-0.998442	0.0637578	0	0.485
-0.999951	0.0323892	0	0.49
-1.00048	0.000988724	0	0.495
-1.00001	-0.0304127	0	0.5
-0.998566	-0.0617842	0	0.505
-0.996134	-0.0930948	0	0.51
-0.992721	-0.124314	0	0.515
-0.988329	-0.15541	0	0.52
-0.982963	-0.186353	0	0.525
-0.976628	-0.217113	0	0.53
-0.969331	-0.247658	0	0.535
-0.961079	-0.27796	0	0.54
-0.951879	-0.307987	0	0.545
-0.941741	-0.337711	0	0.55
-0.930675	-0.367102	0	0.555
-0.918692	-0.396131	0	0.56
-0.905803	-0.42477	0	0.565
-0.892021	-0.45299	0	0.57
-0.87736	-0.480764	0	0.575
-0.861835	-0.508064	0	0.58
-0.84546	-0.534863	0	0.585
-0.828252	-0.561135	0	0.59
-0.810227	-0.586854	0	0.595
-0.791404	-0.611994	0	0.6
-0.7718	-0.636531	0	0.605
-0.751436	-0.660441	0	0.61
-0.730331	-0.6837	0	0.615
-0.708506	-0.706284	0	0.62
-0.685983	-0.728173	0	0.625
-0.662784	-0.749344	0	0.63
-0.638931	-0.769776	0	0.635
-0.614449	-0.789449	0	0.64
-0.58936	-0.808344	0	0.645
-0.563691	-0.826442	0	0.65
-0.537466	-0.843725	0	0.655
-0.510711	-0.860177	0	0.66
-0.483453	-0.87578	0	0.665
-0.455718	-0.890521	0	0.67
-0.427533	-0.904383	0	0.675
-0.398928	-0.917353	0	0.68
-0.369928	-0.929419	0	0.685
-0.340565	-0.940569	0	0.69
-0.310865	-0.950791	0	0.695
-0.280859	-0.960076	0	0.7
-0.250576	-0.968414	0	0.705
-0.220045	-0.975797	0	0.71
-0.189298	-0.982218	0	0.715
-0.158364	-0.987671	0	0.72
-0.127274	-0.992149	0	0.725
-0.096059	-0.99565	0	0.73
-0.0647487	-0.998168	0	0.735
-0.0333747	-0.999702	0	0.74
-0.00196767	-1.00025	0	0.745
0.0294413	-0.999812	0	0.75
0.0608212	-0.998387	0	0.755
0.0921411	-0.995978	0	0.76
0.12337	-0.992587	0	0.765
0.154477	-0.988216	0	0.77
0.185432	-0.982871	0	0.775
0.216205	-0.976557	0	0.78
0.246763	-0.969279	0	0.785
0.277079	-0.961045	0	0.79
0.307121	-0.951864	0	0.795
0.33686	-0.941743	0	0.8
0.366267	-0.930693	0	0.805
0.395313	-0.918726	0	0.81
0.423968	-0.905852	0	0.815
0.452206	-0.892084	0	0.82
0.479997	-0.877437	0	0.825
0.507315	-0.861923	0	0.83
0.534132	-0.84556	0	0.835
0.560423	-0.828362	0	0.84
0.58616	-0.810347	0	0.845
0.611319	-0.791533	0	0.85
0.635875	-0.771937	0	0.855
0.659804	-0.75158	0	0.86
0.683082	-0.730482	0	0.865
0.705685	-0.708662	0	0.87
0.727593	-0.686144	0	0.875
0.748782	-0.662949	0	0.88
0.769233	-0.639099	0	0.885
0.788925	-0.614619	0	0.89
0.807838	-0.589532	0	0.895
0.825954	-0.563864	0	0.9
0.843255	-0.537639	0	0.905
0.859724	-0.510884	0	0.91
0.875345	-0.483624	0	0.915
0.890102	-0.455888	0	0.92
0.90398	-0.427701	0	0.925
0.916967	-0.399092	0	0.93
0.929049	-0.37009	0	0.935
0.940213	-0.340723	0	0.94
0.95045	-0.311019	0	0.945
0.95975	-0.281008	0	0.95
0.968102	-0.25072	0	0.955
0.975498	-0.220184	0	0.96
0.981932	-0.189432	0	0.965
0.987397	-0.158492	0	0.97
0.991888	-0.127396	0	0.975
0.9954	-0.0961741	0	0.98
0.997929	-0.0648573	0	0.985
0.999474	-0.0334766	0	0.99
1.00003	-0.00206282	0	0.995
0.999603	0.029353	0	1
0.998188	0.0607398	0	1.005
0.995788	0.0920667	0	1.01
0.992405	0.123303	0	1.015
0.988043	0.154417	0	1.02
0.982705	0.185379	0	1.025
0.976398	0.216158	0	1.03
0.969128	0.246724	0	1.035
0.960901	0.277046	0	1.04
0.951725	0.307095	0	1.045
0.941611	0.336841	0	1.05
0.930567	0.366254	0	1.055
0.918605	0.395306	0	1.06
0.905737	0.423968	0	1.065
0.891975	0.452211	0	1.07
0.877332	0.480009	0	1.075
0.861824	0.507332	0	1.08
0.845465	0.534155	0	1.085
0.828272	0.560451	0	1.09
0.810262	0.586194	0	1.095
0.791453	0.611358	0	1.1
0.771862	0.63592	0	1.105
0.75151	0.659853	0	1.11
0.730416	0.683136	0	1.115
0.708601	0.705744	0	1.12
0.686088	0.727657	0	1.125
0.662897	0.748851	0	1.13
0.639052	0.769306	0	1.135
0.614577	0.789003	0	1.14
0.589496	0.807921	0	1.145
0.563832	0.826041	0	1.15
0.537613	0.843347	0	1.155
0.510863	0.859821	0	1.16
0.483609	0.875447	0	1.165
0.455879	0.890209	0	1.17
0.427698	0.904092	0	1.175
0.399095	0.917084	0	1.18
0.370099	0.929171	0	1.185
0.340738	0.940342	0	1.19
0.31104	0.950584	0	1.195
0.281036	0.95989	0	1.2
0.250754	0.968248	0	1.205
0.220225	0.975651	0	1.21
0.189479	0.982092	0	1.215
0.158546	0.987564	0	1.22
0.127457	0.992062	0	1.225
0.0962416	0.995582	0	1.23
0.0649316	0.998119	0	1.235
0.0335575	0.999672	0	1.24
0.00215029	1.00024	0	1.245
-0.029259	0.99982	0	1.25
-0.0606395	0.998415	0	1.255
-0.0919601	0.996025	0	1.26
-0.12319	0.992653	0	1.265
-0.154299	0.988302	0	1.27
-0.185255	0.982976	0	1.275
-0.216028	0.976681	0	1.28
-0.246589	0.969422	0	1.285
-0.276906	0.961208	0	1.29
-0.306951	0.952046	0	1.295
-0.336693	0.941945	0	1.3
-0.366102	0.930915	0	1.305
-0.395151	0.918968	0	1.31
-0.42381	0.906114	0	1.315
-0.452051	0.892367	0	1.32
-0.479847	0.87774	0	1.325
-0.507169	0.862248	0	1.33
-0.533991	0.845905	0	1.335
-0.560287	0.828729	0	1.34
-0.586031	0.810735	0	1.345
-0.611197	0.791942	0	1.35
-0.63576	0.772368	0	1.355
-0.659696	0.752033	0	1.36
-0.682982	0.730957	0	1.365
-0.705595	0.70916	0	1.37
-0.727512	0.686664	0	1.375
-0.748712	0.66349	0	1.38
-0.769174	0.639663	0	1.385
-0.788877	0.615205	0	1.39
-0.807803	0.590141	0	1.395
-0.825933	0.564495	0	1.4
-0.843248	0.538293	0	1.405
-0.859732	0.51156	0	1.41
-0.875369	0.484323	0	1.415
-0.890143	0.456608	0	1.42
-0.904039	0.428443	0	1.425
-0.917045	0.399856	0	1.43
-0.929146	0.370875	0	1.435
-0.940332	0.341528	0	1.44
-0.95059	0.311844	0	1.445
-0.959912	0.281854	0	1.45
-0.968288	0.251585	0	1.455
-0.975709	0.221068	0	1.46
-0.982168	0.190334	0	1.465
-0.98766	0.159412	0	1.47
-0.992178	0.128332	0	1.475
-0.995717	0.0971267	0	1.48
-0.998276	0.0658252	0	1.485
-0.999851	0.0344588	0	1.49
-1.00044	0.0030585	0	1.495
-1.00004	-0.0283448	0	1.5
-0.99866	-0.0597202	0	1.505
-0.996293	-0.0910368	0	1.51
-0.992944	-0.122264	0	1.515
-0.988616	-0.15337	0	1.52
-0.983314	-0.184325	0	1.525
-0.977042	-0.215098	0	1.53
-0.969808	-0.24566	0	1.535
-0.961618	-0.275979	0	1.54
-0.95248	-0.306026	0	1.545
-0.942403	-0.335772	0	1.55
-0.931397	-0.365187	0	1.555
-0.919473	-0.394241	0	1.56
-0.906642	-0.422908	0	1.565
-0.892918	-0.451157	0	1.57
-0.878314	-0.478961	0	1.575
-0.862845	-0.506294	0	1.58
-0.846524	-0.533127	0	1.585
-0.829369	-0.559435	0	1.59
-0.811397	-0.585191	0	1.595
-0.792625	-0.610371	0	1.6
-0.773071	-0.634949	0	1.605
-0.752756	-0.658901	0	1.61
-0.731698	-0.682203	0	1.615
-0.709919	-0.704833	0	1.62
-0.68744	-0.726768	0	1.625
-0.664283	-0.747987	0	1.63
-0.640472	-0.768468	0	1.635
-0.616029	-0.788191	0	1.64
-0.590979	-0.807138	0	1.645
-0.565346	-0.825289	0	1.65
-0.539156	-0.842626	0	1.655
-0.512435	-0.859132	0	1.66
-0.485208	-0.874792	0	1.665
-0.457502	-0.889589	0	1.67
-0.429346	-0.903508	0	1.675
-0.400766	-0.916537	0	1.68
-0.371791	-0.928663	0	1.685
-0.34245	-0.939872	0	1.69
-0.312771	-0.950155	0	1.695
-0.282783	-0.959501	0	1.7
-0.252517	-0.967901	0	1.705
-0.222002	-0.975347	0	1.71
-0.191268	-0.98183	0	1.715
-0.160345	-0.987346	0	1.72
-0.129264	-0.991888	0	1.725
-0.0980554	-0.995451	0	1.73
-0.0667502	-0.998033	0	1.735
-0.0353793	-0.999631	0	1.74
-0.0039734	-1.00024	0	1.745
0.0274364	-0.999869	0	1.75
0.0588191	-0.998508	0	1.755
0.0901438	-0.996163	0	1.76
0.12138	-0.992835	0	1.765
0.152496	-0.988528	0	1.77
0.183461	-0.983246	0	1.775
0.214246	-0.976994	0	1.78
0.24482	-0.969779	0	1.785
0.275151	-0.961607	0	1.79
0.305212	-0.952487	0	1.795
0.334971	-0.942427	0	1.8
0.364401	-0.931437	0	1.805
0.39347	-0.919529	0	1.81
0.422152	-0.906713	0	1.815
0.450417	-0.893003	0	1.82
0.478237	-0.878413	0	1.825
0.505586	-0.862955	0	1.83
0.532437	-0.846647	0	1.835
0.558762	-0.829503	0	1.84
0.584535	-0.811541	0	1.845
0.609732	-0.792778	0	1.85
0.634328	-0.773233	0	1.855
0.658297	-0.752925	0	1.86
0.681618	-0.731875	0	1.865
0.704266	-0.710102	0	1.87
0.726218	-0.687629	0	1.875
0.747455	-0.664478	0	1.88
0.767954	-0.64067	0	1.885
0.787695	-0.616231	0	1.89
0.806659	-0.591184	0	1.895
0.824827	-0.565553	0	1.9
0.842182	-0.539364	0	1.905
0.858705	-0.512643	0	1.91
0.874381	-0.485417	0	1.915
0.889195	-0.457711	0	1.92
0.903131	-0.429554	0	1.925
0.916175	-0.400973	0	1.93
0.928316	-0.371996	0	1.935
0.939541	-0.342652	0	1.94
0.949839	-0.31297	0	1.945
0.959199	-0.28298	0	1.95
0.967613	-0.25271	0	1.955
0.975073	-0.22219	0	1.96
0.98157	-0.191452	0	1.965
0.987098	-0.160524	0	1.97
0.991653	-0.129438	0	1.975
0.995229	-0.0982248	0	1.98
0.997822	-0.0669143	0	1.985
0.999432	-0.0355377	0	1.99
1.00005	-0.00412608	0	1.995
0.999691	0.0272896	0	2
0.998341	0.0586784	0	2.005
0.996005	0.0900093	0	2.01
0.992687	0.121251	0	2.015
0.988389	0.152374	0	2.02
0.983116	0.183346	0	2.025
0.976873	0.214137	0	2.03
0.969666	0.244717	0	2.035
0.961502	0.275055	0	2.04
0.952389	0.305122	0	2.045
0.942336	0.334888	0	2.05
0.931354	0.364323	0	2.055
0.919453	0.393399	0	2.06
0.906644	0.422087	0	2.065
0.892941	0.450358	0	2.07
0.878357	0.478185	0	2.075
0.862906	0.50554	0	2.08
0.846603	0.532397	0	2.085
0.829465	0.558727	0	2.09
0.811509	0.584507	0	2.095
0.792752	0.60971	0	2.1
0.773213	0.634311	0	2.105
0.752911	0.658287	0	2.11
0.731867	0.681613	0	2.115
0.7101	0.704266	0	2.12
0.687632	0.726225	0	2.125
0.664486	0.747467	0	2.13
0.640685	0.767972	0	2.135
0.616251	0.787719	0	2.14
0.59121	0.806689	0	2.145
0.565585	0.824863	0	2.15
0.539402	0.842223	0	2.155
0.512687	0.858752	0	2.16
0.485466	0.874435	0	2.165
0.457767	0.889254	0	2.17
0.429616	0.903197	0	2.175
0.401041	0.916248	0	2.18
0.37207	0.928396	0	2.185
0.342732	0.939627	0	2.19
0.313057	0.949932	0	2.195
0.283072	0.9593	0	2.2
0.252808	0.967721	0	2.205
0.222295	0.975188	0	2.21
0.191563	0.981694	0	2.215
0.160641	0.98723	0	2.22
0.129562	0.991794	0	2.225
0.0983541	0.995378	0	2.23
0.0670495	0.997982	0	2.235
0.0356788	0.9996	0	2.24
0.00427294	1.00023	0	2.245
-0.0271372	0.99988	0	2.25
-0.0585205	0.99854	0	2.255
-0.0898461	0.996216	0	2.26
-0.121083	0.992909	0	2.265
-0.152201	0.988623	0	2.27
-0.183168	0.983362	0	2.275
-0.213955	0.977131	0	2.28
-0.244531	0.969937	0	2.285
-0.274866	0.961786	0	2.29
-0.30493	0.952687	0	2.295
-0.334693	0.942648	0	2.3
-0.364126	0.93168	0	2.305
-0.393199	0.919793	0	2.31
-0.421886	0.906999	0	2.315
-0.450156	0.893311	0	2.32
-0.477982	0.878742	0	2.325
-0.505337	0.863307	0	2.33
-0.532194	0.84702	0	2.335
-0.558526	0.829898	0	2.34
-0.584308	0.811958	0	2.345
-0.609513	0.793218	0	2.35
-0.634118	0.773695	0	2.355
-0.658097	0.75341	0	2.36
-0.681427	0.732381	0	2.365
-0.704086	0.710631	0	2.37
-0.72605	0.68818	0	2.375
-0.747299	0.665051	0	2.38
-0.767811	0.641266	0	2.385
-0.787566	0.616849	0	2.39
-0.806544	0.591824	0	2.395
-0.824728	0.566215	0	2.4
-0.842098	0.540048	0	2.405
-0.858638	0.513349	0	2.41
-0.874332	0.486143	0	2.415
-0.889164	0.458459	0	2.42
-0.903119	0.430322	0	2.425
-0.916184	0.401762	0	2.43
-0.928346	0.372805	0	2.435
-0.939593	0.343481	0	2.44
-0.949914	0.313818	0	2.445
-0.959298	0.283846	0	2.45
-0.967736	0.253594	0	2.455
-0.975221	0.223092	0	2.46
-0.981744	0.19237	0	2.465
-0.9873	0.161458	0	2.47
-0.991882	0.130388	0	2.475
-0.995487	0.0991884	0	2.48
-0.99811	0.0678914	0	2.485
-0.99975	0.0365275	0	2.49
-1.0004	0.00512763	0	2.495
-1.00007	-0.0262773	0	2.5
-0.998754	-0.0576564	0	2.505
-0.996451	-0.0889786	0	2.51
-0.993167	-0.120213	0	2.515
-0.988903	-0.151329	0	2.52
-0.983665	-0.182296	0	2.525
-0.977457	-0.213083	0	2.53
-0.970285	-0.24366	0	2.535
-0.962157	-0.273997	0	2.54
-0.953081	-0.304064	0	2.545
-0.943065	-0.333831	0	2.55
-0.932119	-0.363269	0	2.555
-0.920255	-0.392349	0	2.56
-0.907483	-0.421042	0	2.565
-0.893817	-0.44932	0	2.57
-0.87927	-0.477155	0	2.575
-0.863856	-0.50452	0	2.58
-0.84759	-0.531388	0	2.585
-0.830489	-0.557731	0	2.59
-0.812569	-0.583525	0	2.595
-0.793848	-0.608743	0	2.6
-0.774345	-0.633362	0	2.605
-0.754078	-0.657356	0	2.61
-0.733067	-0.680702	0	2.615
-0.711334	-0.703377	0	2.62
-0.6889	-0.725358	0	2.625
-0.665787	-0.746625	0	2.63
-0.642017	-0.767155	0	2.635
-0.617614	-0.786929	0	2.64
-0.592602	-0.805927	0	2.645
-0.567006	-0.82413	0	2.65
-0.540851	-0.841521	0	2.655
-0.514163	-0.858083	0	2.66
-0.486968	-0.873798	0	2.665
-0.459292	-0.888652	0	2.67
-0.431164	-0.902629	0	2.675
-0.402611	-0.915716	0	2.68
-0.373661	-0.927901	0	2.685
-0.344342	-0.939171	0	2.69
-0.314684	-0.949514	0	2.695
-0.284715	-0.958922	0	2.7
-0.254466	-0.967383	0	2.705
-0.223965	-0.974891	0	2.71
-0.193244	-0.981437	0	2.715
-0.162332	-0.987016	0	2.72
-0.131261	-0.991621	0	2.725
-0.10006	-0.995249	0	2.73
-0.0687596	-0.997895	0	2.735
-0.0373919	-0.999557	0	2.74
-0.00598735	-1.00023	0	2.745
0.0254231	-0.999922	0	2.75
0.0568085	-0.998626	0	2.755
0.0881379	-0.996344	0	2.76
0.11938	-0.99308	0	2.765
0.150505	-0.988837	0	2.77
0.181481	-0.983618	0	2.775
0.212279	-0.977429	0	2.78
0.242867	-0.970276	0	2.785
0.273215	-0.962166	0	2.79
0.303294	-0.953107	0	2.795
0.333073	-0.943108	0	2.8
0.362525	-0.932178	0	2.805
0.391618	-0.920329	0	2.81
0.420326	-0.907573	0	2.815
0.448618	-0.893921	0	2.82
0.476468	-0.879387	0	2.825
0.503848	-0.863986	0	2.83
0.530732	-0.847732	0	2.835
0.557091	-0.830643	0	2.84
0.582901	-0.812733	0	2.845
0.608136	-0.794022	0	2.85
0.632771	-0.774528	0	2.855
0.656782	-0.75427	0	2.86
0.680145	-0.733267	0	2.865
0.702837	-0.711542	0	2.87
0.724835	-0.689114	0	2.875
0.746118	-0.666006	0	2.88
0.766666	-0.642241	0	2.885
0.786457	-0.617843	0	2.89
0.805472	-0.592835	0	2.895
0.823692	-0.567242	0	2.9
0.8411	-0.54109	0	2.905
0.857677	-0.514403	0	2.91
0.873409	-0.48721	0	2.915
0.888279	-0.459535	0	2.92
0.902272	-0.431407	0	2.925
0.915375	-0.402853	0	2.93
0.927575	-0.373902	0	2.935
0.93886	-0.344582	0	2.94
0.949219	-0.314922	0	2.945
0.958641	-0.284952	0	2.95
0.967117	-0.2547	0	2.955
0.974639	-0.224197	0	2.96
0.981199	-0.193472	0	2.965
0.986791	-0.162557	0	2.97
0.991409	-0.131481	0	2.975
0.995049	-0.100276	0	2.98
0.997708	-0.0689716	0	2.985
0.999381	-0.0375992	0	2.99
1.00007	-0.0061897	0	2.995
0.99977	0.0252259	0	3
0.998485	0.0566166	0	3.005
0.996214	0.0879515	0	3.01
0.992961	0.1192	0	3.015
0.988727	0.15033	0	3.02
0.983518	0.181312	0	3.025
0.977339	0.212115	0	3.03
0.970195	0.242709	0	3.035
0.962094	0.273064	0	3.04
0.953044	0.303149	0	3.045
0.943054	0.332935	0	3.05
0.932132	0.362392	0	3.055
0.920292	0.391492	0	3.06
0.907543	0.420206	0	3.065
0.893899	0.448505	0	3.07
0.879372	0.476361	0	3.075
0.863979	0.503747	0	3.08
0.847732	0.530637	0	3.085
0.83065	0.557003	0	3.09
0.812748	0.582819	0	3.095
0.794043	0.608061	0	3.1
0.774556	0.632702	0	3.105
0.754304	0.656719	0	3.11
0.733309	0.680088	0	3.115
0.711589	0.702787	0	3.12
0.689168	0.724792	0	3.125
0.666067	0.746082	0	3.13
0.642308	0.766636	0	3.135
0.617916	0.786433	0	3.14
0.592915	0.805455	0	3.145
0.567328	0.823682	0	3.15
0.541182	0.841097	0	3.155
0.514502	0.857682	0	3.16
0.487314	0.87342	0	3.165
0.459646	0.888297	0	3.17
0.431524	0.902298	0	3.175
0.402977	0.915409	0	3.18
0.374032	0.927617	0	3.185
0.344718	0.93891	0	3.19
0.315064	0.949277	0	3.195
0.2851	0.958707	0	3.2
0.254854	0.967192	0	3.205
0.224356	0.974722	0	3.21
0.193638	0.981292	0	3.215
0.162728	0.986893	0	3.22
0.131658	0.991521	0	3.225
0.100458	0.995171	0	3.23
0.0691594	0.99784	0	3.235
0.0377922	0.999524	0	3.24
0.00638773	1.00022	0	3.245
-0.025023	0.999935	0	3.25
-0.0564091	0.998661	0	3.255
-0.0877396	0.996402	0	3.26
-0.118984	0.99316	0	3.265
-0.15011	0.988939	0	3.27
-0.181089	0.983743	0	3.275
-0.211889	0.977577	0	3.28
-0.24248	0.970446	0	3.285
-0.272832	0.962359	0	3.29
-0.302914	0.953322	0	3.295
-0.332699	0.943346	0	3.3
-0.362155	0.932439	0	3.305
-0.391254	0.920613	0	3.31
-0.419967	0.907879	0	3.315
-0.448266	0.894249	0	3.32
-0.476123	0.879738	0	3.325
-0.50351	0.86436	0	3.33
-0.530401	0.848129	0	3.335
-0.55677	0.831062	0	3.34
-0.582589	0.813176	0	3.345
-0.607833	0.794488	0	3.35
-0.632479	0.775016	0	3.355
-0.656501	0.75478	0	3.36
-0.679875	0.7338	0	3.365
-0.702579	0.712097	0	3.37
-0.724591	0.689692	0	3.375
-0.745888	0.666606	0	3.38
-0.76645	0.642864	0	3.385
-0.786256	0.618487	0	3.39
-0.805287	0.593501	0	3.395
-0.823524	0.56793	0	3.4
-0.840949	0.541799	0	3.405
-0.857545	0.515133	0	3.41
-0.873296	0.48796	0	3.415
-0.888186	0.460306	0	3.42
-0.9022	0.432198	0	3.425
-0.915324	0.403664	0	3.43
-0.927547	0.374732	0	3.435
-0.938855	0.34543	0	3.44
-0.949237	0.315788	0	3.445
-0.958684	0.285835	0	3.45
-0.967185	0.2556	0	3.455
-0.974733	0.225113	0	3.46
-0.98132	0.194404	0	3.465
-0.98694	0.163503	0	3.47
-0.991587	0.132441	0	3.475
-0.995256	0.101249	0	3.48
-0.997944	0.0699566	0	3.485
-0.999649	0.0385954	0	3.49
-1.00037	0.00719622	0	3.495
-1.0001	-0.0242101	0	3.5
-0.998847	-0.0555925	0	3.505
-0.99661	-0.0869201	0	3.51
-0.99339	-0.118162	0	3.515
-0.98919	-0.149288	0	3.52
-0.984015	-0.180266	0	3.525
-0.977871	-0.211066	0	3.53
-0.970762	-0.241659	0	3.535
-0.962696	-0.272013	0	3.54
-0.953682	-0.302099	0	3.545
-0.943727	-0.331888	0	3.55
-0.932842	-0.361349	0	3.555
-0.921037	-0.390454	0	3.56
-0.908324	-0.419174	0	3.565
-0.894716	-0.44748	0	3.57
-0.880226	-0.475346	0	3.575
-0.864868	-0.502743	0	3.58
-0.848657	-0.529644	0	3.585
-0.83161	-0.556024	0	3.59
-0.813742	-0.581855	0	3.595
-0.795073	-0.607112	0	3.6
-0.77562	-0.631771	0	3.605
-0.755402	-0.655807	0	3.61
-0.734439	-0.679196	0	3.615
-0.712752	-0.701916	0	3.62
-0.690363	-0.723944	0	3.625
-0.667293	-0.745258	0	3.63
-0.643564	-0.765837	0	3.635
-0.619202	-0.785662	0	3.64
-0.594229	-0.804711	0	3.645
-0.56867	-0.822967	0	3.65
-0.54255	-0.840412	0	3.655
-0.515895	-0.857028	0	3.66
-0.488732	-0.872799	0	3.665
-0.461087	-0.88771	0	3.67
-0.432987	-0.901745	0	3.675
-0.40446	-0.914891	0	3.68
-0.375535	-0.927135	0	3.685
-0.346239	-0.938464	0	3.69
-0.316602	-0.948868	0	3.695
-0.286652	-0.958337	0	3.7
-0.25642	-0.966861	0	3.705
-0.225935	-0.974431	0	3.71
-0.195227	-0.98104	0	3.715
-0.164327	-0.986682	0	3.72
-0.133264	-0.991351	0	3.725
-0.10207	-0.995042	0	3.73
-0.0707758	-0.997752	0	3.735
-0.0394115	-0.999478	0	3.74
-0.00800839	-1.00022	0	3.745
0.0234027	-0.999972	0	3.75
0.0547906	-0.998739	0	3.755
0.0861246	-0.996522	0	3.76
0.117374	-0.993322	0	3.765
0.148507	-0.989142	0	3.77
0.179494	-0.983986	0	3.775
0.210303	-0.97786	0	3.78
0.240906	-0.97077	0	3.785
0.27127	-0.962722	0	3.79
0.301367	-0.953724	0	3.795
0.331167	-0.943786	0	3.8
0.360641	-0.932917	0	3.805
0.389758	-0.921128	0	3.81
0.418491	-0.90843	0	3.815
0.446811	-0.894836	0	3.82
0.474691	-0.880359	0	3.825
0.502102	-0.865014	0	3.83
0.529018	-0.848816	0	3.835
0.555412	-0.831781	0	3.84
0.581259	-0.813924	0	3.845
0.606532	-0.795265	0	3.85
0.631206	-0.775822	0	3.855
0.655258	-0.755613	0	3.86
0.678663	-0.734659	0	3.865
0.701399	-0.71298	0	3.87
0.723443	-0.690597	0	3.875
0.744774	-0.667534	0	3.88
0.765369	-0.643812	0	3.885
0.78521	-0.619454	0	3.89
0.804276	-0.594486	0	3.895
0.822548	-0.568931	0	3.9
0.840009	-0.542815	0	3.905
0.856641	-0.516163	0	3.91
0.872429	-0.489002	0	3.915
0.887355	-0.461358	0	3.92
0.901406	-0.43326	0	3.925
0.914567	-0.404734	0	3.93
0.926827	-0.375808	0	3.935
0.938171	-0.346512	0	3.94
0.948591	-0.316874	0	3.945
0.958074	-0.286924	0	3.95
0.966612	-0.25669	0	3.955
0.974197	-0.226203	0	3.96
0.98082	-0.195493	0	3.965
0.986475	-0.16459	0	3.97
0.991158	-0.133524	0	3.975
0.994862	-0.102327	0	3.98
0.997585	-0.0710292	0	3.985
0.999324	-0.039661	0	3.99
1.00008	-0.00825363	0	3.995
0.999842	0.0231618	0	4
0.998621	0.0545544	0	4.005
0.996416	0.0858932	0	4.01
0.993227	0.117147	0	4.015
0.989058	0.148286	0	4.02
0.983913	0.179278	0	4.025
0.977797	0.210093	0	4.03
0.970717	0.240701	0	4.035
0.962679	0.271072	0	4.04
0.953691	0.301175	0	4.045
0.943763	0.330981	0	4.05
0.932903	0.36046	0	4.055
0.921123	0.389584	0	4.06
0.908434	0.418323	0	4.065
0.894848	0.44665	0	4.07
0.88038	0.474536	0	4.075
0.865044	0.501954	0	4.08
0.848854	0.528876	0	4.085
0.831826	0.555277	0	4.09
0.813978	0.58113	0	4.095
0.795326	0.60641	0	4.1
0.775891	0.631091	0	4.105
0.755689	0.65515	0	4.11
0.734742	0.678563	0	4.115
0.713071	0.701306	0	4.12
0.690695	0.723357	0	4.125
0.667639	0.744695	0	4.13
0.643924	0.765298	0	4.135
0.619573	0.785146	0	4.14
0.594612	0.804219	0	4.145
0.569063	0.822499	0	4.15
0.542954	0.839968	0	4.155
0.516309	0.856608	0	4.16
0.489154	0.872403	0	4.165
0.461517	0.887338	0	4.17
0.433425	0.901397	0	4.175
0.404905	0.914568	0	4.18
0.375986	0.926836	0	4.185
0.346696	0.938189	0	4.19
0.317064	0.948618	0	4.195
0.287119	0.958111	0	4.2
0.256892	0.966658	0	4.205
0.22641	0.974253	0	4.21
0.195706	0.980886	0	4.215
0.164808	0.986552	0	4.22
0.133748	0.991245	0	4.225
0.102556	0.99496	0	4.23
0.0712622	0.997694	0	4.235
0.0398987	0.999443	0	4.24
0.00849575	1.00021	0	4.245
-0.0229155	0.999985	0	4.25
-0.0543042	0.998777	0	4.255
-0.0856394	0.996583	0	4.26
-0.11689	0.993407	0	4.265
-0.148025	0.989251	0	4.27
-0.179015	0.984119	0	4.275
-0.209828	0.978017	0	4.28
-0.240434	0.97095	0	4.285
-0.270803	0.962926	0	4.29
-0.300904	0.953952	0	4.295
-0.330709	0.944038	0	4.3
-0.360188	0.933192	0	4.305
-0.389312	0.921427	0	4.31
-0.418052	0.908753	0	4.315
-0.44638	0.895182	0	4.32
-0.474267	0.880729	0	4.325
-0.501687	0.865408	0	4.33
-0.528612	0.849233	0	4.335
-0.555016	0.832221	0	4.34
-0.580873	0.814388	0	4.345
-0.606157	0.795752	0	4.35
-0.630843	0.776332	0	4.355
-0.654907	0.756146	0	4.36
-0.678326	0.735214	0	4.365
-0.701075	0.713558	0	4.37
-0.723134	0.691198	0	4.375
-0.744479	0.668157	0	4.38
-0.765091	0.644457	0	4.385
-0.784948	0.620121	0	4.39
-0.804031	0.595174	0	4.395
-0.822321	0.56964	0	4.4
-0.839801	0.543545	0	4.405
-0.856453	0.516914	0	4.41
-0.87226	0.489773	0	4.415
-0.887208	0.462149	0	4.42
-0.90128	0.43407	0	4.425
-0.914464	0.405563	0	4.43
-0.926747	0.376655	0	4.435
-0.938116	0.347377	0	4.44
-0.94856	0.317756	0	4.445
-0.958069	0.287822	0	4.45
-0.966633	0.257604	0	4.455
-0.974244	0.227132	0	4.46
-0.980895	0.196436	0	4.465
-0.986579	0.165546	0	4.47
-0.99129	0.134493	0	4.475
-0.995024	0.103308	0	4.48
-0.997777	0.0720208	0	4.485
-0.999547	0.0406626	0	4.49
-1.00033	0.00926434	0	4.495
-1.00013	-0.0221431	0	4.5
-0.99894	-0.0535287	0	4.505
-0.996767	-0.0848615	0	4.51
-0.993611	-0.116111	0	4.515
-0.989476	-0.147245	0	4.52
-0.984365	-0.178235	0	4.525
-0.978284	-0.209049	0	4.53
-0.971238	-0.239656	0	4.535
-0.963235	-0.270028	0	4.54
-0.954282	-0.300133	0	4.545
-0.944389	-0.329942	0	4.55
-0.933564	-0.359426	0	4.555
-0.921819	-0.388556	0	4.56
-0.909165	-0.417303	0	4.565
-0.895615	-0.445638	0	4.57
-0.881182	-0.473534	0	4.575
-0.86588	-0.500963	0	4.58
-0.849724	-0.527898	0	4.585
-0.832731	-0.554313	0	4.59
-0.814917	-0.580181	0	4.595
-0.796299	-0.605477	0	4.6
-0.776896	-0.630176	0	4.605
-0.756727	-0.654254	0	4.61
-0.735812	-0.677687	0	4.615
-0.714172	-0.700451	0	4.62
-0.691827	-0.722525	0	4.625
-0.6688	-0.743887	0	4.63
-0.645114	-0.764515	0	4.635
-0.620792	-0.78439	0	4.64
-0.595858	-0.803491	0	4.645
-0.570336	-0.821799	0	4.65
-0.544252	-0.839298	0	4.655
-0.517631	-0.855969	0	4.66
-0.4905	-0.871795	0	4.665
-0.462885	-0.886763	0	4.67
-0.434814	-0.900856	0	4.675
-0.406314	-0.91406	0	4.68
-0.377413	-0.926363	0	4.685
-0.34814	-0.937753	0	4.69
-0.318524	-0.948218	0	4.695
-0.288594	-0.957748	0	4.7
-0.258379	-0.966333	0	4.705
-0.227909	-0.973966	0	4.71
-0.197215	-0.980638	0	4.715
-0.166326	-0.986343	0	4.72
-0.135273	-0.991076	0	4.725
-0.104087	-0.994831	0	4.73
-0.0727979	-0.997605	0	4.735
-0.0414372	-0.999395	0	4.74
-0.0100356	-1.0002	0	4.745
0.0213759	-1.00002	0	4.75
0.0527664	-0.998849	0	4.755
0.0841047	-0.996696	0	4.76
0.11536	-0.993559	0	4.765
0.146502	-0.989443	0	4.77
0.177499	-0.984351	0	4.775
0.208321	-0.978288	0	4.78
0.238938	-0.971261	0	4.785
0.269319	-0.963275	0	4.79
0.299434	-0.954339	0	4.795
0.329254	-0.944462	0	4.8
0.358749	-0.933653	0	4.805
0.387891	-0.921924	0	4.81
0.416649	-0.909285	0	4.815
0.444997	-0.895749	0	4.82
0.472906	-0.88133	0	4.825
0.500348	-0.866041	0	4.83
0.527297	-0.849898	0	4.835
0.553726	-0.832917	0	4.84
0.579609	-0.815114	0	4.845
0.604919	-0.796507	0	4.85
0.629633	-0.777114	0	4.855
0.653726	-0.756955	0	4.86
0.677175	-0.736049	0	4.865
0.699955	-0.714417	0	4.87
0.722044	-0.69208	0	4.875
0.743422	-0.66906	0	4.88
0.764065	-0.645381	0	4.885
0.783956	-0.621065	0	4.89
0.803072	-0.596136	0	4.895
0.821397	-0.570619	0	4.9
0.838911	-0.544539	0	4.905
0.855598	-0.517922	0	4.91
0.871441	-0.490794	0	4.915
0.886423	-0.463181	0	4.92
0.900532	-0.435112	0	4.925
0.913752	-0.406614	0	4.93
0.92607	-0.377714	0	4.935
0.937475	-0.348442	0	4.94
0.947955	-0.318826	0	4.945
0.9575	-0.288896	0	4.95
0.9661	-0.25868	0	4.955
0.973747	-0.228209	0	4.96
0.980434	-0.197513	0	4.965
0.986153	-0.166623	0	4.97
0.990899	-0.135568	0	4.975
0.994668	-0.104379	0	4.98
0.997455	-0.0730869	0	4.985
0.999258	-0.0417229	0	4.99
1.00008	-0.0103178	0	4.995
0.999906	0.0210975	0	5
