S	I	R	t
300	100	0	0
290.114	103.221	6.66435	0.0333333
280.31	106.217	13.4724	0.0666667
270.692	108.948	20.3598	0.1
261.298	111.396	27.3064	0.133333
252.16	113.548	34.292	0.166667
243.309	115.395	41.2961	0.2
234.77	116.932	48.298	0.233333
226.564	118.159	55.2772	0.266667
218.708	119.079	62.2136	0.3
211.214	119.698	69.0877	0.333333
204.092	120.027	75.881	0.366667
197.347	120.077	82.5757	0.4
190.98	119.864	89.1555	0.433333
184.991	119.404	95.6053	0.466667
179.374	118.714	101.911	0.5
174.125	117.814	108.061	0.533333
169.235	116.721	114.044	0.566667
164.694	115.455	119.851	0.6
160.491	114.036	125.474	0.633333
156.615	112.48	130.905	0.666667
153.052	110.808	136.14	0.7
149.79	109.035	141.175	0.733333
146.816	107.178	146.006	0.766667
144.116	105.251	150.633	0.8
141.676	103.27	155.054	0.833333
139.484	101.247	159.269	0.866667
137.526	99.1944	163.28	0.9
135.79	97.1226	167.087	0.933333
134.264	95.0418	170.694	0.966667
132.935	92.9606	174.104	1
131.794	90.8869	177.319	1.03333
130.827	88.8278	180.345	1.06667
130.026	86.7893	183.184	1.1
129.381	84.7768	185.842	1.13333
128.881	82.7947	188.324	1.16667
128.519	80.847	190.634	1.2
128.285	78.937	192.778	1.23333
128.171	77.0674	194.762	1.26667
128.17	75.2404	196.589	1.3
128.275	73.4578	198.267	1.33333
128.479	71.7209	199.8	1.36667
128.775	70.0308	201.195	1.4
129.157	68.3881	202.455	1.43333
129.619	66.7933	203.587	1.46667
130.157	65.2464	204.597	1.5
130.765	63.7475	205.488	1.53333
131.437	62.2962	206.267	1.56667
132.17	60.8922	206.938	1.6
132.959	59.5349	207.506	1.63333
133.8	58.2236	207.976	1.66667
134.689	56.9577	208.353	1.7
135.622	55.7362	208.642	1.73333
136.597	54.5582	208.845	1.76667
137.608	53.4228	208.969	1.8
138.655	52.329	209.016	1.83333
139.732	51.2758	208.992	1.86667
140.839	50.262	208.899	1.9
141.971	49.2868	208.742	1.93333
143.128	48.3489	208.524	1.96667
144.305	47.4474	208.248	2
145.501	46.5811	207.918	2.03333
146.714	45.749	207.537	2.06667
147.941	44.9501	207.109	2.1
149.181	44.1834	206.635	2.13333
150.433	43.4478	206.12	2.16667
151.693	42.7424	205.565	2.2
152.961	42.0662	204.973	2.23333
154.234	41.4183	204.347	2.26667
155.512	40.7977	203.69	2.3
156.793	40.2037	203.003	2.33333
158.076	39.6352	202.289	2.36667
159.359	39.0916	201.549	2.4
160.641	38.5719	200.787	2.43333
161.921	38.0754	200.003	2.46667
163.198	37.6014	199.2	2.5
164.471	37.1491	198.38	2.53333
165.738	36.7178	197.544	2.56667
167	36.3068	196.694	2.6
168.254	35.9156	195.831	2.63333
169.5	35.5434	194.957	2.66667
170.737	35.1896	194.073	2.7
171.965	34.8537	193.181	2.73333
173.182	34.5351	192.282	2.76667
174.389	34.2333	191.378	2.8
175.584	33.9478	190.469	2.83333
176.766	33.678	189.556	2.86667
177.936	33.4234	188.641	2.9
179.091	33.1837	187.725	2.93333
180.233	32.9584	186.808	2.96667
181.361	32.747	185.892	3
182.473	32.5491	184.978	3.03333
183.57	32.3643	184.066	3.06667
184.65	32.1923	183.157	3.1
185.715	32.0327	182.253	3.13333
186.762	31.8851	181.353	3.16667
187.793	31.7493	180.458	3.2
188.806	31.6248	179.57	3.23333
189.801	31.5113	178.688	3.26667
190.778	31.4086	177.814	3.3
191.736	31.3164	176.947	3.33333
192.676	31.2343	176.09	3.36667
193.597	31.1621	175.241	3.4
194.499	31.0996	174.402	3.43333
195.381	31.0464	173.572	3.46667
196.244	31.0024	172.754	3.5
197.087	30.9672	171.946	3.53333
197.91	30.9407	171.149	3.56667
198.713	30.9226	170.364	3.6
199.496	30.9127	169.592	3.63333
200.258	30.9108	168.831	3.66667
201	30.9166	168.083	3.7
201.722	30.9301	167.348	3.73333
202.422	30.9508	166.627	3.76667
203.103	30.9788	165.919	3.8
203.762	31.0137	165.224	3.83333
204.401	31.0554	164.544	3.86667
205.019	31.1036	163.878	3.9
205.616	31.1583	163.226	3.93333
206.192	31.2192	162.589	3.96667
206.747	31.2861	161.967	4
207.282	31.3588	161.359	4.03333
207.796	31.4373	160.767	4.06667
208.29	31.5212	160.189	4.1
208.762	31.6105	159.627	4.13333
209.215	31.705	159.08	4.16667
209.646	31.8044	158.549	4.2
210.058	31.9086	158.033	4.23333
210.449	32.0175	157.533	4.26667
210.82	32.1308	157.049	4.3
211.172	32.2485	156.58	4.33333
211.503	32.3703	156.126	4.36667
211.815	32.496	155.689	4.4
212.107	32.6255	155.267	4.43333
212.381	32.7587	154.861	4.46667
212.635	32.8953	154.47	4.5
212.87	33.0351	154.095	4.53333
213.086	33.1781	153.736	4.56667
213.284	33.324	153.392	4.6
213.464	33.4727	153.063	4.63333
213.626	33.624	152.75	4.66667
213.77	33.7777	152.452	4.7
213.897	33.9336	152.169	4.73333
214.007	34.0916	151.902	4.76667
214.1	34.2516	151.649	4.8
214.176	34.4132	151.411	4.83333
214.236	34.5765	151.188	4.86667
214.28	34.7411	150.979	4.9
214.308	34.9069	150.785	4.93333
214.321	35.0738	150.605	4.96667
214.32	35.2416	150.439	5
214.303	35.4101	150.287	5.03333
214.273	35.5791	150.148	5.06667
214.228	35.7485	150.023	5.1
214.17	35.9181	149.912	5.13333
214.099	36.0877	149.813	5.16667
214.016	36.2572	149.727	5.2
213.919	36.4265	149.654	5.23333
213.811	36.5953	149.593	5.26667
213.692	36.7635	149.545	5.3
213.561	36.9309	149.508	5.33333
213.419	37.0974	149.483	5.36667
213.267	37.2629	149.47	5.4
213.105	37.4272	149.468	5.43333
212.934	37.5901	149.476	5.46667
212.753	37.7515	149.495	5.5
212.564	37.9113	149.525	5.53333
212.367	38.0693	149.564	5.56667
212.161	38.2254	149.613	5.6
211.948	38.3795	149.672	5.63333
211.729	38.5314	149.74	5.66667
211.502	38.6811	149.817	5.7
211.27	38.8284	149.902	5.73333
211.031	38.9732	149.996	5.76667
210.787	39.1154	150.097	5.8
210.539	39.2549	150.206	5.83333
210.285	39.3916	150.323	5.86667
210.028	39.5255	150.447	5.9
209.767	39.6563	150.577	5.93333
209.502	39.7842	150.714	5.96667
209.235	39.9089	150.857	6
208.964	40.0304	151.005	6.03333
208.692	40.1486	151.159	6.06667
208.418	40.2635	151.319	6.1
208.142	40.3751	151.483	6.13333
207.865	40.4833	151.652	6.16667
207.587	40.5879	151.825	6.2
207.309	40.6891	152.002	6.23333
207.03	40.7868	152.183	6.26667
206.752	40.8809	152.367	6.3
206.474	40.9714	152.554	6.33333
206.198	41.0583	152.744	6.36667
205.922	41.1416	152.937	6.4
205.647	41.2213	153.131	6.43333
205.375	41.2974	153.328	6.46667
205.104	41.3699	153.526	6.5
204.835	41.4388	153.726	6.53333
204.569	41.5041	153.927	6.56667
204.305	41.5658	154.129	6.6
204.045	41.624	154.331	6.63333
203.787	41.6786	154.534	6.66667
203.533	41.7298	154.737	6.7
203.282	41.7775	154.94	6.73333
203.035	41.8218	155.143	6.76667
202.792	41.8627	155.345	6.8
202.553	41.9003	155.547	6.83333
202.318	41.9346	155.747	6.86667
202.088	41.9657	155.947	6.9
201.862	41.9936	156.145	6.93333
201.641	42.0183	156.341	6.96667
201.424	42.0401	156.536	7
201.212	42.0588	156.729	7.03333
201.006	42.0746	156.92	7.06667
200.804	42.0875	157.108	7.1
200.608	42.0976	157.295	7.13333
200.416	42.105	157.479	7.16667
200.23	42.1098	157.66	7.2
200.05	42.1119	157.838	7.23333
199.874	42.1116	158.014	7.26667
199.704	42.1089	158.187	7.3
199.54	42.1037	158.356	7.33333
199.381	42.0963	158.523	7.36667
199.228	42.0868	158.686	7.4
199.08	42.0751	158.845	7.43333
198.937	42.0613	159.001	7.46667
198.8	42.0456	159.154	7.5
198.669	42.028	159.303	7.53333
198.543	42.0087	159.448	7.56667
198.423	41.9876	159.59	7.6
198.308	41.9648	159.727	7.63333
198.198	41.9405	159.861	7.66667
198.094	41.9147	159.991	7.7
197.995	41.8875	160.118	7.73333
197.901	41.859	160.24	7.76667
197.813	41.8292	160.358	7.8
197.729	41.7982	160.473	7.83333
197.651	41.7661	160.583	7.86667
197.578	41.733	160.689	7.9
197.509	41.6989	160.792	7.93333
197.446	41.6639	160.89	7.96667
197.387	41.6281	160.984	8
197.333	41.5916	161.075	8.03333
197.284	41.5543	161.162	8.06667
197.239	41.5165	161.244	8.1
197.199	41.478	161.323	8.13333
197.163	41.4391	161.398	8.16667
197.131	41.3998	161.469	8.2
197.104	41.36	161.536	8.23333
197.08	41.32	161.6	8.26667
197.061	41.2797	161.659	8.3
197.045	41.2392	161.716	8.33333
197.033	41.1985	161.768	8.36667
197.025	41.1577	161.817	8.4
197.021	41.1169	161.863	8.43333
197.019	41.0761	161.905	8.46667
197.022	41.0353	161.943	8.5
197.027	40.9946	161.978	8.53333
197.036	40.954	162.01	8.56667
197.047	40.9136	162.039	8.6
197.062	40.8735	162.065	8.63333
197.079	40.8335	162.087	8.66667
197.099	40.7939	162.107	8.7
197.122	40.7546	162.123	8.73333
197.147	40.7157	162.137	8.76667
197.175	40.6771	162.148	8.8
197.205	40.639	162.156	8.83333
197.237	40.6013	162.162	8.86667
197.271	40.5641	162.165	8.9
197.307	40.5275	162.165	8.93333
197.345	40.4913	162.163	8.96667
197.385	40.4557	162.159	9
197.427	40.4207	162.153	9.03333
197.47	40.3863	162.144	9.06667
197.514	40.3525	162.133	9.1
197.561	40.3193	162.12	9.13333
197.608	40.2868	162.105	9.16667
197.656	40.255	162.089	9.2
197.706	40.2238	162.07	9.23333
197.757	40.1933	162.05	9.26667
197.809	40.1636	162.028	9.3
197.861	40.1345	162.004	9.33333
197.915	40.1062	161.979	9.36667
197.969	40.0787	161.953	9.4
198.023	40.0518	161.925	9.43333
198.079	40.0258	161.896	9.46667
198.134	40.0004	161.865	9.5
198.19	39.9759	161.834	9.53333
198.247	39.9521	161.801	9.56667
198.303	39.9291	161.768	9.6
198.36	39.9068	161.733	9.63333
198.417	39.8853	161.697	9.66667
198.474	39.8646	161.661	9.7
198.531	39.8446	161.624	9.73333
198.588	39.8254	161.586	9.76667
198.645	39.807	161.548	9.8
198.701	39.7894	161.509	9.83333
198.758	39.7724	161.47	9.86667
198.814	39.7563	161.43	9.9
198.869	39.7409	161.39	9.93333
198.925	39.7262	161.349	9.96667
