S	I	R	e	d	dI	f	t
300	100	0	0	0	0	0	0
148	253	0	1	0	0	0	0.0025
78	323	0	0	0	0	0	0.005
44	357	0	0	0	0	0	0.0075
16	383	2	0	0	0	0	0.01
3	395	3	0	0	0	0	0.0125
1	397	3	0	0	0	0	0.015
0	396	5	0	0	0	0	0.0175
0	396	5	0	0	0	0	0.02
0	395	6	0	0	0	0	0.0225
0	392	9	0	0	0	0	0.025
0	392	9	0	0	0	0	0.0275
0	393	9	1	0	0	0	0.03
0	393	9	0	0	0	0	0.0325
0	391	11	0	0	0	0	0.035
0	390	12	0	0	0	0	0.0375
0	389	13	0	0	0	0	0.04
0	387	15	0	0	0	0	0.0425
0	386	16	0	0	0	0	0.045
0	384	18	0	0	0	0	0.0475
0	383	19	0	0	0	0	0.05
0	382	20	0	0	0	0	0.0525
0	380	22	0	0	0	0	0.055
0	379	23	0	0	0	0	0.0575
0	378	24	0	0	0	0	0.06
0	376	26	0	0	0	0	0.0625
0	374	28	0	0	0	0	0.065
0	373	29	0	0	0	0	0.0675
0	372	30	0	0	0	0	0.07
0	369	33	0	0	0	0	0.0725
0	367	35	0	0	0	0	0.075
0	367	35	0	0	0	0	0.0775
0	365	36	0	1	0	0	0.08
0	363	38	0	0	0	0	0.0825
0	361	40	0	0	0	0	0.085
0	360	41	0	0	0	0	0.0875
0	360	41	0	0	0	0	0.09
0	359	42	0	0	0	0	0.0925
0	357	44	0	0	0	0	0.095
0	356	45	0	0	0	0	0.0975
0	355	46	0	0	0	0	0.1
0	354	47	0	0	0	0	0.1025
0	353	48	0	0	0	0	0.105
0	349	52	0	0	0	0	0.1075
0	348	53	0	0	0	0	0.11
0	346	55	0	0	0	0	0.1125
0	346	55	0	0	0	0	0.115
0	345	56	0	0	0	0	0.1175
0	345	56	0	0	0	0	0.12
0	344	57	0	0	0	0	0.1225
0	344	57	0	0	0	0	0.125
0	344	57	0	0	0	0	0.1275
0	344	57	0	0	0	0	0.13
0	343	58	0	0	0	0	0.1325
0	342	59	0	0	0	0	0.135
0	342	59	0	0	0	0	0.1375
1	340	60	0	0	0	0	0.14
1	339	61	0	0	0	0	0.1425
0	340	61	0	0	0	0	0.145
0	340	61	0	0	0	0	0.1475
0	339	62	0	0	0	0	0.15
0	339	62	0	0	0	0	0.1525
0	335	66	0	0	0	0	0.155
0	335	66	0	0	0	0	0.1575
0	334	67	0	0	0	0	0.16
0	333	68	0	0	0	0	0.1625
0	331	70	0	0	0	0	0.165
0	328	73	0	0	0	0	0.1675
0	327	74	0	0	0	0	0.17
0	327	74	0	0	0	0	0.1725
0	327	74	0	0	0	0	0.175
0	326	75	0	0	0	0	0.1775
0	325	76	0	0	0	0	0.18
0	324	77	0	0	0	0	0.1825
0	324	77	0	0	0	0	0.185
0	324	77	0	0	0	0	0.1875
0	323	78	0	0	0	0	0.19
1	321	79	0	0	0	0	0.1925
1	319	81	0	0	0	0	0.195
1	318	82	0	0	0	0	0.1975
1	317	83	0	0	0	0	0.2
1	317	83	0	0	0	0	0.2025
1	317	83	0	0	0	0	0.205
0	318	83	0	0	0	0	0.2075
0	318	83	0	0	0	0	0.21
1	317	83	0	0	0	0	0.2125
1	316	84	0	0	0	0	0.215
1	316	84	0	0	0	0	0.2175
1	316	84	0	0	0	0	0.22
1	316	84	0	0	0	0	0.2225
1	317	83	0	0	0	0	0.225
1	316	84	0	0	0	0	0.2275
1	316	84	0	0	0	0	0.23
1	316	84	0	0	0	0	0.2325
1	316	84	0	0	0	0	0.235
1	316	84	0	0	0	0	0.2375
1	316	84	0	0	0	0	0.24
1	316	84	0	0	0	0	0.2425
1	315	85	0	0	0	0	0.245
1	313	87	0	0	0	0	0.2475
1	312	88	0	0	0	0	0.25
1	312	88	0	0	0	0	0.2525
2	312	87	0	0	0	0	0.255
2	311	88	0	0	0	0	0.2575
2	310	89	0	0	0	0	0.26
2	309	90	0	0	0	0	0.2625
2	309	90	0	0	0	0	0.265
2	309	90	0	0	0	0	0.2675
2	308	91	0	0	0	0	0.27
2	308	91	0	0	0	0	0.2725
2	308	91	0	0	0	0	0.275
2	307	91	0	1	0	0	0.2775
2	306	92	0	0	0	0	0.28
2	304	94	0	0	0	0	0.2825
2	304	94	0	0	0	0	0.285
3	304	93	0	0	0	0	0.2875
3	303	94	0	0	0	0	0.29
3	302	95	0	0	0	0	0.2925
3	302	95	0	0	0	0	0.295
3	300	97	0	0	0	0	0.2975
3	299	98	0	0	0	0	0.3
3	298	99	0	0	0	0	0.3025
3	297	100	0	0	0	0	0.305
3	297	100	0	0	0	0	0.3075
3	295	102	0	0	0	0	0.31
3	295	102	0	0	0	0	0.3125
4	295	101	0	0	0	0	0.315
4	293	103	0	0	0	0	0.3175
4	293	103	0	0	0	0	0.32
4	293	103	0	0	0	0	0.3225
4	293	103	0	0	0	0	0.325
4	293	103	0	0	0	0	0.3275
4	293	103	0	0	0	0	0.33
4	293	103	0	0	0	0	0.3325
4	292	104	0	0	0	0	0.335
4	291	105	0	0	0	0	0.3375
4	291	105	0	0	0	0	0.34
4	291	105	0	0	0	0	0.3425
4	289	107	0	0	0	0	0.345
4	289	107	0	0	0	0	0.3475
4	288	108	0	0	0	0	0.35
4	288	108	0	0	0	0	0.3525
4	288	108	0	0	0	0	0.355
4	288	108	0	0	0	0	0.3575
6	286	108	0	0	0	0	0.36
6	284	110	0	0	0	0	0.3625
6	284	110	0	0	0	0	0.365
6	282	112	0	0	0	0	0.3675
6	280	114	0	0	0	0	0.37
6	280	114	0	0	0	0	0.3725
6	278	116	0	0	0	0	0.375
6	277	117	0	0	0	0	0.3775
6	276	118	0	0	0	0	0.38
7	275	118	0	0	0	0	0.3825
7	275	118	0	0	0	0	0.385
7	273	119	0	1	0	0	0.3875
7	271	121	0	0	0	0	0.39
7	270	122	0	0	0	0	0.3925
7	269	123	0	0	0	0	0.395
7	269	123	0	0	0	0	0.3975
7	268	124	0	0	0	0	0.4
7	268	124	0	0	0	0	0.4025
7	267	125	0	0	0	0	0.405
7	266	126	0	0	0	0	0.4075
7	266	126	0	0	0	0	0.41
8	266	125	0	0	0	0	0.4125
8	264	127	0	0	0	0	0.415
8	264	127	0	0	0	0	0.4175
9	262	128	0	0	0	0	0.42
9	261	129	0	0	0	0	0.4225
10	261	128	0	0	0	0	0.425
10	259	130	0	0	0	0	0.4275
10	259	130	0	0	0	0	0.43
10	258	131	0	0	0	0	0.4325
10	258	131	0	0	0	0	0.435
10	257	132	0	0	0	0	0.4375
10	256	133	0	0	0	0	0.44
10	254	135	0	0	0	0	0.4425
10	253	136	0	0	0	0	0.445
10	252	137	0	0	0	0	0.4475
10	249	140	0	0	0	0	0.45
10	248	141	0	0	0	0	0.4525
10	247	142	0	0	0	0	0.455
10	246	143	0	0	0	0	0.4575
10	246	143	0	0	0	0	0.46
10	246	143	0	0	0	0	0.4625
10	246	143	0	0	0	0	0.465
10	245	144	0	0	0	0	0.4675
10	244	145	0	0	0	0	0.47
10	243	146	0	0	0	0	0.4725
10	241	148	0	0	0	0	0.475
10	239	150	0	0	0	0	0.4775
9	238	152	0	0	0	1	0.48
9	238	152	0	0	0	0	0.4825
9	238	152	0	0	0	0	0.485
8	237	154	0	0	0	1	0.4875
8	236	155	0	0	0	0	0.49
8	236	155	0	0	0	0	0.4925
9	236	154	0	0	0	0	0.495
9	235	155	0	0	0	0	0.4975
9	235	155	0	0	0	0	0.5
9	234	156	0	0	0	0	0.5025
9	234	156	0	0	0	0	0.505
9	234	156	0	0	0	0	0.5075
9	232	158	0	0	0	0	0.51
9	231	159	0	0	0	0	0.5125
9	231	159	0	0	0	0	0.515
10	231	158	0	0	0	0	0.5175
10	230	159	0	0	0	0	0.52
10	229	160	0	0	0	0	0.5225
10	229	160	0	0	0	0	0.525
10	229	160	0	0	0	0	0.5275
10	227	162	0	0	0	0	0.53
10	227	162	0	0	0	0	0.5325
10	226	163	0	0	0	0	0.535
10	226	163	0	0	0	0	0.5375
11	226	162	0	0	0	0	0.54
11	225	163	0	0	0	0	0.5425
11	224	164	0	0	0	0	0.545
11	223	165	0	0	0	0	0.5475
10	222	167	0	0	0	1	0.55
10	221	168	0	0	0	0	0.5525
10	221	168	0	0	0	0	0.555
11	221	167	0	0	0	0	0.5575
11	221	167	0	0	0	0	0.56
11	220	168	0	0	0	0	0.5625
11	220	168	0	0	0	0	0.565
11	220	168	0	0	0	0	0.5675
12	218	169	0	0	0	0	0.57
12	217	170	0	0	0	0	0.5725
12	216	171	0	0	0	0	0.575
13	214	172	0	0	0	0	0.5775
13	213	173	0	0	0	0	0.58
14	213	172	0	0	0	0	0.5825
14	212	173	0	0	0	0	0.585
14	212	173	0	0	0	0	0.5875
14	210	175	0	0	0	0	0.59
15	210	174	0	0	0	0	0.5925
15	210	174	0	0	0	0	0.595
16	210	173	0	0	0	0	0.5975
16	210	173	0	0	0	0	0.6
17	210	173	1	0	0	0	0.6025
18	210	172	0	0	0	0	0.605
18	208	174	0	0	0	0	0.6075
18	208	174	0	0	0	0	0.61
18	208	174	0	0	0	0	0.6125
18	208	174	0	0	0	0	0.615
18	207	175	0	0	0	0	0.6175
17	207	176	0	0	0	1	0.62
18	205	177	0	0	0	0	0.6225
18	205	177	0	0	0	0	0.625
19	205	176	0	0	0	0	0.6275
19	204	177	0	0	0	0	0.63
20	201	179	0	0	0	0	0.6325
20	201	179	0	0	0	0	0.635
20	201	179	0	0	0	0	0.6375
20	200	179	0	1	0	0	0.64
20	198	181	0	0	0	0	0.6425
20	198	181	0	0	0	0	0.645
20	198	181	0	0	0	0	0.6475
19	195	185	0	0	0	1	0.65
19	194	186	0	0	0	0	0.6525
19	194	186	0	0	0	0	0.655
19	194	186	0	0	0	0	0.6575
19	193	187	0	0	0	0	0.66
20	193	186	0	0	0	0	0.6625
22	192	185	0	0	0	0	0.665
22	192	185	0	0	0	1	0.6675
22	192	185	0	0	0	0	0.67
22	191	186	0	0	0	0	0.6725
22	190	187	0	0	0	0	0.675
22	190	187	0	0	0	0	0.6775
22	190	187	0	0	0	0	0.68
22	189	188	0	0	0	0	0.6825
22	189	188	0	0	0	0	0.685
23	189	187	0	0	0	0	0.6875
23	189	187	0	0	0	0	0.69
24	189	186	0	0	0	0	0.6925
25	188	186	0	0	0	0	0.695
26	187	186	0	0	0	0	0.6975
26	186	187	0	0	0	0	0.7
27	186	186	0	0	0	0	0.7025
28	186	185	0	0	0	0	0.705
28	186	185	0	0	0	0	0.7075
28	185	186	0	0	0	0	0.71
28	185	186	0	0	0	0	0.7125
28	185	186	0	0	0	0	0.715
28	185	186	0	0	0	0	0.7175
27	184	188	0	0	0	1	0.72
26	184	189	0	0	0	1	0.7225
26	184	189	0	0	0	0	0.725
26	184	189	0	0	0	0	0.7275
25	183	191	0	0	0	1	0.73
25	183	191	0	0	0	0	0.7325
25	182	192	0	0	0	0	0.735
25	181	193	0	0	0	0	0.7375
25	180	194	0	0	0	0	0.74
25	179	195	0	0	0	0	0.7425
25	179	195	0	0	0	0	0.745
25	178	196	0	0	0	0	0.7475
25	178	196	0	0	0	0	0.75
25	177	197	0	0	0	0	0.7525
25	177	197	0	0	0	0	0.755
25	178	196	0	0	0	0	0.7575
25	178	196	0	0	0	0	0.76
24	179	196	0	0	0	0	0.7625
24	179	196	0	0	0	0	0.765
24	179	196	0	0	0	0	0.7675
24	179	196	0	0	0	0	0.77
23	180	196	0	0	0	0	0.7725
23	181	195	0	0	0	0	0.775
21	183	195	0	0	0	0	0.7775
22	184	193	0	0	0	0	0.78
20	188	191	0	0	0	0	0.7825
19	188	192	0	0	0	1	0.785
16	191	192	0	0	0	0	0.7875
14	192	193	0	0	0	0	0.79
14	193	192	0	0	0	0	0.7925
12	194	193	0	0	0	0	0.795
11	194	194	0	0	0	0	0.7975
9	196	194	0	0	0	0	0.8
8	197	194	0	0	0	0	0.8025
6	199	194	0	0	0	0	0.805
4	201	194	0	0	0	0	0.8075
4	201	194	0	0	0	0	0.81
2	202	195	0	0	0	0	0.8125
2	202	195	0	0	0	0	0.815
2	202	195	0	0	0	0	0.8175
3	201	195	0	0	0	0	0.82
1	203	195	0	0	0	0	0.8225
1	203	195	0	0	0	0	0.825
0	202	197	0	0	0	0	0.8275
0	202	197	0	0	0	0	0.83
0	202	197	0	0	0	0	0.8325
0	201	198	0	0	0	0	0.835
2	200	197	0	0	0	0	0.8375
2	200	197	0	0	0	0	0.84
2	200	197	0	0	0	0	0.8425
1	200	198	0	0	0	0	0.845
1	200	198	0	0	0	0	0.8475
2	199	198	0	0	0	0	0.85
0	201	198	0	0	0	0	0.8525
0	201	198	0	0	0	0	0.855
0	200	199	0	0	0	0	0.8575
0	200	199	0	0	0	0	0.86
1	199	199	0	0	0	0	0.8625
1	200	198	0	0	0	0	0.865
1	200	198	0	0	0	0	0.8675
1	198	200	0	0	0	0	0.87
1	198	200	0	0	0	0	0.8725
1	198	200	0	0	0	0	0.875
1	197	201	0	0	0	0	0.8775
1	197	201	0	0	0	0	0.88
1	197	201	0	0	0	0	0.8825
0	196	203	0	0	0	0	0.885
0	194	205	0	0	0	0	0.8875
0	194	205	0	0	0	0	0.89
0	194	205	0	0	0	0	0.8925
0	194	205	0	0	0	0	0.895
1	194	204	0	0	0	0	0.8975
0	195	204	0	0	0	0	0.9
0	195	204	0	0	0	0	0.9025
0	195	204	0	0	0	0	0.905
0	194	205	0	0	0	0	0.9075
0	194	205	0	0	0	0	0.91
1	194	204	0	0	0	0	0.9125
0	195	204	0	0	0	0	0.915
0	194	205	0	0	0	0	0.9175
1	194	204	0	0	0	0	0.92
1	193	205	0	0	0	0	0.9225
0	194	205	0	0	0	0	0.925
0	194	205	0	0	0	0	0.9275
0	193	206	0	0	0	0	0.93
0	193	206	0	0	0	0	0.9325
0	191	208	0	0	0	0	0.935
1	191	207	0	0	0	0	0.9375
1	192	206	0	0	0	0	0.94
1	191	207	0	0	0	0	0.9425
0	192	207	0	0	0	0	0.945
0	192	207	0	0	0	0	0.9475
1	191	207	0	0	0	0	0.95
0	191	208	0	0	0	0	0.9525
0	191	208	0	0	0	0	0.955
0	190	209	0	0	0	0	0.9575
0	190	209	0	0	0	0	0.96
0	189	210	0	0	0	0	0.9625
0	189	210	0	0	0	0	0.965
1	188	210	0	0	0	0	0.9675
1	188	210	0	0	0	0	0.97
1	189	209	0	0	0	0	0.9725
0	189	210	0	0	0	0	0.975
0	188	211	0	0	0	0	0.9775
0	188	211	0	0	0	0	0.98
0	188	211	0	0	0	0	0.9825
0	187	211	0	1	0	0	0.985
0	187	211	0	0	0	0	0.9875
1	187	210	0	0	0	0	0.99
0	186	212	0	0	0	0	0.9925
0	185	213	0	0	0	0	0.995
1	184	213	0	0	0	0	0.9975
2	183	213	0	0	0	0	1
2	183	213	0	0	0	0	1.0025
1	182	215	0	0	0	0	1.005
0	183	215	0	0	0	0	1.0075
0	183	215	0	0	0	0	1.01
0	182	216	0	0	0	0	1.0125
0	182	216	0	0	0	0	1.015
0	181	217	0	0	0	0	1.0175
0	179	219	0	0	0	0	1.02
0	178	220	0	0	0	0	1.0225
0	177	221	0	0	0	0	1.025
1	176	221	0	0	0	0	1.0275
0	176	222	0	0	0	0	1.03
2	174	222	0	0	0	0	1.0325
2	175	221	0	0	0	0	1.035
1	176	221	0	0	0	0	1.0375
0	176	222	0	0	0	0	1.04
0	175	223	0	0	0	0	1.0425
0	175	223	0	0	0	0	1.045
0	175	223	0	0	0	0	1.0475
0	173	225	0	0	0	0	1.05
1	173	224	0	0	0	0	1.0525
1	173	224	0	0	0	0	1.055
1	174	223	0	0	0	0	1.0575
1	174	223	0	0	0	0	1.06
1	172	225	0	0	0	0	1.0625
1	172	225	0	0	0	0	1.065
3	172	223	0	0	0	0	1.0675
2	173	223	0	0	0	0	1.07
2	170	226	0	0	0	0	1.0725
2	171	225	0	0	0	0	1.075
1	171	226	0	0	0	0	1.0775
1	171	226	0	0	0	0	1.08
3	169	226	0	0	0	0	1.0825
2	170	226	0	0	0	0	1.085
3	170	225	0	0	0	0	1.0875
1	172	225	0	0	0	0	1.09
1	171	226	0	0	0	0	1.0925
0	171	227	0	0	0	0	1.095
1	170	227	0	0	0	0	1.0975
2	170	226	0	0	0	0	1.1
3	170	225	0	0	0	0	1.1025
1	173	224	0	0	0	0	1.105
0	172	226	0	0	0	0	1.1075
1	172	225	0	0	0	0	1.11
1	171	226	0	0	0	0	1.1125
0	172	226	0	0	0	0	1.115
2	172	224	0	0	0	0	1.1175
1	173	224	0	0	0	0	1.12
1	173	224	0	0	0	0	1.1225
0	174	224	0	0	0	0	1.125
0	171	226	0	0	1	0	1.1275
0	171	226	0	0	0	0	1.13
0	169	228	0	0	0	0	1.1325
0	169	228	0	0	0	0	1.135
0	168	229	0	0	0	0	1.1375
0	167	230	0	0	0	0	1.14
1	167	229	0	0	0	0	1.1425
0	167	230	0	0	0	0	1.145
0	167	230	0	0	0	0	1.1475
0	167	230	0	0	0	0	1.15
1	167	229	0	0	0	0	1.1525
0	168	229	0	0	0	0	1.155
0	167	230	0	0	0	0	1.1575
0	167	230	0	0	0	0	1.16
0	167	230	0	0	0	0	1.1625
0	167	230	0	0	0	0	1.165
0	166	231	0	0	0	0	1.1675
0	166	231	0	0	0	0	1.17
0	166	231	0	0	0	0	1.1725
0	166	231	0	0	0	0	1.175
0	166	231	0	0	0	0	1.1775
0	166	231	0	0	0	0	1.18
1	166	230	0	0	0	0	1.1825
1	166	230	0	0	0	0	1.185
1	167	229	0	0	0	0	1.1875
1	166	230	0	0	0	0	1.19
2	166	229	0	0	0	0	1.1925
2	166	229	0	0	0	0	1.195
2	166	229	0	0	0	0	1.1975
3	165	229	0	0	0	0	1.2
4	165	227	0	1	0	0	1.2025
4	165	227	0	0	0	0	1.205
3	166	227	0	0	0	0	1.2075
3	166	227	0	0	0	0	1.21
2	166	228	0	0	0	0	1.2125
3	166	227	0	0	0	0	1.215
3	165	228	0	0	0	0	1.2175
3	165	228	0	0	0	0	1.22
3	165	228	0	0	0	0	1.2225
3	164	229	0	0	0	0	1.225
3	164	229	0	0	0	0	1.2275
3	165	228	0	0	0	0	1.23
3	166	227	0	0	0	0	1.2325
3	165	228	0	0	0	0	1.235
3	165	228	0	0	0	0	1.2375
3	165	228	0	0	0	0	1.24
4	165	227	0	0	0	0	1.2425
4	165	227	0	0	0	0	1.245
4	165	227	0	0	0	0	1.2475
4	164	228	0	0	0	0	1.25
5	163	228	0	0	0	0	1.2525
5	163	228	0	0	0	0	1.255
6	162	228	0	0	0	0	1.2575
6	161	229	0	0	0	0	1.26
6	161	229	0	0	0	0	1.2625
7	161	229	1	0	0	0	1.265
7	159	231	0	0	0	0	1.2675
7	159	231	0	0	0	0	1.27
7	159	231	0	0	0	0	1.2725
8	159	230	0	0	0	0	1.275
8	159	230	0	0	0	0	1.2775
8	159	230	0	0	0	0	1.28
8	159	230	0	0	0	0	1.2825
8	158	231	0	0	0	0	1.285
8	156	233	0	0	0	0	1.2875
8	156	233	0	0	0	0	1.29
8	156	233	0	0	0	0	1.2925
8	155	234	0	0	0	0	1.295
9	155	233	0	0	0	0	1.2975
9	154	234	0	0	0	0	1.3
10	154	233	0	0	0	0	1.3025
11	151	235	0	0	0	0	1.305
11	151	235	0	0	0	0	1.3075
11	150	236	0	0	0	0	1.31
11	150	236	0	0	0	0	1.3125
12	150	235	0	0	0	0	1.315
13	150	234	0	0	0	0	1.3175
13	150	234	0	0	0	0	1.32
13	149	235	0	0	0	0	1.3225
13	149	235	0	0	0	0	1.325
14	149	234	0	0	0	0	1.3275
14	149	234	0	0	0	0	1.33
14	149	234	0	0	0	0	1.3325
14	147	236	0	0	0	0	1.335
15	145	237	0	0	0	0	1.3375
15	145	237	0	0	0	0	1.34
15	145	237	0	0	0	0	1.3425
15	145	237	0	0	0	0	1.345
15	142	240	0	0	0	0	1.3475
15	142	240	0	0	0	0	1.35
15	142	240	0	0	0	0	1.3525
16	140	242	1	0	0	0	1.355
16	140	242	0	0	0	1	1.3575
16	139	243	0	0	0	0	1.36
16	139	243	0	0	0	1	1.3625
15	138	245	0	0	0	1	1.365
15	138	245	0	0	0	0	1.3675
15	138	245	0	0	0	0	1.37
16	138	244	0	0	0	0	1.3725
16	138	244	0	0	0	0	1.375
17	137	244	0	0	0	0	1.3775
17	136	245	0	0	0	0	1.38
17	135	246	0	0	0	0	1.3825
18	135	245	0	0	0	0	1.385
19	135	244	0	0	0	0	1.3875
19	134	245	0	0	0	0	1.39
18	132	248	0	0	0	1	1.3925
18	132	248	0	0	0	0	1.395
18	132	248	0	0	0	0	1.3975
18	132	248	0	0	0	0	1.4
19	131	248	0	0	0	0	1.4025
20	131	247	0	0	0	0	1.405
20	130	248	0	0	0	0	1.4075
20	129	249	0	0	0	0	1.41
21	127	250	0	0	0	0	1.4125
21	127	250	0	0	0	0	1.415
21	127	250	0	0	0	0	1.4175
20	127	251	0	0	0	1	1.42
21	127	250	0	0	0	0	1.4225
21	127	250	0	0	0	0	1.425
22	127	249	0	0	0	0	1.4275
22	127	249	0	0	0	0	1.43
22	127	249	0	0	0	1	1.4325
23	127	248	0	0	0	0	1.435
24	127	247	0	0	0	0	1.4375
24	127	247	0	0	0	0	1.44
24	127	247	0	0	0	0	1.4425
24	126	248	0	0	0	0	1.445
25	126	247	0	0	0	0	1.4475
25	126	247	0	0	0	0	1.45
24	126	248	0	0	0	1	1.4525
24	125	249	0	0	0	0	1.455
24	124	250	0	0	0	0	1.4575
24	124	250	0	0	0	0	1.46
25	124	249	0	0	0	0	1.4625
25	124	249	0	0	0	0	1.465
25	124	249	0	0	0	0	1.4675
25	123	250	0	0	0	0	1.47
25	123	250	0	0	0	0	1.4725
26	122	250	0	0	0	0	1.475
27	122	249	0	0	0	0	1.4775
28	122	248	0	0	0	0	1.48
28	122	249	1	0	0	1	1.4825
28	121	250	0	0	0	0	1.485
29	121	249	0	0	0	0	1.4875
30	120	249	0	0	0	0	1.49
32	119	248	0	0	0	0	1.4925
31	119	249	0	0	0	1	1.495
31	119	249	0	0	0	0	1.4975
31	119	249	0	0	0	0	1.5
30	118	251	0	0	0	1	1.5025
31	118	250	0	0	0	0	1.505
31	118	250	0	0	0	0	1.5075
31	117	251	0	0	0	0	1.51
31	115	253	0	0	0	0	1.5125
32	115	252	0	0	0	0	1.515
33	115	252	1	0	0	0	1.5175
33	115	252	0	0	0	0	1.52
33	115	252	0	0	0	0	1.5225
33	115	252	0	0	0	0	1.525
33	115	252	0	0	0	0	1.5275
32	114	254	0	0	0	1	1.53
32	114	254	0	0	0	0	1.5325
32	114	254	0	0	0	0	1.535
32	114	254	0	0	0	0	1.5375
32	114	254	0	0	0	0	1.54
33	114	253	0	0	0	0	1.5425
34	113	253	0	0	0	0	1.545
35	113	252	0	0	0	0	1.5475
34	112	254	0	0	0	1	1.55
34	112	254	0	0	0	0	1.5525
34	112	254	0	0	0	0	1.555
34	112	254	0	0	0	0	1.5575
36	112	252	0	0	0	1	1.56
36	112	252	0	0	0	0	1.5625
37	111	252	0	0	0	0	1.565
37	110	253	0	0	0	0	1.5675
37	110	253	0	0	0	0	1.57
37	110	253	0	0	0	0	1.5725
36	110	254	0	0	0	1	1.575
36	109	255	0	0	0	0	1.5775
36	109	255	0	0	0	0	1.58
37	109	254	0	0	0	0	1.5825
37	109	254	0	0	0	0	1.585
36	109	255	0	0	0	1	1.5875
37	108	255	0	0	0	0	1.59
39	108	253	0	0	0	0	1.5925
40	107	253	0	0	0	0	1.595
40	107	253	0	0	0	1	1.5975
40	107	253	0	0	0	0	1.6
40	106	254	0	0	0	0	1.6025
40	106	254	0	0	0	0	1.605
40	106	254	0	0	0	0	1.6075
39	106	255	0	0	0	2	1.61
39	106	255	0	0	0	0	1.6125
39	106	255	0	0	0	0	1.615
39	106	255	0	0	0	0	1.6175
39	106	253	0	2	0	0	1.62
40	104	253	0	0	1	0	1.6225
42	104	251	0	0	0	0	1.625
41	104	252	0	0	0	1	1.6275
42	104	251	0	0	0	0	1.63
42	103	252	0	0	0	0	1.6325
44	102	251	0	0	0	0	1.635
44	102	251	0	0	0	0	1.6375
43	102	252	0	0	0	1	1.64
43	102	252	0	0	0	0	1.6425
43	102	252	0	0	0	0	1.645
41	102	254	0	0	0	2	1.6475
41	100	256	0	0	0	0	1.65
41	100	256	0	0	0	0	1.6525
40	100	257	0	0	0	1	1.655
41	99	257	0	0	0	0	1.6575
41	99	257	0	0	0	1	1.66
41	98	258	0	0	0	0	1.6625
41	98	258	0	0	0	0	1.665
41	97	259	0	0	0	0	1.6675
41	97	259	0	0	0	0	1.67
41	95	261	0	0	0	0	1.6725
41	94	262	0	0	0	0	1.675
41	94	262	0	0	0	0	1.6775
41	93	263	0	0	0	0	1.68
40	92	265	0	0	0	1	1.6825
39	92	266	0	0	0	1	1.685
40	92	265	0	0	0	0	1.6875
40	92	265	0	0	0	0	1.69
41	92	264	0	0	0	0	1.6925
40	91	266	0	0	0	1	1.695
39	90	268	0	0	0	1	1.6975
39	90	268	0	0	0	0	1.7
39	90	268	0	0	0	0	1.7025
39	90	268	0	0	0	0	1.705
38	89	270	0	0	0	1	1.7075
38	89	270	0	0	0	1	1.71
38	89	270	0	0	0	0	1.7125
39	89	269	0	0	0	0	1.715
39	88	270	0	0	0	0	1.7175
40	88	269	0	0	0	0	1.72
40	88	269	0	0	0	0	1.7225
40	88	269	0	0	0	0	1.725
40	88	269	0	0	0	0	1.7275
39	88	270	0	0	0	1	1.73
39	88	270	0	0	0	0	1.7325
39	88	270	0	0	0	0	1.735
39	88	270	0	0	0	0	1.7375
39	87	271	0	0	0	0	1.74
39	87	271	0	0	0	0	1.7425
40	87	270	0	0	0	0	1.745
39	87	271	0	0	0	1	1.7475
39	87	271	0	0	0	0	1.75
39	87	271	0	0	0	0	1.7525
39	87	271	0	0	0	0	1.755
37	89	271	0	0	0	0	1.7575
38	89	270	0	0	0	0	1.76
36	90	271	0	0	0	1	1.7625
36	90	271	0	0	0	0	1.765
34	92	271	0	0	0	0	1.7675
32	94	271	0	0	0	0	1.77
32	94	271	0	0	0	0	1.7725
31	96	270	0	0	0	0	1.775
28	99	270	0	0	0	0	1.7775
24	102	271	0	0	0	1	1.78
20	106	271	0	0	0	0	1.7825
20	106	271	0	0	0	0	1.785
18	108	270	0	1	0	0	1.7875
15	112	269	0	0	0	0	1.79
13	114	269	0	0	0	0	1.7925
10	117	269	0	0	0	0	1.795
8	118	270	0	0	0	0	1.7975
6	120	270	0	0	0	0	1.8
6	119	271	0	0	0	0	1.8025
6	119	271	0	0	0	0	1.805
5	121	270	0	0	0	0	1.8075
6	121	269	0	0	0	0	1.81
7	122	267	0	0	0	0	1.8125
5	124	267	0	0	0	0	1.815
6	125	265	0	0	0	0	1.8175
4	127	265	0	0	0	0	1.82
3	126	267	0	0	0	1	1.8225
2	127	267	0	0	0	0	1.825
1	128	267	0	0	0	0	1.8275
1	126	269	0	0	0	0	1.83
1	126	269	0	0	0	0	1.8325
1	126	269	0	0	0	0	1.835
2	126	268	0	0	0	0	1.8375
3	126	267	0	0	0	0	1.84
5	125	267	1	0	0	0	1.8425
2	128	267	0	0	0	0	1.845
1	129	267	0	0	0	0	1.8475
1	129	267	0	0	0	0	1.85
0	129	268	0	0	0	0	1.8525
3	129	265	0	0	0	0	1.855
2	130	265	0	0	0	0	1.8575
2	130	265	0	0	0	0	1.86
2	131	264	0	0	0	0	1.8625
1	132	264	0	0	0	0	1.865
1	132	264	0	0	0	0	1.8675
0	133	264	0	0	0	0	1.87
0	132	265	0	0	0	0	1.8725
1	132	264	0	0	0	0	1.875
0	133	264	0	0	0	0	1.8775
0	131	266	0	0	0	0	1.88
0	130	267	0	0	0	0	1.8825
0	130	267	0	0	0	0	1.885
0	130	267	0	0	0	0	1.8875
0	129	268	0	0	0	0	1.89
0	128	269	0	0	0	0	1.8925
1	128	268	0	0	0	0	1.895
1	128	268	0	0	0	0	1.8975
1	126	270	0	0	0	0	1.9
1	126	270	0	0	0	0	1.9025
0	127	270	0	0	0	0	1.905
0	127	270	0	0	0	0	1.9075
1	127	269	0	0	0	0	1.91
1	128	268	0	0	0	0	1.9125
1	128	268	0	0	0	0	1.915
1	128	268	0	0	0	0	1.9175
1	128	268	0	0	0	0	1.92
1	128	268	0	0	0	0	1.9225
1	128	268	0	0	0	0	1.925
2	128	267	0	0	0	0	1.9275
0	130	267	0	0	0	0	1.93
1	130	266	0	0	0	0	1.9325
1	130	266	0	0	0	0	1.935
0	131	266	0	0	0	0	1.9375
0	131	266	0	0	0	0	1.94
0	130	267	0	0	0	0	1.9425
0	129	268	0	0	0	0	1.945
0	128	269	0	0	0	0	1.9475
1	128	268	0	0	0	0	1.95
0	129	268	0	0	0	0	1.9525
0	129	268	0	0	0	0	1.955
0	128	269	0	0	0	0	1.9575
1	128	268	0	0	0	0	1.96
0	129	268	0	0	0	0	1.9625
0	129	268	0	0	0	0	1.965
1	128	268	0	0	0	0	1.9675
0	128	269	0	0	0	0	1.97
0	128	269	0	0	0	0	1.9725
0	128	269	0	0	0	0	1.975
1	128	268	0	0	0	0	1.9775
1	128	268	0	0	0	0	1.98
1	127	269	0	0	0	0	1.9825
0	127	270	0	0	0	0	1.985
0	127	270	0	0	0	0	1.9875
0	126	271	0	0	0	0	1.99
0	126	271	0	0	0	0	1.9925
0	126	271	0	0	0	0	1.995
0	126	271	0	0	0	0	1.9975
0	126	271	0	0	0	0	2
0	126	271	0	0	0	0	2.0025
1	126	270	0	0	0	0	2.005
0	125	272	0	0	0	0	2.0075
0	125	272	0	0	0	0	2.01
0	125	272	0	0	0	0	2.0125
0	124	273	0	0	0	0	2.015
1	124	272	0	0	0	0	2.0175
0	125	272	0	0	0	0	2.02
0	125	272	0	0	0	0	2.0225
0	125	272	0	0	0	0	2.025
0	124	273	0	0	0	0	2.0275
1	124	272	0	0	0	0	2.03
0	124	273	0	0	0	0	2.0325
1	124	272	0	0	0	0	2.035
1	125	271	0	0	0	0	2.0375
1	126	270	0	0	0	0	2.04
1	126	270	0	0	0	0	2.0425
1	126	270	0	0	0	0	2.045
3	126	268	0	0	0	0	2.0475
3	125	269	0	0	0	0	2.05
3	126	268	0	0	0	0	2.0525
1	128	268	0	0	0	0	2.055
1	128	268	0	0	0	0	2.0575
1	128	268	0	0	0	0	2.06
1	128	268	0	0	0	0	2.0625
0	129	268	0	0	0	0	2.065
0	129	268	0	0	0	0	2.0675
0	129	268	0	0	0	0	2.07
0	129	268	0	0	0	0	2.0725
1	129	267	0	0	0	0	2.075
1	129	267	0	0	0	0	2.0775
1	129	267	0	0	0	0	2.08
0	129	268	0	0	0	0	2.0825
1	129	267	0	0	0	0	2.085
0	130	267	0	0	0	0	2.0875
0	129	268	0	0	0	0	2.09
0	129	268	0	0	0	0	2.0925
0	129	268	0	0	0	0	2.095
0	128	269	0	0	0	0	2.0975
0	128	269	0	0	0	0	2.1
0	128	269	0	0	0	0	2.1025
0	128	269	0	0	0	0	2.105
0	128	269	0	0	0	0	2.1075
0	128	269	0	0	0	0	2.11
0	127	270	0	0	0	0	2.1125
0	126	271	0	0	0	0	2.115
0	126	271	0	0	0	0	2.1175
0	126	271	0	0	0	0	2.12
0	126	271	0	0	0	0	2.1225
1	126	270	0	0	0	0	2.125
1	126	270	0	0	0	0	2.1275
3	126	268	0	0	0	0	2.13
3	125	269	0	0	0	0	2.1325
2	125	270	0	0	0	0	2.135
1	126	270	0	0	0	0	2.1375
0	126	271	0	0	0	0	2.14
0	125	272	0	0	0	0	2.1425
0	125	272	0	0	0	0	2.145
0	125	272	0	0	0	0	2.1475
1	124	272	0	0	0	0	2.15
0	125	272	0	0	0	0	2.1525
0	125	272	0	0	0	0	2.155
0	125	272	0	0	0	0	2.1575
0	124	273	0	0	0	0	2.16
0	124	273	0	0	0	0	2.1625
0	124	273	0	0	0	0	2.165
0	124	273	0	0	0	0	2.1675
0	124	272	0	1	0	0	2.17
0	124	272	0	0	0	0	2.1725
0	124	272	0	0	0	0	2.175
0	123	273	0	0	0	0	2.1775
0	123	273	0	0	0	0	2.18
0	123	273	0	0	0	0	2.1825
0	123	273	0	0	0	0	2.185
0	123	273	0	0	0	0	2.1875
1	123	272	0	0	0	0	2.19
0	124	272	0	0	0	0	2.1925
1	123	272	0	0	0	0	2.195
2	123	271	0	0	0	0	2.1975
2	123	271	0	0	0	0	2.2
3	123	270	0	0	0	0	2.2025
3	123	270	0	0	0	0	2.205
3	123	270	0	0	0	0	2.2075
2	124	270	0	0	0	0	2.21
2	124	269	0	1	0	0	2.2125
3	124	268	0	0	0	0	2.215
3	124	268	0	0	0	0	2.2175
3	124	268	0	0	0	0	2.22
3	124	268	0	0	0	0	2.2225
3	123	269	0	0	0	0	2.225
3	123	269	0	0	0	0	2.2275
2	124	269	0	0	0	0	2.23
1	124	270	0	0	0	0	2.2325
1	124	270	0	0	0	0	2.235
1	124	270	0	0	0	0	2.2375
1	123	271	0	0	0	0	2.24
2	121	272	0	0	0	0	2.2425
2	120	273	0	0	0	0	2.245
2	119	274	0	0	0	0	2.2475
2	119	274	0	0	0	0	2.25
2	119	274	0	0	0	0	2.2525
2	117	276	0	0	0	0	2.255
3	117	275	0	0	0	0	2.2575
3	116	276	0	0	0	0	2.26
4	116	275	0	0	0	0	2.2625
4	116	275	0	0	0	0	2.265
4	116	275	0	0	0	0	2.2675
4	116	275	0	0	0	0	2.27
5	116	274	0	0	0	0	2.2725
5	116	274	0	0	0	0	2.275
5	115	275	0	0	0	0	2.2775
5	115	275	0	0	0	0	2.28
5	114	276	0	0	0	0	2.2825
6	114	275	0	0	0	0	2.285
6	114	275	0	0	0	0	2.2875
6	113	276	0	0	0	0	2.29
6	113	276	0	0	0	0	2.2925
6	112	277	0	0	0	0	2.295
6	112	277	0	0	0	0	2.2975
6	111	278	0	0	0	0	2.3
6	111	278	0	0	0	0	2.3025
6	111	278	0	0	0	0	2.305
7	111	277	0	0	0	0	2.3075
7	110	278	0	0	0	0	2.31
6	109	280	0	0	0	1	2.3125
6	107	282	0	0	0	0	2.315
6	107	282	0	0	0	0	2.3175
6	106	283	0	0	0	0	2.32
6	106	283	0	0	0	0	2.3225
6	106	283	0	0	0	0	2.325
7	106	282	0	0	0	0	2.3275
7	106	282	0	0	0	0	2.33
10	106	279	0	0	0	0	2.3325
10	104	281	0	0	0	0	2.335
10	104	281	0	0	0	0	2.3375
10	104	281	0	0	0	0	2.34
10	103	282	0	0	0	0	2.3425
10	103	282	0	0	0	0	2.345
10	103	282	0	0	0	0	2.3475
10	102	283	0	0	0	0	2.35
10	102	283	0	0	0	0	2.3525
10	102	283	0	0	0	0	2.355
10	102	283	0	0	0	0	2.3575
11	102	282	0	0	0	0	2.36
11	102	282	0	0	0	0	2.3625
11	102	282	0	0	0	0	2.365
12	102	281	0	0	0	0	2.3675
14	102	279	0	0	0	0	2.37
14	101	280	0	0	0	0	2.3725
15	101	279	0	0	0	0	2.375
16	101	278	0	0	0	0	2.3775
16	101	278	0	0	0	0	2.38
16	101	278	0	0	0	0	2.3825
18	101	276	0	0	0	0	2.385
18	101	276	0	0	0	0	2.3875
18	101	276	0	0	0	0	2.39
17	100	278	0	0	0	1	2.3925
17	100	278	0	0	0	0	2.395
17	100	278	0	0	0	0	2.3975
18	100	277	0	0	0	0	2.4
18	100	277	0	0	0	0	2.4025
18	100	277	0	0	0	0	2.405
20	100	275	0	0	0	0	2.4075
20	100	275	0	0	0	0	2.41
20	100	275	0	0	0	0	2.4125
20	100	275	0	0	0	0	2.415
21	99	275	0	0	0	0	2.4175
22	99	274	0	0	0	0	2.42
23	99	273	0	0	0	0	2.4225
23	99	273	0	0	0	0	2.425
24	99	272	0	0	0	0	2.4275
24	99	272	0	0	0	0	2.43
24	98	273	0	0	0	0	2.4325
24	98	273	0	0	0	0	2.435
25	96	274	0	0	0	1	2.4375
25	96	274	0	0	0	0	2.44
25	96	274	0	0	0	0	2.4425
25	95	275	0	0	0	0	2.445
27	95	273	0	0	0	0	2.4475
26	94	275	0	0	0	1	2.45
26	94	275	0	0	0	0	2.4525
26	94	275	0	0	0	0	2.455
26	92	277	0	0	0	0	2.4575
27	91	277	0	0	0	0	2.46
28	91	276	0	0	0	0	2.4625
28	91	276	0	0	0	0	2.465
28	91	276	0	0	0	0	2.4675
29	91	275	0	0	0	0	2.47
28	91	276	0	0	0	1	2.4725
27	91	277	0	0	0	1	2.475
27	91	277	0	0	0	0	2.4775
27	91	277	0	0	0	0	2.48
28	91	276	0	0	0	0	2.4825
28	90	277	0	0	0	0	2.485
29	90	276	0	0	0	0	2.4875
29	89	277	0	0	0	0	2.49
28	89	278	0	0	0	1	2.4925
28	89	278	0	0	0	0	2.495
28	88	279	0	0	0	0	2.4975
28	87	280	0	0	0	0	2.5
28	87	280	0	0	0	0	2.5025
28	87	280	0	0	0	1	2.505
28	87	280	0	0	0	0	2.5075
28	87	280	0	0	0	0	2.51
29	87	279	0	0	0	0	2.5125
29	87	279	0	0	0	0	2.515
29	86	280	0	0	0	0	2.5175
29	86	280	0	0	0	0	2.52
29	86	280	0	0	0	0	2.5225
30	85	280	0	0	0	0	2.525
31	85	279	0	0	0	0	2.5275
32	85	278	0	0	0	0	2.53
32	85	278	0	0	0	0	2.5325
32	85	278	0	0	0	0	2.535
32	83	280	0	0	0	0	2.5375
33	83	279	0	0	0	0	2.54
33	83	279	0	0	0	0	2.5425
32	83	280	0	0	0	1	2.545
33	82	280	0	0	0	0	2.5475
34	81	280	0	0	0	0	2.55
33	81	281	0	0	0	1	2.5525
34	81	280	0	0	0	0	2.555
34	81	280	0	0	0	0	2.5575
34	81	280	0	0	0	0	2.56
36	80	279	0	0	0	0	2.5625
37	79	279	0	0	0	0	2.565
37	79	279	0	0	0	0	2.5675
37	79	279	0	0	0	0	2.57
36	79	280	0	0	0	1	2.5725
36	79	280	0	0	0	0	2.575
36	79	280	0	0	0	0	2.5775
36	79	280	0	0	0	0	2.58
36	78	281	0	0	0	0	2.5825
36	77	282	0	0	0	0	2.585
36	77	282	0	0	0	0	2.5875
36	77	282	0	0	0	0	2.59
35	77	283	0	0	0	1	2.5925
36	77	282	0	0	0	0	2.595
36	77	282	0	0	0	0	2.5975
36	77	282	0	0	0	0	2.6
36	76	283	0	0	0	0	2.6025
34	76	285	0	0	0	2	2.605
36	76	283	0	0	0	0	2.6075
36	75	284	0	0	0	0	2.61
36	75	284	0	0	0	0	2.6125
36	74	285	0	0	0	0	2.615
36	73	286	0	0	0	0	2.6175
36	72	287	0	0	0	0	2.62
36	71	288	0	0	0	0	2.6225
36	71	288	0	0	0	0	2.625
36	71	288	0	0	0	0	2.6275
35	70	290	0	0	0	1	2.63
35	69	291	0	0	0	0	2.6325
35	68	291	0	0	1	0	2.635
36	67	291	0	0	0	0	2.6375
34	67	293	0	0	0	2	2.64
35	67	292	0	0	0	0	2.6425
35	67	292	0	0	0	0	2.645
36	67	291	0	0	0	0	2.6475
36	66	292	0	0	0	0	2.65
35	66	293	0	0	0	2	2.6525
35	66	293	0	0	0	0	2.655
35	66	293	0	0	0	0	2.6575
34	66	294	0	0	0	1	2.66
33	65	296	0	0	0	1	2.6625
33	65	296	0	0	0	0	2.665
33	65	296	0	0	0	0	2.6675
34	65	295	0	0	0	0	2.67
35	65	294	0	0	0	0	2.6725
35	65	294	0	0	0	0	2.675
36	65	293	0	0	0	0	2.6775
36	65	293	0	0	0	0	2.68
36	64	294	0	0	0	0	2.6825
36	64	294	0	0	0	0	2.685
37	64	293	0	0	0	0	2.6875
37	64	293	0	0	0	0	2.69
37	64	293	0	0	0	1	2.6925
37	64	293	0	0	0	0	2.695
38	64	292	0	0	0	0	2.6975
38	64	292	0	0	0	0	2.7
38	64	292	0	0	0	0	2.7025
39	64	291	0	0	0	0	2.705
39	64	291	0	0	0	0	2.7075
38	64	292	0	0	0	1	2.71
39	64	291	0	0	0	0	2.7125
40	63	291	0	0	0	0	2.715
41	63	290	0	0	0	0	2.7175
41	63	290	0	0	0	0	2.72
41	63	290	0	0	0	0	2.7225
41	63	290	0	0	0	0	2.725
41	63	290	0	0	0	0	2.7275
41	63	290	0	0	0	0	2.73
42	63	289	0	0	0	0	2.7325
42	63	289	0	0	0	0	2.735
42	63	289	0	0	0	0	2.7375
43	63	288	0	0	0	0	2.74
43	63	288	0	0	0	0	2.7425
42	62	290	0	0	0	1	2.745
42	62	290	0	0	0	0	2.7475
43	62	289	0	0	0	0	2.75
44	62	288	0	0	0	0	2.7525
42	63	289	0	0	0	1	2.755
42	63	289	0	0	0	0	2.7575
42	63	289	0	0	0	0	2.76
41	63	290	0	0	0	1	2.7625
40	65	289	0	0	0	0	2.765
40	66	288	0	0	0	0	2.7675
39	67	288	0	0	0	0	2.77
38	69	287	0	0	0	0	2.7725
35	72	287	0	0	0	0	2.775
31	76	287	0	0	0	0	2.7775
29	78	287	0	0	0	0	2.78
29	78	287	0	0	0	0	2.7825
28	80	286	0	0	0	0	2.785
25	83	286	0	0	0	0	2.7875
22	87	285	0	0	0	0	2.79
21	89	284	0	0	0	0	2.7925
16	93	285	0	0	0	1	2.795
15	94	285	0	0	0	0	2.7975
12	97	285	0	0	0	0	2.8
9	100	285	0	0	0	0	2.8025
7	103	284	0	0	0	0	2.805
7	104	283	0	0	0	0	2.8075
6	105	283	0	0	0	0	2.81
5	106	283	0	0	0	0	2.8125
4	107	283	0	0	0	0	2.815
4	108	282	0	0	0	0	2.8175
5	108	281	0	0	0	0	2.82
6	108	280	0	0	0	0	2.8225
6	108	280	0	0	0	0	2.825
3	110	281	0	0	0	0	2.8275
2	111	281	0	0	0	0	2.83
2	111	281	0	0	0	0	2.8325
2	110	282	0	0	0	0	2.835
1	111	282	0	0	0	0	2.8375
0	111	282	0	1	0	0	2.84
0	111	282	0	0	0	0	2.8425
0	111	282	0	0	0	0	2.845
3	109	281	0	0	0	0	2.8475
2	110	281	0	0	0	0	2.85
0	112	281	0	0	0	0	2.8525
0	112	281	0	0	0	0	2.855
2	111	280	0	0	0	0	2.8575
1	112	280	0	0	0	0	2.86
1	112	280	0	0	0	0	2.8625
2	112	279	0	0	0	0	2.865
1	111	281	0	0	0	1	2.8675
1	111	281	0	0	0	0	2.87
1	110	282	0	0	0	0	2.8725
1	110	282	0	0	0	0	2.875
3	109	282	1	0	0	0	2.8775
4	109	282	1	0	0	0	2.88
3	110	282	0	0	0	0	2.8825
2	111	282	0	0	0	0	2.885
2	112	281	0	0	0	0	2.8875
1	112	282	0	0	0	0	2.89
1	111	283	0	0	0	0	2.8925
1	111	283	0	0	0	0	2.895
0	112	283	0	0	0	0	2.8975
0	111	284	0	0	0	0	2.9
0	111	284	0	0	0	0	2.9025
0	110	285	0	0	0	0	2.905
1	110	284	0	0	0	0	2.9075
0	110	285	0	0	0	0	2.91
0	110	285	0	0	0	0	2.9125
0	110	285	0	0	0	0	2.915
1	109	285	0	0	0	0	2.9175
1	109	285	0	0	0	0	2.92
0	109	286	0	0	0	0	2.9225
1	109	285	0	0	0	0	2.925
0	110	285	0	0	0	0	2.9275
1	110	284	0	0	0	0	2.93
2	110	283	0	0	0	0	2.9325
1	112	282	0	0	0	0	2.935
1	111	283	0	0	0	0	2.9375
1	111	283	0	0	0	0	2.94
0	112	283	0	0	0	0	2.9425
1	111	283	0	0	0	0	2.945
1	112	282	0	0	0	0	2.9475
1	111	283	0	0	0	0	2.95
1	112	282	0	0	0	0	2.9525
1	113	281	0	0	0	0	2.955
1	114	280	0	0	0	0	2.9575
1	114	280	0	0	0	0	2.96
0	114	281	0	0	0	0	2.9625
0	114	281	0	0	0	0	2.965
0	114	281	0	0	0	0	2.9675
0	114	281	0	0	0	0	2.97
0	112	283	0	0	0	0	2.9725
0	112	283	0	0	0	0	2.975
0	112	283	0	0	0	0	2.9775
0	112	283	0	0	0	0	2.98
0	110	285	0	0	0	0	2.9825
2	109	284	0	0	0	0	2.985
0	111	284	0	0	0	0	2.9875
3	111	281	0	0	0	0	2.99
0	114	281	0	0	0	0	2.9925
0	114	281	0	0	0	0	2.995
0	114	281	0	0	0	0	2.9975
0	114	281	0	0	0	0	3
0	113	282	0	0	0	0	3.0025
0	113	282	0	0	0	0	3.005
0	112	283	0	0	0	0	3.0075
0	112	283	0	0	0	0	3.01
0	112	283	0	0	0	0	3.0125
2	112	281	0	0	0	0	3.015
2	112	281	0	0	0	0	3.0175
2	111	282	0	0	0	0	3.02
1	113	281	0	0	0	0	3.0225
0	114	281	0	0	0	0	3.025
0	114	281	0	0	0	0	3.0275
0	114	281	0	0	0	0	3.03
0	113	282	0	0	0	0	3.0325
0	113	282	0	0	0	0	3.035
2	113	280	0	0	0	0	3.0375
0	115	280	0	0	0	0	3.04
0	115	280	0	0	0	0	3.0425
1	113	281	0	0	0	0	3.045
0	114	281	0	0	0	0	3.0475
0	114	281	0	0	0	0	3.05
0	113	282	0	0	0	0	3.0525
0	113	282	0	0	0	0	3.055
0	113	282	0	0	0	0	3.0575
0	113	282	0	0	0	0	3.06
0	112	283	0	0	0	0	3.0625
0	112	283	0	0	0	0	3.065
1	112	282	0	0	0	0	3.0675
1	112	282	0	0	0	0	3.07
0	113	282	0	0	0	0	3.0725
0	112	283	0	0	0	0	3.075
0	112	283	0	0	0	0	3.0775
1	112	282	0	0	0	0	3.08
1	112	282	0	0	0	0	3.0825
0	112	283	0	0	0	0	3.085
0	111	284	0	0	0	0	3.0875
0	111	284	0	0	0	0	3.09
1	111	283	0	0	0	0	3.0925
1	112	282	0	0	0	0	3.095
0	113	282	0	0	0	0	3.0975
0	113	282	0	0	0	0	3.1
0	113	282	0	0	0	0	3.1025
0	113	282	0	0	0	0	3.105
0	113	282	0	0	0	0	3.1075
1	112	282	0	0	0	0	3.11
1	112	282	0	0	0	0	3.1125
0	113	282	0	0	0	0	3.115
0	113	282	0	0	0	0	3.1175
0	113	282	0	0	0	0	3.12
0	112	283	0	0	0	0	3.1225
0	112	283	0	0	0	0	3.125
0	112	283	0	0	0	0	3.1275
0	112	283	0	0	0	0	3.13
0	112	283	0	0	0	0	3.1325
0	110	285	0	0	0	0	3.135
0	110	285	0	0	0	0	3.1375
0	110	285	0	0	0	0	3.14
0	110	285	0	0	0	0	3.1425
1	110	284	0	0	0	0	3.145
0	111	284	0	0	0	0	3.1475
0	111	284	0	0	0	0	3.15
1	111	283	0	0	0	0	3.1525
1	110	284	0	0	0	0	3.155
1	110	284	0	0	0	0	3.1575
1	109	285	0	0	0	0	3.16
0	109	286	0	0	0	0	3.1625
0	109	286	0	0	0	0	3.165
0	108	287	0	0	0	0	3.1675
0	107	288	0	0	0	0	3.17
0	107	288	0	0	0	0	3.1725
0	107	288	0	0	0	0	3.175
0	107	288	0	0	0	0	3.1775
1	107	287	0	0	0	0	3.18
1	106	288	0	0	0	0	3.1825
2	106	288	1	0	0	0	3.185
5	106	285	0	0	0	0	3.1875
5	108	283	0	0	0	0	3.19
5	109	282	0	0	0	0	3.1925
3	111	282	0	0	0	0	3.195
3	111	282	0	0	0	0	3.1975
3	110	283	0	0	0	0	3.2
3	110	283	0	0	0	0	3.2025
3	109	284	0	0	0	0	3.205
3	109	284	0	0	0	0	3.2075
3	109	284	0	0	0	0	3.21
2	109	285	0	0	0	0	3.2125
1	108	287	0	0	0	0	3.215
2	108	286	0	0	0	0	3.2175
3	108	285	0	0	0	0	3.22
1	110	285	0	0	0	0	3.2225
3	110	283	0	0	0	0	3.225
3	110	283	0	0	0	0	3.2275
4	110	282	0	0	0	0	3.23
4	110	282	0	0	0	0	3.2325
5	109	282	0	0	0	0	3.235
6	109	282	1	0	0	0	3.2375
6	110	281	0	0	0	0	3.24
6	110	281	0	0	0	0	3.2425
5	111	281	0	0	0	0	3.245
5	111	281	0	0	0	0	3.2475
4	112	281	0	0	0	0	3.25
4	112	281	0	0	0	0	3.2525
4	112	281	0	0	0	0	3.255
4	112	281	0	0	0	0	3.2575
4	112	281	0	0	0	0	3.26
4	110	283	0	0	0	0	3.2625
6	110	281	0	0	0	0	3.265
6	108	283	0	0	0	0	3.2675
6	107	283	0	1	0	0	3.27
6	105	285	0	0	0	0	3.2725
6	105	285	0	0	0	0	3.275
6	105	285	0	0	0	0	3.2775
5	105	286	0	0	0	1	3.28
5	105	286	0	0	0	0	3.2825
5	105	286	0	0	0	0	3.285
6	105	285	0	0	0	0	3.2875
6	105	285	0	0	0	0	3.29
6	105	285	0	0	0	0	3.2925
6	105	285	0	0	0	0	3.295
6	104	286	0	0	0	0	3.2975
7	104	285	0	0	0	0	3.3
10	104	283	1	0	0	0	3.3025
10	104	283	0	0	0	0	3.305
10	103	284	0	0	0	0	3.3075
10	103	284	0	0	0	0	3.31
10	103	284	0	0	0	0	3.3125
10	103	284	0	0	0	0	3.315
11	103	283	0	0	0	0	3.3175
11	103	283	0	0	0	0	3.32
11	102	284	0	0	0	0	3.3225
11	101	285	0	0	0	0	3.325
11	100	286	0	0	0	0	3.3275
12	100	285	0	0	0	0	3.33
12	99	286	0	0	0	0	3.3325
12	99	286	0	0	0	0	3.335
12	99	286	0	0	0	0	3.3375
12	99	286	0	0	0	0	3.34
12	99	286	0	0	0	0	3.3425
12	99	286	0	0	0	0	3.345
11	98	288	0	0	0	1	3.3475
11	98	288	0	0	0	0	3.35
11	97	289	0	0	0	0	3.3525
12	97	288	0	0	0	0	3.355
12	96	289	0	0	0	0	3.3575
12	96	289	0	0	0	0	3.36
12	96	289	0	0	0	0	3.3625
13	96	288	0	0	0	0	3.365
14	96	287	0	0	0	0	3.3675
15	96	286	0	0	0	0	3.37
15	96	286	0	0	0	0	3.3725
16	96	285	0	0	0	0	3.375
16	96	285	0	0	0	0	3.3775
16	96	285	0	0	0	0	3.38
17	95	285	0	0	0	0	3.3825
17	95	285	0	0	0	0	3.385
17	94	286	0	0	0	0	3.3875
18	94	285	0	0	0	0	3.39
18	94	285	0	0	0	0	3.3925
19	94	285	1	0	0	0	3.395
19	93	286	0	0	0	0	3.3975
19	93	286	0	0	0	0	3.4
19	92	287	0	0	0	0	3.4025
19	92	287	0	0	0	0	3.405
19	92	287	0	0	0	0	3.4075
19	92	287	0	0	0	0	3.41
19	92	287	0	0	0	0	3.4125
19	92	287	0	0	0	0	3.415
19	92	287	0	0	0	0	3.4175
19	92	287	0	0	0	0	3.42
19	92	287	0	0	0	0	3.4225
19	92	287	0	0	0	0	3.425
19	92	287	0	0	0	0	3.4275
17	92	289	0	0	0	2	3.43
17	92	289	0	0	0	0	3.4325
17	92	289	0	0	0	0	3.435
17	92	289	0	0	0	0	3.4375
18	92	288	0	0	0	0	3.44
18	92	288	0	0	0	0	3.4425
17	92	289	0	0	0	1	3.445
18	92	288	0	0	0	0	3.4475
19	92	287	0	0	0	0	3.45
18	92	288	0	0	0	1	3.4525
18	92	288	0	0	0	0	3.455
19	92	287	0	0	0	0	3.4575
20	92	286	0	0	0	0	3.46
18	92	288	0	0	0	2	3.4625
18	91	289	0	0	0	0	3.465
18	90	290	0	0	0	0	3.4675
18	90	290	0	0	0	0	3.47
18	89	291	0	0	0	0	3.4725
18	89	291	0	0	0	0	3.475
19	89	290	0	0	0	0	3.4775
19	89	290	0	0	0	0	3.48
19	89	290	0	0	0	0	3.4825
19	89	290	0	0	0	0	3.485
19	88	291	0	0	0	0	3.4875
19	88	291	0	0	0	0	3.49
19	88	291	0	0	0	0	3.4925
19	87	292	0	0	0	0	3.495
20	87	291	0	0	0	0	3.4975
20	87	291	0	0	0	0	3.5
20	87	291	0	0	0	0	3.5025
21	87	290	0	0	0	0	3.505
21	87	290	0	0	0	0	3.5075
22	87	289	0	0	0	0	3.51
22	87	289	0	0	0	0	3.5125
21	87	290	0	0	0	1	3.515
22	86	290	0	0	0	0	3.5175
22	86	290	0	0	0	0	3.52
22	85	291	0	0	0	0	3.5225
21	85	292	0	0	0	1	3.525
21	85	292	0	0	0	0	3.5275
21	85	292	0	0	0	0	3.53
21	85	292	0	0	0	0	3.5325
22	85	291	0	0	0	0	3.535
22	85	291	0	0	0	0	3.5375
23	85	290	0	0	0	0	3.54
23	85	290	0	0	0	0	3.5425
25	84	289	0	0	0	0	3.545
25	83	290	0	0	0	0	3.5475
26	82	290	0	0	0	0	3.55
26	82	290	0	0	0	0	3.5525
26	82	290	0	0	0	0	3.555
26	80	291	0	1	0	0	3.5575
26	80	291	0	0	0	0	3.56
26	80	291	0	0	0	0	3.5625
27	80	290	0	0	0	0	3.565
28	80	289	0	0	0	0	3.5675
26	80	291	0	0	0	2	3.57
29	80	288	0	0	0	0	3.5725
29	80	288	0	0	0	0	3.575
29	80	288	0	0	0	0	3.5775
30	80	287	0	0	0	0	3.58
31	79	287	0	0	0	0	3.5825
31	79	287	0	0	0	0	3.585
31	79	287	0	0	0	0	3.5875
31	78	288	0	0	0	0	3.59
32	78	287	0	0	0	0	3.5925
32	78	287	0	0	0	0	3.595
32	78	287	0	0	0	0	3.5975
33	78	286	0	0	0	0	3.6
32	78	287	0	0	0	1	3.6025
31	78	288	0	0	0	1	3.605
31	78	288	0	0	0	0	3.6075
31	77	289	0	0	0	0	3.61
31	77	289	0	0	0	0	3.6125
32	77	288	0	0	0	0	3.615
32	76	289	0	0	0	0	3.6175
32	76	289	0	0	0	0	3.62
32	75	290	0	0	0	0	3.6225
32	75	290	0	0	0	0	3.625
31	75	291	0	0	0	1	3.6275
32	75	290	0	0	0	1	3.63
32	75	290	0	0	0	0	3.6325
33	75	289	0	0	0	0	3.635
33	75	289	0	0	0	0	3.6375
33	75	289	0	0	0	0	3.64
33	75	289	0	0	0	0	3.6425
33	75	289	0	0	0	0	3.645
32	75	290	0	0	0	1	3.6475
32	75	290	0	0	0	0	3.65
32	75	290	0	0	0	0	3.6525
32	75	290	0	0	0	0	3.655
32	75	290	0	0	0	0	3.6575
32	75	290	0	0	0	0	3.66
31	75	291	0	0	0	1	3.6625
31	75	291	0	0	0	0	3.665
31	75	291	0	0	0	0	3.6675
32	75	290	0	0	0	0	3.67
33	75	289	0	0	0	0	3.6725
33	75	289	0	0	0	0	3.675
34	75	288	0	0	0	0	3.6775
34	75	288	0	0	0	1	3.68
34	75	288	0	0	0	0	3.6825
35	75	287	0	0	0	0	3.685
35	75	287	0	0	0	0	3.6875
35	75	287	0	0	0	0	3.69
35	75	287	0	0	0	0	3.6925
35	75	287	0	0	0	0	3.695
35	75	287	0	0	0	0	3.6975
34	74	289	0	0	0	1	3.7
35	74	288	0	0	0	0	3.7025
35	74	288	0	0	0	0	3.705
35	74	288	0	0	0	0	3.7075
34	73	290	0	0	0	1	3.71
35	73	289	0	0	0	0	3.7125
35	73	289	0	0	0	0	3.715
35	73	289	0	0	0	0	3.7175
34	73	290	0	0	0	1	3.72
33	72	292	0	0	0	1	3.7225
33	72	292	0	0	0	0	3.725
34	72	291	0	0	0	0	3.7275
33	72	292	0	0	0	1	3.73
33	72	292	0	0	0	0	3.7325
33	72	292	0	0	0	0	3.735
33	72	292	0	0	0	0	3.7375
34	72	291	0	0	0	0	3.74
35	72	290	0	0	0	0	3.7425
33	72	292	0	0	0	2	3.745
33	72	292	0	0	0	0	3.7475
33	72	292	0	0	0	1	3.75
35	72	290	0	0	0	0	3.7525
35	72	290	0	0	0	0	3.755
34	73	290	0	0	0	0	3.7575
33	74	290	0	0	0	0	3.76
33	75	289	0	0	0	0	3.7625
32	76	289	0	0	0	0	3.765
31	77	289	0	0	0	0	3.7675
30	77	290	0	0	0	0	3.77
29	78	290	0	0	0	0	3.7725
27	80	290	0	0	0	0	3.775
25	82	290	0	0	0	1	3.7775
24	83	290	0	0	0	1	3.78
21	86	290	0	0	0	0	3.7825
19	88	290	0	0	0	0	3.785
16	89	292	0	0	0	1	3.7875
15	90	292	0	0	0	0	3.79
13	92	292	0	0	0	0	3.7925
12	93	292	0	0	0	0	3.795
12	94	291	0	0	0	0	3.7975
9	97	291	0	0	0	0	3.8
8	98	291	0	0	0	0	3.8025
7	99	291	0	0	0	0	3.805
7	100	290	0	0	0	0	3.8075
8	100	290	1	0	0	0	3.81
6	102	290	0	0	0	0	3.8125
6	102	290	0	0	0	0	3.815
6	103	289	0	0	0	0	3.8175
6	103	289	0	0	0	0	3.82
2	107	289	0	0	0	0	3.8225
2	108	288	0	0	0	0	3.825
3	108	287	0	0	0	0	3.8275
3	107	288	0	0	0	0	3.83
3	109	286	0	0	0	0	3.8325
3	109	286	0	0	0	0	3.835
2	110	286	0	0	0	0	3.8375
0	111	287	0	0	0	0	3.84
0	111	287	0	0	0	0	3.8425
0	111	287	0	0	0	0	3.845
0	111	287	0	0	0	0	3.8475
0	110	288	0	0	0	0	3.85
0	110	288	0	0	0	0	3.8525
1	109	288	0	0	0	0	3.855
0	110	288	0	0	0	0	3.8575
1	110	287	0	0	0	0	3.86
1	110	287	0	0	0	0	3.8625
0	111	287	0	0	0	0	3.865
0	110	288	0	0	0	0	3.8675
0	109	289	0	0	0	0	3.87
0	109	289	0	0	0	0	3.8725
0	109	289	0	0	0	0	3.875
0	109	289	0	0	0	0	3.8775
0	108	290	0	0	0	0	3.88
0	108	290	0	0	0	0	3.8825
0	108	290	0	0	0	0	3.885
1	108	289	0	0	0	0	3.8875
0	109	289	0	0	0	0	3.89
0	108	290	0	0	0	0	3.8925
1	108	289	0	0	0	0	3.895
0	109	289	0	0	0	0	3.8975
0	109	289	0	0	0	0	3.9
1	109	288	0	0	0	0	3.9025
0	110	288	0	0	0	0	3.905
0	109	289	0	0	0	0	3.9075
1	108	289	0	0	0	0	3.91
0	109	289	0	0	0	0	3.9125
0	109	289	0	0	0	0	3.915
0	109	289	0	0	0	0	3.9175
2	108	288	0	0	0	0	3.92
2	108	288	0	0	0	0	3.9225
2	108	288	0	0	0	0	3.925
1	109	288	0	0	0	0	3.9275
2	109	287	0	0	0	0	3.93
4	110	284	0	0	0	0	3.9325
2	112	284	0	0	0	0	3.935
2	112	284	0	0	0	0	3.9375
2	112	284	0	0	0	0	3.94
1	113	284	0	0	0	0	3.9425
1	114	283	0	0	0	0	3.945
1	114	283	0	0	0	0	3.9475
1	113	284	0	0	0	0	3.95
1	112	285	0	0	0	0	3.9525
0	112	286	0	0	0	0	3.955
0	112	286	0	0	0	0	3.9575
0	112	286	0	0	0	0	3.96
0	112	286	0	0	0	0	3.9625
1	112	285	0	0	0	0	3.965
2	112	284	0	0	0	0	3.9675
2	111	285	0	0	0	0	3.97
1	111	286	0	0	0	0	3.9725
0	112	286	0	0	0	0	3.975
2	110	286	0	0	0	0	3.9775
1	111	286	0	0	0	0	3.98
2	111	286	1	0	0	0	3.9825
1	112	286	0	0	0	0	3.985
1	112	286	0	0	0	0	3.9875
0	113	286	0	0	0	0	3.99
0	112	287	0	0	0	0	3.9925
1	112	286	0	0	0	0	3.995
2	111	286	0	0	0	0	3.9975
1	113	285	0	0	0	0	4
2	110	287	0	0	0	0	4.0025
3	110	286	0	0	0	0	4.005
1	112	286	0	0	0	0	4.0075
1	112	286	0	0	0	0	4.01
0	113	286	0	0	0	0	4.0125
1	112	286	0	0	0	0	4.015
1	113	285	0	0	0	0	4.0175
0	114	285	0	0	0	0	4.02
0	114	285	0	0	0	0	4.0225
2	113	284	0	0	0	0	4.025
1	114	284	0	0	0	0	4.0275
1	115	283	0	0	0	0	4.03
1	115	283	0	0	0	0	4.0325
0	116	283	0	0	0	0	4.035
0	116	283	0	0	0	0	4.0375
1	116	282	0	0	0	0	4.04
1	116	282	0	0	0	0	4.0425
3	116	280	0	0	0	0	4.045
1	118	280	0	0	0	0	4.0475
2	118	279	0	0	0	0	4.05
2	119	278	0	0	0	0	4.0525
2	119	278	0	0	0	0	4.055
1	120	278	0	0	0	0	4.0575
1	120	278	0	0	0	0	4.06
2	121	276	0	0	0	0	4.0625
1	122	276	0	0	0	0	4.065
0	123	276	0	0	0	0	4.0675
0	123	276	0	0	0	0	4.07
0	123	276	0	0	0	0	4.0725
0	123	276	0	0	0	0	4.075
1	122	276	0	0	0	0	4.0775
2	123	274	0	0	0	0	4.08
3	123	273	0	0	0	0	4.0825
4	123	272	0	0	0	0	4.085
2	124	272	0	1	0	0	4.0875
0	126	272	0	0	0	0	4.09
1	126	271	0	0	0	0	4.0925
1	127	270	0	0	0	0	4.095
1	127	270	0	0	0	0	4.0975
1	126	271	0	0	0	0	4.1
1	127	270	0	0	0	0	4.1025
2	127	269	0	0	0	0	4.105
3	128	267	0	0	0	0	4.1075
3	129	266	0	0	0	0	4.11
1	131	266	0	0	0	0	4.1125
2	130	266	0	0	0	0	4.115
2	130	266	0	0	0	0	4.1175
4	129	265	0	0	0	0	4.12
4	129	265	0	0	0	0	4.1225
2	130	266	0	0	0	0	4.125
2	130	266	0	0	0	0	4.1275
2	129	267	0	0	0	0	4.13
2	130	266	0	0	0	0	4.1325
2	130	266	0	0	0	0	4.135
2	131	265	0	0	0	0	4.1375
1	132	265	0	0	0	0	4.14
0	133	265	0	0	0	0	4.1425
0	132	266	0	0	0	0	4.145
0	132	266	0	0	0	0	4.1475
1	131	266	0	0	0	0	4.15
0	132	266	0	0	0	0	4.1525
1	132	265	0	0	0	0	4.155
2	132	264	0	0	0	0	4.1575
2	133	263	0	0	0	0	4.16
2	133	263	0	0	0	0	4.1625
1	132	265	0	0	0	0	4.165
2	132	264	0	0	0	0	4.1675
2	133	263	0	0	0	0	4.17
2	133	263	0	0	0	0	4.1725
2	133	263	0	0	0	0	4.175
1	134	263	0	0	0	0	4.1775
1	134	263	0	0	0	0	4.18
0	134	264	0	0	0	0	4.1825
0	134	264	0	0	0	0	4.185
0	134	264	0	0	0	0	4.1875
0	134	264	0	0	0	0	4.19
0	134	264	0	0	0	0	4.1925
0	134	264	0	0	0	0	4.195
0	134	264	0	0	0	0	4.1975
1	134	263	0	0	0	0	4.2
1	134	263	0	0	0	0	4.2025
2	134	262	0	0	0	0	4.205
2	134	262	0	0	0	0	4.2075
2	134	262	0	0	0	0	4.21
2	133	263	0	0	0	0	4.2125
3	133	262	0	0	0	0	4.215
4	133	261	0	0	0	0	4.2175
2	135	261	0	0	0	0	4.22
1	136	261	0	0	0	0	4.2225
1	135	262	0	0	0	0	4.225
1	135	262	0	0	0	0	4.2275
1	135	262	0	0	0	0	4.23
1	135	262	0	0	0	0	4.2325
0	136	262	0	0	0	0	4.235
0	136	262	0	0	0	0	4.2375
0	136	262	0	0	0	0	4.24
0	135	263	0	0	0	0	4.2425
0	135	263	0	0	0	0	4.245
1	135	262	0	0	0	0	4.2475
1	135	262	0	0	0	0	4.25
1	135	262	0	0	0	0	4.2525
1	133	264	0	0	0	0	4.255
1	133	264	0	0	0	0	4.2575
1	133	264	0	0	0	0	4.26
1	131	266	0	0	0	0	4.2625
1	131	266	0	0	0	0	4.265
2	131	265	0	0	0	0	4.2675
2	131	265	0	0	0	0	4.27
2	131	265	0	0	0	0	4.2725
2	131	265	0	0	0	0	4.275
2	131	265	0	0	0	0	4.2775
2	131	265	0	0	0	0	4.28
2	131	265	0	0	0	0	4.2825
2	130	266	0	0	0	0	4.285
3	130	265	0	0	0	0	4.2875
4	129	265	0	0	0	0	4.29
4	129	265	0	0	0	0	4.2925
5	129	264	0	0	0	0	4.295
5	129	264	0	0	0	0	4.2975
5	129	264	0	0	0	0	4.3
5	129	264	0	0	0	0	4.3025
5	129	264	0	0	0	0	4.305
6	129	263	0	0	0	0	4.3075
7	129	263	1	0	0	0	4.31
7	129	263	0	0	0	0	4.3125
8	127	264	0	0	0	0	4.315
8	127	264	0	0	0	0	4.3175
10	126	263	0	0	0	0	4.32
10	126	263	0	0	0	1	4.3225
12	126	261	0	0	0	0	4.325
12	126	261	0	0	0	0	4.3275
12	126	261	0	0	0	0	4.33
13	126	260	0	0	0	0	4.3325
14	124	261	0	0	0	0	4.335
14	124	261	0	0	0	0	4.3375
14	124	261	0	0	0	0	4.34
15	123	261	0	0	0	0	4.3425
15	123	261	0	0	0	0	4.345
14	123	262	0	0	0	1	4.3475
15	123	261	0	0	0	0	4.35
15	123	261	0	0	0	0	4.3525
17	122	260	0	0	0	0	4.355
17	121	261	0	0	0	0	4.3575
17	121	261	0	0	0	0	4.36
18	121	260	0	0	0	0	4.3625
19	121	259	0	0	0	0	4.365
19	120	260	0	0	0	0	4.3675
20	120	259	0	0	0	0	4.37
20	120	259	0	0	0	0	4.3725
20	120	259	0	0	0	0	4.375
20	119	260	0	0	0	0	4.3775
20	117	262	0	0	0	0	4.38
20	115	264	0	0	0	0	4.3825
20	115	264	0	0	0	0	4.385
20	114	265	0	0	0	0	4.3875
22	114	263	0	0	0	0	4.39
22	114	263	0	0	0	0	4.3925
22	114	263	0	0	0	0	4.395
23	114	262	0	0	0	0	4.3975
23	114	262	0	0	0	0	4.4
24	113	262	0	0	0	0	4.4025
25	112	262	0	0	0	0	4.405
25	112	262	0	0	0	0	4.4075
25	112	262	0	0	0	0	4.41
24	111	264	0	0	0	1	4.4125
23	111	265	0	0	0	1	4.415
23	110	266	0	0	0	0	4.4175
23	110	266	0	0	0	0	4.42
23	110	266	0	0	0	0	4.4225
23	110	266	0	0	0	0	4.425
25	110	264	0	0	0	0	4.4275
25	110	264	0	0	0	0	4.43
27	110	262	0	0	0	0	4.4325
27	110	262	0	0	0	0	4.435
27	110	262	0	0	0	0	4.4375
29	110	261	1	0	0	0	4.44
29	110	261	0	0	0	0	4.4425
28	110	262	0	0	0	1	4.445
28	110	262	0	0	0	0	4.4475
28	109	263	0	0	0	0	4.45
28	109	262	0	1	0	0	4.4525
28	109	262	0	0	0	0	4.455
28	109	262	0	0	0	0	4.4575
28	109	262	0	0	0	0	4.46
28	108	263	0	0	0	0	4.4625
28	108	263	0	0	0	0	4.465
28	108	263	0	0	0	0	4.4675
28	108	263	0	0	0	0	4.47
28	108	263	0	0	0	0	4.4725
28	107	264	0	0	0	0	4.475
27	104	268	0	0	0	1	4.4775
27	103	269	0	0	0	0	4.48
27	103	269	0	0	0	0	4.4825
27	103	269	0	0	0	0	4.485
28	103	268	0	0	0	0	4.4875
28	103	268	0	0	0	0	4.49
28	101	270	0	0	0	0	4.4925
29	101	269	0	0	0	0	4.495
29	101	269	0	0	0	0	4.4975
29	101	269	0	0	0	1	4.5
29	100	270	0	0	0	1	4.5025
29	100	270	0	0	0	0	4.505
28	100	271	0	0	0	1	4.5075
28	100	271	0	0	0	0	4.51
28	100	271	0	0	0	0	4.5125
28	98	273	0	0	0	0	4.515
28	98	273	0	0	0	0	4.5175
28	98	273	0	0	0	0	4.52
29	98	272	0	0	0	0	4.5225
30	98	271	0	0	0	0	4.525
30	97	272	0	0	0	1	4.5275
30	97	272	0	0	0	0	4.53
30	97	272	0	0	0	0	4.5325
30	97	272	0	0	0	0	4.535
29	96	274	0	0	0	1	4.5375
34	95	271	1	0	0	0	4.54
35	95	270	0	0	0	0	4.5425
35	95	270	0	0	0	0	4.545
36	95	269	0	0	0	0	4.5475
37	94	269	0	0	0	0	4.55
37	94	269	0	0	0	0	4.5525
38	94	268	0	0	0	0	4.555
37	94	269	0	0	0	1	4.5575
37	93	270	0	0	0	0	4.56
37	93	270	0	0	0	0	4.5625
37	92	271	0	0	0	0	4.565
37	92	271	0	0	0	0	4.5675
37	92	271	0	0	0	0	4.57
38	92	270	0	0	0	0	4.5725
39	92	269	0	0	0	0	4.575
39	92	268	0	1	0	0	4.5775
40	92	267	0	0	0	0	4.58
40	92	267	0	0	0	0	4.5825
39	92	268	0	0	0	1	4.585
38	91	270	0	0	0	1	4.5875
38	91	270	0	0	0	0	4.59
39	91	269	0	0	0	0	4.5925
39	91	269	0	0	0	0	4.595
39	91	269	0	0	0	0	4.5975
39	91	269	0	0	0	0	4.6
40	91	268	0	0	0	0	4.6025
41	91	267	0	0	0	0	4.605
41	90	268	0	0	0	0	4.6075
41	89	269	0	0	0	0	4.61
41	88	270	0	0	0	1	4.6125
41	88	270	0	0	0	0	4.615
41	88	270	0	0	0	0	4.6175
41	88	270	0	0	0	0	4.62
41	88	270	0	0	0	0	4.6225
41	87	271	0	0	0	0	4.625
42	86	271	0	0	0	0	4.6275
42	86	271	0	0	0	0	4.63
43	86	270	0	0	0	0	4.6325
43	86	270	0	0	0	0	4.635
43	86	270	0	0	0	0	4.6375
43	86	270	0	0	0	0	4.64
41	86	272	0	0	0	2	4.6425
41	85	273	0	0	0	0	4.645
41	85	273	0	0	0	0	4.6475
41	85	273	0	0	0	0	4.65
43	85	271	0	0	0	0	4.6525
42	85	272	0	0	0	1	4.655
41	85	273	0	0	0	1	4.6575
40	85	274	0	0	0	1	4.66
40	85	274	0	0	0	0	4.6625
40	85	274	0	0	0	0	4.665
40	85	274	0	0	0	0	4.6675
40	84	275	0	0	0	0	4.67
39	83	277	0	0	0	1	4.6725
40	82	277	0	0	0	0	4.675
41	82	276	0	0	0	0	4.6775
41	82	276	0	0	0	0	4.68
41	82	276	0	0	0	0	4.6825
41	82	276	0	0	0	0	4.685
40	82	277	0	0	0	1	4.6875
41	82	276	0	0	0	0	4.69
42	82	275	0	0	0	0	4.6925
42	81	275	0	1	0	0	4.695
42	81	275	0	0	0	0	4.6975
42	81	275	0	0	0	0	4.7
42	81	275	0	0	0	0	4.7025
42	81	275	0	0	0	0	4.705
42	80	276	0	0	0	0	4.7075
41	80	277	0	0	0	1	4.71
40	80	278	0	0	0	1	4.7125
40	80	278	0	0	0	0	4.715
39	78	281	0	0	0	1	4.7175
40	77	281	0	0	0	0	4.72
40	75	283	0	0	0	0	4.7225
39	75	284	0	0	0	1	4.725
39	75	284	0	0	0	1	4.7275
39	75	284	0	0	0	0	4.73
39	75	284	0	0	0	0	4.7325
39	75	284	0	0	0	0	4.735
39	74	285	0	0	0	0	4.7375
40	74	284	0	0	0	0	4.74
42	74	282	0	0	0	0	4.7425
42	74	282	0	0	0	0	4.745
43	74	281	0	0	0	0	4.7475
43	74	281	0	0	0	0	4.75
44	74	280	0	0	0	0	4.7525
44	74	280	0	0	0	0	4.755
43	74	281	0	0	0	1	4.7575
43	75	280	0	0	0	0	4.76
41	76	281	0	0	0	2	4.7625
40	77	281	0	0	0	0	4.765
37	80	281	0	0	0	0	4.7675
35	82	281	0	0	0	0	4.77
32	86	280	0	0	0	0	4.7725
31	87	280	0	0	0	0	4.775
31	88	279	0	0	0	0	4.7775
31	90	277	0	0	0	0	4.78
30	91	277	0	0	0	0	4.7825
26	95	277	0	0	0	0	4.785
26	95	277	0	0	0	0	4.7875
21	101	276	0	0	0	0	4.79
20	103	275	0	0	0	0	4.7925
17	106	275	0	0	0	0	4.795
12	109	277	0	0	0	1	4.7975
11	110	277	0	0	0	0	4.8
8	113	277	0	0	0	0	4.8025
6	116	276	0	0	0	0	4.805
5	116	277	0	0	0	0	4.8075
3	118	277	0	0	0	0	4.81
3	120	275	0	0	0	0	4.8125
4	120	274	0	0	0	0	4.815
4	120	274	0	0	0	0	4.8175
3	121	274	0	0	0	0	4.82
3	121	274	0	0	0	0	4.8225
2	121	275	0	0	0	0	4.825
3	121	274	0	0	0	0	4.8275
2	121	275	0	0	0	0	4.83
2	121	275	0	0	0	0	4.8325
2	121	275	0	0	0	0	4.835
2	122	274	0	0	0	0	4.8375
1	124	273	0	0	0	0	4.84
0	125	273	0	0	0	0	4.8425
0	125	273	0	0	0	0	4.845
0	125	273	0	0	0	0	4.8475
1	125	272	0	0	0	0	4.85
1	124	273	0	0	0	0	4.8525
1	125	272	0	0	0	0	4.855
1	125	272	0	0	0	0	4.8575
1	125	272	0	0	0	0	4.86
1	124	273	0	0	0	0	4.8625
1	125	272	0	0	0	0	4.865
0	125	273	0	0	0	0	4.8675
1	125	272	0	0	0	0	4.87
3	125	270	0	0	0	0	4.8725
3	126	269	0	0	0	0	4.875
2	125	271	0	0	0	0	4.8775
2	125	271	0	0	0	0	4.88
1	126	271	0	0	0	0	4.8825
1	126	271	0	0	0	0	4.885
1	125	272	0	0	0	0	4.8875
0	126	272	0	0	0	0	4.89
0	126	272	0	0	0	0	4.8925
2	126	270	0	0	0	0	4.895
3	126	269	0	0	0	0	4.8975
2	127	269	0	0	0	0	4.9
2	126	270	0	0	0	0	4.9025
2	127	269	0	0	0	0	4.905
3	128	267	0	0	0	0	4.9075
3	128	267	0	0	0	0	4.91
4	128	266	0	0	0	0	4.9125
2	128	268	0	0	0	0	4.915
2	130	266	0	0	0	0	4.9175
0	130	268	0	0	0	0	4.92
1	130	267	0	0	0	0	4.9225
1	130	267	0	0	0	0	4.925
0	131	267	0	0	0	0	4.9275
0	131	267	0	0	0	0	4.93
0	129	269	0	0	0	0	4.9325
0	129	269	0	0	0	0	4.935
0	129	269	0	0	0	0	4.9375
0	129	269	0	0	0	0	4.94
0	127	271	0	0	0	0	4.9425
1	127	270	0	0	0	0	4.945
1	127	270	0	0	0	0	4.9475
1	126	271	0	0	0	0	4.95
2	126	270	0	0	0	0	4.9525
2	125	271	0	0	0	0	4.955
3	125	270	0	0	0	0	4.9575
1	126	271	0	0	0	0	4.96
1	126	271	0	0	0	0	4.9625
1	127	270	0	0	0	0	4.965
1	127	270	0	0	0	0	4.9675
0	129	270	1	0	0	0	4.97
0	129	270	0	0	0	0	4.9725
2	129	268	0	0	0	0	4.975
2	129	268	0	0	0	0	4.9775
3	128	268	0	0	0	0	4.98
2	129	268	0	0	0	0	4.9825
4	129	266	0	0	0	0	4.985
1	132	266	0	0	0	0	4.9875
1	133	265	0	0	0	0	4.99
0	131	268	0	0	0	1	4.9925
0	130	269	0	0	0	0	4.995
2	130	267	0	0	0	0	4.9975
0	132	267	0	0	0	0	5
0	132	267	0	0	0	0	5.0025
0	132	267	0	0	0	0	5.005
0	132	267	0	0	0	0	5.0075
1	132	266	0	0	0	0	5.01
1	131	267	0	0	0	0	5.0125
0	131	268	0	0	0	0	5.015
1	131	267	0	0	0	0	5.0175
1	131	267	0	0	0	0	5.02
1	131	267	0	0	0	0	5.0225
1	131	267	0	0	0	0	5.025
0	131	268	0	0	0	0	5.0275
0	131	268	0	0	0	0	5.03
2	131	266	0	0	0	0	5.0325
2	131	266	0	0	0	0	5.035
2	132	265	0	0	0	0	5.0375
2	131	266	0	0	0	0	5.04
3	131	265	0	0	0	0	5.0425
3	131	265	0	0	0	0	5.045
0	133	266	0	0	0	0	5.0475
0	132	267	0	0	0	0	5.05
0	132	267	0	0	0	0	5.0525
0	132	267	0	0	0	0	5.055
0	132	267	0	0	0	0	5.0575
0	131	268	0	0	0	0	5.06
0	130	269	0	0	0	0	5.0625
0	130	269	0	0	0	0	5.065
0	130	269	0	0	0	0	5.0675
0	130	269	0	0	0	0	5.07
1	130	268	0	0	0	0	5.0725
2	130	267	0	0	0	0	5.075
1	132	266	0	0	0	0	5.0775
1	131	267	0	0	0	0	5.08
1	131	267	0	0	0	0	5.0825
2	131	266	0	0	0	0	5.085
2	131	266	0	0	0	0	5.0875
1	132	266	0	0	0	0	5.09
0	133	266	0	0	0	0	5.0925
0	133	266	0	0	0	0	5.095
0	133	266	0	0	0	0	5.0975
0	133	266	0	0	0	0	5.1
1	132	266	0	0	0	0	5.1025
1	131	267	0	0	0	0	5.105
1	132	266	0	0	0	0	5.1075
2	132	265	0	0	0	0	5.11
3	132	264	0	0	0	0	5.1125
2	132	265	0	0	0	0	5.115
1	132	266	0	0	0	0	5.1175
1	132	266	0	0	0	0	5.12
2	132	265	0	0	0	0	5.1225
2	132	265	0	0	0	0	5.125
0	134	265	0	0	0	0	5.1275
0	133	266	0	0	0	0	5.13
0	133	266	0	0	0	0	5.1325
0	133	266	0	0	0	0	5.135
0	133	266	0	0	0	0	5.1375
0	133	266	0	0	0	0	5.14
0	132	267	0	0	0	0	5.1425
2	132	265	0	0	0	0	5.145
1	132	266	0	0	0	0	5.1475
0	133	266	0	0	0	0	5.15
0	133	266	0	0	0	0	5.1525
0	133	266	0	0	0	0	5.155
0	131	268	0	0	0	0	5.1575
0	131	268	0	0	0	0	5.16
1	130	268	0	0	0	0	5.1625
1	128	270	0	0	0	0	5.165
1	128	270	0	0	0	0	5.1675
0	128	271	0	0	0	0	5.17
0	127	272	0	0	0	0	5.1725
0	127	272	0	0	0	0	5.175
0	126	273	0	0	0	0	5.1775
0	126	273	0	0	0	0	5.18
0	126	273	0	0	0	0	5.1825
0	126	273	0	0	0	0	5.185
0	126	273	0	0	0	0	5.1875
0	126	273	0	0	0	0	5.19
0	125	274	0	0	0	0	5.1925
0	125	274	0	0	0	0	5.195
1	125	273	0	0	0	0	5.1975
1	124	274	0	0	0	0	5.2
1	123	275	0	0	0	0	5.2025
1	123	275	0	0	0	0	5.205
1	123	275	0	0	0	0	5.2075
2	123	274	0	0	0	0	5.21
2	123	274	0	0	0	0	5.2125
2	123	274	0	0	0	0	5.215
1	125	274	1	0	0	0	5.2175
1	125	274	0	0	0	0	5.22
0	126	274	0	0	0	0	5.2225
0	126	274	0	0	0	0	5.225
1	125	274	0	0	0	0	5.2275
1	125	274	0	0	0	0	5.23
1	125	274	0	0	0	0	5.2325
1	125	274	0	0	0	0	5.235
1	125	274	0	0	0	0	5.2375
1	125	274	0	0	0	0	5.24
1	125	274	0	0	0	0	5.2425
1	125	274	0	0	0	0	5.245
2	124	274	0	0	0	0	5.2475
3	124	273	0	0	0	0	5.25
3	124	273	0	0	0	0	5.2525
3	123	274	0	0	0	0	5.255
4	123	273	0	0	0	0	5.2575
4	123	273	0	0	0	0	5.26
4	122	274	0	0	0	0	5.2625
5	121	274	0	0	0	0	5.265
5	120	275	0	0	0	0	5.2675
6	118	276	0	0	0	0	5.27
6	117	277	0	0	0	0	5.2725
6	117	277	0	0	0	0	5.275
7	117	276	0	0	0	0	5.2775
7	117	276	0	0	0	0	5.28
8	117	275	0	0	0	0	5.2825
8	117	275	0	0	0	0	5.285
8	117	275	0	0	0	0	5.2875
8	117	275	0	0	0	0	5.29
8	116	276	0	0	0	0	5.2925
9	115	276	0	0	0	0	5.295
9	115	276	0	0	0	0	5.2975
9	115	276	0	0	0	0	5.3
10	114	276	0	0	0	0	5.3025
10	114	276	0	0	0	0	5.305
10	114	276	0	0	0	0	5.3075
10	113	277	0	0	0	0	5.31
11	113	276	0	0	0	0	5.3125
11	113	276	0	0	0	0	5.315
12	113	275	0	0	0	0	5.3175
14	113	273	0	0	0	0	5.32
15	113	272	0	0	0	0	5.3225
15	113	272	0	0	0	0	5.325
15	112	273	0	0	0	0	5.3275
15	112	273	0	0	0	0	5.33
15	112	273	0	0	0	0	5.3325
18	112	270	0	0	0	0	5.335
18	111	271	0	0	0	0	5.3375
18	110	272	0	0	0	0	5.34
19	110	271	0	0	0	0	5.3425
19	110	271	0	0	0	0	5.345
19	110	271	0	0	0	0	5.3475
20	110	270	0	0	0	0	5.35
20	110	270	0	0	0	0	5.3525
21	110	269	0	0	0	0	5.355
20	110	270	0	0	0	1	5.3575
21	108	271	0	0	0	0	5.36
22	108	270	0	0	0	0	5.3625
21	108	271	0	0	0	1	5.365
21	107	272	0	0	0	0	5.3675
23	107	270	0	0	0	0	5.37
23	107	270	0	0	0	0	5.3725
23	107	270	0	0	0	0	5.375
23	107	270	0	0	0	0	5.3775
23	107	270	0	0	0	0	5.38
23	107	270	0	0	0	0	5.3825
23	107	270	0	0	0	0	5.385
24	106	270	0	0	0	0	5.3875
24	105	271	0	0	0	0	5.39
24	105	271	0	0	0	0	5.3925
24	105	271	0	0	0	0	5.395
24	105	271	0	0	0	0	5.3975
26	105	269	0	0	0	0	5.4
26	105	269	0	0	0	0	5.4025
26	105	269	0	0	0	0	5.405
26	105	268	0	1	0	0	5.4075
26	105	268	0	0	0	0	5.41
25	105	269	0	0	0	1	5.4125
23	105	271	0	0	0	3	5.415
23	105	271	0	0	0	0	5.4175
22	105	272	0	0	0	1	5.42
21	103	275	0	0	0	1	5.4225
20	103	276	0	0	0	1	5.425
20	103	276	0	0	0	0	5.4275
21	103	275	0	0	0	0	5.43
21	103	275	0	0	0	0	5.4325
21	102	276	0	0	0	0	5.435
21	102	276	0	0	0	0	5.4375
21	102	276	0	0	0	0	5.44
20	102	277	0	0	0	1	5.4425
20	101	278	0	0	0	0	5.445
21	101	278	1	0	0	0	5.4475
22	101	277	0	0	0	1	5.45
22	101	277	0	0	0	0	5.4525
24	101	275	0	0	0	0	5.455
24	100	276	0	0	0	0	5.4575
24	100	276	0	0	0	0	5.46
24	100	276	0	0	0	0	5.4625
25	100	275	0	0	0	0	5.465
26	100	274	0	0	0	0	5.4675
26	100	274	0	0	0	0	5.47
26	100	274	0	0	0	0	5.4725
25	100	275	0	0	0	1	5.475
25	100	275	0	0	0	0	5.4775
25	100	275	0	0	0	0	5.48
25	99	276	0	0	0	0	5.4825
25	99	276	0	0	0	0	5.485
25	99	276	0	0	0	0	5.4875
25	98	277	0	0	0	0	5.49
25	97	278	0	0	0	0	5.4925
25	96	279	0	0	0	0	5.495
25	96	279	0	0	0	0	5.4975
26	96	278	0	0	0	0	5.5
27	96	277	0	0	0	2	5.5025
27	95	278	0	0	0	0	5.505
28	95	277	0	0	0	0	5.5075
28	95	277	0	0	0	0	5.51
27	95	278	0	0	0	1	5.5125
27	95	278	0	0	0	0	5.515
27	95	278	0	0	0	0	5.5175
26	94	280	0	0	0	1	5.52
27	93	280	0	0	0	0	5.5225
28	93	279	0	0	0	0	5.525
28	93	279	0	0	0	0	5.5275
28	93	280	1	0	0	1	5.53
28	93	280	0	0	0	1	5.5325
28	93	280	0	0	0	0	5.535
28	92	281	0	0	0	0	5.5375
28	92	281	0	0	0	0	5.54
28	92	281	0	0	0	0	5.5425
28	92	281	0	0	0	0	5.545
29	91	281	0	0	0	0	5.5475
31	90	280	0	0	0	0	5.55
32	90	279	0	0	0	0	5.5525
32	89	280	0	0	0	1	5.555
32	89	280	0	0	0	0	5.5575
32	89	280	0	0	0	0	5.56
32	88	281	0	0	0	0	5.5625
33	88	280	0	0	0	0	5.565
33	88	280	0	0	0	0	5.5675
34	87	280	0	0	0	0	5.57
36	87	278	0	0	0	0	5.5725
36	87	278	0	0	0	0	5.575
37	87	278	1	0	0	0	5.5775
37	87	278	0	0	0	0	5.58
38	87	277	0	0	0	0	5.5825
38	87	277	0	0	0	0	5.585
38	87	277	0	0	0	0	5.5875
38	87	277	0	0	0	0	5.59
38	86	278	0	0	0	0	5.5925
39	86	277	0	0	0	0	5.595
38	86	278	0	0	0	1	5.5975
38	86	278	0	0	0	1	5.6
38	86	278	0	0	0	0	5.6025
38	86	278	0	0	0	0	5.605
39	86	277	0	0	0	0	5.6075
39	85	278	0	0	0	0	5.61
37	85	280	0	0	0	2	5.6125
37	84	282	1	0	0	1	5.615
35	84	284	0	0	0	2	5.6175
35	84	284	0	0	0	0	5.62
35	84	284	0	0	0	0	5.6225
35	83	284	0	1	0	0	5.625
35	83	284	0	0	0	0	5.6275
35	83	284	0	0	0	0	5.63
34	83	285	0	0	0	1	5.6325
35	82	285	0	0	0	0	5.635
36	82	284	0	0	0	0	5.6375
36	82	284	0	0	0	0	5.64
36	82	284	0	0	0	0	5.6425
36	82	284	0	0	0	0	5.645
36	82	284	0	0	0	0	5.6475
36	82	284	0	0	0	0	5.65
36	82	284	0	0	0	0	5.6525
36	82	284	0	0	0	0	5.655
35	82	285	0	0	0	1	5.6575
35	82	285	0	0	0	0	5.66
34	82	286	0	0	0	1	5.6625
35	82	285	0	0	0	0	5.665
36	82	284	0	0	0	0	5.6675
36	80	286	0	0	0	0	5.67
38	80	284	0	0	0	0	5.6725
35	80	287	0	0	0	3	5.675
35	80	287	0	0	0	0	5.6775
35	80	287	0	0	0	0	5.68
34	80	288	0	0	0	1	5.6825
34	80	288	0	0	0	0	5.685
33	80	289	0	0	0	1	5.6875
34	80	288	0	0	0	0	5.69
34	80	288	0	0	0	0	5.6925
35	80	287	0	0	0	0	5.695
35	80	287	0	0	0	0	5.6975
35	80	287	0	0	0	0	5.7
35	80	287	0	0	0	0	5.7025
35	80	287	0	0	0	0	5.705
33	79	290	0	0	0	2	5.7075
33	79	290	0	0	0	0	5.71
33	79	290	0	0	0	0	5.7125
34	79	289	0	0	0	0	5.715
34	79	289	0	0	0	0	5.7175
35	79	288	0	0	0	0	5.72
35	79	288	0	0	0	0	5.7225
33	79	290	0	0	0	2	5.725
33	79	290	0	0	0	0	5.7275
34	78	290	0	0	0	0	5.73
34	78	290	0	0	0	0	5.7325
34	78	290	0	0	0	0	5.735
34	78	290	0	0	0	0	5.7375
35	78	289	0	0	0	0	5.74
35	78	289	0	0	0	1	5.7425
36	77	288	0	1	0	0	5.745
36	77	288	0	0	0	0	5.7475
36	76	289	0	0	0	0	5.75
36	76	289	0	0	0	0	5.7525
36	77	289	1	0	0	0	5.755
38	76	288	0	0	0	0	5.7575
38	77	287	0	0	0	0	5.76
38	77	287	0	0	0	0	5.7625
38	77	287	0	0	0	0	5.765
35	80	287	0	0	0	0	5.7675
33	82	287	0	0	0	1	5.77
27	87	288	0	0	0	0	5.7725
27	90	285	0	0	0	1	5.775
27	90	285	0	0	0	0	5.7775
25	91	286	0	0	0	1	5.78
23	92	287	0	0	0	0	5.7825
18	97	287	0	0	0	0	5.785
17	97	288	0	0	0	0	5.7875
15	100	287	0	0	0	0	5.79
13	99	290	0	0	0	1	5.7925
10	101	290	0	1	0	0	5.795
8	103	290	0	0	0	0	5.7975
6	105	290	0	0	0	0	5.8
5	107	288	0	1	0	0	5.8025
7	107	286	0	0	0	0	5.805
6	107	287	0	0	0	0	5.8075
5	107	288	0	0	0	0	5.81
3	109	288	0	0	0	0	5.8125
3	109	288	0	0	0	0	5.815
3	110	287	0	0	0	0	5.8175
4	110	286	0	0	0	0	5.82
1	112	287	0	0	0	1	5.8225
0	113	287	0	0	0	0	5.825
0	113	287	0	0	0	0	5.8275
0	112	288	0	0	0	0	5.83
0	112	288	0	0	0	0	5.8325
0	112	288	0	0	0	0	5.835
1	112	287	0	0	0	0	5.8375
1	112	287	0	0	0	0	5.84
1	112	287	0	0	0	0	5.8425
0	113	287	0	0	0	0	5.845
0	112	288	0	0	0	0	5.8475
0	112	288	0	0	0	0	5.85
0	112	288	0	0	0	0	5.8525
0	111	289	0	0	0	0	5.855
0	111	289	0	0	0	0	5.8575
0	110	290	0	0	0	0	5.86
0	109	291	0	0	0	0	5.8625
0	109	291	0	0	0	0	5.865
0	108	292	0	0	0	0	5.8675
0	108	292	0	0	0	0	5.87
0	108	292	0	0	0	0	5.8725
0	108	292	0	0	0	0	5.875
0	108	292	0	0	0	0	5.8775
1	108	291	0	0	0	0	5.88
1	107	292	0	0	0	0	5.8825
1	107	292	0	0	0	0	5.885
0	107	293	0	0	0	0	5.8875
0	107	293	0	0	0	0	5.89
0	107	293	0	0	0	0	5.8925
0	107	293	0	0	0	0	5.895
0	107	293	0	0	0	0	5.8975
1	107	292	0	0	0	0	5.9
1	107	292	0	0	0	0	5.9025
2	107	291	0	0	0	0	5.905
0	109	291	0	0	0	0	5.9075
0	108	292	0	0	0	0	5.91
0	108	292	0	0	0	0	5.9125
0	108	292	0	0	0	0	5.915
1	108	291	0	0	0	0	5.9175
0	109	291	0	0	0	0	5.92
0	109	291	0	0	0	0	5.9225
0	109	291	0	0	0	0	5.925
0	109	291	0	0	0	0	5.9275
0	109	291	0	0	0	0	5.93
0	108	292	0	0	0	0	5.9325
0	108	292	0	0	0	0	5.935
0	108	292	0	0	0	0	5.9375
2	107	291	0	0	0	0	5.94
1	108	291	0	0	0	0	5.9425
1	107	292	0	0	0	0	5.945
1	107	292	0	0	0	0	5.9475
0	108	292	0	0	0	0	5.95
0	108	292	0	0	0	0	5.9525
0	108	292	0	0	0	0	5.955
1	108	291	0	0	0	0	5.9575
1	108	291	0	0	0	0	5.96
2	109	289	0	0	0	0	5.9625
1	110	289	0	0	0	0	5.965
1	111	288	0	0	0	0	5.9675
1	112	287	0	0	0	0	5.97
0	112	288	0	0	0	0	5.9725
0	112	287	0	1	0	0	5.975
1	112	286	0	0	0	0	5.9775
1	112	286	0	0	0	0	5.98
2	112	285	0	0	0	0	5.9825
1	113	285	0	0	0	0	5.985
0	114	285	0	0	0	0	5.9875
0	114	285	0	0	0	0	5.99
0	114	285	0	0	0	0	5.9925
0	113	286	0	0	0	0	5.995
0	113	286	0	0	0	0	5.9975
0	113	286	0	0	0	0	6
0	113	286	0	0	0	0	6.0025
0	113	286	0	0	0	0	6.005
0	113	286	0	0	0	0	6.0075
0	112	287	0	0	0	0	6.01
1	112	286	0	0	0	0	6.0125
0	113	286	0	0	0	0	6.015
0	113	286	0	0	0	0	6.0175
1	113	285	0	0	0	0	6.02
1	113	285	0	0	0	0	6.0225
0	114	285	0	0	0	0	6.025
0	113	286	0	0	0	0	6.0275
0	113	286	0	0	0	0	6.03
0	113	286	0	0	0	0	6.0325
0	113	286	0	0	0	0	6.035
0	112	287	0	0	0	0	6.0375
0	112	287	0	0	0	0	6.04
2	112	285	0	0	0	0	6.0425
3	112	284	0	0	0	0	6.045
2	112	285	0	0	0	0	6.0475
2	113	284	0	0	0	0	6.05
2	115	282	0	0	0	0	6.0525
3	116	280	0	0	0	0	6.055
1	118	280	0	0	0	0	6.0575
0	119	280	0	0	0	0	6.06
1	119	279	0	0	0	0	6.0625
1	119	279	0	0	0	0	6.065
1	119	279	0	0	0	0	6.0675
0	120	279	0	0	0	0	6.07
0	120	279	0	0	0	0	6.0725
1	120	278	0	0	0	0	6.075
0	121	278	0	0	0	0	6.0775
0	121	278	0	0	0	0	6.08
0	121	278	0	0	0	0	6.0825
0	120	279	0	0	0	0	6.085
0	120	279	0	0	0	0	6.0875
0	120	279	0	0	0	0	6.09
1	119	279	0	0	0	0	6.0925
0	120	279	0	0	0	0	6.095
0	120	279	0	0	0	0	6.0975
0	120	279	0	0	0	0	6.1
0	120	279	0	0	0	0	6.1025
1	120	278	0	0	0	0	6.105
1	120	278	0	0	0	0	6.1075
2	120	277	0	0	0	0	6.11
2	118	279	0	0	0	0	6.1125
3	118	278	0	0	0	0	6.115
1	118	280	0	0	0	0	6.1175
2	118	279	0	0	0	0	6.12
1	119	279	0	0	0	0	6.1225
1	119	279	0	0	0	0	6.125
1	119	279	0	0	0	0	6.1275
0	120	279	0	0	0	0	6.13
0	120	279	0	0	0	0	6.1325
0	120	279	0	0	0	0	6.135
1	120	278	0	0	0	0	6.1375
1	120	278	0	0	0	0	6.14
1	120	278	0	0	0	0	6.1425
1	120	278	0	0	0	0	6.145
1	120	278	0	0	0	0	6.1475
0	121	278	0	0	0	0	6.15
0	119	280	0	0	0	0	6.1525
0	119	280	0	0	0	0	6.155
0	119	280	0	0	0	0	6.1575
0	119	280	0	0	0	0	6.16
0	119	280	0	0	0	0	6.1625
1	119	279	0	0	0	0	6.165
0	120	279	0	0	0	0	6.1675
0	120	279	0	0	0	0	6.17
0	120	279	0	0	0	0	6.1725
1	120	278	0	0	0	0	6.175
1	120	278	0	0	0	0	6.1775
0	121	278	0	0	0	0	6.18
1	121	277	0	0	0	0	6.1825
1	121	277	0	0	0	0	6.185
0	121	278	0	0	0	0	6.1875
0	121	278	0	0	0	0	6.19
0	121	278	0	0	0	0	6.1925
0	120	279	0	0	0	0	6.195
2	120	277	0	0	0	0	6.1975
1	121	277	0	0	0	0	6.2
1	120	278	0	0	0	0	6.2025
1	120	278	0	0	0	0	6.205
0	120	279	0	0	0	0	6.2075
0	119	280	0	0	0	0	6.21
0	118	281	0	0	0	0	6.2125
2	118	279	0	0	0	0	6.215
2	119	278	0	0	0	0	6.2175
1	120	278	0	0	0	0	6.22
1	120	278	0	0	0	0	6.2225
3	120	276	0	0	0	0	6.225
4	119	276	0	0	0	0	6.2275
4	119	276	0	0	0	0	6.23
4	119	276	0	0	0	0	6.2325
6	119	274	0	0	0	0	6.235
6	119	274	0	0	0	0	6.2375
6	119	274	0	0	0	0	6.24
6	118	275	0	0	0	0	6.2425
5	119	275	0	0	0	0	6.245
6	119	274	0	0	0	0	6.2475
6	119	274	0	0	0	0	6.25
6	119	274	0	0	0	0	6.2525
6	119	274	0	0	0	0	6.255
6	119	274	0	0	0	0	6.2575
7	119	273	0	0	0	0	6.26
7	119	273	0	0	0	0	6.2625
7	119	273	0	0	0	0	6.265
7	119	273	0	0	0	0	6.2675
7	119	273	0	0	0	0	6.27
7	119	273	0	0	0	0	6.2725
7	119	273	0	0	0	0	6.275
7	119	273	0	0	0	0	6.2775
7	119	273	0	0	0	0	6.28
7	119	273	0	0	0	0	6.2825
9	119	271	0	0	0	0	6.285
9	119	271	0	0	0	0	6.2875
9	119	271	0	0	0	0	6.29
9	119	271	0	0	0	0	6.2925
9	119	271	0	0	0	0	6.295
9	119	271	0	0	0	0	6.2975
9	119	271	0	0	0	0	6.3
10	119	270	0	0	0	0	6.3025
11	119	269	0	0	0	0	6.305
12	119	268	0	0	0	0	6.3075
13	119	267	0	0	0	0	6.31
13	119	266	0	1	0	0	6.3125
13	119	266	0	0	0	0	6.315
13	119	266	0	0	0	0	6.3175
14	119	265	0	0	0	0	6.32
14	119	265	0	0	0	0	6.3225
16	119	263	0	0	0	0	6.325
16	119	263	0	0	0	0	6.3275
16	118	264	0	0	0	0	6.33
19	118	261	0	0	0	0	6.3325
19	117	262	0	0	0	0	6.335
20	114	264	0	0	0	0	6.3375
20	114	264	0	0	0	0	6.34
20	114	264	0	0	0	0	6.3425
20	114	264	0	0	0	0	6.345
20	114	264	0	0	0	0	6.3475
20	114	264	0	0	0	0	6.35
22	114	262	0	0	0	0	6.3525
24	113	261	0	0	0	0	6.355
24	113	261	0	0	0	0	6.3575
24	112	262	0	0	0	0	6.36
24	112	262	0	0	0	0	6.3625
22	112	264	0	0	0	2	6.365
22	112	264	0	0	0	1	6.3675
22	112	264	0	0	0	0	6.37
23	112	263	0	0	0	0	6.3725
25	112	261	0	0	0	0	6.375
25	111	262	0	0	0	0	6.3775
25	111	262	0	0	0	0	6.38
25	111	262	0	0	0	0	6.3825
25	111	262	0	0	0	0	6.385
26	111	261	0	0	0	0	6.3875
27	111	260	0	0	0	0	6.39
28	111	259	0	0	0	0	6.3925
28	111	259	0	0	0	0	6.395
28	111	259	0	0	0	0	6.3975
29	111	258	0	0	0	0	6.4
29	110	259	0	0	0	0	6.4025
29	110	259	0	0	0	0	6.405
29	110	259	0	0	0	0	6.4075
29	109	260	0	0	0	0	6.41
29	108	261	0	0	0	0	6.4125
29	108	261	0	0	0	0	6.415
29	108	261	0	0	0	0	6.4175
29	108	261	0	0	0	0	6.42
29	107	262	0	0	0	0	6.4225
29	107	262	0	0	0	0	6.425
29	107	262	0	0	0	0	6.4275
29	107	262	0	0	0	0	6.43
29	107	262	0	0	0	0	6.4325
29	107	262	0	0	0	0	6.435
29	107	262	0	0	0	0	6.4375
30	106	262	0	0	0	0	6.44
30	106	262	0	0	0	0	6.4425
30	106	262	0	0	0	0	6.445
30	104	264	0	0	0	0	6.4475
30	104	264	0	0	0	0	6.45
31	104	263	0	0	0	0	6.4525
32	104	262	0	0	0	0	6.455
33	103	262	0	0	0	0	6.4575
34	103	261	0	0	0	0	6.46
34	103	261	0	0	0	0	6.4625
34	102	262	0	0	0	0	6.465
34	102	262	0	0	0	0	6.4675
33	102	263	0	0	0	1	6.47
33	102	263	0	0	0	0	6.4725
34	102	262	0	0	0	0	6.475
34	102	262	0	0	0	0	6.4775
34	102	262	0	0	0	0	6.48
34	101	263	0	0	0	0	6.4825
35	99	264	0	0	0	0	6.485
35	99	264	0	0	0	0	6.4875
34	99	265	0	0	0	1	6.49
35	99	264	0	0	0	1	6.4925
35	99	264	0	0	0	1	6.495
35	99	264	0	0	0	0	6.4975
35	99	264	0	0	0	0	6.5
36	99	263	0	0	0	0	6.5025
37	99	262	0	0	0	0	6.505
38	99	261	0	0	0	0	6.5075
38	99	261	0	0	0	0	6.51
38	99	261	0	0	0	0	6.5125
38	99	261	0	0	0	0	6.515
38	98	262	0	0	0	0	6.5175
38	98	262	0	0	0	0	6.52
39	97	262	0	0	0	0	6.5225
40	97	261	0	0	0	0	6.525
40	97	261	0	0	0	0	6.5275
41	97	260	0	0	0	0	6.53
40	97	261	0	0	0	1	6.5325
40	97	261	0	0	0	0	6.535
40	97	261	0	0	0	0	6.5375
40	96	262	0	0	0	1	6.54
40	96	262	0	0	0	0	6.5425
40	96	262	0	0	0	0	6.545
40	96	262	0	0	0	0	6.5475
41	96	261	0	0	0	0	6.55
42	96	260	0	0	0	0	6.5525
42	95	261	0	0	0	0	6.555
43	95	260	0	0	0	0	6.5575
43	95	260	0	0	0	0	6.56
43	95	260	0	0	0	0	6.5625
43	94	261	0	0	0	0	6.565
43	94	261	0	0	0	0	6.5675
44	94	260	0	0	0	0	6.57
45	94	259	0	0	0	0	6.5725
44	94	260	0	0	0	1	6.575
44	94	260	0	0	0	0	6.5775
44	94	260	0	0	0	0	6.58
44	94	260	0	0	0	0	6.5825
44	94	260	0	0	0	0	6.585
44	94	260	0	0	0	0	6.5875
44	94	260	0	0	0	0	6.59
45	94	259	0	0	0	0	6.5925
45	94	259	0	0	0	0	6.595
45	94	259	0	0	0	0	6.5975
47	94	257	0	0	0	0	6.6
46	94	258	0	0	0	1	6.6025
46	94	258	0	0	0	0	6.605
45	94	259	0	0	0	1	6.6075
45	94	259	0	0	0	0	6.61
45	94	259	0	0	0	0	6.6125
47	94	257	0	0	0	0	6.615
47	94	257	0	0	0	1	6.6175
46	94	258	0	0	0	1	6.62
46	94	258	0	0	0	0	6.6225
46	94	258	0	0	0	0	6.625
46	94	258	0	0	0	1	6.6275
48	92	258	0	0	0	0	6.63
51	92	255	0	0	0	0	6.6325
51	92	255	0	0	0	0	6.635
52	92	253	0	1	0	0	6.6375
52	91	254	0	0	0	0	6.64
52	90	255	0	0	0	0	6.6425
51	90	256	0	0	0	1	6.645
51	90	256	0	0	0	0	6.6475
50	88	259	0	0	0	1	6.65
50	88	259	0	0	0	0	6.6525
50	88	259	0	0	0	1	6.655
51	87	259	0	0	0	0	6.6575
51	87	259	0	0	0	0	6.66
50	87	260	0	0	0	1	6.6625
50	87	260	0	0	0	0	6.665
50	87	260	0	0	0	0	6.6675
50	87	260	0	0	0	0	6.67
50	86	261	0	0	0	1	6.6725
50	86	261	0	0	0	1	6.675
51	86	260	0	0	0	0	6.6775
51	85	261	0	0	0	0	6.68
51	85	261	0	0	0	0	6.6825
52	85	260	0	0	0	0	6.685
52	85	260	0	0	0	0	6.6875
51	85	261	0	0	0	1	6.69
51	85	261	0	0	0	0	6.6925
51	83	263	0	0	0	0	6.695
51	82	264	0	0	0	0	6.6975
51	82	264	0	0	0	0	6.7
53	82	262	0	0	0	0	6.7025
54	82	261	0	0	0	0	6.705
54	82	261	0	0	0	0	6.7075
54	82	261	0	0	0	1	6.71
55	82	260	0	0	0	0	6.7125
54	82	261	0	0	0	3	6.715
53	82	262	0	0	0	1	6.7175
53	81	263	0	0	0	0	6.72
53	81	263	0	0	0	0	6.7225
53	81	263	0	0	0	0	6.725
54	79	264	0	0	0	0	6.7275
54	79	264	0	0	0	0	6.73
53	79	265	0	0	0	1	6.7325
54	79	264	0	0	0	0	6.735
53	79	265	0	0	0	1	6.7375
53	79	265	0	0	0	0	6.74
53	79	265	0	0	0	0	6.7425
54	79	264	0	0	0	0	6.745
54	79	264	0	0	0	0	6.7475
54	79	264	0	0	0	0	6.75
55	79	263	0	0	0	0	6.7525
53	81	263	0	0	0	1	6.755
53	81	263	0	0	0	0	6.7575
51	83	263	0	0	0	1	6.76
48	85	264	0	0	0	1	6.7625
48	85	264	0	0	0	0	6.765
45	88	264	0	0	0	0	6.7675
44	89	264	0	0	0	0	6.77
40	93	264	0	0	0	0	6.7725
35	98	264	0	0	0	0	6.775
34	100	263	0	0	0	0	6.7775
29	105	263	0	0	0	0	6.78
26	107	264	0	0	0	0	6.7825
23	109	265	0	0	0	1	6.785
20	111	266	0	0	0	0	6.7875
18	112	267	0	0	0	0	6.79
18	112	267	0	0	0	0	6.7925
12	118	267	0	0	0	0	6.795
10	119	268	0	0	0	1	6.7975
8	121	268	0	0	0	0	6.8
6	122	269	0	0	0	0	6.8025
4	124	269	0	0	0	0	6.805
4	124	269	0	0	0	0	6.8075
2	126	269	0	0	0	0	6.81
2	126	269	0	0	0	0	6.8125
4	126	268	1	0	0	0	6.815
6	126	266	0	0	0	0	6.8175
5	127	266	0	0	0	0	6.82
4	128	266	0	0	0	0	6.8225
4	127	267	0	0	0	0	6.825
4	127	267	0	0	0	0	6.8275
4	126	268	0	0	0	0	6.83
5	126	267	0	0	0	0	6.8325
3	126	269	0	0	0	1	6.835
4	126	268	0	0	0	0	6.8375
3	127	268	0	0	0	0	6.84
2	128	268	0	0	0	0	6.8425
1	130	267	0	0	0	0	6.845
1	130	267	0	0	0	0	6.8475
1	130	267	0	0	0	0	6.85
0	130	268	0	0	0	0	6.8525
0	130	268	0	0	0	0	6.855
0	129	269	0	0	0	0	6.8575
1	128	269	0	0	0	0	6.86
1	128	269	0	0	0	0	6.8625
2	127	269	0	0	0	0	6.865
1	128	269	0	0	0	0	6.8675
1	128	269	0	0	0	0	6.87
0	129	269	0	0	0	0	6.8725
0	129	269	0	0	0	0	6.875
0	129	269	0	0	0	0	6.8775
2	129	267	0	0	0	0	6.88
1	130	267	0	0	0	0	6.8825
1	130	267	0	0	0	0	6.885
1	130	267	0	0	0	0	6.8875
1	129	268	0	0	0	0	6.89
0	129	269	0	0	0	0	6.8925
0	128	270	0	0	0	0	6.895
0	127	271	0	0	0	0	6.8975
1	127	270	0	0	0	0	6.9
1	127	270	0	0	0	0	6.9025
1	128	269	0	0	0	0	6.905
0	129	269	0	0	0	0	6.9075
0	129	269	0	0	0	0	6.91
0	129	269	0	0	0	0	6.9125
0	129	269	0	0	0	0	6.915
2	129	267	0	0	0	0	6.9175
2	129	267	0	0	0	0	6.92
1	130	267	0	0	0	0	6.9225
0	131	267	0	0	0	0	6.925
1	130	267	0	0	0	0	6.9275
1	129	268	0	0	0	0	6.93
2	129	267	0	0	0	0	6.9325
2	131	265	0	0	0	0	6.935
1	132	265	0	0	0	0	6.9375
1	132	265	0	0	0	0	6.94
1	133	264	0	0	0	0	6.9425
1	132	264	0	1	0	0	6.945
1	130	266	0	0	0	0	6.9475
1	131	265	0	0	0	0	6.95
1	131	265	0	0	0	0	6.9525
1	131	265	0	0	0	0	6.955
1	131	265	0	0	0	0	6.9575
1	131	265	0	0	0	0	6.96
2	131	264	0	0	0	0	6.9625
2	132	263	0	0	0	0	6.965
1	132	264	0	0	0	0	6.9675
0	131	266	0	0	0	0	6.97
0	131	266	0	0	0	0	6.9725
0	131	266	0	0	0	0	6.975
1	131	265	0	0	0	0	6.9775
1	130	266	0	0	0	0	6.98
1	128	268	0	0	0	0	6.9825
0	129	268	0	0	0	0	6.985
0	129	268	0	0	0	0	6.9875
0	129	268	0	0	0	0	6.99
0	129	268	0	0	0	0	6.9925
0	129	268	0	0	0	0	6.995
0	128	269	0	0	0	0	6.9975
0	128	269	0	0	0	0	7
0	128	269	0	0	0	0	7.0025
0	125	272	0	0	0	0	7.005
0	125	272	0	0	0	0	7.0075
0	124	273	0	0	0	0	7.01
1	123	273	0	0	0	0	7.0125
1	123	273	0	0	0	0	7.015
1	123	273	0	0	0	0	7.0175
0	124	273	0	0	0	0	7.02
0	124	273	0	0	0	0	7.0225
1	124	272	0	0	0	0	7.025
0	124	273	0	0	0	0	7.0275
1	124	272	0	0	0	0	7.03
0	124	273	0	0	0	0	7.0325
0	124	273	0	0	0	0	7.035
0	124	273	0	0	0	0	7.0375
0	124	273	0	0	0	0	7.04
1	124	272	0	0	0	0	7.0425
0	125	272	0	0	0	0	7.045
0	125	272	0	0	0	0	7.0475
0	125	272	0	0	0	0	7.05
0	125	272	0	0	0	0	7.0525
1	124	272	0	0	0	0	7.055
1	125	271	0	0	0	0	7.0575
1	125	271	0	0	0	0	7.06
3	125	269	0	0	0	0	7.0625
4	124	269	0	0	0	0	7.065
4	125	268	0	0	0	0	7.0675
4	125	268	0	0	0	0	7.07
4	125	268	0	0	0	0	7.0725
3	126	268	0	0	0	0	7.075
0	129	268	0	0	0	0	7.0775
0	129	268	0	0	0	0	7.08
0	129	268	0	0	0	0	7.0825
1	129	266	0	1	0	0	7.085
2	129	265	0	0	0	0	7.0875
1	128	267	0	0	0	0	7.09
3	128	265	0	0	0	0	7.0925
2	129	265	0	0	0	0	7.095
1	130	265	0	0	0	0	7.0975
0	130	266	0	0	0	0	7.1
0	130	266	0	0	0	0	7.1025
1	130	265	0	0	0	0	7.105
3	130	263	0	0	0	0	7.1075
2	131	263	0	0	0	0	7.11
2	131	263	0	0	0	0	7.1125
0	133	263	0	0	0	0	7.115
0	133	263	0	0	0	0	7.1175
0	133	263	0	0	0	0	7.12
1	133	262	0	0	0	0	7.1225
1	133	262	0	0	0	0	7.125
1	133	262	0	0	0	0	7.1275
1	132	263	0	0	0	0	7.13
0	132	264	0	0	0	0	7.1325
0	131	265	0	0	0	0	7.135
0	130	265	0	1	0	0	7.1375
0	130	265	0	0	0	0	7.14
0	130	265	0	0	0	0	7.1425
0	130	265	0	0	0	0	7.145
0	129	266	0	0	0	0	7.1475
0	128	267	0	0	0	0	7.15
0	128	267	0	0	0	0	7.1525
1	128	266	0	0	0	0	7.155
0	129	266	0	0	0	0	7.1575
0	129	266	0	0	0	0	7.16
0	129	266	0	0	0	0	7.1625
0	129	266	0	0	0	0	7.165
1	129	265	0	0	0	0	7.1675
0	130	265	0	0	0	0	7.17
0	130	265	0	0	0	0	7.1725
0	130	265	0	0	0	0	7.175
1	130	264	0	0	0	0	7.1775
2	129	264	0	0	0	0	7.18
1	130	264	0	0	0	1	7.1825
1	130	264	0	0	0	0	7.185
1	130	264	0	0	0	0	7.1875
2	129	264	0	0	0	0	7.19
4	128	263	0	0	0	0	7.1925
3	130	262	0	0	0	0	7.195
3	130	262	0	0	0	0	7.1975
3	130	262	0	0	0	0	7.2
2	131	262	0	0	0	0	7.2025
2	131	262	0	0	0	0	7.205
2	131	262	0	0	0	0	7.2075
2	131	262	0	0	0	0	7.21
3	130	262	0	0	0	0	7.2125
3	130	262	0	0	0	0	7.215
3	130	262	0	0	0	0	7.2175
3	130	262	0	0	0	0	7.22
3	130	262	0	0	0	0	7.2225
3	130	262	0	0	0	0	7.225
3	130	262	0	0	0	0	7.2275
3	129	263	0	0	0	0	7.23
2	129	264	0	0	0	1	7.2325
2	129	264	0	0	0	0	7.235
2	129	264	0	0	0	0	7.2375
2	128	265	0	0	0	0	7.24
2	128	265	0	0	0	0	7.2425
2	128	265	0	0	0	0	7.245
3	127	265	0	0	0	0	7.2475
3	126	266	0	0	0	0	7.25
3	126	266	0	0	0	0	7.2525
4	125	266	0	0	0	0	7.255
4	124	267	0	0	0	0	7.2575
4	124	267	0	0	0	0	7.26
4	122	269	0	0	0	0	7.2625
4	122	269	0	0	0	0	7.265
4	122	269	0	0	0	0	7.2675
4	121	270	0	0	0	0	7.27
4	120	271	0	0	0	0	7.2725
4	119	272	0	0	0	0	7.275
4	119	272	0	0	0	0	7.2775
4	118	273	0	0	0	0	7.28
4	117	274	0	0	0	0	7.2825
4	117	274	0	0	0	0	7.285
5	117	273	0	0	0	0	7.2875
5	116	274	0	0	0	0	7.29
6	116	273	0	0	0	0	7.2925
6	116	273	0	0	0	0	7.295
6	115	274	0	0	0	0	7.2975
6	115	274	0	0	0	0	7.3
6	115	274	0	0	0	0	7.3025
7	115	273	0	0	0	0	7.305
7	115	273	0	0	0	0	7.3075
7	115	273	0	0	0	0	7.31
7	115	273	0	0	0	0	7.3125
7	115	273	0	0	0	0	7.315
6	114	275	0	0	0	1	7.3175
6	114	275	0	0	0	0	7.32
6	114	275	0	0	0	0	7.3225
6	114	275	0	0	0	0	7.325
6	114	275	0	0	0	0	7.3275
6	114	275	0	0	0	0	7.33
7	114	274	0	0	0	0	7.3325
9	113	273	1	1	0	0	7.335
9	113	273	0	0	0	0	7.3375
9	113	273	0	0	0	0	7.34
10	112	273	0	0	0	0	7.3425
10	111	274	0	0	0	0	7.345
11	111	273	0	0	0	0	7.3475
11	111	273	0	0	0	0	7.35
11	111	273	0	0	0	1	7.3525
12	111	272	0	0	0	0	7.355
14	110	271	0	0	0	0	7.3575
14	110	271	0	0	0	0	7.36
14	109	272	0	0	0	0	7.3625
14	109	272	0	0	0	0	7.365
14	109	272	0	0	0	0	7.3675
16	109	270	0	0	0	0	7.37
16	109	270	0	0	0	0	7.3725
18	109	268	0	0	0	0	7.375
18	108	269	0	0	0	0	7.3775
18	108	269	0	0	0	0	7.38
18	107	270	0	0	0	0	7.3825
18	107	270	0	0	0	0	7.385
18	107	270	0	0	0	0	7.3875
18	107	270	0	0	0	0	7.39
18	107	270	0	0	0	0	7.3925
19	106	270	0	0	0	0	7.395
19	106	270	0	0	0	0	7.3975
19	105	271	0	0	0	0	7.4
19	105	271	0	0	0	0	7.4025
19	105	271	0	0	0	1	7.405
19	105	271	0	0	0	0	7.4075
20	105	270	0	0	0	0	7.41
20	105	270	0	0	0	0	7.4125
20	104	271	0	0	0	0	7.415
20	104	271	0	0	0	0	7.4175
20	104	271	0	0	0	0	7.42
21	104	270	0	0	0	0	7.4225
23	104	269	1	0	0	0	7.425
24	103	269	0	0	0	0	7.4275
24	102	270	0	0	0	1	7.43
24	102	270	0	0	0	0	7.4325
24	102	270	0	0	0	0	7.435
24	102	270	0	0	0	0	7.4375
24	102	270	0	0	0	0	7.44
24	101	271	0	0	0	0	7.4425
24	101	271	0	0	0	0	7.445
24	100	272	0	0	0	0	7.4475
24	100	272	0	0	0	0	7.45
24	100	272	0	0	0	0	7.4525
24	100	272	0	0	0	0	7.455
24	99	273	0	0	0	0	7.4575
24	99	273	0	0	0	0	7.46
24	99	273	0	0	0	0	7.4625
25	99	272	0	0	0	0	7.465
24	99	273	0	0	0	1	7.4675
24	97	275	0	0	0	0	7.47
26	96	274	0	0	0	0	7.4725
27	94	275	0	0	0	0	7.475
27	94	275	0	0	0	0	7.4775
29	94	273	0	0	0	0	7.48
29	94	273	0	0	0	0	7.4825
30	94	272	0	0	0	0	7.485
30	94	272	0	0	0	0	7.4875
30	94	272	0	0	0	0	7.49
30	94	272	0	0	0	0	7.4925
30	94	272	0	0	0	0	7.495
30	94	272	0	0	0	0	7.4975
30	93	273	0	0	0	0	7.5
30	93	273	0	0	0	0	7.5025
29	93	274	0	0	0	1	7.505
28	93	275	0	0	0	1	7.5075
28	93	275	0	0	0	1	7.51
28	92	276	0	0	0	0	7.5125
28	92	276	0	0	0	0	7.515
30	92	274	0	0	0	0	7.5175
30	92	274	0	0	0	0	7.52
30	92	274	0	0	0	0	7.5225
30	92	274	0	0	0	0	7.525
29	92	275	0	0	0	1	7.5275
29	92	275	0	0	0	0	7.53
29	91	276	0	0	0	0	7.5325
30	90	276	0	0	0	0	7.535
30	90	276	0	0	0	1	7.5375
30	90	276	0	0	0	0	7.54
29	90	277	0	0	0	1	7.5425
31	90	275	0	0	0	0	7.545
31	90	275	0	0	0	1	7.5475
33	90	273	0	0	0	0	7.55
33	90	273	0	0	0	0	7.5525
33	89	274	0	0	0	0	7.555
34	89	273	0	0	0	0	7.5575
32	89	275	0	0	0	2	7.56
32	89	275	0	0	0	0	7.5625
32	89	275	0	0	0	0	7.565
32	89	275	0	0	0	0	7.5675
33	89	274	0	0	0	0	7.57
33	89	274	0	0	0	0	7.5725
33	89	274	0	0	0	0	7.575
33	89	274	0	0	0	0	7.5775
33	89	274	0	0	0	0	7.58
33	89	274	0	0	0	0	7.5825
33	88	275	0	0	0	0	7.585
32	88	276	0	0	0	1	7.5875
32	88	276	0	0	0	0	7.59
32	88	276	0	0	0	0	7.5925
32	87	277	0	0	0	0	7.595
32	87	277	0	0	0	0	7.5975
32	86	278	0	0	0	0	7.6
32	86	278	0	0	0	0	7.6025
31	85	280	0	0	0	1	7.605
30	85	281	0	0	0	1	7.6075
30	85	281	0	0	0	0	7.61
30	85	281	0	0	0	0	7.6125
31	85	280	0	0	0	0	7.615
31	85	280	0	0	0	0	7.6175
31	85	280	0	0	0	0	7.62
32	85	279	0	0	0	0	7.6225
32	85	279	0	0	0	1	7.625
32	85	279	0	0	0	0	7.6275
32	85	279	0	0	0	1	7.63
32	85	279	0	0	0	0	7.6325
34	85	277	0	0	0	0	7.635
34	85	277	0	0	0	0	7.6375
34	85	277	0	0	0	0	7.64
34	84	278	0	0	0	0	7.6425
32	84	280	0	0	0	2	7.645
32	84	280	0	0	0	1	7.6475
32	84	280	0	0	0	0	7.65
34	84	278	0	0	0	0	7.6525
34	83	278	0	0	1	0	7.655
34	83	278	0	0	0	0	7.6575
33	83	279	0	0	0	1	7.66
34	83	278	0	0	0	0	7.6625
34	83	278	0	0	0	0	7.665
34	83	278	0	0	0	0	7.6675
35	80	280	0	0	0	0	7.67
36	80	279	0	0	0	0	7.6725
37	80	278	0	0	0	0	7.675
39	80	276	0	0	0	0	7.6775
39	80	276	0	0	0	0	7.68
39	80	276	0	0	0	0	7.6825
40	80	275	0	0	0	0	7.685
41	80	274	0	0	0	0	7.6875
41	80	274	0	0	0	0	7.69
41	80	274	0	0	0	0	7.6925
41	80	274	0	0	0	0	7.695
42	80	273	0	0	0	0	7.6975
44	80	271	0	0	0	0	7.7
44	79	272	0	0	0	0	7.7025
44	78	273	0	0	0	0	7.705
44	78	273	0	0	0	1	7.7075
44	78	273	0	0	0	0	7.71
44	78	273	0	0	0	0	7.7125
44	78	273	0	0	0	1	7.715
45	78	272	0	0	0	0	7.7175
45	78	272	0	0	0	0	7.72
44	78	273	0	0	0	1	7.7225
43	78	274	0	0	0	1	7.725
43	77	275	0	0	0	0	7.7275
42	77	276	0	0	0	1	7.73
42	76	277	0	0	0	0	7.7325
42	76	277	0	0	0	1	7.735
43	76	276	0	0	0	1	7.7375
43	75	277	0	0	0	0	7.74
43	75	277	0	0	0	0	7.7425
43	75	277	0	0	0	0	7.745
42	75	278	0	0	0	1	7.7475
42	75	278	0	0	0	0	7.75
42	74	279	0	0	0	0	7.7525
41	75	279	0	0	0	0	7.755
42	74	279	0	0	0	0	7.7575
38	77	280	0	0	0	0	7.76
37	80	278	0	0	0	0	7.7625
36	82	277	0	0	0	0	7.765
35	85	275	0	0	0	0	7.7675
31	88	276	0	0	0	1	7.77
30	89	277	1	0	0	1	7.7725
27	92	277	0	0	0	0	7.775
27	91	278	0	0	0	0	7.7775
24	94	278	0	0	0	0	7.78
22	97	277	0	0	0	0	7.7825
16	102	278	0	0	0	1	7.785
16	100	280	0	0	0	0	7.7875
13	102	281	0	0	0	0	7.79
8	106	282	0	0	0	1	7.7925
5	108	283	0	0	0	0	7.795
5	108	283	0	0	0	0	7.7975
6	108	282	0	0	0	0	7.8
5	109	282	0	0	0	0	7.8025
5	109	282	0	0	0	0	7.805
5	108	283	0	0	0	0	7.8075
6	110	280	0	0	0	0	7.81
6	110	280	0	0	0	0	7.8125
4	112	280	0	0	0	0	7.815
3	112	281	0	0	0	0	7.8175
2	112	282	0	0	0	0	7.82
1	113	282	0	0	0	0	7.8225
1	113	282	0	0	0	0	7.825
1	113	282	0	0	0	0	7.8275
1	112	283	0	0	0	0	7.83
2	112	282	0	0	0	0	7.8325
3	112	281	0	0	0	0	7.835
2	113	281	0	0	0	0	7.8375
1	114	281	0	0	0	0	7.84
1	114	281	0	0	0	0	7.8425
2	112	282	0	0	0	0	7.845
2	111	283	0	0	0	0	7.8475
3	111	282	0	0	0	0	7.85
2	112	282	0	0	0	0	7.8525
2	112	282	0	0	0	0	7.855
1	111	284	0	0	0	0	7.8575
1	111	284	0	0	0	0	7.86
1	111	284	0	0	0	0	7.8625
1	111	284	0	0	0	0	7.865
1	111	284	0	0	0	0	7.8675
1	111	284	0	0	0	0	7.87
1	111	284	0	0	0	0	7.8725
1	111	284	0	0	0	0	7.875
1	110	285	0	0	0	0	7.8775
0	111	285	0	0	0	0	7.88
0	111	285	0	0	0	0	7.8825
0	111	285	0	0	0	0	7.885
0	111	285	0	0	0	0	7.8875
0	111	285	0	0	0	0	7.89
0	110	286	0	0	0	0	7.8925
0	107	289	0	0	0	0	7.895
1	107	288	0	0	0	0	7.8975
1	107	288	0	0	0	0	7.9
1	107	288	0	0	0	0	7.9025
0	108	288	0	0	0	0	7.905
1	108	287	0	0	0	0	7.9075
1	107	288	0	0	0	0	7.91
2	107	287	0	0	0	0	7.9125
1	108	287	0	0	0	0	7.915
1	107	288	0	0	0	0	7.9175
1	107	288	0	0	0	0	7.92
1	108	287	0	0	0	0	7.9225
1	108	287	0	0	0	0	7.925
1	107	288	0	0	0	0	7.9275
1	107	288	0	0	0	0	7.93
0	108	288	0	0	0	0	7.9325
0	108	288	0	0	0	0	7.935
0	108	288	0	0	0	0	7.9375
1	108	287	0	0	0	0	7.94
1	108	287	0	0	0	0	7.9425
0	107	289	0	0	0	0	7.945
0	107	289	0	0	0	0	7.9475
1	107	288	0	0	0	0	7.95
0	108	288	0	0	0	0	7.9525
0	107	289	0	0	0	0	7.955
1	107	288	0	0	0	0	7.9575
0	107	289	0	0	0	0	7.96
0	107	289	0	0	0	0	7.9625
0	107	289	0	0	0	0	7.965
0	107	289	0	0	0	0	7.9675
1	107	288	0	0	0	0	7.97
0	108	288	0	0	0	0	7.9725
0	108	288	0	0	0	0	7.975
0	107	289	0	0	0	0	7.9775
1	107	288	0	0	0	0	7.98
0	108	288	0	0	0	0	7.9825
0	107	289	0	0	0	0	7.985
0	105	290	0	0	1	0	7.9875
0	105	290	0	0	0	0	7.99
0	104	291	0	0	0	0	7.9925
1	103	291	0	0	0	0	7.995
2	102	291	0	0	0	0	7.9975
0	104	291	0	0	0	0	8
1	104	290	0	0	0	0	8.0025
1	105	289	0	0	0	0	8.005
0	106	289	0	0	0	0	8.0075
1	106	288	0	0	0	0	8.01
1	106	288	0	0	0	0	8.0125
1	106	288	0	0	0	0	8.015
0	106	289	0	0	0	0	8.0175
1	105	289	0	0	0	0	8.02
1	104	290	0	0	0	0	8.0225
1	104	290	0	0	0	0	8.025
0	105	290	0	0	0	0	8.0275
1	104	290	0	0	0	0	8.03
0	104	291	0	0	0	0	8.0325
0	104	291	0	0	0	0	8.035
0	103	292	0	0	0	0	8.0375
1	103	291	0	0	0	0	8.04
1	103	290	0	1	0	0	8.0425
2	104	288	0	0	0	0	8.045
0	106	288	0	0	0	0	8.0475
0	106	288	0	0	0	0	8.05
0	105	289	0	0	0	0	8.0525
1	105	288	0	0	0	0	8.055
0	105	288	0	0	1	0	8.0575
0	105	288	0	0	0	0	8.06
0	104	289	0	0	0	0	8.0625
1	104	288	0	0	0	0	8.065
0	104	289	0	0	0	0	8.0675
1	104	288	0	0	0	0	8.07
1	104	288	0	0	0	0	8.0725
1	104	288	0	0	0	0	8.075
1	105	287	0	0	0	0	8.0775
2	105	286	0	0	0	0	8.08
1	106	286	0	0	0	0	8.0825
1	106	286	0	0	0	0	8.085
0	107	286	0	0	0	0	8.0875
1	107	285	0	0	0	0	8.09
1	107	285	0	0	0	0	8.0925
0	108	285	0	0	0	0	8.095
0	107	286	0	0	0	0	8.0975
1	107	285	0	0	0	0	8.1
1	107	285	0	0	0	0	8.1025
1	107	285	0	0	0	0	8.105
0	108	285	0	0	0	0	8.1075
0	108	285	0	0	0	0	8.11
0	108	285	0	0	0	0	8.1125
0	108	285	0	0	0	0	8.115
1	107	285	0	0	0	0	8.1175
0	108	285	0	0	0	0	8.12
0	107	286	0	0	0	0	8.1225
2	107	285	1	0	0	0	8.125
3	107	284	0	0	0	0	8.1275
2	108	284	0	0	0	0	8.13
0	110	284	0	0	0	0	8.1325
0	109	285	0	0	0	0	8.135
0	109	285	0	0	0	0	8.1375
0	108	286	0	0	0	0	8.14
0	107	287	0	0	0	0	8.1425
0	107	287	0	0	0	0	8.145
0	106	288	0	0	0	0	8.1475
0	106	288	0	0	0	0	8.15
1	106	287	0	0	0	0	8.1525
0	107	287	0	0	0	0	8.155
0	106	288	0	0	0	0	8.1575
0	106	288	0	0	0	0	8.16
0	106	288	0	0	0	0	8.1625
0	106	288	0	0	0	0	8.165
0	105	289	0	0	0	0	8.1675
0	105	289	0	0	0	0	8.17
0	105	289	0	0	0	0	8.1725
2	105	287	0	0	0	0	8.175
0	107	287	0	0	0	0	8.1775
0	107	287	0	0	0	0	8.18
0	107	287	0	0	0	0	8.1825
0	107	287	0	0	0	0	8.185
0	107	287	0	0	0	0	8.1875
1	106	287	0	0	0	0	8.19
3	106	285	0	0	0	0	8.1925
5	106	283	0	0	0	0	8.195
5	106	283	0	0	0	0	8.1975
3	107	284	0	0	0	0	8.2
4	107	283	0	0	0	0	8.2025
3	109	282	0	0	0	0	8.205
2	109	283	0	0	0	0	8.2075
1	111	283	1	0	0	0	8.21
2	111	282	0	0	0	0	8.2125
4	111	280	0	0	0	0	8.215
4	111	280	0	0	0	0	8.2175
4	111	280	0	0	0	0	8.22
3	112	280	0	0	0	0	8.2225
3	112	280	0	0	0	0	8.225
3	112	280	0	0	0	0	8.2275
3	112	280	0	0	0	0	8.23
4	112	279	0	0	0	0	8.2325
3	112	280	0	0	0	0	8.235
2	111	282	0	0	0	0	8.2375
2	111	282	0	0	0	0	8.24
2	112	281	0	0	0	0	8.2425
2	111	282	0	0	0	0	8.245
2	110	283	0	0	0	0	8.2475
2	109	284	0	0	0	0	8.25
3	109	283	0	0	0	0	8.2525
3	108	284	0	0	0	0	8.255
4	108	283	0	0	0	0	8.2575
6	108	281	0	0	0	0	8.26
7	108	280	0	0	0	0	8.2625
8	108	279	0	0	0	0	8.265
9	108	278	0	0	0	0	8.2675
9	107	278	0	1	0	0	8.27
9	107	278	0	0	0	0	8.2725
9	106	279	0	0	0	0	8.275
9	105	280	0	0	0	0	8.2775
9	105	280	0	0	0	0	8.28
9	105	280	0	0	0	0	8.2825
10	105	279	0	0	0	0	8.285
10	104	280	0	0	0	0	8.2875
10	104	280	0	0	0	0	8.29
11	104	279	0	0	0	0	8.2925
11	104	279	0	0	0	0	8.295
11	103	280	0	0	0	0	8.2975
11	103	280	0	0	0	0	8.3
11	102	281	0	0	0	0	8.3025
11	102	281	0	0	0	1	8.305
11	102	281	0	0	0	0	8.3075
11	102	281	0	0	0	0	8.31
12	101	281	0	0	0	0	8.3125
11	101	282	0	0	0	1	8.315
11	101	282	0	0	0	0	8.3175
11	101	282	0	0	0	0	8.32
12	101	281	0	0	0	0	8.3225
12	101	281	0	0	0	0	8.325
12	101	281	0	0	0	0	8.3275
12	100	282	0	0	0	0	8.33
15	99	280	0	0	0	0	8.3325
16	99	279	0	0	0	0	8.335
15	99	280	0	0	0	1	8.3375
14	99	281	0	0	0	1	8.34
14	99	280	0	1	0	0	8.3425
14	99	280	0	0	0	0	8.345
15	98	280	0	0	0	0	8.3475
16	98	279	0	0	0	0	8.35
16	98	279	0	0	0	0	8.3525
17	98	278	0	0	0	0	8.355
17	98	278	0	0	0	0	8.3575
17	98	278	0	0	0	0	8.36
18	97	278	0	0	0	0	8.3625
18	97	278	0	0	0	0	8.365
18	97	278	0	0	0	0	8.3675
18	97	278	0	0	0	0	8.37
18	97	278	0	0	0	0	8.3725
18	97	278	0	0	0	0	8.375
18	97	278	0	0	0	0	8.3775
18	96	279	0	0	0	0	8.38
20	96	277	0	0	0	0	8.3825
19	95	279	0	0	0	1	8.385
19	94	280	0	0	0	0	8.3875
20	94	279	0	0	0	0	8.39
20	94	279	0	0	0	0	8.3925
19	94	280	0	0	0	1	8.395
19	94	280	0	0	0	0	8.3975
19	93	281	0	0	0	0	8.4
20	93	280	0	0	0	0	8.4025
21	93	279	0	0	0	0	8.405
21	93	279	0	0	0	0	8.4075
22	93	278	0	0	0	0	8.41
22	93	278	0	0	0	0	8.4125
22	93	278	0	0	0	0	8.415
23	93	277	0	0	0	0	8.4175
22	93	278	0	0	0	1	8.42
23	93	277	0	0	0	0	8.4225
23	92	278	0	0	0	0	8.425
23	92	278	0	0	0	0	8.4275
23	92	278	0	0	0	0	8.43
23	92	278	0	0	0	0	8.4325
24	92	277	0	0	0	0	8.435
24	92	277	0	0	0	0	8.4375
24	92	277	0	0	0	0	8.44
24	92	277	0	0	0	0	8.4425
24	92	277	0	0	0	0	8.445
24	92	277	0	0	0	0	8.4475
24	92	277	0	0	0	0	8.45
25	92	276	0	0	0	0	8.4525
25	91	277	0	0	0	1	8.455
26	90	277	0	0	0	0	8.4575
27	90	276	0	0	0	0	8.46
28	90	275	0	0	0	0	8.4625
27	90	276	0	0	0	1	8.465
27	89	277	0	0	0	0	8.4675
27	89	277	0	0	0	0	8.47
27	89	277	0	0	0	0	8.4725
27	89	277	0	0	0	0	8.475
29	89	275	0	0	0	0	8.4775
29	88	276	0	0	0	0	8.48
29	88	276	0	0	0	0	8.4825
29	88	276	0	0	0	0	8.485
30	88	275	0	0	0	0	8.4875
30	88	275	0	0	0	0	8.49
29	88	276	0	0	0	1	8.4925
31	87	275	0	0	0	0	8.495
31	87	275	0	0	0	0	8.4975
31	87	275	0	0	0	0	8.5
32	86	275	0	0	0	0	8.5025
34	84	275	0	0	0	0	8.505
34	83	276	0	0	0	0	8.5075
34	83	276	0	0	0	0	8.51
34	83	276	0	0	0	0	8.5125
35	82	276	0	0	0	0	8.515
35	80	278	0	0	0	0	8.5175
36	80	277	0	0	0	0	8.52
36	80	277	0	0	0	0	8.5225
37	80	276	0	0	0	0	8.525
37	80	276	0	0	0	0	8.5275
38	80	275	0	0	0	0	8.53
38	80	275	0	0	0	0	8.5325
38	80	275	0	0	0	0	8.535
39	80	274	0	0	0	0	8.5375
39	80	274	0	0	0	0	8.54
39	80	274	0	0	0	0	8.5425
39	80	274	0	0	0	0	8.545
38	79	276	0	0	0	1	8.5475
37	79	277	0	0	0	2	8.55
37	79	277	0	0	0	0	8.5525
37	79	277	0	0	0	1	8.555
37	79	277	0	0	0	0	8.5575
37	79	277	0	0	0	0	8.56
37	78	278	0	0	0	0	8.5625
37	78	278	0	0	0	0	8.565
37	78	278	0	0	0	0	8.5675
39	78	276	0	0	0	0	8.57
39	78	276	0	0	0	0	8.5725
39	78	276	0	0	0	0	8.575
39	78	276	0	0	0	0	8.5775
39	77	277	0	0	0	0	8.58
39	77	277	0	0	0	0	8.5825
38	77	278	0	0	0	1	8.585
38	77	278	0	0	0	0	8.5875
38	77	277	0	1	0	0	8.59
37	77	278	0	0	0	1	8.5925
37	76	279	0	0	0	0	8.595
36	76	280	0	0	0	2	8.5975
37	75	280	0	0	0	0	8.6
38	75	279	0	0	0	0	8.6025
38	75	279	0	0	0	0	8.605
38	75	279	0	0	0	0	8.6075
37	75	280	0	0	0	1	8.61
37	75	280	0	0	0	0	8.6125
37	75	280	0	0	0	0	8.615
37	75	280	0	0	0	0	8.6175
37	75	280	0	0	0	0	8.62
39	75	278	0	0	0	0	8.6225
40	74	278	0	0	0	0	8.625
40	74	278	0	0	0	0	8.6275
41	74	277	0	0	0	0	8.63
42	74	276	0	0	0	0	8.6325
42	74	276	0	0	0	0	8.635
42	74	276	0	0	0	0	8.6375
42	74	276	0	0	0	0	8.64
42	74	276	0	0	0	0	8.6425
42	73	277	0	0	0	0	8.645
41	73	278	0	0	0	1	8.6475
41	72	279	0	0	0	0	8.65
41	72	279	0	0	0	0	8.6525
41	72	279	0	0	0	0	8.655
42	72	278	0	0	0	0	8.6575
42	72	278	0	0	0	0	8.66
42	72	278	0	0	0	0	8.6625
41	72	279	0	0	0	1	8.665
41	72	279	0	0	0	0	8.6675
42	72	278	0	0	0	0	8.67
42	72	278	0	0	0	0	8.6725
43	72	277	0	0	0	0	8.675
43	72	277	0	0	0	0	8.6775
43	72	277	0	0	0	0	8.68
43	72	277	0	0	0	0	8.6825
44	72	276	0	0	0	0	8.685
44	71	277	0	0	0	0	8.6875
44	71	277	0	0	0	0	8.69
46	71	275	0	0	0	0	8.6925
47	71	274	0	0	0	0	8.695
47	71	274	0	0	0	0	8.6975
47	70	275	0	0	0	0	8.7
48	70	274	0	0	0	0	8.7025
48	70	274	0	0	0	0	8.705
48	70	274	0	0	0	0	8.7075
50	70	272	0	0	0	0	8.71
52	70	270	0	0	0	0	8.7125
52	70	270	0	0	0	0	8.715
51	70	271	0	0	0	1	8.7175
51	70	271	0	0	0	0	8.72
51	70	271	0	0	0	0	8.7225
52	70	270	0	0	0	0	8.725
53	70	269	0	0	0	0	8.7275
53	70	269	0	0	0	0	8.73
53	69	270	0	0	0	1	8.7325
52	69	271	0	0	0	1	8.735
53	68	271	0	0	0	0	8.7375
53	68	271	0	0	0	1	8.74
53	67	272	0	0	0	0	8.7425
53	67	272	0	0	0	0	8.745
53	67	272	0	0	0	0	8.7475
55	67	270	0	0	0	0	8.75
55	67	270	0	0	0	0	8.7525
55	67	270	0	0	0	0	8.755
55	68	269	0	0	0	0	8.7575
55	68	269	0	0	0	0	8.76
53	68	271	0	0	0	1	8.7625
51	70	271	0	0	0	0	8.765
49	72	271	0	0	0	0	8.7675
45	76	271	0	0	0	0	8.77
43	78	271	0	0	0	0	8.7725
40	80	272	0	0	0	1	8.775
41	81	271	1	0	0	0	8.7775
39	83	271	0	0	0	0	8.78
33	86	274	0	0	0	3	8.7825
31	89	273	0	0	0	0	8.785
27	91	275	0	0	0	0	8.7875
21	97	275	0	0	0	0	8.79
19	99	275	0	0	0	0	8.7925
18	100	275	0	0	0	0	8.795
15	103	275	0	0	0	0	8.7975
15	103	275	0	0	0	0	8.8
11	106	275	0	1	0	0	8.8025
8	110	274	0	0	0	0	8.805
7	111	274	0	0	0	0	8.8075
7	111	274	0	0	0	0	8.81
7	111	274	0	0	0	0	8.8125
5	113	274	0	0	0	0	8.815
4	113	275	0	0	0	0	8.8175
5	112	275	0	0	0	0	8.82
6	113	273	0	0	0	0	8.8225
5	113	274	0	0	0	0	8.825
4	114	274	0	0	0	0	8.8275
3	113	276	0	0	0	0	8.83
3	113	276	0	0	0	0	8.8325
3	114	275	0	0	0	0	8.835
4	113	275	1	1	0	0	8.8375
4	114	274	0	0	0	0	8.84
5	114	273	0	0	0	0	8.8425
3	116	273	0	0	0	0	8.845
3	116	273	0	0	0	0	8.8475
3	116	273	0	0	0	0	8.85
3	118	271	0	0	0	0	8.8525
1	119	272	0	0	0	0	8.855
1	119	272	0	0	0	0	8.8575
1	118	273	0	0	0	0	8.86
1	117	274	0	0	0	0	8.8625
3	117	272	0	0	0	0	8.865
2	118	272	0	0	0	0	8.8675
0	120	272	0	0	0	0	8.87
3	120	269	0	0	0	0	8.8725
4	120	269	1	0	0	0	8.875
0	124	269	0	0	0	0	8.8775
0	123	270	0	0	0	0	8.88
1	122	270	0	0	0	0	8.8825
1	121	271	0	0	0	0	8.885
1	121	271	0	0	0	0	8.8875
1	121	271	0	0	0	0	8.89
1	120	272	0	0	0	0	8.8925
0	121	272	0	0	0	0	8.895
0	120	273	0	0	0	0	8.8975
0	120	273	0	0	0	0	8.9
0	120	273	0	0	0	0	8.9025
0	120	273	0	0	0	0	8.905
1	119	273	1	0	1	0	8.9075
1	120	272	0	0	0	0	8.91
2	120	271	0	0	0	0	8.9125
3	120	270	0	0	0	0	8.915
1	122	270	0	0	0	0	8.9175
1	122	269	0	1	0	0	8.92
1	120	271	0	0	0	0	8.9225
1	120	271	0	0	0	0	8.925
0	121	270	0	1	0	0	8.9275
1	119	271	0	0	0	0	8.93
0	119	272	0	0	0	0	8.9325
1	119	271	0	0	0	0	8.935
1	119	271	0	0	0	0	8.9375
1	119	271	0	0	0	0	8.94
0	119	272	0	0	0	0	8.9425
1	119	271	0	0	0	0	8.945
3	119	269	0	0	0	0	8.9475
2	120	269	0	0	0	0	8.95
2	120	269	0	0	0	0	8.9525
2	119	270	0	0	0	0	8.955
1	120	270	0	0	0	0	8.9575
0	121	270	0	0	0	0	8.96
0	121	270	0	0	0	0	8.9625
0	121	270	0	0	0	0	8.965
0	120	271	0	0	0	0	8.9675
0	118	273	0	0	0	0	8.97
1	118	272	0	0	0	0	8.9725
1	116	274	0	0	0	0	8.975
1	117	273	0	0	0	0	8.9775
0	118	273	0	0	0	0	8.98
0	118	273	0	0	0	0	8.9825
0	118	273	0	0	0	0	8.985
0	118	273	0	0	0	0	8.9875
0	118	273	0	0	0	0	8.99
1	117	273	0	0	0	0	8.9925
0	118	273	0	0	0	0	8.995
1	118	272	0	0	0	0	8.9975
0	119	272	0	0	0	0	9
0	119	272	0	0	0	0	9.0025
1	118	272	0	0	0	0	9.005
2	118	271	0	0	0	0	9.0075
3	118	270	0	0	0	0	9.01
4	119	268	0	0	0	0	9.0125
3	121	267	0	0	0	0	9.015
1	123	267	0	0	0	0	9.0175
1	122	268	0	0	0	0	9.02
0	123	268	0	0	0	0	9.0225
0	123	268	0	0	0	0	9.025
1	123	267	0	0	0	0	9.0275
1	123	267	0	0	0	0	9.03
2	123	266	0	0	0	0	9.0325
0	125	266	0	0	0	0	9.035
0	124	267	0	0	0	0	9.0375
0	124	267	0	0	0	0	9.04
0	124	267	0	0	0	0	9.0425
0	124	267	0	0	0	0	9.045
0	124	267	0	0	0	0	9.0475
0	122	269	0	0	0	0	9.05
0	122	269	0	0	0	0	9.0525
0	122	269	0	0	0	0	9.055
0	122	269	0	0	0	0	9.0575
0	122	269	0	0	0	0	9.06
1	122	268	0	0	0	0	9.0625
1	122	268	0	0	0	0	9.065
2	122	267	0	0	0	0	9.0675
1	123	267	0	0	0	0	9.07
2	123	266	0	0	0	0	9.0725
0	125	266	0	0	0	0	9.075
2	125	265	1	0	0	0	9.0775
2	125	265	0	0	0	0	9.08
3	125	264	0	0	0	0	9.0825
2	127	263	0	0	0	0	9.085
2	127	263	0	0	0	0	9.0875
0	128	264	0	0	0	0	9.09
0	128	264	0	0	0	0	9.0925
0	128	264	0	0	0	0	9.095
0	128	264	0	0	0	0	9.0975
0	127	265	0	0	0	0	9.1
1	127	264	0	0	0	0	9.1025
0	128	264	0	0	0	0	9.105
0	128	264	0	0	0	0	9.1075
1	128	263	0	0	0	0	9.11
0	129	263	0	0	0	0	9.1125
1	128	263	0	0	0	0	9.115
1	127	264	0	0	0	0	9.1175
1	127	264	0	0	0	0	9.12
2	127	263	0	0	0	0	9.1225
2	126	264	0	0	0	0	9.125
2	125	265	0	0	0	0	9.1275
2	126	264	0	0	0	0	9.13
1	126	265	0	0	0	0	9.1325
1	126	265	0	0	0	0	9.135
2	126	264	0	0	0	0	9.1375
1	126	265	0	0	0	0	9.14
1	126	265	0	0	0	0	9.1425
1	126	265	0	0	0	0	9.145
2	126	264	0	0	0	0	9.1475
2	126	264	0	0	0	0	9.15
1	125	266	0	0	0	1	9.1525
1	125	266	0	0	0	0	9.155
1	125	266	0	0	0	0	9.1575
0	126	266	0	0	0	0	9.16
0	126	266	0	0	0	0	9.1625
1	126	265	0	0	0	0	9.165
2	126	264	0	0	0	0	9.1675
2	126	264	0	0	0	0	9.17
3	125	264	0	0	0	0	9.1725
2	126	264	0	0	0	0	9.175
2	126	264	0	0	0	0	9.1775
2	125	265	0	0	0	0	9.18
2	125	265	0	0	0	0	9.1825
4	124	264	0	0	0	0	9.185
3	125	264	0	0	0	0	9.1875
4	125	263	0	0	0	0	9.19
3	125	264	0	0	0	1	9.1925
1	125	266	0	0	0	0	9.195
1	125	266	0	0	0	0	9.1975
1	125	266	0	0	0	0	9.2
1	125	266	0	0	0	0	9.2025
0	126	266	0	0	0	0	9.205
0	126	266	0	0	0	0	9.2075
0	125	267	0	0	0	0	9.21
1	125	266	0	0	0	0	9.2125
2	125	265	0	0	0	0	9.215
2	124	266	0	0	0	0	9.2175
3	124	265	0	0	0	0	9.22
3	125	264	0	0	0	0	9.2225
3	125	264	0	0	0	0	9.225
4	124	264	0	0	0	0	9.2275
3	125	264	0	0	0	0	9.23
3	125	264	0	0	0	0	9.2325
3	124	265	0	0	0	0	9.235
3	124	265	0	0	0	0	9.2375
4	123	265	0	0	0	0	9.24
4	123	265	0	0	0	0	9.2425
4	122	266	0	0	0	0	9.245
4	122	266	0	0	0	0	9.2475
4	122	266	0	0	0	0	9.25
5	122	265	0	0	0	0	9.2525
5	122	265	0	0	0	0	9.255
5	121	266	0	0	0	0	9.2575
6	121	265	0	0	0	0	9.26
7	120	265	0	0	0	0	9.2625
7	120	265	0	0	0	0	9.265
8	119	265	0	0	0	0	9.2675
8	118	266	0	0	0	0	9.27
8	118	266	0	0	0	0	9.2725
9	118	265	0	0	0	0	9.275
9	118	265	0	0	0	0	9.2775
10	117	265	0	0	0	0	9.28
10	117	265	0	0	0	0	9.2825
10	117	265	0	0	0	0	9.285
11	117	264	0	0	0	0	9.2875
11	117	264	0	0	0	0	9.29
11	116	265	0	0	0	0	9.2925
11	116	265	0	0	0	0	9.295
11	116	265	0	0	0	0	9.2975
11	116	265	0	0	0	0	9.3
11	116	265	0	0	0	0	9.3025
11	116	265	0	0	0	0	9.305
12	116	264	0	0	0	0	9.3075
12	116	264	0	0	0	0	9.31
12	116	262	0	2	0	0	9.3125
13	116	261	0	0	0	0	9.315
14	116	260	0	0	0	0	9.3175
14	116	260	0	0	0	0	9.32
14	116	260	0	0	0	0	9.3225
14	115	261	0	0	0	0	9.325
14	115	261	0	0	0	0	9.3275
15	115	260	0	0	0	0	9.33
15	115	260	0	0	0	0	9.3325
15	115	260	0	0	0	0	9.335
16	115	259	0	0	0	0	9.3375
16	114	260	0	0	0	0	9.34
16	113	261	0	0	0	0	9.3425
17	113	260	0	0	0	0	9.345
17	113	260	0	0	0	0	9.3475
15	113	262	0	0	0	2	9.35
17	113	260	0	0	0	0	9.3525
17	113	260	0	0	0	0	9.355
17	112	261	0	0	0	0	9.3575
17	112	261	0	0	0	0	9.36
18	112	260	0	0	0	0	9.3625
18	111	261	0	0	0	0	9.365
19	111	260	0	0	0	0	9.3675
20	111	259	0	0	0	0	9.37
20	110	260	0	0	0	0	9.3725
20	110	260	0	0	0	0	9.375
22	110	258	0	0	0	0	9.3775
21	108	261	0	0	0	1	9.38
21	108	261	0	0	0	0	9.3825
21	108	261	0	0	0	0	9.385
21	108	261	0	0	0	0	9.3875
21	107	262	0	0	0	0	9.39
23	107	260	0	0	0	0	9.3925
23	107	260	0	0	0	0	9.395
24	107	259	0	0	0	0	9.3975
25	107	258	0	0	0	0	9.4
25	107	258	0	0	0	0	9.4025
25	107	258	0	0	0	0	9.405
25	106	259	0	0	0	0	9.4075
25	105	260	0	0	0	0	9.41
25	105	260	0	0	0	1	9.4125
25	105	260	0	0	0	0	9.415
24	105	261	0	0	0	1	9.4175
26	105	259	0	0	0	0	9.42
27	105	258	0	0	0	0	9.4225
27	105	258	0	0	0	0	9.425
28	104	258	0	0	0	0	9.4275
29	104	257	0	0	0	0	9.43
30	104	256	0	0	0	0	9.4325
30	104	256	0	0	0	0	9.435
30	104	256	0	0	0	0	9.4375
30	104	256	0	0	0	0	9.44
33	104	253	0	0	0	0	9.4425
33	104	253	0	0	0	0	9.445
33	104	253	0	0	0	0	9.4475
34	104	252	0	0	0	0	9.45
35	104	251	0	0	0	0	9.4525
37	103	250	0	0	0	0	9.455
37	103	249	0	1	0	0	9.4575
37	102	250	0	0	0	0	9.46
37	102	250	0	0	0	0	9.4625
36	102	251	0	0	0	1	9.465
36	102	251	0	0	0	0	9.4675
36	102	251	0	0	0	0	9.47
35	102	252	0	0	0	1	9.4725
35	102	252	0	0	0	0	9.475
36	102	251	0	0	0	0	9.4775
36	102	251	0	0	0	0	9.48
35	102	252	0	0	0	1	9.4825
35	101	253	0	0	0	0	9.485
35	101	253	0	0	0	0	9.4875
36	101	252	0	0	0	0	9.49
36	101	252	0	0	0	0	9.4925
37	101	251	0	0	0	0	9.495
37	100	252	0	0	0	0	9.4975
37	98	254	0	0	0	0	9.5
38	98	253	0	0	0	0	9.5025
38	98	253	0	0	0	0	9.505
38	98	253	0	0	0	0	9.5075
39	97	253	0	0	0	0	9.51
39	97	253	0	0	0	0	9.5125
38	96	255	0	0	0	1	9.515
38	96	255	0	0	0	0	9.5175
37	96	256	0	0	0	1	9.52
37	96	256	0	0	0	0	9.5225
37	96	256	0	0	0	0	9.525
37	96	256	0	0	0	0	9.5275
37	96	256	0	0	0	0	9.53
37	95	257	0	0	0	0	9.5325
37	95	257	0	0	0	0	9.535
38	95	256	0	0	0	0	9.5375
37	95	257	0	0	0	1	9.54
38	94	256	0	1	0	0	9.5425
38	94	256	0	0	0	0	9.545
38	94	256	0	0	0	0	9.5475
38	94	256	0	0	0	0	9.55
38	93	257	0	0	0	0	9.5525
39	93	256	0	0	0	0	9.555
39	93	256	0	0	0	0	9.5575
40	93	255	0	0	0	0	9.56
40	93	255	0	0	0	0	9.5625
40	93	255	0	0	0	0	9.565
40	91	257	0	0	0	0	9.5675
40	91	257	0	0	0	0	9.57
41	91	256	0	0	0	0	9.5725
41	91	256	0	0	0	0	9.575
42	91	255	0	0	0	0	9.5775
42	91	255	0	0	0	0	9.58
41	91	256	0	0	0	1	9.5825
41	91	256	0	0	0	0	9.585
41	91	256	0	0	0	0	9.5875
40	91	257	0	0	0	1	9.59
40	91	257	0	0	0	0	9.5925
40	91	257	0	0	0	0	9.595
41	90	257	0	0	0	0	9.5975
41	90	257	0	0	0	0	9.6
42	89	257	0	0	0	0	9.6025
42	89	257	0	0	0	0	9.605
42	88	258	0	0	0	0	9.6075
42	88	258	0	0	0	1	9.61
42	88	258	0	0	0	0	9.6125
42	87	259	0	0	0	0	9.615
42	86	260	0	0	0	0	9.6175
43	86	259	0	0	0	0	9.62
44	86	258	0	0	0	0	9.6225
43	86	259	0	0	0	1	9.625
44	86	258	0	0	0	0	9.6275
43	86	259	0	0	0	1	9.63
44	86	259	1	0	0	0	9.6325
44	86	259	0	0	0	0	9.635
44	86	259	0	0	0	0	9.6375
44	85	260	0	0	0	0	9.64
45	85	259	0	0	0	0	9.6425
45	85	259	0	0	0	0	9.645
45	85	259	0	0	0	0	9.6475
46	85	258	0	0	0	0	9.65
45	85	259	0	0	0	1	9.6525
46	85	258	0	0	0	0	9.655
46	85	258	0	0	0	0	9.6575
46	85	258	0	0	0	0	9.66
46	85	258	0	0	0	0	9.6625
46	85	258	0	0	0	0	9.665
46	85	258	0	0	0	0	9.6675
47	85	257	0	0	0	0	9.67
46	85	258	0	0	0	1	9.6725
46	85	258	0	0	0	0	9.675
46	85	258	0	0	0	0	9.6775
47	85	257	0	0	0	0	9.68
46	85	258	0	0	0	1	9.6825
46	85	258	0	0	0	0	9.685
46	85	258	0	0	0	0	9.6875
46	85	258	0	0	0	0	9.69
46	85	258	0	0	0	1	9.6925
46	85	258	0	0	0	0	9.695
46	85	258	0	0	0	0	9.6975
45	85	259	0	0	0	1	9.7
45	85	259	0	0	0	0	9.7025
46	85	258	0	0	0	0	9.705
46	83	260	0	0	0	0	9.7075
46	83	260	0	0	0	0	9.71
47	83	259	0	0	0	1	9.7125
47	83	259	0	0	0	0	9.715
47	83	259	0	0	0	0	9.7175
47	83	259	0	0	0	0	9.72
48	82	259	0	0	0	0	9.7225
49	82	258	0	0	0	0	9.725
51	82	256	0	0	0	0	9.7275
51	81	257	0	0	0	0	9.73
51	81	257	0	0	0	0	9.7325
52	81	256	0	0	0	0	9.735
51	81	257	0	0	0	1	9.7375
52	81	256	0	0	0	0	9.74
52	81	256	0	0	0	0	9.7425
52	81	256	0	0	0	0	9.745
52	81	256	0	0	0	0	9.7475
52	81	256	0	0	0	0	9.75
52	81	256	0	0	0	0	9.7525
51	82	256	0	0	0	0	9.755
52	82	255	0	0	0	0	9.7575
51	83	256	1	0	0	1	9.76
51	83	256	0	0	0	0	9.7625
49	85	256	0	0	0	0	9.765
46	88	256	0	0	0	1	9.7675
42	92	256	0	0	0	0	9.77
38	95	257	0	0	0	0	9.7725
31	101	258	0	0	0	1	9.775
28	104	258	0	0	0	0	9.7775
25	106	259	0	0	0	0	9.78
26	107	257	0	0	0	0	9.7825
22	110	258	0	0	0	0	9.785
19	112	259	0	0	0	0	9.7875
16	115	259	0	0	0	0	9.79
13	118	259	0	0	0	0	9.7925
12	120	258	0	0	0	0	9.795
11	120	259	0	0	0	0	9.7975
9	123	258	0	0	0	0	9.8
9	124	257	0	0	0	0	9.8025
8	125	257	0	0	0	0	9.805
8	125	257	0	0	0	0	9.8075
8	124	258	0	0	0	0	9.81
8	124	258	0	0	0	0	9.8125
7	125	257	0	1	0	0	9.815
4	128	257	0	0	0	0	9.8175
3	129	257	0	0	0	0	9.82
3	128	258	0	0	0	0	9.8225
2	129	258	0	0	0	0	9.825
1	130	258	0	0	0	0	9.8275
0	130	259	0	0	0	0	9.83
1	130	258	0	0	0	0	9.8325
0	131	258	0	0	0	0	9.835
0	131	258	0	0	0	0	9.8375
0	130	259	0	0	0	0	9.84
0	130	259	0	0	0	0	9.8425
0	130	259	0	0	0	0	9.845
1	130	258	0	0	0	0	9.8475
2	130	257	0	0	0	0	9.85
2	130	257	0	0	0	0	9.8525
2	129	258	0	0	0	0	9.855
1	130	258	0	0	0	0	9.8575
0	129	260	0	0	0	0	9.86
0	128	261	0	0	0	0	9.8625
0	128	261	0	0	0	0	9.865
0	127	262	0	0	0	0	9.8675
0	127	262	0	0	0	0	9.87
0	127	262	0	0	0	0	9.8725
0	126	263	0	0	0	0	9.875
1	126	262	0	0	0	0	9.8775
2	126	261	0	0	0	0	9.88
2	127	260	0	0	0	0	9.8825
2	128	259	0	0	0	0	9.885
1	130	258	0	0	0	0	9.8875
1	130	258	0	0	0	0	9.89
1	130	258	0	0	0	0	9.8925
1	130	258	0	0	0	0	9.895
1	129	259	0	0	0	0	9.8975
0	130	259	0	0	0	0	9.9
2	130	257	0	0	0	0	9.9025
2	130	257	0	0	0	0	9.905
2	128	259	0	0	0	0	9.9075
0	128	261	0	0	0	0	9.91
0	128	261	0	0	0	0	9.9125
0	126	263	0	0	0	0	9.915
1	125	263	0	0	0	0	9.9175
2	125	262	0	0	0	0	9.92
3	122	264	0	0	0	0	9.9225
1	123	265	0	0	0	0	9.925
2	123	264	0	0	0	0	9.9275
1	124	264	0	0	0	0	9.93
0	124	265	0	0	0	0	9.9325
1	124	264	0	0	0	0	9.935
2	124	263	0	0	0	0	9.9375
0	126	263	0	0	0	0	9.94
1	125	263	0	0	0	0	9.9425
5	125	259	0	0	0	0	9.945
2	129	258	0	0	0	0	9.9475
2	130	257	0	0	0	0	9.95
0	132	257	0	0	0	0	9.9525
0	132	257	0	0	0	0	9.955
1	129	259	0	0	0	0	9.9575
1	128	260	0	0	0	0	9.96
0	128	261	0	0	0	1	9.9625
0	126	263	0	0	0	0	9.965
1	126	262	0	0	0	0	9.9675
1	125	263	0	0	0	0	9.97
1	124	264	0	0	0	0	9.9725
1	124	264	0	0	0	0	9.975
1	124	264	0	0	0	0	9.9775
1	125	263	0	0	0	0	9.98
1	125	263	0	0	0	0	9.9825
3	125	261	0	0	0	0	9.985
3	125	261	0	0	0	0	9.9875
2	125	262	0	0	0	0	9.99
1	126	262	0	0	0	0	9.9925
2	126	261	0	0	0	0	9.995
2	127	260	0	0	0	0	9.9975
