S	I	R	e	d	dI	t
300	100	0	0	0	0	0
299	101	0	0	0	0	0.0025
299	101	0	0	0	0	0.005
299	101	0	0	0	0	0.0075
297	102	1	0	0	0	0.01
297	101	2	0	0	0	0.0125
296	102	2	0	0	0	0.015
296	101	3	0	0	0	0.0175
296	101	3	0	0	0	0.02
295	101	4	0	0	0	0.0225
294	101	5	0	0	0	0.025
294	101	5	0	0	0	0.0275
294	101	5	0	0	0	0.03
294	101	5	0	0	0	0.0325
294	101	5	0	0	0	0.035
294	101	5	0	0	0	0.0375
293	102	5	0	0	0	0.04
293	102	5	0	0	0	0.0425
292	103	5	0	0	0	0.045
291	104	5	0	0	0	0.0475
291	104	5	0	0	0	0.05
291	104	5	0	0	0	0.0525
291	103	6	0	0	0	0.055
290	103	7	0	0	0	0.0575
289	104	7	0	0	0	0.06
289	104	7	0	0	0	0.0625
289	104	7	0	0	0	0.065
289	104	7	0	0	0	0.0675
288	105	7	0	0	0	0.07
288	104	8	0	0	0	0.0725
288	104	8	0	0	0	0.075
287	105	8	0	0	0	0.0775
284	107	9	0	0	0	0.08
283	108	9	0	0	0	0.0825
283	107	10	0	0	0	0.085
282	108	10	0	0	0	0.0875
282	108	10	0	0	0	0.09
281	109	10	0	0	0	0.0925
281	109	10	0	0	0	0.095
280	110	10	0	0	0	0.0975
279	111	10	0	0	0	0.1
277	113	10	0	0	0	0.1025
277	112	11	0	0	0	0.105
277	112	11	0	0	0	0.1075
275	114	11	0	0	0	0.11
274	115	11	0	0	0	0.1125
273	116	11	0	0	0	0.115
270	118	12	0	0	0	0.1175
268	120	12	0	0	0	0.12
268	120	12	0	0	0	0.1225
268	120	12	0	0	0	0.125
268	120	12	0	0	0	0.1275
268	120	12	0	0	0	0.13
268	119	13	0	0	0	0.1325
267	119	14	0	0	0	0.135
267	119	14	0	0	0	0.1375
266	119	15	0	0	0	0.14
265	120	15	0	0	0	0.1425
264	120	16	0	0	0	0.145
262	122	16	0	0	0	0.1475
262	121	17	0	0	0	0.15
261	122	17	0	0	0	0.1525
261	122	17	0	0	0	0.155
259	124	17	0	0	0	0.1575
257	126	17	0	0	0	0.16
256	127	17	0	0	0	0.1625
255	128	17	0	0	0	0.165
255	128	17	0	0	0	0.1675
254	129	17	0	0	0	0.17
254	128	18	0	0	0	0.1725
252	130	18	0	0	0	0.175
252	129	19	0	0	0	0.1775
248	133	19	0	0	0	0.18
247	133	20	0	0	0	0.1825
243	137	20	0	0	0	0.185
243	137	20	0	0	0	0.1875
242	137	21	0	0	0	0.19
242	134	24	0	0	0	0.1925
241	135	24	0	0	0	0.195
239	137	24	0	0	0	0.1975
236	139	25	0	0	0	0.2
236	138	26	0	0	0	0.2025
233	141	26	0	0	0	0.205
233	141	26	0	0	0	0.2075
233	140	27	0	0	0	0.21
232	141	27	0	0	0	0.2125
231	143	26	0	0	0	0.215
231	143	26	0	0	0	0.2175
229	145	26	0	0	0	0.22
229	145	26	0	0	0	0.2225
229	144	27	0	0	0	0.225
227	146	27	0	0	0	0.2275
225	146	29	0	0	0	0.23
225	146	29	0	0	0	0.2325
225	146	29	0	0	0	0.235
225	146	29	0	0	0	0.2375
224	146	30	0	0	0	0.24
223	147	30	0	0	0	0.2425
222	148	30	0	0	0	0.245
222	148	30	0	0	0	0.2475
221	149	30	0	0	0	0.25
220	150	30	0	0	0	0.2525
217	153	30	0	0	0	0.255
216	154	30	0	0	0	0.2575
216	154	30	0	0	0	0.26
215	153	32	0	0	0	0.2625
215	152	33	0	0	0	0.265
214	153	33	0	0	0	0.2675
211	156	33	0	0	0	0.27
210	157	33	0	0	0	0.2725
210	157	33	0	0	0	0.275
209	158	33	0	0	0	0.2775
208	159	33	0	0	0	0.28
208	159	33	0	0	0	0.2825
208	159	33	0	0	0	0.285
208	159	33	0	0	0	0.2875
208	158	34	0	0	0	0.29
208	156	36	0	0	0	0.2925
208	155	37	0	0	0	0.295
207	156	37	0	0	0	0.2975
207	156	37	0	0	0	0.3
207	155	38	0	0	0	0.3025
206	155	39	0	0	0	0.305
205	156	39	0	0	0	0.3075
205	157	38	0	0	0	0.31
205	156	39	0	0	0	0.3125
205	156	39	0	0	0	0.315
203	157	40	0	0	0	0.3175
201	159	40	0	0	0	0.32
200	160	40	0	0	0	0.3225
197	163	40	0	0	0	0.325
196	163	41	0	0	0	0.3275
196	162	42	0	0	0	0.33
192	166	42	0	0	0	0.3325
192	165	43	0	0	0	0.335
191	166	43	0	0	0	0.3375
188	169	43	0	0	0	0.34
188	169	43	0	0	0	0.3425
188	168	44	0	0	0	0.345
187	169	44	0	0	0	0.3475
185	171	44	0	0	0	0.35
185	170	45	0	0	0	0.3525
184	170	46	0	0	0	0.355
183	171	46	0	0	0	0.3575
183	171	46	0	0	0	0.36
183	170	47	0	0	0	0.3625
183	170	47	0	0	0	0.365
182	170	48	0	0	0	0.3675
182	170	48	0	0	0	0.37
181	171	48	0	0	0	0.3725
180	171	49	0	0	0	0.375
180	170	50	0	0	0	0.3775
180	170	50	0	0	0	0.38
180	169	51	0	0	0	0.3825
180	169	51	0	0	0	0.385
179	170	51	0	0	0	0.3875
178	172	50	0	0	0	0.39
178	172	50	0	0	0	0.3925
176	174	50	0	0	0	0.395
175	175	50	0	0	0	0.3975
175	175	50	0	0	0	0.4
174	175	51	0	0	0	0.4025
174	176	50	0	0	0	0.405
173	177	50	0	0	0	0.4075
174	177	49	0	0	0	0.41
174	177	49	0	0	0	0.4125
174	176	50	0	0	0	0.415
174	176	50	0	0	0	0.4175
172	177	51	0	0	0	0.42
171	178	51	0	0	0	0.4225
170	178	52	0	0	0	0.425
169	179	52	0	0	0	0.4275
169	178	53	0	0	0	0.43
169	177	54	0	0	0	0.4325
168	176	56	0	0	0	0.435
168	176	56	0	0	0	0.4375
168	176	56	0	0	0	0.44
167	177	56	0	0	0	0.4425
163	180	57	0	0	0	0.445
163	180	57	0	0	0	0.4475
162	181	57	0	0	0	0.45
163	181	56	0	0	0	0.4525
163	181	56	0	0	0	0.455
163	182	55	0	0	0	0.4575
163	180	57	0	0	0	0.46
163	180	57	0	0	0	0.4625
163	180	57	0	0	0	0.465
163	180	57	0	0	0	0.4675
163	179	58	0	0	0	0.47
163	178	59	0	0	0	0.4725
161	180	59	0	0	0	0.475
162	179	59	0	0	0	0.4775
162	177	61	0	0	0	0.48
162	176	62	0	0	0	0.4825
162	176	62	0	0	0	0.485
162	176	62	0	0	0	0.4875
161	175	64	0	0	0	0.49
160	176	64	0	0	0	0.4925
160	177	63	0	0	0	0.495
160	176	64	0	0	0	0.4975
159	177	64	0	0	0	0.5
159	177	64	0	0	0	0.5025
159	177	64	0	0	0	0.505
158	178	64	0	0	0	0.5075
158	178	64	0	0	0	0.51
158	177	65	0	0	0	0.5125
157	177	66	0	0	0	0.515
157	176	67	0	0	0	0.5175
154	179	67	0	0	0	0.52
154	179	67	0	0	0	0.5225
154	178	68	0	0	0	0.525
151	181	68	0	0	0	0.5275
150	181	69	0	0	0	0.53
149	181	70	0	0	0	0.5325
148	182	70	0	0	0	0.535
148	182	70	0	0	0	0.5375
146	184	70	0	0	0	0.54
145	185	70	0	0	0	0.5425
145	184	71	0	0	0	0.545
143	186	71	0	0	0	0.5475
142	187	71	0	0	0	0.55
142	188	70	0	0	0	0.5525
141	189	70	0	0	0	0.555
141	189	70	0	0	0	0.5575
140	188	72	0	0	0	0.56
140	187	73	0	0	0	0.5625
140	185	75	0	0	0	0.565
137	189	74	0	0	0	0.5675
136	190	74	0	0	0	0.57
135	189	76	0	0	0	0.5725
135	189	76	0	0	0	0.575
135	189	76	0	0	0	0.5775
135	188	77	0	0	0	0.58
136	188	76	0	0	0	0.5825
133	191	76	0	0	0	0.585
133	190	77	0	0	0	0.5875
132	191	77	0	0	0	0.59
132	191	77	0	0	0	0.5925
131	192	77	0	0	0	0.595
130	193	77	0	0	0	0.5975
128	193	79	0	0	0	0.6
128	193	79	0	0	0	0.6025
128	193	79	0	0	0	0.605
127	193	80	0	0	0	0.6075
127	193	80	0	0	0	0.61
127	193	80	0	0	0	0.6125
127	193	80	0	0	0	0.615
126	193	81	0	0	0	0.6175
126	193	81	0	0	0	0.62
125	193	82	0	0	0	0.6225
125	193	82	0	0	0	0.625
125	193	82	0	0	0	0.6275
124	194	82	0	0	0	0.63
124	194	82	0	0	0	0.6325
124	194	82	0	0	0	0.635
123	194	83	0	0	0	0.6375
123	194	83	0	0	0	0.64
123	193	84	0	0	0	0.6425
123	193	84	0	0	0	0.645
121	195	84	0	0	0	0.6475
121	195	84	0	0	0	0.65
120	196	84	0	0	0	0.6525
119	197	84	0	0	0	0.655
117	198	85	0	0	0	0.6575
117	198	85	0	0	0	0.66
118	198	84	0	0	0	0.6625
116	200	84	0	0	0	0.665
115	201	84	0	0	0	0.6675
115	200	85	0	0	0	0.67
114	199	87	0	0	0	0.6725
114	199	87	0	0	0	0.675
114	199	87	0	0	0	0.6775
114	198	88	0	0	0	0.68
114	198	88	0	0	0	0.6825
112	200	88	0	0	0	0.685
110	202	88	0	0	0	0.6875
109	204	87	0	0	0	0.69
109	204	87	0	0	0	0.6925
109	202	89	0	0	0	0.695
108	202	90	0	0	0	0.6975
108	202	90	0	0	0	0.7
108	202	90	0	0	0	0.7025
108	202	90	0	0	0	0.705
108	202	90	0	0	0	0.7075
109	202	89	0	0	0	0.71
108	204	88	0	0	0	0.7125
108	204	88	0	0	0	0.715
108	204	88	0	0	0	0.7175
107	205	88	0	0	0	0.72
106	206	88	0	0	0	0.7225
104	208	88	0	0	0	0.725
104	208	88	0	0	0	0.7275
104	208	88	0	0	0	0.73
103	209	88	0	0	0	0.7325
103	209	88	0	0	0	0.735
103	209	88	0	0	0	0.7375
103	208	89	0	0	0	0.74
103	208	89	0	0	0	0.7425
103	205	92	0	0	0	0.745
102	206	92	0	0	0	0.7475
102	206	92	0	0	0	0.75
101	207	92	0	0	0	0.7525
100	207	93	0	0	0	0.755
100	206	94	0	0	0	0.7575
100	205	95	0	0	0	0.76
100	205	95	0	0	0	0.7625
99	205	96	0	0	0	0.765
99	202	99	0	0	0	0.7675
99	201	100	0	0	0	0.77
98	202	100	0	0	0	0.7725
97	202	101	0	0	0	0.775
97	202	101	0	0	0	0.7775
97	202	101	0	0	0	0.78
96	203	101	0	0	0	0.7825
97	202	101	0	0	0	0.785
97	201	102	0	0	0	0.7875
96	202	102	0	0	0	0.79
96	202	102	0	0	0	0.7925
97	201	102	0	0	0	0.795
96	201	103	0	0	0	0.7975
96	200	104	0	0	0	0.8
95	201	104	0	0	0	0.8025
94	202	104	0	0	0	0.805
95	202	103	0	0	0	0.8075
94	202	104	0	0	0	0.81
94	200	106	0	0	0	0.8125
92	202	106	0	0	0	0.815
91	200	109	0	0	0	0.8175
91	200	109	0	0	0	0.82
91	199	110	0	0	0	0.8225
91	198	111	0	0	0	0.825
91	198	111	0	0	0	0.8275
91	198	111	0	0	0	0.83
90	199	111	0	0	0	0.8325
89	200	111	0	0	0	0.835
89	200	111	0	0	0	0.8375
89	200	111	0	0	0	0.84
89	199	112	0	0	0	0.8425
89	198	113	0	0	0	0.845
89	198	113	0	0	0	0.8475
88	198	114	0	0	0	0.85
89	198	113	0	0	0	0.8525
88	198	114	0	0	0	0.855
88	198	114	0	0	0	0.8575
87	199	114	0	0	0	0.86
87	199	114	0	0	0	0.8625
87	199	114	0	0	0	0.865
88	199	113	0	0	0	0.8675
87	198	115	0	0	0	0.87
86	199	115	0	0	0	0.8725
86	200	114	0	0	0	0.875
85	201	114	0	0	0	0.8775
85	201	114	0	0	0	0.88
85	201	114	0	0	0	0.8825
82	204	114	0	0	0	0.885
82	204	114	0	0	0	0.8875
82	204	114	0	0	0	0.89
82	203	115	0	0	0	0.8925
82	203	115	0	0	0	0.895
83	203	114	0	0	0	0.8975
83	203	114	0	0	0	0.9
82	204	114	0	0	0	0.9025
83	204	113	0	0	0	0.905
83	202	115	0	0	0	0.9075
83	201	116	0	0	0	0.91
83	201	116	0	0	0	0.9125
83	199	118	0	0	0	0.915
83	199	118	0	0	0	0.9175
84	199	117	0	0	0	0.92
84	199	117	0	0	0	0.9225
83	200	117	0	0	0	0.925
82	201	117	0	0	0	0.9275
82	201	117	0	0	0	0.93
82	201	117	0	0	0	0.9325
82	201	117	0	0	0	0.935
82	201	117	0	0	0	0.9375
81	202	117	0	0	0	0.94
81	202	117	0	0	0	0.9425
81	200	119	0	0	0	0.945
81	200	119	0	0	0	0.9475
82	201	117	0	0	0	0.95
83	200	117	0	0	0	0.9525
83	199	118	0	0	0	0.955
83	199	118	0	0	0	0.9575
83	197	120	0	0	0	0.96
84	197	119	0	0	0	0.9625
84	196	120	0	0	0	0.965
86	195	119	0	0	0	0.9675
86	194	120	0	0	0	0.97
86	194	120	0	0	0	0.9725
86	193	121	0	0	0	0.975
86	192	122	0	0	0	0.9775
87	192	121	0	0	0	0.98
86	192	122	0	0	0	0.9825
85	192	123	0	0	0	0.985
85	191	124	0	0	0	0.9875
85	190	125	0	0	0	0.99
86	190	124	0	0	0	0.9925
88	190	122	0	0	0	0.995
88	190	122	0	0	0	0.9975
88	190	122	0	0	0	1
88	190	122	0	0	0	1.0025
88	190	122	0	0	0	1.005
88	189	123	0	0	0	1.0075
87	190	123	0	0	0	1.01
87	190	123	0	0	0	1.0125
84	193	123	0	0	0	1.015
85	193	122	0	0	0	1.0175
85	193	122	0	0	0	1.02
86	193	121	0	0	0	1.0225
86	191	123	0	0	0	1.025
86	191	123	0	0	0	1.0275
85	191	124	0	0	0	1.03
86	191	123	0	0	0	1.0325
86	190	124	0	0	0	1.035
86	189	125	0	0	0	1.0375
85	190	125	0	0	0	1.04
85	190	125	0	0	0	1.0425
85	188	127	0	0	0	1.045
84	188	128	0	0	0	1.0475
84	187	129	0	0	0	1.05
84	184	132	0	0	0	1.0525
81	186	133	0	0	0	1.055
80	187	133	0	0	0	1.0575
80	187	133	0	0	0	1.06
80	187	133	0	0	0	1.0625
81	187	132	0	0	0	1.065
81	187	132	0	0	0	1.0675
81	187	132	0	0	0	1.07
81	186	133	0	0	0	1.0725
80	187	133	0	0	0	1.075
80	187	133	0	0	0	1.0775
80	187	133	0	0	0	1.08
79	188	133	0	0	0	1.0825
79	188	133	0	0	0	1.085
79	187	134	0	0	0	1.0875
79	186	135	0	0	0	1.09
80	185	135	0	0	0	1.0925
80	184	136	0	0	0	1.095
80	185	135	0	0	0	1.0975
80	185	135	0	0	0	1.1
80	185	135	0	0	0	1.1025
79	186	135	0	0	0	1.105
80	186	134	0	0	0	1.1075
80	184	136	0	0	0	1.11
80	184	136	0	0	0	1.1125
79	185	136	0	0	0	1.115
79	185	136	0	0	0	1.1175
78	185	137	0	0	0	1.12
79	185	136	0	0	0	1.1225
79	184	137	0	0	0	1.125
79	184	137	0	0	0	1.1275
79	183	138	0	0	0	1.13
78	184	138	0	0	0	1.1325
77	185	138	0	0	0	1.135
77	185	138	0	0	0	1.1375
77	184	139	0	0	0	1.14
77	184	139	0	0	0	1.1425
78	183	139	0	0	0	1.145
77	184	139	0	0	0	1.1475
77	184	139	0	0	0	1.15
77	184	139	0	0	0	1.1525
76	184	140	0	0	0	1.155
76	183	141	0	0	0	1.1575
76	182	142	0	0	0	1.16
75	181	144	0	0	0	1.1625
75	181	144	0	0	0	1.165
73	182	145	0	0	0	1.1675
72	183	145	0	0	0	1.17
72	182	146	0	0	0	1.1725
72	182	146	0	0	0	1.175
72	181	147	0	0	0	1.1775
72	179	149	0	0	0	1.18
72	179	149	0	0	0	1.1825
72	179	149	0	0	0	1.185
72	179	149	0	0	0	1.1875
71	180	149	0	0	0	1.19
71	179	150	0	0	0	1.1925
71	179	150	0	0	0	1.195
71	179	150	0	0	0	1.1975
71	177	152	0	0	0	1.2
70	178	152	0	0	0	1.2025
70	178	152	0	0	0	1.205
70	178	152	0	0	0	1.2075
70	178	152	0	0	0	1.21
71	178	151	0	0	0	1.2125
72	178	150	0	0	0	1.215
72	178	150	0	0	0	1.2175
72	178	150	0	0	0	1.22
72	178	150	0	0	0	1.2225
73	177	150	0	0	0	1.225
73	176	151	0	0	0	1.2275
73	175	152	0	0	0	1.23
72	176	152	0	0	0	1.2325
72	176	152	0	0	0	1.235
71	177	152	0	0	0	1.2375
71	176	153	0	0	0	1.24
71	175	154	0	0	0	1.2425
71	174	155	0	0	0	1.245
71	174	155	0	0	0	1.2475
71	173	156	0	0	0	1.25
71	173	156	0	0	0	1.2525
70	174	156	0	0	0	1.255
70	174	156	0	0	0	1.2575
70	174	156	0	0	0	1.26
70	175	155	0	0	0	1.2625
70	175	155	0	0	0	1.265
69	176	155	0	0	0	1.2675
70	176	154	0	0	0	1.27
71	176	153	0	0	0	1.2725
71	175	154	0	0	0	1.275
71	175	154	0	0	0	1.2775
71	175	154	0	0	0	1.28
69	177	154	0	0	0	1.2825
68	177	155	0	0	0	1.285
67	178	155	0	0	0	1.2875
67	178	155	0	0	0	1.29
67	178	155	0	0	0	1.2925
69	177	154	0	0	0	1.295
70	177	153	0	0	0	1.2975
70	176	154	0	0	0	1.3
71	176	153	0	0	0	1.3025
71	175	154	0	0	0	1.305
71	174	155	0	0	0	1.3075
71	174	155	0	0	0	1.31
71	173	156	0	0	0	1.3125
72	173	155	0	0	0	1.315
71	174	155	0	0	0	1.3175
71	174	155	0	0	0	1.32
70	175	155	0	0	0	1.3225
70	174	156	0	0	0	1.325
70	173	157	0	0	0	1.3275
70	173	157	0	0	0	1.33
70	172	158	0	0	0	1.3325
69	173	158	0	0	0	1.335
69	173	158	0	0	0	1.3375
69	173	158	0	0	0	1.34
69	173	158	0	0	0	1.3425
68	173	159	0	0	0	1.345
68	171	161	0	0	0	1.3475
68	171	161	0	0	0	1.35
68	171	161	0	0	0	1.3525
68	171	161	0	0	0	1.355
68	170	162	0	0	0	1.3575
69	167	164	0	0	0	1.36
69	167	164	0	0	0	1.3625
69	167	164	0	0	0	1.365
69	166	165	0	0	0	1.3675
67	168	165	0	0	0	1.37
68	168	164	0	0	0	1.3725
68	168	164	0	0	0	1.375
68	168	164	0	0	0	1.3775
68	168	164	0	0	0	1.38
68	168	164	0	0	0	1.3825
68	168	164	0	0	0	1.385
68	168	164	0	0	0	1.3875
69	168	163	0	0	0	1.39
69	169	162	0	0	0	1.3925
69	169	162	0	0	0	1.395
69	169	162	0	0	0	1.3975
69	168	163	0	0	0	1.4
70	167	163	0	0	0	1.4025
70	168	162	0	0	0	1.405
70	167	163	0	0	0	1.4075
70	167	163	0	0	0	1.41
70	167	163	0	0	0	1.4125
71	167	162	0	0	0	1.415
71	167	162	0	0	0	1.4175
72	166	162	0	0	0	1.42
72	166	162	0	0	0	1.4225
72	166	162	0	0	0	1.425
71	167	162	0	0	0	1.4275
71	167	162	0	0	0	1.43
70	167	163	0	0	0	1.4325
70	167	163	0	0	0	1.435
70	165	165	0	0	0	1.4375
70	165	165	0	0	0	1.44
70	165	165	0	0	0	1.4425
70	165	165	0	0	0	1.445
71	165	164	0	0	0	1.4475
71	164	165	0	0	0	1.45
71	164	165	0	0	0	1.4525
71	164	165	0	0	0	1.455
71	164	165	0	0	0	1.4575
70	165	165	0	0	0	1.46
70	165	165	0	0	0	1.4625
70	165	165	0	0	0	1.465
70	165	165	0	0	0	1.4675
70	164	166	0	0	0	1.47
70	164	166	0	0	0	1.4725
70	164	166	0	0	0	1.475
69	164	167	0	0	0	1.4775
70	164	166	0	0	0	1.48
69	165	166	0	0	0	1.4825
69	165	166	0	0	0	1.485
70	164	166	0	0	0	1.4875
70	163	167	0	0	0	1.49
70	163	167	0	0	0	1.4925
70	162	168	0	0	0	1.495
70	161	169	0	0	0	1.4975
70	160	170	0	0	0	1.5
70	160	170	0	0	0	1.5025
70	160	170	0	0	0	1.505
70	160	170	0	0	0	1.5075
69	161	170	0	0	0	1.51
69	159	172	0	0	0	1.5125
69	159	172	0	0	0	1.515
69	158	173	0	0	0	1.5175
68	159	173	0	0	0	1.52
68	158	174	0	0	0	1.5225
68	158	174	0	0	0	1.525
68	158	174	0	0	0	1.5275
67	159	174	0	0	0	1.53
67	159	174	0	0	0	1.5325
67	159	174	0	0	0	1.535
67	158	175	0	0	0	1.5375
67	158	175	0	0	0	1.54
66	159	175	0	0	0	1.5425
66	159	175	0	0	0	1.545
66	160	174	0	0	0	1.5475
66	160	174	0	0	0	1.55
68	160	172	0	0	0	1.5525
68	160	172	0	0	0	1.555
68	158	174	0	0	0	1.5575
66	160	174	0	0	0	1.56
67	159	174	0	0	0	1.5625
66	159	175	0	0	0	1.565
65	158	177	0	0	0	1.5675
65	158	177	0	0	0	1.57
65	157	178	0	0	0	1.5725
65	157	178	0	0	0	1.575
65	157	178	0	0	0	1.5775
65	157	178	0	0	0	1.58
65	156	179	0	0	0	1.5825
65	156	179	0	0	0	1.585
65	156	179	0	0	0	1.5875
64	156	180	0	0	0	1.59
64	156	180	0	0	0	1.5925
63	157	180	0	0	0	1.595
63	157	180	0	0	0	1.5975
63	157	180	0	0	0	1.6
62	158	180	0	0	0	1.6025
62	158	180	0	0	0	1.605
63	158	179	0	0	0	1.6075
62	158	180	0	0	0	1.61
62	158	180	0	0	0	1.6125
63	158	179	0	0	0	1.615
66	158	176	0	0	0	1.6175
66	158	176	0	0	0	1.62
67	158	175	0	0	0	1.6225
68	158	174	0	0	0	1.625
69	157	174	0	0	0	1.6275
69	157	174	0	0	0	1.63
70	157	173	0	0	0	1.6325
70	157	173	0	0	0	1.635
70	157	173	0	0	0	1.6375
70	157	173	0	0	0	1.64
72	155	173	0	0	0	1.6425
72	155	173	0	0	0	1.645
72	155	173	0	0	0	1.6475
71	155	174	0	0	0	1.65
72	155	173	0	0	0	1.6525
71	156	173	0	0	0	1.655
71	156	173	0	0	0	1.6575
72	155	173	0	0	0	1.66
72	155	173	0	0	0	1.6625
72	154	174	0	0	0	1.665
72	154	174	0	0	0	1.6675
72	154	174	0	0	0	1.67
72	153	175	0	0	0	1.6725
72	154	174	0	0	0	1.675
72	152	176	0	0	0	1.6775
72	152	176	0	0	0	1.68
72	152	176	0	0	0	1.6825
71	153	176	0	0	0	1.685
71	152	177	0	0	0	1.6875
71	151	178	0	0	0	1.69
71	152	177	0	0	0	1.6925
70	153	177	0	0	0	1.695
70	153	177	0	0	0	1.6975
70	152	178	0	0	0	1.7
70	152	178	0	0	0	1.7025
71	152	177	0	0	0	1.705
71	152	177	0	0	0	1.7075
71	151	178	0	0	0	1.71
71	151	178	0	0	0	1.7125
71	151	178	0	0	0	1.715
70	152	178	0	0	0	1.7175
70	152	178	0	0	0	1.72
70	152	178	0	0	0	1.7225
70	152	178	0	0	0	1.725
70	153	177	0	0	0	1.7275
70	154	176	0	0	0	1.73
70	155	175	0	0	0	1.7325
69	155	176	0	0	0	1.735
69	154	177	0	0	0	1.7375
69	152	179	0	0	0	1.74
69	152	179	0	0	0	1.7425
69	152	179	0	0	0	1.745
69	152	179	0	0	0	1.7475
69	152	179	0	0	0	1.75
68	154	178	0	0	0	1.7525
68	154	178	0	0	0	1.755
68	154	178	0	0	0	1.7575
68	154	178	0	0	0	1.76
70	153	177	0	0	0	1.7625
70	153	177	0	0	0	1.765
70	153	177	0	0	0	1.7675
70	152	178	0	0	0	1.77
71	153	176	0	0	0	1.7725
71	152	177	0	0	0	1.775
70	153	177	0	0	0	1.7775
70	153	177	0	0	0	1.78
71	153	176	0	0	0	1.7825
70	154	176	0	0	0	1.785
70	153	177	0	0	0	1.7875
70	153	177	0	0	0	1.79
71	153	176	0	0	0	1.7925
71	153	176	0	0	0	1.795
71	152	177	0	0	0	1.7975
71	151	178	0	0	0	1.8
71	151	178	0	0	0	1.8025
71	151	178	0	0	0	1.805
71	151	178	0	0	0	1.8075
71	151	178	0	0	0	1.81
71	151	178	0	0	0	1.8125
70	150	180	0	0	0	1.815
70	149	181	0	0	0	1.8175
71	149	180	0	0	0	1.82
72	148	180	0	0	0	1.8225
72	148	180	0	0	0	1.825
72	148	180	0	0	0	1.8275
72	147	181	0	0	0	1.83
70	149	181	0	0	0	1.8325
71	149	180	0	0	0	1.835
68	151	181	0	0	0	1.8375
68	151	181	0	0	0	1.84
67	151	182	0	0	0	1.8425
66	151	183	0	0	0	1.845
66	150	184	0	0	0	1.8475
66	150	184	0	0	0	1.85
66	148	186	0	0	0	1.8525
66	148	186	0	0	0	1.855
66	148	186	0	0	0	1.8575
66	145	189	0	0	0	1.86
65	145	190	0	0	0	1.8625
65	144	191	0	0	0	1.865
65	144	191	0	0	0	1.8675
65	142	193	0	0	0	1.87
64	143	193	0	0	0	1.8725
64	143	193	0	0	0	1.875
63	142	195	0	0	0	1.8775
63	142	195	0	0	0	1.88
62	143	195	0	0	0	1.8825
62	142	196	0	0	0	1.885
62	142	196	0	0	0	1.8875
62	143	195	0	0	0	1.89
61	143	196	0	0	0	1.8925
60	143	197	0	0	0	1.895
61	143	196	0	0	0	1.8975
61	143	196	0	0	0	1.9
63	143	194	0	0	0	1.9025
64	143	193	0	0	0	1.905
65	143	192	0	0	0	1.9075
64	144	192	0	0	0	1.91
64	142	194	0	0	0	1.9125
64	142	194	0	0	0	1.915
64	142	194	0	0	0	1.9175
65	142	193	0	0	0	1.92
65	141	194	0	0	0	1.9225
65	141	194	0	0	0	1.925
66	141	193	0	0	0	1.9275
66	141	193	0	0	0	1.93
66	141	193	0	0	0	1.9325
65	142	193	0	0	0	1.935
65	142	193	0	0	0	1.9375
66	142	192	0	0	0	1.94
65	143	192	0	0	0	1.9425
65	143	192	0	0	0	1.945
65	142	193	0	0	0	1.9475
65	142	193	0	0	0	1.95
65	142	193	0	0	0	1.9525
65	142	193	0	0	0	1.955
64	143	193	0	0	0	1.9575
64	142	194	0	0	0	1.96
64	141	195	0	0	0	1.9625
64	141	195	0	0	0	1.965
64	140	196	0	0	0	1.9675
64	140	196	0	0	0	1.97
62	142	196	0	0	0	1.9725
62	142	196	0	0	0	1.975
62	142	196	0	0	0	1.9775
62	142	196	0	0	0	1.98
62	141	197	0	0	0	1.9825
62	141	197	0	0	0	1.985
62	141	197	0	0	0	1.9875
63	141	196	0	0	0	1.99
63	141	196	0	0	0	1.9925
64	141	195	0	0	0	1.995
64	141	195	0	0	0	1.9975
63	141	196	0	0	0	2
62	142	196	0	0	0	2.0025
62	141	197	0	0	0	2.005
61	142	197	0	0	0	2.0075
61	142	197	0	0	0	2.01
60	140	200	0	0	0	2.0125
60	137	203	0	0	0	2.015
59	136	205	0	0	0	2.0175
59	135	206	0	0	0	2.02
60	133	207	0	0	0	2.0225
60	133	207	0	0	0	2.025
60	133	207	0	0	0	2.0275
60	134	206	0	0	0	2.03
60	134	206	0	0	0	2.0325
62	133	205	0	0	0	2.035
62	133	205	0	0	0	2.0375
63	133	204	0	0	0	2.04
63	133	204	0	0	0	2.0425
63	133	204	0	0	0	2.045
63	133	204	0	0	0	2.0475
63	133	204	0	0	0	2.05
63	133	204	0	0	0	2.0525
66	133	201	0	0	0	2.055
66	134	200	0	0	0	2.0575
66	133	201	0	0	0	2.06
66	133	201	0	0	0	2.0625
67	133	200	0	0	0	2.065
67	133	200	0	0	0	2.0675
66	134	200	0	0	0	2.07
65	135	200	0	0	0	2.0725
65	135	200	0	0	0	2.075
65	135	200	0	0	0	2.0775
65	135	200	0	0	0	2.08
64	136	200	0	0	0	2.0825
64	136	200	0	0	0	2.085
63	137	200	0	0	0	2.0875
62	137	201	0	0	0	2.09
62	137	201	0	0	0	2.0925
61	138	201	0	0	0	2.095
61	138	201	0	0	0	2.0975
60	139	201	0	0	0	2.1
60	139	201	0	0	0	2.1025
60	138	202	0	0	0	2.105
60	138	202	0	0	0	2.1075
60	138	202	0	0	0	2.11
60	138	202	0	0	0	2.1125
60	138	202	0	0	0	2.115
61	138	201	0	0	0	2.1175
62	138	200	0	0	0	2.12
62	138	200	0	0	0	2.1225
62	137	201	0	0	0	2.125
62	137	201	0	0	0	2.1275
62	136	202	0	0	0	2.13
61	137	202	0	0	0	2.1325
61	137	202	0	0	0	2.135
61	137	202	0	0	0	2.1375
61	137	202	0	0	0	2.14
61	137	202	0	0	0	2.1425
61	136	203	0	0	0	2.145
61	135	204	0	0	0	2.1475
60	134	206	0	0	0	2.15
61	134	205	0	0	0	2.1525
60	135	205	0	0	0	2.155
61	135	204	0	0	0	2.1575
61	134	205	0	0	0	2.16
61	134	205	0	0	0	2.1625
62	134	204	0	0	0	2.165
62	134	204	0	0	0	2.1675
61	135	204	0	0	0	2.17
61	135	204	0	0	0	2.1725
61	135	204	0	0	0	2.175
62	135	203	0	0	0	2.1775
62	135	203	0	0	0	2.18
61	136	203	0	0	0	2.1825
62	136	202	0	0	0	2.185
62	135	203	0	0	0	2.1875
61	136	203	0	0	0	2.19
61	136	203	0	0	0	2.1925
61	136	203	0	0	0	2.195
61	136	203	0	0	0	2.1975
61	135	204	0	0	0	2.2
61	135	204	0	0	0	2.2025
61	135	204	0	0	0	2.205
61	135	204	0	0	0	2.2075
61	133	206	0	0	0	2.21
61	133	206	0	0	0	2.2125
61	133	206	0	0	0	2.215
62	133	205	0	0	0	2.2175
62	132	206	0	0	0	2.22
62	132	206	0	0	0	2.2225
64	131	205	0	0	0	2.225
65	131	204	0	0	0	2.2275
65	130	205	0	0	0	2.23
66	130	204	0	0	0	2.2325
67	130	203	0	0	0	2.235
67	129	204	0	0	0	2.2375
69	129	202	0	0	0	2.24
70	128	202	0	0	0	2.2425
70	128	202	0	0	0	2.245
69	129	202	0	0	0	2.2475
69	129	202	0	0	0	2.25
69	128	203	0	0	0	2.2525
69	128	203	0	0	0	2.255
69	129	202	0	0	0	2.2575
69	129	202	0	0	0	2.26
69	129	202	0	0	0	2.2625
70	129	201	0	0	0	2.265
70	129	201	0	0	0	2.2675
70	129	201	0	0	0	2.27
70	129	201	0	0	0	2.2725
70	129	201	0	0	0	2.275
70	128	202	0	0	0	2.2775
70	128	202	0	0	0	2.28
70	128	202	0	0	0	2.2825
69	130	201	0	0	0	2.285
69	129	202	0	0	0	2.2875
69	129	202	0	0	0	2.29
69	128	203	0	0	0	2.2925
70	129	201	0	0	0	2.295
71	129	200	0	0	0	2.2975
73	129	198	0	0	0	2.3
72	130	198	0	0	0	2.3025
72	130	198	0	0	0	2.305
72	130	198	0	0	0	2.3075
72	129	199	0	0	0	2.31
72	129	199	0	0	0	2.3125
72	127	201	0	0	0	2.315
72	127	201	0	0	0	2.3175
71	128	201	0	0	0	2.32
71	127	202	0	0	0	2.3225
71	127	202	0	0	0	2.325
73	126	201	0	0	0	2.3275
73	126	201	0	0	0	2.33
73	125	202	0	0	0	2.3325
73	125	202	0	0	0	2.335
73	124	203	0	0	0	2.3375
74	124	202	0	0	0	2.34
74	124	202	0	0	0	2.3425
73	125	202	0	0	0	2.345
73	124	203	0	0	0	2.3475
73	124	203	0	0	0	2.35
73	124	203	0	0	0	2.3525
74	124	202	0	0	0	2.355
74	123	203	0	0	0	2.3575
74	121	205	0	0	0	2.36
74	121	205	0	0	0	2.3625
74	121	205	0	0	0	2.365
74	121	205	0	0	0	2.3675
75	121	204	0	0	0	2.37
75	121	204	0	0	0	2.3725
75	121	204	0	0	0	2.375
75	121	204	0	0	0	2.3775
76	121	203	0	0	0	2.38
76	120	204	0	0	0	2.3825
77	120	203	0	0	0	2.385
80	120	200	0	0	0	2.3875
80	120	200	0	0	0	2.39
80	120	200	0	0	0	2.3925
80	120	200	0	0	0	2.395
80	120	200	0	0	0	2.3975
80	120	200	0	0	0	2.4
80	119	201	0	0	0	2.4025
80	119	201	0	0	0	2.405
80	119	201	0	0	0	2.4075
80	119	201	0	0	0	2.41
79	119	202	0	0	0	2.4125
79	119	202	0	0	0	2.415
80	119	201	0	0	0	2.4175
80	119	201	0	0	0	2.42
81	119	200	0	0	0	2.4225
81	119	200	0	0	0	2.425
81	118	201	0	0	0	2.4275
81	118	201	0	0	0	2.43
82	118	200	0	0	0	2.4325
84	118	198	0	0	0	2.435
85	118	197	0	0	0	2.4375
85	117	198	0	0	0	2.44
86	117	197	0	0	0	2.4425
86	117	197	0	0	0	2.445
86	117	197	0	0	0	2.4475
86	117	197	0	0	0	2.45
86	116	198	0	0	0	2.4525
86	116	198	0	0	0	2.455
86	116	198	0	0	0	2.4575
86	116	198	0	0	0	2.46
87	116	197	0	0	0	2.4625
88	116	196	0	0	0	2.465
88	116	196	0	0	0	2.4675
88	116	196	0	0	0	2.47
88	116	196	0	0	0	2.4725
88	116	196	0	0	0	2.475
88	116	196	0	0	0	2.4775
88	116	196	0	0	0	2.48
87	116	197	0	0	0	2.4825
86	117	197	0	0	0	2.485
85	118	197	0	0	0	2.4875
85	118	197	0	0	0	2.49
86	118	196	0	0	0	2.4925
86	117	197	0	0	0	2.495
86	117	197	0	0	0	2.4975
86	117	197	0	0	0	2.5
86	117	197	0	0	0	2.5025
85	118	197	0	0	0	2.505
85	117	198	0	0	0	2.5075
85	117	198	0	0	0	2.51
86	116	198	0	0	0	2.5125
86	115	199	0	0	0	2.515
86	114	200	0	0	0	2.5175
86	114	200	0	0	0	2.52
86	114	200	0	0	0	2.5225
86	115	199	0	0	0	2.525
86	114	200	0	0	0	2.5275
86	114	200	0	0	0	2.53
87	114	199	0	0	0	2.5325
87	114	199	0	0	0	2.535
86	114	200	0	0	0	2.5375
85	115	200	0	0	0	2.54
86	115	199	0	0	0	2.5425
86	115	199	0	0	0	2.545
86	115	199	0	0	0	2.5475
86	115	199	0	0	0	2.55
86	114	200	0	0	0	2.5525
86	114	200	0	0	0	2.555
86	114	200	0	0	0	2.5575
86	114	200	0	0	0	2.56
87	114	199	0	0	0	2.5625
87	114	199	0	0	0	2.565
87	114	199	0	0	0	2.5675
86	115	199	0	0	0	2.57
85	114	201	0	0	0	2.5725
87	114	199	0	0	0	2.575
87	114	199	0	0	0	2.5775
87	114	199	0	0	0	2.58
87	114	199	0	0	0	2.5825
86	115	199	0	0	0	2.585
86	115	199	0	0	0	2.5875
86	115	199	0	0	0	2.59
86	114	200	0	0	0	2.5925
87	114	199	0	0	0	2.595
87	114	199	0	0	0	2.5975
87	114	199	0	0	0	2.6
85	116	199	0	0	0	2.6025
85	116	199	0	0	0	2.605
85	116	199	0	0	0	2.6075
85	116	199	0	0	0	2.61
84	117	199	0	0	0	2.6125
84	117	199	0	0	0	2.615
84	117	199	0	0	0	2.6175
84	117	199	0	0	0	2.62
83	118	199	0	0	0	2.6225
83	117	200	0	0	0	2.625
81	119	200	0	0	0	2.6275
81	119	200	0	0	0	2.63
81	119	200	0	0	0	2.6325
80	120	200	0	0	0	2.635
80	120	200	0	0	0	2.6375
82	120	198	0	0	0	2.64
82	120	198	0	0	0	2.6425
82	120	198	0	0	0	2.645
82	119	199	0	0	0	2.6475
81	120	199	0	0	0	2.65
80	121	199	0	0	0	2.6525
80	121	199	0	0	0	2.655
80	122	198	0	0	0	2.6575
80	122	198	0	0	0	2.66
82	121	197	0	0	0	2.6625
82	121	197	0	0	0	2.665
82	120	198	0	0	0	2.6675
82	119	199	0	0	0	2.67
82	119	199	0	0	0	2.6725
82	119	199	0	0	0	2.675
82	119	199	0	0	0	2.6775
82	119	199	0	0	0	2.68
81	120	199	0	0	0	2.6825
81	120	199	0	0	0	2.685
81	119	200	0	0	0	2.6875
82	119	199	0	0	0	2.69
82	118	200	0	0	0	2.6925
81	119	200	0	0	0	2.695
82	119	199	0	0	0	2.6975
83	119	198	0	0	0	2.7
84	119	197	0	0	0	2.7025
84	119	197	0	0	0	2.705
84	119	197	0	0	0	2.7075
84	117	199	0	0	0	2.71
84	117	199	0	0	0	2.7125
84	117	199	0	0	0	2.715
84	117	199	0	0	0	2.7175
84	116	200	0	0	0	2.72
84	116	200	0	0	0	2.7225
83	117	200	0	0	0	2.725
83	118	199	0	0	0	2.7275
82	117	201	0	0	0	2.73
82	117	201	0	0	0	2.7325
82	116	202	0	0	0	2.735
82	116	202	0	0	0	2.7375
82	115	203	0	0	0	2.74
82	114	204	0	0	0	2.7425
81	115	204	0	0	0	2.745
81	115	204	0	0	0	2.7475
81	115	204	0	0	0	2.75
81	115	204	0	0	0	2.7525
81	115	204	0	0	0	2.755
82	115	203	0	0	0	2.7575
82	115	203	0	0	0	2.76
82	114	204	0	0	0	2.7625
82	114	204	0	0	0	2.765
82	114	204	0	0	0	2.7675
83	112	205	0	0	0	2.77
83	111	206	0	0	0	2.7725
82	112	206	0	0	0	2.775
82	112	206	0	0	0	2.7775
82	111	207	0	0	0	2.78
82	112	206	0	0	0	2.7825
82	112	206	0	0	0	2.785
83	112	205	0	0	0	2.7875
84	111	205	0	0	0	2.79
84	111	205	0	0	0	2.7925
84	111	205	0	0	0	2.795
84	111	205	0	0	0	2.7975
84	110	206	0	0	0	2.8
84	110	206	0	0	0	2.8025
85	110	205	0	0	0	2.805
85	110	205	0	0	0	2.8075
84	110	206	0	0	0	2.81
86	110	204	0	0	0	2.8125
86	110	204	0	0	0	2.815
86	109	205	0	0	0	2.8175
86	109	205	0	0	0	2.82
86	107	207	0	0	0	2.8225
88	107	205	0	0	0	2.825
88	107	205	0	0	0	2.8275
88	107	205	0	0	0	2.83
88	107	205	0	0	0	2.8325
88	106	206	0	0	0	2.835
88	106	206	0	0	0	2.8375
88	106	206	0	0	0	2.84
88	106	206	0	0	0	2.8425
89	106	205	0	0	0	2.845
90	106	204	0	0	0	2.8475
90	106	204	0	0	0	2.85
90	106	204	0	0	0	2.8525
90	107	203	0	0	0	2.855
90	107	203	0	0	0	2.8575
90	107	203	0	0	0	2.86
90	107	203	0	0	0	2.8625
91	107	202	0	0	0	2.865
91	108	201	0	0	0	2.8675
91	108	201	0	0	0	2.87
91	108	201	0	0	0	2.8725
91	108	201	0	0	0	2.875
91	108	201	0	0	0	2.8775
92	107	201	0	0	0	2.88
93	107	200	0	0	0	2.8825
94	107	199	0	0	0	2.885
94	107	199	0	0	0	2.8875
94	107	199	0	0	0	2.89
94	107	199	0	0	0	2.8925
94	108	198	0	0	0	2.895
94	108	198	0	0	0	2.8975
95	108	197	0	0	0	2.9
95	108	197	0	0	0	2.9025
95	107	198	0	0	0	2.905
95	107	198	0	0	0	2.9075
95	106	199	0	0	0	2.91
94	107	199	0	0	0	2.9125
93	108	199	0	0	0	2.915
92	109	199	0	0	0	2.9175
92	109	199	0	0	0	2.92
92	109	199	0	0	0	2.9225
92	109	199	0	0	0	2.925
92	107	201	0	0	0	2.9275
93	107	200	0	0	0	2.93
93	108	199	0	0	0	2.9325
94	106	200	0	0	0	2.935
94	105	201	0	0	0	2.9375
93	105	202	0	0	0	2.94
93	106	201	0	0	0	2.9425
93	106	201	0	0	0	2.945
95	106	199	0	0	0	2.9475
95	106	199	0	0	0	2.95
95	106	199	0	0	0	2.9525
94	106	200	0	0	0	2.955
94	105	201	0	0	0	2.9575
94	103	203	0	0	0	2.96
94	103	203	0	0	0	2.9625
94	101	205	0	0	0	2.965
94	101	205	0	0	0	2.9675
94	100	206	0	0	0	2.97
93	101	206	0	0	0	2.9725
94	101	205	0	0	0	2.975
94	99	207	0	0	0	2.9775
94	98	208	0	0	0	2.98
93	99	208	0	0	0	2.9825
95	99	206	0	0	0	2.985
95	99	206	0	0	0	2.9875
96	99	205	0	0	0	2.99
97	99	204	0	0	0	2.9925
98	99	203	0	0	0	2.995
99	99	202	0	0	0	2.9975
98	99	203	0	0	0	3
98	99	203	0	0	0	3.0025
98	99	203	0	0	0	3.005
98	99	203	0	0	0	3.0075
97	98	205	0	0	0	3.01
98	97	205	0	0	0	3.0125
98	97	205	0	0	0	3.015
98	97	205	0	0	0	3.0175
98	96	206	0	0	0	3.02
100	95	205	0	0	0	3.0225
99	96	205	0	0	0	3.025
99	96	205	0	0	0	3.0275
98	97	205	0	0	0	3.03
98	97	205	0	0	0	3.0325
98	96	206	0	0	0	3.035
98	96	206	0	0	0	3.0375
99	96	205	0	0	0	3.04
99	96	205	0	0	0	3.0425
99	95	206	0	0	0	3.045
99	95	206	0	0	0	3.0475
99	95	206	0	0	0	3.05
98	96	206	0	0	0	3.0525
98	95	207	0	0	0	3.055
97	96	207	0	0	0	3.0575
96	97	207	0	0	0	3.06
96	97	207	0	0	0	3.0625
96	96	208	0	0	0	3.065
95	96	209	0	0	0	3.0675
97	96	207	0	0	0	3.07
97	96	207	0	0	0	3.0725
96	96	208	0	0	0	3.075
95	97	208	0	0	0	3.0775
95	97	208	0	0	0	3.08
95	97	208	0	0	0	3.0825
95	97	208	0	0	0	3.085
96	97	207	0	0	0	3.0875
95	98	207	0	0	0	3.09
93	100	207	0	0	0	3.0925
95	100	205	0	0	0	3.095
96	99	205	0	0	0	3.0975
94	99	207	0	0	0	3.1
94	99	207	0	0	0	3.1025
93	100	207	0	0	0	3.105
93	100	207	0	0	0	3.1075
95	100	205	0	0	0	3.11
95	99	206	0	0	0	3.1125
94	100	206	0	0	0	3.115
94	100	206	0	0	0	3.1175
94	100	206	0	0	0	3.12
94	100	206	0	0	0	3.1225
94	99	207	0	0	0	3.125
94	98	208	0	0	0	3.1275
96	98	206	0	0	0	3.13
96	99	205	0	0	0	3.1325
97	99	204	0	0	0	3.135
97	99	204	0	0	0	3.1375
97	99	204	0	0	0	3.14
97	99	204	0	0	0	3.1425
96	98	206	0	0	0	3.145
97	97	206	0	0	0	3.1475
97	97	206	0	0	0	3.15
96	98	206	0	0	0	3.1525
95	99	206	0	0	0	3.155
95	99	206	0	0	0	3.1575
96	99	205	0	0	0	3.16
96	99	205	0	0	0	3.1625
97	99	204	0	0	0	3.165
97	99	204	0	0	0	3.1675
97	99	204	0	0	0	3.17
99	99	202	0	0	0	3.1725
98	100	202	0	0	0	3.175
98	100	202	0	0	0	3.1775
98	100	202	0	0	0	3.18
98	100	202	0	0	0	3.1825
99	99	202	0	0	0	3.185
99	99	202	0	0	0	3.1875
99	100	201	0	0	0	3.19
99	100	201	0	0	0	3.1925
99	100	201	0	0	0	3.195
99	100	201	0	0	0	3.1975
99	99	202	0	0	0	3.2
99	98	203	0	0	0	3.2025
99	98	203	0	0	0	3.205
99	98	203	0	0	0	3.2075
100	98	202	0	0	0	3.21
100	97	203	0	0	0	3.2125
102	97	201	0	0	0	3.215
101	98	201	0	0	0	3.2175
101	98	201	0	0	0	3.22
101	98	201	0	0	0	3.2225
101	98	201	0	0	0	3.225
101	97	202	0	0	0	3.2275
100	98	202	0	0	0	3.23
100	97	203	0	0	0	3.2325
100	97	203	0	0	0	3.235
100	96	204	0	0	0	3.2375
100	95	205	0	0	0	3.24
100	95	205	0	0	0	3.2425
101	95	204	0	0	0	3.245
101	94	205	0	0	0	3.2475
101	94	205	0	0	0	3.25
101	94	205	0	0	0	3.2525
101	94	205	0	0	0	3.255
101	94	205	0	0	0	3.2575
101	94	205	0	0	0	3.26
102	95	203	0	0	0	3.2625
102	95	203	0	0	0	3.265
102	95	203	0	0	0	3.2675
102	95	203	0	0	0	3.27
101	96	203	0	0	0	3.2725
101	95	204	0	0	0	3.275
102	94	204	0	0	0	3.2775
102	94	204	0	0	0	3.28
102	94	204	0	0	0	3.2825
102	94	204	0	0	0	3.285
100	95	205	0	0	0	3.2875
100	95	205	0	0	0	3.29
100	95	205	0	0	0	3.2925
99	96	205	0	0	0	3.295
99	96	205	0	0	0	3.2975
98	97	205	0	0	0	3.3
99	97	204	0	0	0	3.3025
99	97	204	0	0	0	3.305
99	97	204	0	0	0	3.3075
98	98	204	0	0	0	3.31
98	98	204	0	0	0	3.3125
97	99	204	0	0	0	3.315
97	98	205	0	0	0	3.3175
97	98	205	0	0	0	3.32
97	98	205	0	0	0	3.3225
97	99	204	0	0	0	3.325
96	100	204	0	0	0	3.3275
96	99	205	0	0	0	3.33
96	98	206	0	0	0	3.3325
96	98	206	0	0	0	3.335
97	98	205	0	0	0	3.3375
98	98	204	0	0	0	3.34
98	97	205	0	0	0	3.3425
97	98	205	0	0	0	3.345
98	98	204	0	0	0	3.3475
99	98	203	0	0	0	3.35
98	99	203	0	0	0	3.3525
98	98	204	0	0	0	3.355
99	98	203	0	0	0	3.3575
99	98	203	0	0	0	3.36
99	98	203	0	0	0	3.3625
99	98	203	0	0	0	3.365
99	99	202	0	0	0	3.3675
100	99	201	0	0	0	3.37
100	99	201	0	0	0	3.3725
100	98	202	0	0	0	3.375
101	98	201	0	0	0	3.3775
101	98	201	0	0	0	3.38
101	98	201	0	0	0	3.3825
102	99	199	0	0	0	3.385
102	98	200	0	0	0	3.3875
102	98	200	0	0	0	3.39
102	98	200	0	0	0	3.3925
102	97	201	0	0	0	3.395
101	98	201	0	0	0	3.3975
101	98	201	0	0	0	3.4
102	97	201	0	0	0	3.4025
102	97	201	0	0	0	3.405
101	98	201	0	0	0	3.4075
101	97	202	0	0	0	3.41
102	97	201	0	0	0	3.4125
102	97	201	0	0	0	3.415
102	97	201	0	0	0	3.4175
103	97	200	0	0	0	3.42
103	97	200	0	0	0	3.4225
103	96	201	0	0	0	3.425
103	95	202	0	0	0	3.4275
101	97	202	0	0	0	3.43
100	97	203	0	0	0	3.4325
99	98	203	0	0	0	3.435
98	99	203	0	0	0	3.4375
98	99	203	0	0	0	3.44
97	100	203	0	0	0	3.4425
97	100	203	0	0	0	3.445
98	99	203	0	0	0	3.4475
100	99	201	0	0	0	3.45
101	99	200	0	0	0	3.4525
101	99	200	0	0	0	3.455
100	100	200	0	0	0	3.4575
100	100	200	0	0	0	3.46
100	99	201	0	0	0	3.4625
100	100	200	0	0	0	3.465
100	101	199	0	0	0	3.4675
99	102	199	0	0	0	3.47
99	102	199	0	0	0	3.4725
100	102	198	0	0	0	3.475
100	102	198	0	0	0	3.4775
100	101	199	0	0	0	3.48
100	101	199	0	0	0	3.4825
100	100	200	0	0	0	3.485
100	99	201	0	0	0	3.4875
100	99	201	0	0	0	3.49
100	98	202	0	0	0	3.4925
100	97	203	0	0	0	3.495
100	97	203	0	0	0	3.4975
100	97	203	0	0	0	3.5
100	97	203	0	0	0	3.5025
101	97	202	0	0	0	3.505
101	97	202	0	0	0	3.5075
100	98	202	0	0	0	3.51
100	98	202	0	0	0	3.5125
100	98	202	0	0	0	3.515
99	98	203	0	0	0	3.5175
99	98	203	0	0	0	3.52
98	99	203	0	0	0	3.5225
97	99	204	0	0	0	3.525
97	99	204	0	0	0	3.5275
97	99	204	0	0	0	3.53
97	99	204	0	0	0	3.5325
98	99	203	0	0	0	3.535
99	99	202	0	0	0	3.5375
99	99	202	0	0	0	3.54
100	99	201	0	0	0	3.5425
99	100	201	0	0	0	3.545
99	100	201	0	0	0	3.5475
99	99	202	0	0	0	3.55
100	99	201	0	0	0	3.5525
99	99	202	0	0	0	3.555
99	99	202	0	0	0	3.5575
98	100	202	0	0	0	3.56
98	98	204	0	0	0	3.5625
98	98	204	0	0	0	3.565
97	99	204	0	0	0	3.5675
96	100	204	0	0	0	3.57
96	100	204	0	0	0	3.5725
96	100	204	0	0	0	3.575
96	100	204	0	0	0	3.5775
100	99	201	0	0	0	3.58
99	100	201	0	0	0	3.5825
98	101	201	0	0	0	3.585
98	101	201	0	0	0	3.5875
98	101	201	0	0	0	3.59
98	101	201	0	0	0	3.5925
98	101	201	0	0	0	3.595
99	101	200	0	0	0	3.5975
98	102	200	0	0	0	3.6
99	102	199	0	0	0	3.6025
98	103	199	0	0	0	3.605
98	103	199	0	0	0	3.6075
99	103	198	0	0	0	3.61
98	104	198	0	0	0	3.6125
98	103	199	0	0	0	3.615
98	103	199	0	0	0	3.6175
98	102	200	0	0	0	3.62
98	101	201	0	0	0	3.6225
98	101	201	0	0	0	3.625
97	102	201	0	0	0	3.6275
97	102	201	0	0	0	3.63
97	102	201	0	0	0	3.6325
97	102	201	0	0	0	3.635
96	103	201	0	0	0	3.6375
96	103	201	0	0	0	3.64
96	103	201	0	0	0	3.6425
96	103	201	0	0	0	3.645
96	103	201	0	0	0	3.6475
95	104	201	0	0	0	3.65
95	103	202	0	0	0	3.6525
96	103	201	0	0	0	3.655
96	103	201	0	0	0	3.6575
96	103	201	0	0	0	3.66
97	103	200	0	0	0	3.6625
98	103	199	0	0	0	3.665
98	103	199	0	0	0	3.6675
98	102	200	0	0	0	3.67
96	104	200	0	0	0	3.6725
96	104	200	0	0	0	3.675
96	104	200	0	0	0	3.6775
95	105	200	0	0	0	3.68
95	105	200	0	0	0	3.6825
95	105	200	0	0	0	3.685
96	104	200	0	0	0	3.6875
95	105	200	0	0	0	3.69
95	104	201	0	0	0	3.6925
96	103	201	0	0	0	3.695
96	103	201	0	0	0	3.6975
95	104	201	0	0	0	3.7
94	104	202	0	0	0	3.7025
96	103	201	0	0	0	3.705
96	103	201	0	0	0	3.7075
96	104	200	0	0	0	3.71
97	104	199	0	0	0	3.7125
97	104	199	0	0	0	3.715
97	104	199	0	0	0	3.7175
97	104	199	0	0	0	3.72
97	103	200	0	0	0	3.7225
97	103	200	0	0	0	3.725
97	103	200	0	0	0	3.7275
98	103	199	0	0	0	3.73
97	104	199	0	0	0	3.7325
98	104	198	0	0	0	3.735
99	104	197	0	0	0	3.7375
99	105	196	0	0	0	3.74
99	105	196	0	0	0	3.7425
99	104	197	0	0	0	3.745
99	104	197	0	0	0	3.7475
99	103	198	0	0	0	3.75
99	103	198	0	0	0	3.7525
98	104	198	0	0	0	3.755
99	104	197	0	0	0	3.7575
98	105	197	0	0	0	3.76
98	105	197	0	0	0	3.7625
98	105	197	0	0	0	3.765
98	105	197	0	0	0	3.7675
98	104	198	0	0	0	3.77
98	103	199	0	0	0	3.7725
98	103	199	0	0	0	3.775
98	103	199	0	0	0	3.7775
98	103	199	0	0	0	3.78
99	102	199	0	0	0	3.7825
99	101	200	0	0	0	3.785
99	101	200	0	0	0	3.7875
99	100	201	0	0	0	3.79
101	100	199	0	0	0	3.7925
101	100	199	0	0	0	3.795
101	100	199	0	0	0	3.7975
101	100	199	0	0	0	3.8
101	98	201	0	0	0	3.8025
101	98	201	0	0	0	3.805
101	98	201	0	0	0	3.8075
102	99	199	0	0	0	3.81
103	99	198	0	0	0	3.8125
103	99	198	0	0	0	3.815
102	100	198	0	0	0	3.8175
103	100	197	0	0	0	3.82
103	100	197	0	0	0	3.8225
102	101	197	0	0	0	3.825
103	102	195	0	0	0	3.8275
103	102	195	0	0	0	3.83
104	102	194	0	0	0	3.8325
102	104	194	0	0	0	3.835
102	104	194	0	0	0	3.8375
102	103	195	0	0	0	3.84
102	103	195	0	0	0	3.8425
103	103	194	0	0	0	3.845
104	103	193	0	0	0	3.8475
104	103	193	0	0	0	3.85
104	104	192	0	0	0	3.8525
104	104	192	0	0	0	3.855
104	104	192	0	0	0	3.8575
105	104	191	0	0	0	3.86
105	104	191	0	0	0	3.8625
105	104	191	0	0	0	3.865
105	104	191	0	0	0	3.8675
106	104	190	0	0	0	3.87
106	104	190	0	0	0	3.8725
105	104	191	0	0	0	3.875
105	102	193	0	0	0	3.8775
105	102	193	0	0	0	3.88
105	101	194	0	0	0	3.8825
105	102	193	0	0	0	3.885
105	101	194	0	0	0	3.8875
105	100	195	0	0	0	3.89
105	100	195	0	0	0	3.8925
104	101	195	0	0	0	3.895
103	101	196	0	0	0	3.8975
103	101	196	0	0	0	3.9
103	101	196	0	0	0	3.9025
103	101	196	0	0	0	3.905
103	101	196	0	0	0	3.9075
103	100	197	0	0	0	3.91
103	100	197	0	0	0	3.9125
103	99	198	0	0	0	3.915
103	99	198	0	0	0	3.9175
102	100	198	0	0	0	3.92
102	100	198	0	0	0	3.9225
102	99	199	0	0	0	3.925
103	99	198	0	0	0	3.9275
103	100	197	0	0	0	3.93
101	102	197	0	0	0	3.9325
103	102	195	0	0	0	3.935
101	104	195	0	0	0	3.9375
101	105	194	0	0	0	3.94
102	105	193	0	0	0	3.9425
102	105	193	0	0	0	3.945
102	105	193	0	0	0	3.9475
101	106	193	0	0	0	3.95
101	106	193	0	0	0	3.9525
100	107	193	0	0	0	3.955
98	108	194	0	0	0	3.9575
98	107	195	0	0	0	3.96
97	108	195	0	0	0	3.9625
97	108	195	0	0	0	3.965
96	110	194	0	0	0	3.9675
96	110	194	0	0	0	3.97
96	110	194	0	0	0	3.9725
96	109	195	0	0	0	3.975
95	110	195	0	0	0	3.9775
94	111	195	0	0	0	3.98
94	110	196	0	0	0	3.9825
94	110	196	0	0	0	3.985
95	109	196	0	0	0	3.9875
94	109	197	0	0	0	3.99
94	109	197	0	0	0	3.9925
94	109	197	0	0	0	3.995
94	109	197	0	0	0	3.9975
96	108	196	0	0	0	4
96	107	197	0	0	0	4.0025
96	107	197	0	0	0	4.005
96	107	197	0	0	0	4.0075
96	107	197	0	0	0	4.01
96	107	197	0	0	0	4.0125
96	106	198	0	0	0	4.015
96	106	198	0	0	0	4.0175
96	106	198	0	0	0	4.02
96	106	198	0	0	0	4.0225
95	107	198	0	0	0	4.025
97	107	196	0	0	0	4.0275
97	107	196	0	0	0	4.03
96	108	196	0	0	0	4.0325
96	108	196	0	0	0	4.035
96	109	195	0	0	0	4.0375
96	109	195	0	0	0	4.04
95	108	197	0	0	0	4.0425
97	107	196	0	0	0	4.045
98	107	195	0	0	0	4.0475
98	107	195	0	0	0	4.05
98	107	195	0	0	0	4.0525
97	108	195	0	0	0	4.055
97	108	195	0	0	0	4.0575
96	109	195	0	0	0	4.06
95	110	195	0	0	0	4.0625
95	110	195	0	0	0	4.065
94	111	195	0	0	0	4.0675
95	111	194	0	0	0	4.07
95	110	195	0	0	0	4.0725
95	110	195	0	0	0	4.075
94	111	195	0	0	0	4.0775
93	112	195	0	0	0	4.08
94	112	194	0	0	0	4.0825
94	112	194	0	0	0	4.085
94	112	194	0	0	0	4.0875
93	113	194	0	0	0	4.09
93	112	195	0	0	0	4.0925
93	112	195	0	0	0	4.095
93	112	195	0	0	0	4.0975
93	112	195	0	0	0	4.1
92	112	196	0	0	0	4.1025
91	112	197	0	0	0	4.105
91	111	198	0	0	0	4.1075
91	110	199	0	0	0	4.11
90	110	200	0	0	0	4.1125
91	111	198	0	0	0	4.115
90	112	198	0	0	0	4.1175
89	113	198	0	0	0	4.12
91	113	196	0	0	0	4.1225
92	112	196	0	0	0	4.125
92	112	196	0	0	0	4.1275
92	112	196	0	0	0	4.13
92	112	196	0	0	0	4.1325
92	110	198	0	0	0	4.135
92	110	198	0	0	0	4.1375
92	110	198	0	0	0	4.14
92	109	199	0	0	0	4.1425
91	111	198	0	0	0	4.145
90	112	198	0	0	0	4.1475
90	112	198	0	0	0	4.15
90	112	198	0	0	0	4.1525
91	112	197	0	0	0	4.155
91	113	196	0	0	0	4.1575
91	113	196	0	0	0	4.16
92	113	195	0	0	0	4.1625
91	114	195	0	0	0	4.165
92	113	195	0	0	0	4.1675
91	114	195	0	0	0	4.17
91	114	195	0	0	0	4.1725
91	114	195	0	0	0	4.175
91	114	195	0	0	0	4.1775
91	114	195	0	0	0	4.18
90	115	195	0	0	0	4.1825
89	116	195	0	0	0	4.185
88	116	196	0	0	0	4.1875
88	116	196	0	0	0	4.19
88	116	196	0	0	0	4.1925
89	116	195	0	0	0	4.195
88	117	195	0	0	0	4.1975
88	117	195	0	0	0	4.2
88	116	196	0	0	0	4.2025
88	116	196	0	0	0	4.205
88	115	197	0	0	0	4.2075
88	115	197	0	0	0	4.21
88	115	197	0	0	0	4.2125
88	114	198	0	0	0	4.215
88	114	198	0	0	0	4.2175
88	114	198	0	0	0	4.22
87	115	198	0	0	0	4.2225
87	114	199	0	0	0	4.225
87	113	200	0	0	0	4.2275
87	113	200	0	0	0	4.23
87	111	202	0	0	0	4.2325
87	110	203	0	0	0	4.235
87	111	202	0	0	0	4.2375
87	111	202	0	0	0	4.24
86	112	202	0	0	0	4.2425
85	112	203	0	0	0	4.245
85	112	203	0	0	0	4.2475
88	112	200	0	0	0	4.25
88	112	200	0	0	0	4.2525
89	112	199	0	0	0	4.255
89	112	199	0	0	0	4.2575
89	112	199	0	0	0	4.26
89	112	199	0	0	0	4.2625
88	113	199	0	0	0	4.265
88	113	199	0	0	0	4.2675
88	113	199	0	0	0	4.27
89	113	198	0	0	0	4.2725
89	113	198	0	0	0	4.275
89	114	197	0	0	0	4.2775
89	113	198	0	0	0	4.28
89	113	198	0	0	0	4.2825
90	113	197	0	0	0	4.285
91	112	197	0	0	0	4.2875
91	112	197	0	0	0	4.29
89	114	197	0	0	0	4.2925
89	113	198	0	0	0	4.295
87	115	198	0	0	0	4.2975
86	116	198	0	0	0	4.3
86	116	198	0	0	0	4.3025
86	116	198	0	0	0	4.305
87	116	197	0	0	0	4.3075
87	116	197	0	0	0	4.31
87	116	197	0	0	0	4.3125
87	116	197	0	0	0	4.315
88	115	197	0	0	0	4.3175
89	115	196	0	0	0	4.32
88	116	196	0	0	0	4.3225
88	116	196	0	0	0	4.325
87	117	196	0	0	0	4.3275
86	118	196	0	0	0	4.33
86	118	196	0	0	0	4.3325
86	118	196	0	0	0	4.335
86	118	196	0	0	0	4.3375
86	118	196	0	0	0	4.34
85	119	196	0	0	0	4.3425
85	119	196	0	0	0	4.345
83	121	196	0	0	0	4.3475
82	122	196	0	0	0	4.35
82	121	197	0	0	0	4.3525
82	121	197	0	0	0	4.355
82	121	197	0	0	0	4.3575
81	122	197	0	0	0	4.36
82	122	196	0	0	0	4.3625
82	122	196	0	0	0	4.365
82	122	196	0	0	0	4.3675
82	122	196	0	0	0	4.37
83	122	195	0	0	0	4.3725
83	122	195	0	0	0	4.375
84	122	194	0	0	0	4.3775
84	121	195	0	0	0	4.38
84	121	195	0	0	0	4.3825
84	121	195	0	0	0	4.385
84	121	195	0	0	0	4.3875
83	120	197	0	0	0	4.39
85	120	195	0	0	0	4.3925
85	120	195	0	0	0	4.395
85	120	195	0	0	0	4.3975
85	120	195	0	0	0	4.4
85	120	195	0	0	0	4.4025
85	120	195	0	0	0	4.405
86	120	194	0	0	0	4.4075
86	120	194	0	0	0	4.41
87	119	194	0	0	0	4.4125
86	120	194	0	0	0	4.415
86	120	194	0	0	0	4.4175
86	120	194	0	0	0	4.42
85	120	195	0	0	0	4.4225
85	120	195	0	0	0	4.425
84	121	195	0	0	0	4.4275
84	121	195	0	0	0	4.43
84	121	195	0	0	0	4.4325
85	121	194	0	0	0	4.435
85	121	194	0	0	0	4.4375
86	120	194	0	0	0	4.44
86	120	194	0	0	0	4.4425
87	119	194	0	0	0	4.445
86	120	194	0	0	0	4.4475
86	120	194	0	0	0	4.45
87	119	194	0	0	0	4.4525
87	119	194	0	0	0	4.455
87	118	195	0	0	0	4.4575
87	117	196	0	0	0	4.46
87	117	196	0	0	0	4.4625
87	117	196	0	0	0	4.465
87	117	196	0	0	0	4.4675
87	118	195	0	0	0	4.47
87	117	196	0	0	0	4.4725
87	117	196	0	0	0	4.475
87	118	195	0	0	0	4.4775
87	117	196	0	0	0	4.48
87	116	197	0	0	0	4.4825
87	115	198	0	0	0	4.485
86	116	198	0	0	0	4.4875
86	116	198	0	0	0	4.49
86	116	198	0	0	0	4.4925
86	116	198	0	0	0	4.495
86	115	199	0	0	0	4.4975
86	115	199	0	0	0	4.5
86	113	201	0	0	0	4.5025
86	112	202	0	0	0	4.505
86	110	204	0	0	0	4.5075
87	110	203	0	0	0	4.51
87	110	203	0	0	0	4.5125
88	110	202	0	0	0	4.515
88	110	202	0	0	0	4.5175
88	110	202	0	0	0	4.52
87	111	202	0	0	0	4.5225
87	111	202	0	0	0	4.525
88	111	201	0	0	0	4.5275
87	111	202	0	0	0	4.53
87	111	202	0	0	0	4.5325
88	111	201	0	0	0	4.535
88	111	201	0	0	0	4.5375
88	111	201	0	0	0	4.54
88	111	201	0	0	0	4.5425
88	110	202	0	0	0	4.545
88	110	202	0	0	0	4.5475
88	110	202	0	0	0	4.55
88	110	202	0	0	0	4.5525
88	110	202	0	0	0	4.555
88	109	203	0	0	0	4.5575
88	109	203	0	0	0	4.56
88	109	203	0	0	0	4.5625
89	109	202	0	0	0	4.565
90	109	201	0	0	0	4.5675
91	109	200	0	0	0	4.57
91	109	200	0	0	0	4.5725
91	109	200	0	0	0	4.575
90	110	200	0	0	0	4.5775
89	111	200	0	0	0	4.58
89	111	200	0	0	0	4.5825
89	111	200	0	0	0	4.585
89	111	200	0	0	0	4.5875
89	111	200	0	0	0	4.59
88	111	201	0	0	0	4.5925
85	114	201	0	0	0	4.595
85	114	201	0	0	0	4.5975
84	115	201	0	0	0	4.6
85	115	200	0	0	0	4.6025
85	115	200	0	0	0	4.605
84	116	200	0	0	0	4.6075
84	116	200	0	0	0	4.61
84	117	199	0	0	0	4.6125
85	116	199	0	0	0	4.615
84	117	199	0	0	0	4.6175
84	116	200	0	0	0	4.62
84	115	201	0	0	0	4.6225
84	114	202	0	0	0	4.625
84	114	202	0	0	0	4.6275
84	113	203	0	0	0	4.63
84	113	203	0	0	0	4.6325
84	112	204	0	0	0	4.635
84	112	204	0	0	0	4.6375
85	112	203	0	0	0	4.64
85	111	204	0	0	0	4.6425
85	111	204	0	0	0	4.645
84	112	204	0	0	0	4.6475
83	113	204	0	0	0	4.65
83	114	203	0	0	0	4.6525
83	113	204	0	0	0	4.655
82	114	204	0	0	0	4.6575
82	113	205	0	0	0	4.66
83	113	204	0	0	0	4.6625
83	113	204	0	0	0	4.665
81	115	204	0	0	0	4.6675
81	115	204	0	0	0	4.67
83	113	204	0	0	0	4.6725
83	111	206	0	0	0	4.675
83	111	206	0	0	0	4.6775
84	111	205	0	0	0	4.68
83	112	205	0	0	0	4.6825
83	112	205	0	0	0	4.685
82	113	205	0	0	0	4.6875
83	113	204	0	0	0	4.69
83	112	205	0	0	0	4.6925
84	112	204	0	0	0	4.695
84	112	204	0	0	0	4.6975
84	111	205	0	0	0	4.7
84	111	205	0	0	0	4.7025
84	111	205	0	0	0	4.705
85	109	206	0	0	0	4.7075
85	109	206	0	0	0	4.71
85	109	206	0	0	0	4.7125
86	109	205	0	0	0	4.715
86	109	205	0	0	0	4.7175
86	109	205	0	0	0	4.72
86	109	205	0	0	0	4.7225
86	109	205	0	0	0	4.725
86	109	205	0	0	0	4.7275
86	109	205	0	0	0	4.73
86	108	206	0	0	0	4.7325
85	109	206	0	0	0	4.735
85	109	206	0	0	0	4.7375
85	109	206	0	0	0	4.74
85	108	207	0	0	0	4.7425
85	108	207	0	0	0	4.745
86	108	206	0	0	0	4.7475
88	108	204	0	0	0	4.75
88	108	204	0	0	0	4.7525
88	108	204	0	0	0	4.755
87	109	204	0	0	0	4.7575
87	109	204	0	0	0	4.76
87	108	205	0	0	0	4.7625
87	108	205	0	0	0	4.765
86	109	205	0	0	0	4.7675
86	109	205	0	0	0	4.77
86	109	205	0	0	0	4.7725
86	109	205	0	0	0	4.775
86	109	205	0	0	0	4.7775
86	109	205	0	0	0	4.78
86	109	205	0	0	0	4.7825
86	109	205	0	0	0	4.785
87	109	204	0	0	0	4.7875
87	109	204	0	0	0	4.79
87	109	204	0	0	0	4.7925
88	109	203	0	0	0	4.795
88	108	204	0	0	0	4.7975
88	108	204	0	0	0	4.8
89	107	204	0	0	0	4.8025
88	107	205	0	0	0	4.805
88	107	205	0	0	0	4.8075
89	106	205	0	0	0	4.81
89	106	205	0	0	0	4.8125
89	106	205	0	0	0	4.815
89	106	205	0	0	0	4.8175
88	106	206	0	0	0	4.82
89	106	205	0	0	0	4.8225
89	106	205	0	0	0	4.825
89	106	205	0	0	0	4.8275
90	106	204	0	0	0	4.83
92	106	202	0	0	0	4.8325
92	106	202	0	0	0	4.835
92	106	202	0	0	0	4.8375
91	107	202	0	0	0	4.84
91	107	202	0	0	0	4.8425
90	109	201	0	0	0	4.845
90	109	201	0	0	0	4.8475
90	109	201	0	0	0	4.85
90	109	201	0	0	0	4.8525
90	109	201	0	0	0	4.855
90	109	201	0	0	0	4.8575
90	109	201	0	0	0	4.86
90	109	201	0	0	0	4.8625
90	109	201	0	0	0	4.865
90	109	201	0	0	0	4.8675
89	110	201	0	0	0	4.87
91	110	199	0	0	0	4.8725
91	110	199	0	0	0	4.875
91	110	199	0	0	0	4.8775
91	110	199	0	0	0	4.88
91	111	198	0	0	0	4.8825
91	111	198	0	0	0	4.885
91	111	198	0	0	0	4.8875
91	109	200	0	0	0	4.89
91	109	200	0	0	0	4.8925
91	109	200	0	0	0	4.895
88	112	200	0	0	0	4.8975
88	112	200	0	0	0	4.9
88	112	200	0	0	0	4.9025
88	112	200	0	0	0	4.905
88	112	200	0	0	0	4.9075
87	113	200	0	0	0	4.91
87	112	201	0	0	0	4.9125
88	112	200	0	0	0	4.915
88	112	200	0	0	0	4.9175
88	110	202	0	0	0	4.92
87	110	203	0	0	0	4.9225
87	109	204	0	0	0	4.925
88	109	203	0	0	0	4.9275
89	109	202	0	0	0	4.93
89	108	203	0	0	0	4.9325
89	108	203	0	0	0	4.935
89	108	203	0	0	0	4.9375
88	108	204	0	0	0	4.94
88	108	204	0	0	0	4.9425
87	109	204	0	0	0	4.945
87	108	205	0	0	0	4.9475
85	110	205	0	0	0	4.95
85	111	204	0	0	0	4.9525
86	111	203	0	0	0	4.955
87	110	203	0	0	0	4.9575
87	110	203	0	0	0	4.96
87	110	203	0	0	0	4.9625
86	111	203	0	0	0	4.965
86	111	203	0	0	0	4.9675
85	111	204	0	0	0	4.97
86	110	204	0	0	0	4.9725
86	110	204	0	0	0	4.975
86	110	204	0	0	0	4.9775
86	109	205	0	0	0	4.98
86	108	206	0	0	0	4.9825
86	108	206	0	0	0	4.985
86	108	206	0	0	0	4.9875
85	108	207	0	0	0	4.99
83	109	208	0	0	0	4.9925
82	110	208	0	0	0	4.995
84	109	207	0	0	0	4.9975
84	109	207	0	0	0	5
83	110	207	0	0	0	5.0025
83	110	207	0	0	0	5.005
83	110	207	0	0	0	5.0075
83	110	207	0	0	0	5.01
83	110	207	0	0	0	5.0125
83	110	207	0	0	0	5.015
83	110	207	0	0	0	5.0175
81	112	207	0	0	0	5.02
80	113	207	0	0	0	5.0225
81	113	206	0	0	0	5.025
81	113	206	0	0	0	5.0275
81	113	206	0	0	0	5.03
81	112	207	0	0	0	5.0325
82	111	207	0	0	0	5.035
82	111	207	0	0	0	5.0375
82	112	206	0	0	0	5.04
83	112	205	0	0	0	5.0425
83	112	205	0	0	0	5.045
83	112	205	0	0	0	5.0475
82	113	205	0	0	0	5.05
81	114	205	0	0	0	5.0525
81	113	206	0	0	0	5.055
81	113	206	0	0	0	5.0575
81	113	206	0	0	0	5.06
82	113	205	0	0	0	5.0625
82	113	205	0	0	0	5.065
82	113	205	0	0	0	5.0675
81	114	205	0	0	0	5.07
82	114	204	0	0	0	5.0725
82	113	205	0	0	0	5.075
82	113	205	0	0	0	5.0775
82	113	205	0	0	0	5.08
82	113	205	0	0	0	5.0825
82	113	205	0	0	0	5.085
83	113	204	0	0	0	5.0875
83	113	204	0	0	0	5.09
83	113	204	0	0	0	5.0925
84	113	203	0	0	0	5.095
84	111	205	0	0	0	5.0975
85	111	204	0	0	0	5.1
85	111	204	0	0	0	5.1025
85	111	204	0	0	0	5.105
86	111	203	0	0	0	5.1075
86	111	203	0	0	0	5.11
86	111	203	0	0	0	5.1125
86	111	203	0	0	0	5.115
86	111	203	0	0	0	5.1175
86	111	203	0	0	0	5.12
86	111	203	0	0	0	5.1225
86	110	204	0	0	0	5.125
86	110	204	0	0	0	5.1275
87	110	203	0	0	0	5.13
88	110	202	0	0	0	5.1325
89	110	201	0	0	0	5.135
89	111	200	0	0	0	5.1375
89	111	200	0	0	0	5.14
89	110	201	0	0	0	5.1425
89	110	201	0	0	0	5.145
89	109	202	0	0	0	5.1475
89	108	203	0	0	0	5.15
90	108	202	0	0	0	5.1525
92	108	200	0	0	0	5.155
92	106	202	0	0	0	5.1575
92	106	202	0	0	0	5.16
92	105	203	0	0	0	5.1625
92	105	203	0	0	0	5.165
92	105	203	0	0	0	5.1675
92	105	203	0	0	0	5.17
92	105	203	0	0	0	5.1725
92	105	203	0	0	0	5.175
93	105	202	0	0	0	5.1775
94	105	201	0	0	0	5.18
94	104	202	0	0	0	5.1825
94	104	202	0	0	0	5.185
95	103	202	0	0	0	5.1875
96	103	201	0	0	0	5.19
96	103	201	0	0	0	5.1925
95	103	202	0	0	0	5.195
95	103	202	0	0	0	5.1975
94	103	203	0	0	0	5.2
94	103	203	0	0	0	5.2025
95	102	203	0	0	0	5.205
95	102	203	0	0	0	5.2075
96	102	202	0	0	0	5.21
96	103	201	0	0	0	5.2125
96	103	201	0	0	0	5.215
95	104	201	0	0	0	5.2175
95	104	201	0	0	0	5.22
95	104	201	0	0	0	5.2225
95	105	200	0	0	0	5.225
95	104	201	0	0	0	5.2275
94	105	201	0	0	0	5.23
92	106	202	0	0	0	5.2325
92	106	202	0	0	0	5.235
91	107	202	0	0	0	5.2375
91	107	202	0	0	0	5.24
90	108	202	0	0	0	5.2425
89	109	202	0	0	0	5.245
90	109	201	0	0	0	5.2475
91	109	200	0	0	0	5.25
90	110	200	0	0	0	5.2525
90	110	200	0	0	0	5.255
90	109	201	0	0	0	5.2575
91	109	200	0	0	0	5.26
91	109	200	0	0	0	5.2625
91	109	200	0	0	0	5.265
91	108	201	0	0	0	5.2675
90	109	201	0	0	0	5.27
90	110	200	0	0	0	5.2725
91	110	199	0	0	0	5.275
91	110	199	0	0	0	5.2775
91	110	199	0	0	0	5.28
91	110	199	0	0	0	5.2825
91	110	199	0	0	0	5.285
91	110	199	0	0	0	5.2875
91	110	199	0	0	0	5.29
91	110	199	0	0	0	5.2925
91	108	201	0	0	0	5.295
91	108	201	0	0	0	5.2975
91	108	201	0	0	0	5.3
91	108	201	0	0	0	5.3025
91	108	201	0	0	0	5.305
90	109	201	0	0	0	5.3075
92	108	200	0	0	0	5.31
92	108	200	0	0	0	5.3125
91	108	201	0	0	0	5.315
91	108	201	0	0	0	5.3175
91	108	201	0	0	0	5.32
91	108	201	0	0	0	5.3225
92	108	200	0	0	0	5.325
92	108	200	0	0	0	5.3275
92	107	201	0	0	0	5.33
92	107	201	0	0	0	5.3325
92	106	202	0	0	0	5.335
92	106	202	0	0	0	5.3375
92	106	202	0	0	0	5.34
91	106	203	0	0	0	5.3425
90	107	203	0	0	0	5.345
90	108	202	0	0	0	5.3475
91	108	201	0	0	0	5.35
91	108	201	0	0	0	5.3525
90	109	201	0	0	0	5.355
90	109	201	0	0	0	5.3575
90	109	201	0	0	0	5.36
90	109	201	0	0	0	5.3625
90	107	203	0	0	0	5.365
89	108	203	0	0	0	5.3675
90	108	202	0	0	0	5.37
90	108	202	0	0	0	5.3725
91	108	201	0	0	0	5.375
91	108	201	0	0	0	5.3775
91	108	201	0	0	0	5.38
92	108	200	0	0	0	5.3825
92	108	200	0	0	0	5.385
92	108	200	0	0	0	5.3875
91	109	200	0	0	0	5.39
91	109	200	0	0	0	5.3925
91	109	200	0	0	0	5.395
91	109	200	0	0	0	5.3975
91	109	200	0	0	0	5.4
91	109	200	0	0	0	5.4025
92	108	200	0	0	0	5.405
92	108	200	0	0	0	5.4075
92	108	200	0	0	0	5.41
92	108	200	0	0	0	5.4125
92	107	201	0	0	0	5.415
92	106	202	0	0	0	5.4175
92	106	202	0	0	0	5.42
92	105	203	0	0	0	5.4225
92	105	203	0	0	0	5.425
91	106	203	0	0	0	5.4275
91	107	202	0	0	0	5.43
91	106	203	0	0	0	5.4325
91	106	203	0	0	0	5.435
91	106	203	0	0	0	5.4375
91	106	203	0	0	0	5.44
91	106	203	0	0	0	5.4425
91	105	204	0	0	0	5.445
92	103	205	0	0	0	5.4475
91	103	206	0	0	0	5.45
91	102	207	0	0	0	5.4525
91	102	207	0	0	0	5.455
90	103	207	0	0	0	5.4575
89	103	208	0	0	0	5.46
90	103	207	0	0	0	5.4625
89	104	207	0	0	0	5.465
88	104	208	0	0	0	5.4675
89	104	207	0	0	0	5.47
89	104	207	0	0	0	5.4725
88	105	207	0	0	0	5.475
88	105	207	0	0	0	5.4775
88	105	207	0	0	0	5.48
86	107	207	0	0	0	5.4825
86	106	208	0	0	0	5.485
86	105	209	0	0	0	5.4875
86	105	209	0	0	0	5.49
86	105	209	0	0	0	5.4925
86	105	209	0	0	0	5.495
86	105	209	0	0	0	5.4975
86	105	209	0	0	0	5.5
85	106	209	0	0	0	5.5025
86	106	208	0	0	0	5.505
86	106	208	0	0	0	5.5075
87	106	207	0	0	0	5.51
89	106	205	0	0	0	5.5125
89	106	205	0	0	0	5.515
89	106	205	0	0	0	5.5175
89	105	206	0	0	0	5.52
92	105	203	0	0	0	5.5225
92	104	204	0	0	0	5.525
92	104	204	0	0	0	5.5275
92	104	204	0	0	0	5.53
92	103	205	0	0	0	5.5325
93	103	204	0	0	0	5.535
94	103	203	0	0	0	5.5375
93	104	203	0	0	0	5.54
94	104	202	0	0	0	5.5425
94	104	202	0	0	0	5.545
94	104	202	0	0	0	5.5475
94	104	202	0	0	0	5.55
94	104	202	0	0	0	5.5525
94	103	203	0	0	0	5.555
95	103	202	0	0	0	5.5575
95	102	203	0	0	0	5.56
95	102	203	0	0	0	5.5625
96	102	202	0	0	0	5.565
96	102	202	0	0	0	5.5675
97	102	201	0	0	0	5.57
96	103	201	0	0	0	5.5725
96	103	201	0	0	0	5.575
96	102	202	0	0	0	5.5775
96	102	202	0	0	0	5.58
96	102	202	0	0	0	5.5825
96	102	202	0	0	0	5.585
96	102	202	0	0	0	5.5875
96	102	202	0	0	0	5.59
96	101	203	0	0	0	5.5925
96	101	203	0	0	0	5.595
96	100	204	0	0	0	5.5975
96	100	204	0	0	0	5.6
95	100	205	0	0	0	5.6025
95	100	205	0	0	0	5.605
96	100	204	0	0	0	5.6075
96	100	204	0	0	0	5.61
97	100	203	0	0	0	5.6125
97	99	204	0	0	0	5.615
97	99	204	0	0	0	5.6175
98	99	203	0	0	0	5.62
98	98	204	0	0	0	5.6225
97	99	204	0	0	0	5.625
97	99	204	0	0	0	5.6275
99	98	203	0	0	0	5.63
99	97	204	0	0	0	5.6325
99	96	205	0	0	0	5.635
99	96	205	0	0	0	5.6375
99	96	205	0	0	0	5.64
99	96	205	0	0	0	5.6425
99	96	205	0	0	0	5.645
98	97	205	0	0	0	5.6475
99	97	204	0	0	0	5.65
99	97	204	0	0	0	5.6525
99	97	204	0	0	0	5.655
100	97	203	0	0	0	5.6575
100	97	203	0	0	0	5.66
98	99	203	0	0	0	5.6625
98	97	205	0	0	0	5.665
98	97	205	0	0	0	5.6675
99	97	204	0	0	0	5.67
99	97	204	0	0	0	5.6725
99	97	204	0	0	0	5.675
100	97	203	0	0	0	5.6775
99	98	203	0	0	0	5.68
98	98	204	0	0	0	5.6825
98	97	205	0	0	0	5.685
98	98	204	0	0	0	5.6875
98	98	204	0	0	0	5.69
98	98	204	0	0	0	5.6925
98	97	205	0	0	0	5.695
98	96	206	0	0	0	5.6975
98	96	206	0	0	0	5.7
98	95	207	0	0	0	5.7025
98	95	207	0	0	0	5.705
98	95	207	0	0	0	5.7075
98	95	207	0	0	0	5.71
98	95	207	0	0	0	5.7125
98	95	207	0	0	0	5.715
98	95	207	0	0	0	5.7175
98	95	207	0	0	0	5.72
98	96	206	0	0	0	5.7225
98	96	206	0	0	0	5.725
98	96	206	0	0	0	5.7275
98	96	206	0	0	0	5.73
98	96	206	0	0	0	5.7325
101	95	204	0	0	0	5.735
101	95	204	0	0	0	5.7375
101	95	204	0	0	0	5.74
102	95	203	0	0	0	5.7425
102	95	203	0	0	0	5.745
102	95	203	0	0	0	5.7475
102	95	203	0	0	0	5.75
103	95	202	0	0	0	5.7525
104	95	201	0	0	0	5.755
103	96	201	0	0	0	5.7575
103	95	202	0	0	0	5.76
103	95	202	0	0	0	5.7625
101	97	202	0	0	0	5.765
101	97	202	0	0	0	5.7675
100	98	202	0	0	0	5.77
100	98	202	0	0	0	5.7725
99	99	202	0	0	0	5.775
99	99	202	0	0	0	5.7775
99	99	202	0	0	0	5.78
98	100	202	0	0	0	5.7825
97	100	203	0	0	0	5.785
96	100	204	0	0	0	5.7875
96	100	204	0	0	0	5.79
96	100	204	0	0	0	5.7925
96	100	204	0	0	0	5.795
97	100	203	0	0	0	5.7975
98	100	202	0	0	0	5.8
97	101	202	0	0	0	5.8025
97	101	202	0	0	0	5.805
98	101	201	0	0	0	5.8075
98	100	202	0	0	0	5.81
98	100	202	0	0	0	5.8125
99	100	201	0	0	0	5.815
99	101	200	0	0	0	5.8175
99	102	199	0	0	0	5.82
100	102	198	0	0	0	5.8225
100	102	198	0	0	0	5.825
100	102	198	0	0	0	5.8275
101	101	198	0	0	0	5.83
101	100	199	0	0	0	5.8325
100	101	199	0	0	0	5.835
100	101	199	0	0	0	5.8375
100	101	199	0	0	0	5.84
100	101	199	0	0	0	5.8425
101	101	198	0	0	0	5.845
101	101	198	0	0	0	5.8475
99	103	198	0	0	0	5.85
98	104	198	0	0	0	5.8525
99	103	198	0	0	0	5.855
99	103	198	0	0	0	5.8575
98	104	198	0	0	0	5.86
100	104	196	0	0	0	5.8625
101	104	195	0	0	0	5.865
100	105	195	0	0	0	5.8675
99	105	196	0	0	0	5.87
99	105	196	0	0	0	5.8725
99	105	196	0	0	0	5.875
98	105	197	0	0	0	5.8775
98	105	197	0	0	0	5.88
98	104	198	0	0	0	5.8825
98	104	198	0	0	0	5.885
98	104	198	0	0	0	5.8875
98	104	198	0	0	0	5.89
98	104	198	0	0	0	5.8925
97	105	198	0	0	0	5.895
97	105	198	0	0	0	5.8975
96	106	198	0	0	0	5.9
96	106	198	0	0	0	5.9025
95	107	198	0	0	0	5.905
95	107	198	0	0	0	5.9075
95	107	198	0	0	0	5.91
95	106	199	0	0	0	5.9125
94	107	199	0	0	0	5.915
95	107	198	0	0	0	5.9175
94	108	198	0	0	0	5.92
94	107	199	0	0	0	5.9225
94	107	199	0	0	0	5.925
94	107	199	0	0	0	5.9275
93	108	199	0	0	0	5.93
92	109	199	0	0	0	5.9325
91	110	199	0	0	0	5.935
91	109	200	0	0	0	5.9375
90	110	200	0	0	0	5.94
90	110	200	0	0	0	5.9425
90	110	200	0	0	0	5.945
90	110	200	0	0	0	5.9475
90	110	200	0	0	0	5.95
90	110	200	0	0	0	5.9525
90	109	201	0	0	0	5.955
88	111	201	0	0	0	5.9575
88	112	200	0	0	0	5.96
87	113	200	0	0	0	5.9625
87	113	200	0	0	0	5.965
87	113	200	0	0	0	5.9675
86	114	200	0	0	0	5.97
86	114	200	0	0	0	5.9725
86	114	200	0	0	0	5.975
86	113	201	0	0	0	5.9775
85	114	201	0	0	0	5.98
86	113	201	0	0	0	5.9825
85	113	202	0	0	0	5.985
85	113	202	0	0	0	5.9875
85	112	203	0	0	0	5.99
85	112	203	0	0	0	5.9925
85	111	204	0	0	0	5.995
84	112	204	0	0	0	5.9975
84	112	204	0	0	0	6
85	112	203	0	0	0	6.0025
85	112	203	0	0	0	6.005
85	110	205	0	0	0	6.0075
85	110	205	0	0	0	6.01
84	107	209	0	0	0	6.0125
84	107	209	0	0	0	6.015
84	107	209	0	0	0	6.0175
83	108	209	0	0	0	6.02
82	108	210	0	0	0	6.0225
81	109	210	0	0	0	6.025
81	108	211	0	0	0	6.0275
81	108	211	0	0	0	6.03
81	108	211	0	0	0	6.0325
82	106	212	0	0	0	6.035
82	106	212	0	0	0	6.0375
82	105	213	0	0	0	6.04
82	105	213	0	0	0	6.0425
82	105	213	0	0	0	6.045
82	105	213	0	0	0	6.0475
82	104	214	0	0	0	6.05
83	101	216	0	0	0	6.0525
84	101	215	0	0	0	6.055
84	101	215	0	0	0	6.0575
83	101	216	0	0	0	6.06
83	101	216	0	0	0	6.0625
83	101	216	0	0	0	6.065
83	99	218	0	0	0	6.0675
83	99	218	0	0	0	6.07
83	99	218	0	0	0	6.0725
82	100	218	0	0	0	6.075
82	100	218	0	0	0	6.0775
82	100	218	0	0	0	6.08
82	100	218	0	0	0	6.0825
82	100	218	0	0	0	6.085
81	101	218	0	0	0	6.0875
81	101	218	0	0	0	6.09
82	102	216	0	0	0	6.0925
81	103	216	0	0	0	6.095
81	103	216	0	0	0	6.0975
81	103	216	0	0	0	6.1
83	103	214	0	0	0	6.1025
83	103	214	0	0	0	6.105
83	103	214	0	0	0	6.1075
82	103	215	0	0	0	6.11
80	105	215	0	0	0	6.1125
79	105	216	0	0	0	6.115
79	105	216	0	0	0	6.1175
79	104	217	0	0	0	6.12
80	104	216	0	0	0	6.1225
81	104	215	0	0	0	6.125
81	104	215	0	0	0	6.1275
81	103	216	0	0	0	6.13
81	103	216	0	0	0	6.1325
82	103	215	0	0	0	6.135
82	102	216	0	0	0	6.1375
82	102	216	0	0	0	6.14
81	103	216	0	0	0	6.1425
81	103	216	0	0	0	6.145
81	103	216	0	0	0	6.1475
81	103	216	0	0	0	6.15
81	101	218	0	0	0	6.1525
81	101	218	0	0	0	6.155
81	100	219	0	0	0	6.1575
80	101	219	0	0	0	6.16
80	101	219	0	0	0	6.1625
80	101	219	0	0	0	6.165
80	101	219	0	0	0	6.1675
80	100	220	0	0	0	6.17
79	101	220	0	0	0	6.1725
78	102	220	0	0	0	6.175
77	102	221	0	0	0	6.1775
78	102	220	0	0	0	6.18
78	101	221	0	0	0	6.1825
79	101	220	0	0	0	6.185
79	101	220	0	0	0	6.1875
79	101	220	0	0	0	6.19
80	101	219	0	0	0	6.1925
81	101	218	0	0	0	6.195
81	101	218	0	0	0	6.1975
80	102	218	0	0	0	6.2
80	101	219	0	0	0	6.2025
79	102	219	0	0	0	6.205
80	102	218	0	0	0	6.2075
80	102	218	0	0	0	6.21
80	102	218	0	0	0	6.2125
79	103	218	0	0	0	6.215
79	103	218	0	0	0	6.2175
79	103	218	0	0	0	6.22
79	103	218	0	0	0	6.2225
78	105	217	0	0	0	6.225
78	104	218	0	0	0	6.2275
78	104	218	0	0	0	6.23
77	105	218	0	0	0	6.2325
78	104	218	0	0	0	6.235
78	103	219	0	0	0	6.2375
78	102	220	0	0	0	6.24
78	102	220	0	0	0	6.2425
78	101	221	0	0	0	6.245
78	101	221	0	0	0	6.2475
78	101	221	0	0	0	6.25
78	101	221	0	0	0	6.2525
78	101	221	0	0	0	6.255
79	101	220	0	0	0	6.2575
79	101	220	0	0	0	6.26
79	101	220	0	0	0	6.2625
79	101	220	0	0	0	6.265
79	101	220	0	0	0	6.2675
80	98	222	0	0	0	6.27
80	98	222	0	0	0	6.2725
80	98	222	0	0	0	6.275
80	98	222	0	0	0	6.2775
80	98	222	0	0	0	6.28
80	99	221	0	0	0	6.2825
80	99	221	0	0	0	6.285
80	99	221	0	0	0	6.2875
80	101	219	0	0	0	6.29
80	101	219	0	0	0	6.2925
80	101	219	0	0	0	6.295
80	101	219	0	0	0	6.2975
80	101	219	0	0	0	6.3
80	101	219	0	0	0	6.3025
80	101	219	0	0	0	6.305
80	101	219	0	0	0	6.3075
80	101	219	0	0	0	6.31
80	101	219	0	0	0	6.3125
80	101	219	0	0	0	6.315
81	99	220	0	0	0	6.3175
80	100	220	0	0	0	6.32
80	100	220	0	0	0	6.3225
80	100	220	0	0	0	6.325
80	100	220	0	0	0	6.3275
80	101	219	0	0	0	6.33
80	101	219	0	0	0	6.3325
79	102	219	0	0	0	6.335
78	103	219	0	0	0	6.3375
78	103	219	0	0	0	6.34
78	103	219	0	0	0	6.3425
78	103	219	0	0	0	6.345
78	103	219	0	0	0	6.3475
78	103	219	0	0	0	6.35
78	103	219	0	0	0	6.3525
78	103	219	0	0	0	6.355
80	103	217	0	0	0	6.3575
79	104	217	0	0	0	6.36
79	104	217	0	0	0	6.3625
78	105	217	0	0	0	6.365
79	105	216	0	0	0	6.3675
79	104	217	0	0	0	6.37
79	104	217	0	0	0	6.3725
79	103	218	0	0	0	6.375
79	103	218	0	0	0	6.3775
80	103	217	0	0	0	6.38
81	103	216	0	0	0	6.3825
81	103	216	0	0	0	6.385
81	104	215	0	0	0	6.3875
81	103	216	0	0	0	6.39
81	103	216	0	0	0	6.3925
81	103	216	0	0	0	6.395
80	104	216	0	0	0	6.3975
79	105	216	0	0	0	6.4
79	105	216	0	0	0	6.4025
80	106	214	0	0	0	6.405
80	106	214	0	0	0	6.4075
80	106	214	0	0	0	6.41
80	106	214	0	0	0	6.4125
79	107	214	0	0	0	6.415
79	107	214	0	0	0	6.4175
78	108	214	0	0	0	6.42
77	109	214	0	0	0	6.4225
75	111	214	0	0	0	6.425
75	111	214	0	0	0	6.4275
74	112	214	0	0	0	6.43
74	112	214	0	0	0	6.4325
73	112	215	0	0	0	6.435
73	111	216	0	0	0	6.4375
73	111	216	0	0	0	6.44
73	108	219	0	0	0	6.4425
72	109	219	0	0	0	6.445
73	109	218	0	0	0	6.4475
73	109	218	0	0	0	6.45
74	109	217	0	0	0	6.4525
74	108	218	0	0	0	6.455
74	108	218	0	0	0	6.4575
74	108	218	0	0	0	6.46
75	108	217	0	0	0	6.4625
75	108	217	0	0	0	6.465
75	108	217	0	0	0	6.4675
75	108	217	0	0	0	6.47
76	108	216	0	0	0	6.4725
77	107	216	0	0	0	6.475
77	106	217	0	0	0	6.4775
78	106	216	0	0	0	6.48
79	107	214	0	0	0	6.4825
79	107	214	0	0	0	6.485
79	107	214	0	0	0	6.4875
79	107	214	0	0	0	6.49
80	107	213	0	0	0	6.4925
80	107	213	0	0	0	6.495
79	108	213	0	0	0	6.4975
80	108	212	0	0	0	6.5
80	108	212	0	0	0	6.5025
80	108	212	0	0	0	6.505
80	108	212	0	0	0	6.5075
80	109	211	0	0	0	6.51
80	109	211	0	0	0	6.5125
80	109	211	0	0	0	6.515
80	108	212	0	0	0	6.5175
81	107	212	0	0	0	6.52
81	106	213	0	0	0	6.5225
82	106	212	0	0	0	6.525
81	107	212	0	0	0	6.5275
82	107	211	0	0	0	6.53
84	107	209	0	0	0	6.5325
84	107	209	0	0	0	6.535
83	108	209	0	0	0	6.5375
84	108	208	0	0	0	6.54
84	109	207	0	0	0	6.5425
84	108	208	0	0	0	6.545
85	107	208	0	0	0	6.5475
85	107	208	0	0	0	6.55
85	107	208	0	0	0	6.5525
84	108	208	0	0	0	6.555
84	108	208	0	0	0	6.5575
84	108	208	0	0	0	6.56
82	109	209	0	0	0	6.5625
82	109	209	0	0	0	6.565
82	108	210	0	0	0	6.5675
82	107	211	0	0	0	6.57
83	107	210	0	0	0	6.5725
83	107	210	0	0	0	6.575
83	107	210	0	0	0	6.5775
83	107	210	0	0	0	6.58
84	105	211	0	0	0	6.5825
84	105	211	0	0	0	6.585
83	106	211	0	0	0	6.5875
83	106	211	0	0	0	6.59
83	106	211	0	0	0	6.5925
83	106	211	0	0	0	6.595
82	107	211	0	0	0	6.5975
83	107	210	0	0	0	6.6
82	107	211	0	0	0	6.6025
81	107	212	0	0	0	6.605
81	107	212	0	0	0	6.6075
82	106	212	0	0	0	6.61
82	106	212	0	0	0	6.6125
82	106	212	0	0	0	6.615
83	106	211	0	0	0	6.6175
83	106	211	0	0	0	6.62
81	108	211	0	0	0	6.6225
81	108	211	0	0	0	6.625
81	108	211	0	0	0	6.6275
83	108	209	0	0	0	6.63
83	108	209	0	0	0	6.6325
83	109	208	0	0	0	6.635
83	109	208	0	0	0	6.6375
83	109	208	0	0	0	6.64
83	107	210	0	0	0	6.6425
84	107	209	0	0	0	6.645
84	106	210	0	0	0	6.6475
84	106	210	0	0	0	6.65
85	105	210	0	0	0	6.6525
85	105	210	0	0	0	6.655
84	106	210	0	0	0	6.6575
85	106	209	0	0	0	6.66
85	104	211	0	0	0	6.6625
85	104	211	0	0	0	6.665
87	104	209	0	0	0	6.6675
88	104	208	0	0	0	6.67
88	104	208	0	0	0	6.6725
88	104	208	0	0	0	6.675
88	104	208	0	0	0	6.6775
87	105	208	0	0	0	6.68
89	105	206	0	0	0	6.6825
90	105	205	0	0	0	6.685
90	105	205	0	0	0	6.6875
90	105	205	0	0	0	6.69
90	105	205	0	0	0	6.6925
90	105	205	0	0	0	6.695
90	104	206	0	0	0	6.6975
90	103	207	0	0	0	6.7
89	104	207	0	0	0	6.7025
89	104	207	0	0	0	6.705
89	103	208	0	0	0	6.7075
88	104	208	0	0	0	6.71
88	104	208	0	0	0	6.7125
88	104	208	0	0	0	6.715
88	104	208	0	0	0	6.7175
88	103	209	0	0	0	6.72
87	104	209	0	0	0	6.7225
86	104	210	0	0	0	6.725
87	104	209	0	0	0	6.7275
87	103	210	0	0	0	6.73
86	104	210	0	0	0	6.7325
86	104	210	0	0	0	6.735
86	105	209	0	0	0	6.7375
87	105	208	0	0	0	6.74
88	105	207	0	0	0	6.7425
88	105	207	0	0	0	6.745
87	106	207	0	0	0	6.7475
87	106	207	0	0	0	6.75
86	107	207	0	0	0	6.7525
86	107	207	0	0	0	6.755
86	106	208	0	0	0	6.7575
86	105	209	0	0	0	6.76
85	106	209	0	0	0	6.7625
85	106	209	0	0	0	6.765
85	106	209	0	0	0	6.7675
85	106	209	0	0	0	6.77
85	105	210	0	0	0	6.7725
85	105	210	0	0	0	6.775
85	105	210	0	0	0	6.7775
86	105	209	0	0	0	6.78
86	105	209	0	0	0	6.7825
87	105	208	0	0	0	6.785
87	105	208	0	0	0	6.7875
87	105	208	0	0	0	6.79
87	105	208	0	0	0	6.7925
87	105	208	0	0	0	6.795
87	105	208	0	0	0	6.7975
87	105	208	0	0	0	6.8
87	105	208	0	0	0	6.8025
87	105	208	0	0	0	6.805
87	104	209	0	0	0	6.8075
87	104	209	0	0	0	6.81
87	104	209	0	0	0	6.8125
87	104	209	0	0	0	6.815
87	104	209	0	0	0	6.8175
87	104	209	0	0	0	6.82
87	104	209	0	0	0	6.8225
88	104	208	0	0	0	6.825
88	104	208	0	0	0	6.8275
87	105	208	0	0	0	6.83
87	105	208	0	0	0	6.8325
88	105	207	0	0	0	6.835
88	105	207	0	0	0	6.8375
88	105	207	0	0	0	6.84
89	105	206	0	0	0	6.8425
89	105	206	0	0	0	6.845
89	105	206	0	0	0	6.8475
90	105	205	0	0	0	6.85
90	105	205	0	0	0	6.8525
90	105	205	0	0	0	6.855
90	105	205	0	0	0	6.8575
90	105	205	0	0	0	6.86
90	105	205	0	0	0	6.8625
90	104	206	0	0	0	6.865
91	104	205	0	0	0	6.8675
91	103	206	0	0	0	6.87
91	103	206	0	0	0	6.8725
91	103	206	0	0	0	6.875
90	104	206	0	0	0	6.8775
90	102	208	0	0	0	6.88
91	102	207	0	0	0	6.8825
91	102	207	0	0	0	6.885
91	102	207	0	0	0	6.8875
91	103	206	0	0	0	6.89
90	104	206	0	0	0	6.8925
91	104	205	0	0	0	6.895
91	104	205	0	0	0	6.8975
91	104	205	0	0	0	6.9
91	104	205	0	0	0	6.9025
91	103	206	0	0	0	6.905
91	101	208	0	0	0	6.9075
92	101	207	0	0	0	6.91
91	102	207	0	0	0	6.9125
91	102	207	0	0	0	6.915
89	104	207	0	0	0	6.9175
89	104	207	0	0	0	6.92
89	102	209	0	0	0	6.9225
90	102	208	0	0	0	6.925
89	103	208	0	0	0	6.9275
88	104	208	0	0	0	6.93
89	103	208	0	0	0	6.9325
89	102	209	0	0	0	6.935
89	102	209	0	0	0	6.9375
88	102	210	0	0	0	6.94
88	101	211	0	0	0	6.9425
88	101	211	0	0	0	6.945
88	101	211	0	0	0	6.9475
88	101	211	0	0	0	6.95
88	101	211	0	0	0	6.9525
88	101	211	0	0	0	6.955
88	101	211	0	0	0	6.9575
88	101	211	0	0	0	6.96
88	102	210	0	0	0	6.9625
88	102	210	0	0	0	6.965
90	102	208	0	0	0	6.9675
89	103	208	0	0	0	6.97
89	103	208	0	0	0	6.9725
89	102	209	0	0	0	6.975
89	102	209	0	0	0	6.9775
89	102	209	0	0	0	6.98
90	102	208	0	0	0	6.9825
91	102	207	0	0	0	6.985
91	103	206	0	0	0	6.9875
91	103	206	0	0	0	6.99
91	102	207	0	0	0	6.9925
91	102	207	0	0	0	6.995
90	102	208	0	0	0	6.9975
91	101	208	0	0	0	7
92	101	207	0	0	0	7.0025
93	101	206	0	0	0	7.005
94	100	206	0	0	0	7.0075
96	100	204	0	0	0	7.01
96	100	204	0	0	0	7.0125
96	100	204	0	0	0	7.015
97	100	203	0	0	0	7.0175
98	98	204	0	0	0	7.02
98	98	204	0	0	0	7.0225
98	98	204	0	0	0	7.025
97	99	204	0	0	0	7.0275
97	99	204	0	0	0	7.03
97	99	204	0	0	0	7.0325
99	99	202	0	0	0	7.035
100	99	201	0	0	0	7.0375
100	100	200	0	0	0	7.04
101	99	200	0	0	0	7.0425
101	99	200	0	0	0	7.045
100	100	200	0	0	0	7.0475
100	100	200	0	0	0	7.05
100	100	200	0	0	0	7.0525
100	100	200	0	0	0	7.055
99	101	200	0	0	0	7.0575
99	101	200	0	0	0	7.06
98	102	200	0	0	0	7.0625
99	102	199	0	0	0	7.065
99	102	199	0	0	0	7.0675
97	104	199	0	0	0	7.07
96	105	199	0	0	0	7.0725
95	105	200	0	0	0	7.075
95	105	200	0	0	0	7.0775
93	107	200	0	0	0	7.08
93	106	201	0	0	0	7.0825
91	108	201	0	0	0	7.085
92	107	201	0	0	0	7.0875
92	107	201	0	0	0	7.09
93	107	200	0	0	0	7.0925
94	107	199	0	0	0	7.095
94	106	200	0	0	0	7.0975
94	106	200	0	0	0	7.1
94	106	200	0	0	0	7.1025
93	107	200	0	0	0	7.105
92	108	200	0	0	0	7.1075
91	108	201	0	0	0	7.11
91	108	201	0	0	0	7.1125
88	111	201	0	0	0	7.115
88	110	202	0	0	0	7.1175
88	111	201	0	0	0	7.12
88	111	201	0	0	0	7.1225
89	111	200	0	0	0	7.125
88	111	201	0	0	0	7.1275
87	112	201	0	0	0	7.13
87	110	203	0	0	0	7.1325
87	110	203	0	0	0	7.135
87	109	204	0	0	0	7.1375
86	110	204	0	0	0	7.14
87	110	203	0	0	0	7.1425
87	110	203	0	0	0	7.145
87	110	203	0	0	0	7.1475
86	110	204	0	0	0	7.15
85	111	204	0	0	0	7.1525
84	112	204	0	0	0	7.155
84	112	204	0	0	0	7.1575
83	112	205	0	0	0	7.16
83	112	205	0	0	0	7.1625
83	112	205	0	0	0	7.165
82	111	207	0	0	0	7.1675
83	111	206	0	0	0	7.17
83	110	207	0	0	0	7.1725
83	110	207	0	0	0	7.175
84	110	206	0	0	0	7.1775
84	109	207	0	0	0	7.18
85	108	207	0	0	0	7.1825
85	107	208	0	0	0	7.185
85	107	208	0	0	0	7.1875
85	107	208	0	0	0	7.19
86	107	207	0	0	0	7.1925
86	107	207	0	0	0	7.195
86	107	207	0	0	0	7.1975
88	107	205	0	0	0	7.2
87	107	206	0	0	0	7.2025
87	107	206	0	0	0	7.205
87	108	205	0	0	0	7.2075
87	107	206	0	0	0	7.21
86	108	206	0	0	0	7.2125
86	107	207	0	0	0	7.215
86	107	207	0	0	0	7.2175
86	106	208	0	0	0	7.22
86	105	209	0	0	0	7.2225
87	104	209	0	0	0	7.225
87	104	209	0	0	0	7.2275
86	105	209	0	0	0	7.23
87	105	208	0	0	0	7.2325
87	105	208	0	0	0	7.235
86	106	208	0	0	0	7.2375
85	107	208	0	0	0	7.24
85	106	209	0	0	0	7.2425
85	106	209	0	0	0	7.245
85	106	209	0	0	0	7.2475
85	106	209	0	0	0	7.25
84	106	210	0	0	0	7.2525
84	106	210	0	0	0	7.255
84	106	210	0	0	0	7.2575
84	106	210	0	0	0	7.26
84	105	211	0	0	0	7.2625
83	106	211	0	0	0	7.265
84	106	210	0	0	0	7.2675
84	106	210	0	0	0	7.27
84	106	210	0	0	0	7.2725
84	105	211	0	0	0	7.275
84	104	212	0	0	0	7.2775
84	104	212	0	0	0	7.28
84	103	213	0	0	0	7.2825
84	101	215	0	0	0	7.285
84	101	215	0	0	0	7.2875
84	101	215	0	0	0	7.29
86	101	213	0	0	0	7.2925
86	101	213	0	0	0	7.295
86	101	213	0	0	0	7.2975
87	101	212	0	0	0	7.3
87	101	212	0	0	0	7.3025
87	99	214	0	0	0	7.305
87	99	214	0	0	0	7.3075
88	99	213	0	0	0	7.31
88	99	213	0	0	0	7.3125
88	98	214	0	0	0	7.315
87	98	215	0	0	0	7.3175
85	99	216	0	0	0	7.32
85	98	217	0	0	0	7.3225
85	97	218	0	0	0	7.325
86	97	217	0	0	0	7.3275
87	97	216	0	0	0	7.33
87	97	216	0	0	0	7.3325
87	96	217	0	0	0	7.335
88	96	216	0	0	0	7.3375
86	98	216	0	0	0	7.34
86	98	216	0	0	0	7.3425
86	98	216	0	0	0	7.345
86	96	218	0	0	0	7.3475
86	96	218	0	0	0	7.35
85	97	218	0	0	0	7.3525
84	97	219	0	0	0	7.355
84	96	220	0	0	0	7.3575
83	97	220	0	0	0	7.36
83	97	220	0	0	0	7.3625
85	97	218	0	0	0	7.365
85	97	218	0	0	0	7.3675
86	97	217	0	0	0	7.37
85	97	218	0	0	0	7.3725
85	97	218	0	0	0	7.375
85	96	219	0	0	0	7.3775
86	95	219	0	0	0	7.38
86	94	220	0	0	0	7.3825
86	94	220	0	0	0	7.385
86	94	220	0	0	0	7.3875
85	95	220	0	0	0	7.39
86	95	219	0	0	0	7.3925
86	94	220	0	0	0	7.395
86	93	221	0	0	0	7.3975
86	93	221	0	0	0	7.4
87	92	221	0	0	0	7.4025
88	92	220	0	0	0	7.405
88	92	220	0	0	0	7.4075
87	93	220	0	0	0	7.41
86	94	220	0	0	0	7.4125
86	94	220	0	0	0	7.415
86	94	220	0	0	0	7.4175
86	94	220	0	0	0	7.42
86	94	220	0	0	0	7.4225
86	94	220	0	0	0	7.425
87	94	219	0	0	0	7.4275
87	95	218	0	0	0	7.43
87	94	219	0	0	0	7.4325
87	95	218	0	0	0	7.435
88	95	217	0	0	0	7.4375
88	95	217	0	0	0	7.44
88	94	218	0	0	0	7.4425
88	94	218	0	0	0	7.445
89	94	217	0	0	0	7.4475
89	94	217	0	0	0	7.45
89	93	218	0	0	0	7.4525
89	93	218	0	0	0	7.455
90	93	217	0	0	0	7.4575
93	93	214	0	0	0	7.46
93	93	214	0	0	0	7.4625
93	93	214	0	0	0	7.465
93	91	216	0	0	0	7.4675
93	91	216	0	0	0	7.47
93	92	215	0	0	0	7.4725
94	92	214	0	0	0	7.475
95	92	213	0	0	0	7.4775
95	91	214	0	0	0	7.48
95	91	214	0	0	0	7.4825
95	91	214	0	0	0	7.485
95	91	214	0	0	0	7.4875
95	91	214	0	0	0	7.49
95	90	215	0	0	0	7.4925
94	91	215	0	0	0	7.495
94	91	215	0	0	0	7.4975
94	91	215	0	0	0	7.5
94	91	215	0	0	0	7.5025
96	91	213	0	0	0	7.505
96	90	214	0	0	0	7.5075
96	91	213	0	0	0	7.51
96	91	213	0	0	0	7.5125
95	92	213	0	0	0	7.515
96	91	213	0	0	0	7.5175
96	91	213	0	0	0	7.52
97	90	213	0	0	0	7.5225
98	90	212	0	0	0	7.525
98	90	212	0	0	0	7.5275
98	91	211	0	0	0	7.53
98	91	211	0	0	0	7.5325
98	91	211	0	0	0	7.535
98	91	211	0	0	0	7.5375
99	90	211	0	0	0	7.54
98	91	211	0	0	0	7.5425
98	91	211	0	0	0	7.545
98	91	211	0	0	0	7.5475
97	92	211	0	0	0	7.55
97	92	211	0	0	0	7.5525
96	93	211	0	0	0	7.555
95	94	211	0	0	0	7.5575
95	94	211	0	0	0	7.56
94	94	212	0	0	0	7.5625
94	94	212	0	0	0	7.565
93	95	212	0	0	0	7.5675
93	95	212	0	0	0	7.57
93	94	213	0	0	0	7.5725
92	94	214	0	0	0	7.575
92	93	215	0	0	0	7.5775
92	93	215	0	0	0	7.58
92	91	217	0	0	0	7.5825
93	91	216	0	0	0	7.585
93	91	216	0	0	0	7.5875
93	89	218	0	0	0	7.59
93	89	218	0	0	0	7.5925
92	90	218	0	0	0	7.595
91	91	218	0	0	0	7.5975
91	91	218	0	0	0	7.6
90	91	219	0	0	0	7.6025
91	90	219	0	0	0	7.605
93	90	217	0	0	0	7.6075
94	90	216	0	0	0	7.61
94	90	216	0	0	0	7.6125
94	90	216	0	0	0	7.615
94	91	215	0	0	0	7.6175
95	91	214	0	0	0	7.62
95	90	215	0	0	0	7.6225
95	90	215	0	0	0	7.625
95	90	215	0	0	0	7.6275
95	90	215	0	0	0	7.63
94	91	215	0	0	0	7.6325
95	91	214	0	0	0	7.635
95	91	214	0	0	0	7.6375
95	91	214	0	0	0	7.64
95	90	215	0	0	0	7.6425
95	90	215	0	0	0	7.645
95	89	216	0	0	0	7.6475
95	89	216	0	0	0	7.65
95	89	216	0	0	0	7.6525
96	89	215	0	0	0	7.655
95	90	215	0	0	0	7.6575
95	90	215	0	0	0	7.66
96	90	214	0	0	0	7.6625
96	90	214	0	0	0	7.665
96	90	214	0	0	0	7.6675
96	90	214	0	0	0	7.67
96	90	214	0	0	0	7.6725
96	90	214	0	0	0	7.675
97	90	213	0	0	0	7.6775
97	90	213	0	0	0	7.68
98	90	212	0	0	0	7.6825
98	90	212	0	0	0	7.685
98	90	212	0	0	0	7.6875
98	90	212	0	0	0	7.69
100	90	210	0	0	0	7.6925
100	91	209	0	0	0	7.695
100	91	209	0	0	0	7.6975
100	91	209	0	0	0	7.7
100	91	209	0	0	0	7.7025
100	91	209	0	0	0	7.705
101	90	209	0	0	0	7.7075
101	90	209	0	0	0	7.71
100	91	209	0	0	0	7.7125
100	91	209	0	0	0	7.715
101	91	208	0	0	0	7.7175
100	92	208	0	0	0	7.72
99	93	208	0	0	0	7.7225
98	94	208	0	0	0	7.725
98	93	209	0	0	0	7.7275
98	93	209	0	0	0	7.73
98	93	209	0	0	0	7.7325
98	93	209	0	0	0	7.735
98	93	209	0	0	0	7.7375
98	93	209	0	0	0	7.74
98	93	209	0	0	0	7.7425
99	93	208	0	0	0	7.745
98	92	210	0	0	0	7.7475
97	93	210	0	0	0	7.75
97	93	210	0	0	0	7.7525
98	92	210	0	0	0	7.755
98	92	210	0	0	0	7.7575
98	92	210	0	0	0	7.76
97	93	210	0	0	0	7.7625
97	92	211	0	0	0	7.765
97	92	211	0	0	0	7.7675
98	92	210	0	0	0	7.77
97	93	210	0	0	0	7.7725
97	93	210	0	0	0	7.775
97	93	210	0	0	0	7.7775
96	94	210	0	0	0	7.78
95	95	210	0	0	0	7.7825
95	95	210	0	0	0	7.785
95	94	211	0	0	0	7.7875
96	94	210	0	0	0	7.79
96	94	210	0	0	0	7.7925
95	95	210	0	0	0	7.795
96	95	209	0	0	0	7.7975
96	95	209	0	0	0	7.8
96	95	209	0	0	0	7.8025
95	95	210	0	0	0	7.805
96	95	209	0	0	0	7.8075
96	95	209	0	0	0	7.81
97	95	208	0	0	0	7.8125
97	95	208	0	0	0	7.815
96	96	208	0	0	0	7.8175
96	96	208	0	0	0	7.82
95	97	208	0	0	0	7.8225
96	97	207	0	0	0	7.825
96	97	207	0	0	0	7.8275
96	97	207	0	0	0	7.83
94	100	206	0	0	0	7.8325
94	100	206	0	0	0	7.835
94	100	206	0	0	0	7.8375
94	99	207	0	0	0	7.84
94	99	207	0	0	0	7.8425
94	98	208	0	0	0	7.845
94	99	207	0	0	0	7.8475
94	99	207	0	0	0	7.85
94	99	207	0	0	0	7.8525
94	98	208	0	0	0	7.855
94	98	208	0	0	0	7.8575
94	98	208	0	0	0	7.86
94	98	208	0	0	0	7.8625
94	98	208	0	0	0	7.865
93	99	208	0	0	0	7.8675
93	99	208	0	0	0	7.87
93	99	208	0	0	0	7.8725
93	99	208	0	0	0	7.875
95	100	205	0	0	0	7.8775
95	100	205	0	0	0	7.88
95	100	205	0	0	0	7.8825
95	100	205	0	0	0	7.885
94	102	204	0	0	0	7.8875
94	102	204	0	0	0	7.89
95	102	203	0	0	0	7.8925
96	102	202	0	0	0	7.895
96	102	202	0	0	0	7.8975
96	102	202	0	0	0	7.9
96	102	202	0	0	0	7.9025
96	102	202	0	0	0	7.905
96	102	202	0	0	0	7.9075
96	102	202	0	0	0	7.91
96	102	202	0	0	0	7.9125
96	102	202	0	0	0	7.915
96	102	202	0	0	0	7.9175
96	102	202	0	0	0	7.92
97	102	201	0	0	0	7.9225
96	102	202	0	0	0	7.925
96	102	202	0	0	0	7.9275
96	102	202	0	0	0	7.93
98	101	201	0	0	0	7.9325
98	101	201	0	0	0	7.935
98	101	201	0	0	0	7.9375
98	101	201	0	0	0	7.94
98	101	201	0	0	0	7.9425
98	101	201	0	0	0	7.945
97	102	201	0	0	0	7.9475
97	102	201	0	0	0	7.95
98	102	200	0	0	0	7.9525
97	103	200	0	0	0	7.955
97	103	200	0	0	0	7.9575
97	102	201	0	0	0	7.96
98	102	200	0	0	0	7.9625
98	103	199	0	0	0	7.965
98	103	199	0	0	0	7.9675
99	103	198	0	0	0	7.97
99	101	200	0	0	0	7.9725
99	101	200	0	0	0	7.975
99	101	200	0	0	0	7.9775
99	101	200	0	0	0	7.98
99	101	200	0	0	0	7.9825
99	101	200	0	0	0	7.985
99	102	199	0	0	0	7.9875
99	102	199	0	0	0	7.99
99	102	199	0	0	0	7.9925
99	100	201	0	0	0	7.995
99	100	201	0	0	0	7.9975
99	100	201	0	0	0	8
99	100	201	0	0	0	8.0025
98	100	202	0	0	0	8.005
98	100	202	0	0	0	8.0075
97	101	202	0	0	0	8.01
97	100	203	0	0	0	8.0125
97	100	203	0	0	0	8.015
97	100	203	0	0	0	8.0175
97	99	204	0	0	0	8.02
97	98	205	0	0	0	8.0225
97	98	205	0	0	0	8.025
96	99	205	0	0	0	8.0275
96	99	205	0	0	0	8.03
97	99	204	0	0	0	8.0325
97	98	205	0	0	0	8.035
97	98	205	0	0	0	8.0375
98	98	204	0	0	0	8.04
98	98	204	0	0	0	8.0425
98	98	204	0	0	0	8.045
98	97	205	0	0	0	8.0475
97	98	205	0	0	0	8.05
98	98	204	0	0	0	8.0525
98	98	204	0	0	0	8.055
98	98	204	0	0	0	8.0575
98	97	205	0	0	0	8.06
98	97	205	0	0	0	8.0625
98	96	206	0	0	0	8.065
98	95	207	0	0	0	8.0675
98	95	207	0	0	0	8.07
97	96	207	0	0	0	8.0725
97	96	207	0	0	0	8.075
97	96	207	0	0	0	8.0775
97	96	207	0	0	0	8.08
96	97	207	0	0	0	8.0825
96	97	207	0	0	0	8.085
96	97	207	0	0	0	8.0875
96	97	207	0	0	0	8.09
96	97	207	0	0	0	8.0925
95	97	208	0	0	0	8.095
95	97	208	0	0	0	8.0975
97	97	206	0	0	0	8.1
97	97	206	0	0	0	8.1025
97	97	206	0	0	0	8.105
97	97	206	0	0	0	8.1075
98	97	205	0	0	0	8.11
98	97	205	0	0	0	8.1125
98	97	205	0	0	0	8.115
98	97	205	0	0	0	8.1175
98	96	206	0	0	0	8.12
97	96	207	0	0	0	8.1225
94	99	207	0	0	0	8.125
93	100	207	0	0	0	8.1275
93	100	207	0	0	0	8.13
93	100	207	0	0	0	8.1325
93	100	207	0	0	0	8.135
93	100	207	0	0	0	8.1375
92	101	207	0	0	0	8.14
92	101	207	0	0	0	8.1425
92	100	208	0	0	0	8.145
92	100	208	0	0	0	8.1475
92	100	208	0	0	0	8.15
92	100	208	0	0	0	8.1525
90	100	210	0	0	0	8.155
89	100	211	0	0	0	8.1575
89	100	211	0	0	0	8.16
89	100	211	0	0	0	8.1625
91	99	210	0	0	0	8.165
91	98	211	0	0	0	8.1675
90	99	211	0	0	0	8.17
90	99	211	0	0	0	8.1725
90	98	212	0	0	0	8.175
91	98	211	0	0	0	8.1775
90	99	211	0	0	0	8.18
90	99	211	0	0	0	8.1825
91	99	210	0	0	0	8.185
91	99	210	0	0	0	8.1875
93	99	208	0	0	0	8.19
93	99	208	0	0	0	8.1925
93	99	208	0	0	0	8.195
93	99	208	0	0	0	8.1975
92	99	209	0	0	0	8.2
92	98	210	0	0	0	8.2025
92	98	210	0	0	0	8.205
92	98	210	0	0	0	8.2075
92	98	210	0	0	0	8.21
92	98	210	0	0	0	8.2125
92	98	210	0	0	0	8.215
92	97	211	0	0	0	8.2175
92	97	211	0	0	0	8.22
92	97	211	0	0	0	8.2225
92	97	211	0	0	0	8.225
92	97	211	0	0	0	8.2275
92	97	211	0	0	0	8.23
92	96	212	0	0	0	8.2325
92	96	212	0	0	0	8.235
92	97	211	0	0	0	8.2375
92	98	210	0	0	0	8.24
92	99	209	0	0	0	8.2425
92	99	209	0	0	0	8.245
93	99	208	0	0	0	8.2475
92	100	208	0	0	0	8.25
92	100	208	0	0	0	8.2525
92	100	208	0	0	0	8.255
92	100	208	0	0	0	8.2575
92	100	208	0	0	0	8.26
93	100	207	0	0	0	8.2625
93	98	209	0	0	0	8.265
93	98	209	0	0	0	8.2675
93	98	209	0	0	0	8.27
92	98	210	0	0	0	8.2725
92	98	210	0	0	0	8.275
92	97	211	0	0	0	8.2775
92	97	211	0	0	0	8.28
92	97	211	0	0	0	8.2825
91	98	211	0	0	0	8.285
91	98	211	0	0	0	8.2875
90	99	211	0	0	0	8.29
90	99	211	0	0	0	8.2925
90	99	211	0	0	0	8.295
92	100	208	0	0	0	8.2975
94	100	206	0	0	0	8.3
94	99	207	0	0	0	8.3025
94	99	207	0	0	0	8.305
94	99	207	0	0	0	8.3075
94	99	207	0	0	0	8.31
95	98	207	0	0	0	8.3125
95	98	207	0	0	0	8.315
95	98	207	0	0	0	8.3175
96	97	207	0	0	0	8.32
96	97	207	0	0	0	8.3225
96	98	206	0	0	0	8.325
96	98	206	0	0	0	8.3275
96	98	206	0	0	0	8.33
96	98	206	0	0	0	8.3325
95	99	206	0	0	0	8.335
94	100	206	0	0	0	8.3375
95	99	206	0	0	0	8.34
94	100	206	0	0	0	8.3425
94	100	206	0	0	0	8.345
94	100	206	0	0	0	8.3475
95	100	205	0	0	0	8.35
96	100	204	0	0	0	8.3525
97	98	205	0	0	0	8.355
97	98	205	0	0	0	8.3575
97	98	205	0	0	0	8.36
98	97	205	0	0	0	8.3625
99	97	204	0	0	0	8.365
99	97	204	0	0	0	8.3675
98	98	204	0	0	0	8.37
97	98	205	0	0	0	8.3725
96	99	205	0	0	0	8.375
96	99	205	0	0	0	8.3775
97	99	204	0	0	0	8.38
97	99	204	0	0	0	8.3825
97	98	205	0	0	0	8.385
97	98	205	0	0	0	8.3875
97	98	205	0	0	0	8.39
97	98	205	0	0	0	8.3925
96	99	205	0	0	0	8.395
96	99	205	0	0	0	8.3975
96	100	204	0	0	0	8.4
96	100	204	0	0	0	8.4025
96	99	205	0	0	0	8.405
97	99	204	0	0	0	8.4075
97	98	205	0	0	0	8.41
96	99	205	0	0	0	8.4125
96	99	205	0	0	0	8.415
96	97	207	0	0	0	8.4175
97	97	206	0	0	0	8.42
97	97	206	0	0	0	8.4225
97	97	206	0	0	0	8.425
97	97	206	0	0	0	8.4275
98	97	205	0	0	0	8.43
98	97	205	0	0	0	8.4325
98	97	205	0	0	0	8.435
97	98	205	0	0	0	8.4375
97	99	204	0	0	0	8.44
96	100	204	0	0	0	8.4425
96	99	205	0	0	0	8.445
96	99	205	0	0	0	8.4475
96	99	205	0	0	0	8.45
96	99	205	0	0	0	8.4525
95	100	205	0	0	0	8.455
94	101	205	0	0	0	8.4575
94	101	205	0	0	0	8.46
94	100	206	0	0	0	8.4625
94	100	206	0	0	0	8.465
94	99	207	0	0	0	8.4675
93	99	208	0	0	0	8.47
94	98	208	0	0	0	8.4725
94	98	208	0	0	0	8.475
94	98	208	0	0	0	8.4775
94	98	208	0	0	0	8.48
94	97	209	0	0	0	8.4825
94	97	209	0	0	0	8.485
94	97	209	0	0	0	8.4875
94	96	210	0	0	0	8.49
95	96	209	0	0	0	8.4925
96	96	208	0	0	0	8.495
95	97	208	0	0	0	8.4975
94	98	208	0	0	0	8.5
94	97	209	0	0	0	8.5025
92	98	210	0	0	0	8.505
92	99	209	0	0	0	8.5075
93	99	208	0	0	0	8.51
94	99	207	0	0	0	8.5125
93	99	208	0	0	0	8.515
94	98	208	0	0	0	8.5175
94	98	208	0	0	0	8.52
93	98	209	0	0	0	8.5225
91	100	209	0	0	0	8.525
90	101	209	0	0	0	8.5275
90	101	209	0	0	0	8.53
90	99	211	0	0	0	8.5325
90	100	210	0	0	0	8.535
90	100	210	0	0	0	8.5375
90	100	210	0	0	0	8.54
91	99	210	0	0	0	8.5425
91	99	210	0	0	0	8.545
92	99	209	0	0	0	8.5475
93	99	208	0	0	0	8.55
94	99	207	0	0	0	8.5525
94	100	206	0	0	0	8.555
94	100	206	0	0	0	8.5575
94	100	206	0	0	0	8.56
94	99	207	0	0	0	8.5625
93	99	208	0	0	0	8.565
93	99	208	0	0	0	8.5675
93	99	208	0	0	0	8.57
92	100	208	0	0	0	8.5725
92	100	208	0	0	0	8.575
92	100	208	0	0	0	8.5775
93	100	207	0	0	0	8.58
93	100	207	0	0	0	8.5825
93	100	207	0	0	0	8.585
93	100	207	0	0	0	8.5875
92	101	207	0	0	0	8.59
92	101	207	0	0	0	8.5925
92	101	207	0	0	0	8.595
92	101	207	0	0	0	8.5975
92	101	207	0	0	0	8.6
91	102	207	0	0	0	8.6025
91	101	208	0	0	0	8.605
91	101	208	0	0	0	8.6075
93	101	206	0	0	0	8.61
92	103	205	0	0	0	8.6125
92	103	205	0	0	0	8.615
91	104	205	0	0	0	8.6175
91	104	205	0	0	0	8.62
91	104	205	0	0	0	8.6225
92	104	204	0	0	0	8.625
93	104	203	0	0	0	8.6275
93	104	203	0	0	0	8.63
93	103	204	0	0	0	8.6325
93	103	204	0	0	0	8.635
93	103	204	0	0	0	8.6375
93	103	204	0	0	0	8.64
92	104	204	0	0	0	8.6425
92	104	204	0	0	0	8.645
92	103	205	0	0	0	8.6475
92	103	205	0	0	0	8.65
91	104	205	0	0	0	8.6525
91	104	205	0	0	0	8.655
91	104	205	0	0	0	8.6575
91	104	205	0	0	0	8.66
90	105	205	0	0	0	8.6625
90	105	205	0	0	0	8.665
90	105	205	0	0	0	8.6675
90	104	206	0	0	0	8.67
91	104	205	0	0	0	8.6725
91	104	205	0	0	0	8.675
92	104	204	0	0	0	8.6775
91	105	204	0	0	0	8.68
93	105	202	0	0	0	8.6825
93	106	201	0	0	0	8.685
93	106	201	0	0	0	8.6875
93	106	201	0	0	0	8.69
93	107	200	0	0	0	8.6925
93	107	200	0	0	0	8.695
92	107	201	0	0	0	8.6975
92	107	201	0	0	0	8.7
92	107	201	0	0	0	8.7025
93	107	200	0	0	0	8.705
91	109	200	0	0	0	8.7075
90	110	200	0	0	0	8.71
89	111	200	0	0	0	8.7125
89	111	200	0	0	0	8.715
88	111	201	0	0	0	8.7175
88	110	202	0	0	0	8.72
86	111	203	0	0	0	8.7225
85	112	203	0	0	0	8.725
86	112	202	0	0	0	8.7275
86	111	203	0	0	0	8.73
87	111	202	0	0	0	8.7325
87	111	202	0	0	0	8.735
89	111	200	0	0	0	8.7375
89	111	200	0	0	0	8.74
89	111	200	0	0	0	8.7425
90	111	199	0	0	0	8.745
90	111	199	0	0	0	8.7475
90	111	199	0	0	0	8.75
90	111	199	0	0	0	8.7525
90	111	199	0	0	0	8.755
88	113	199	0	0	0	8.7575
88	113	199	0	0	0	8.76
89	113	198	0	0	0	8.7625
88	114	198	0	0	0	8.765
87	114	199	0	0	0	8.7675
86	115	199	0	0	0	8.77
86	114	200	0	0	0	8.7725
85	115	200	0	0	0	8.775
86	115	199	0	0	0	8.7775
85	116	199	0	0	0	8.78
85	115	200	0	0	0	8.7825
85	114	201	0	0	0	8.785
85	114	201	0	0	0	8.7875
85	114	201	0	0	0	8.79
85	114	201	0	0	0	8.7925
85	114	201	0	0	0	8.795
85	114	201	0	0	0	8.7975
85	114	201	0	0	0	8.8
85	114	201	0	0	0	8.8025
86	114	200	0	0	0	8.805
86	114	200	0	0	0	8.8075
87	114	199	0	0	0	8.81
87	114	199	0	0	0	8.8125
87	113	200	0	0	0	8.815
87	112	201	0	0	0	8.8175
87	112	201	0	0	0	8.82
87	112	201	0	0	0	8.8225
87	112	201	0	0	0	8.825
88	112	200	0	0	0	8.8275
88	113	199	0	0	0	8.83
88	113	199	0	0	0	8.8325
88	113	199	0	0	0	8.835
87	112	201	0	0	0	8.8375
87	112	201	0	0	0	8.84
87	112	201	0	0	0	8.8425
87	112	201	0	0	0	8.845
87	112	201	0	0	0	8.8475
86	112	202	0	0	0	8.85
86	112	202	0	0	0	8.8525
86	112	202	0	0	0	8.855
85	113	202	0	0	0	8.8575
85	113	202	0	0	0	8.86
85	113	202	0	0	0	8.8625
84	114	202	0	0	0	8.865
85	114	201	0	0	0	8.8675
84	115	201	0	0	0	8.87
84	113	203	0	0	0	8.8725
84	113	203	0	0	0	8.875
84	113	203	0	0	0	8.8775
84	113	203	0	0	0	8.88
85	113	202	0	0	0	8.8825
85	113	202	0	0	0	8.885
85	113	202	0	0	0	8.8875
85	113	202	0	0	0	8.89
85	114	201	0	0	0	8.8925
85	114	201	0	0	0	8.895
85	114	201	0	0	0	8.8975
86	113	201	0	0	0	8.9
87	112	201	0	0	0	8.9025
86	113	201	0	0	0	8.905
85	112	203	0	0	0	8.9075
85	112	203	0	0	0	8.91
85	110	205	0	0	0	8.9125
84	110	206	0	0	0	8.915
83	111	206	0	0	0	8.9175
83	111	206	0	0	0	8.92
83	110	207	0	0	0	8.9225
83	110	207	0	0	0	8.925
83	110	207	0	0	0	8.9275
83	109	208	0	0	0	8.93
83	110	207	0	0	0	8.9325
82	111	207	0	0	0	8.935
82	110	208	0	0	0	8.9375
83	110	207	0	0	0	8.94
83	110	207	0	0	0	8.9425
83	110	207	0	0	0	8.945
83	110	207	0	0	0	8.9475
83	110	207	0	0	0	8.95
83	107	210	0	0	0	8.9525
83	107	210	0	0	0	8.955
83	107	210	0	0	0	8.9575
83	107	210	0	0	0	8.96
83	107	210	0	0	0	8.9625
83	107	210	0	0	0	8.965
84	106	210	0	0	0	8.9675
84	106	210	0	0	0	8.97
84	107	209	0	0	0	8.9725
84	107	209	0	0	0	8.975
84	107	209	0	0	0	8.9775
85	107	208	0	0	0	8.98
84	108	208	0	0	0	8.9825
84	108	208	0	0	0	8.985
84	108	208	0	0	0	8.9875
84	108	208	0	0	0	8.99
85	108	207	0	0	0	8.9925
84	109	207	0	0	0	8.995
84	109	207	0	0	0	8.9975
85	108	207	0	0	0	9
85	108	207	0	0	0	9.0025
85	108	207	0	0	0	9.005
85	108	207	0	0	0	9.0075
85	107	208	0	0	0	9.01
85	107	208	0	0	0	9.0125
85	106	209	0	0	0	9.015
85	106	209	0	0	0	9.0175
86	106	208	0	0	0	9.02
87	106	207	0	0	0	9.0225
88	106	206	0	0	0	9.025
87	106	207	0	0	0	9.0275
87	105	208	0	0	0	9.03
87	105	208	0	0	0	9.0325
87	105	208	0	0	0	9.035
88	105	207	0	0	0	9.0375
88	105	207	0	0	0	9.04
89	105	206	0	0	0	9.0425
89	105	206	0	0	0	9.045
88	106	206	0	0	0	9.0475
87	107	206	0	0	0	9.05
86	108	206	0	0	0	9.0525
85	109	206	0	0	0	9.055
85	109	206	0	0	0	9.0575
85	109	206	0	0	0	9.06
86	109	205	0	0	0	9.0625
87	109	204	0	0	0	9.065
87	109	204	0	0	0	9.0675
87	108	205	0	0	0	9.07
87	108	205	0	0	0	9.0725
85	110	205	0	0	0	9.075
85	110	205	0	0	0	9.0775
85	110	205	0	0	0	9.08
85	110	205	0	0	0	9.0825
84	111	205	0	0	0	9.085
84	110	206	0	0	0	9.0875
84	110	206	0	0	0	9.09
84	110	206	0	0	0	9.0925
84	110	206	0	0	0	9.095
84	110	206	0	0	0	9.0975
84	110	206	0	0	0	9.1
84	110	206	0	0	0	9.1025
83	111	206	0	0	0	9.105
83	111	206	0	0	0	9.1075
84	111	205	0	0	0	9.11
84	111	205	0	0	0	9.1125
84	111	205	0	0	0	9.115
86	110	204	0	0	0	9.1175
86	110	204	0	0	0	9.12
86	110	204	0	0	0	9.1225
88	110	202	0	0	0	9.125
88	109	203	0	0	0	9.1275
88	109	203	0	0	0	9.13
88	108	204	0	0	0	9.1325
88	107	205	0	0	0	9.135
88	107	205	0	0	0	9.1375
86	109	205	0	0	0	9.14
87	109	204	0	0	0	9.1425
87	109	204	0	0	0	9.145
87	109	204	0	0	0	9.1475
87	109	204	0	0	0	9.15
87	109	204	0	0	0	9.1525
87	109	204	0	0	0	9.155
87	109	204	0	0	0	9.1575
87	109	204	0	0	0	9.16
87	108	205	0	0	0	9.1625
87	108	205	0	0	0	9.165
87	108	205	0	0	0	9.1675
87	108	205	0	0	0	9.17
87	107	206	0	0	0	9.1725
88	107	205	0	0	0	9.175
88	107	205	0	0	0	9.1775
88	107	205	0	0	0	9.18
88	107	205	0	0	0	9.1825
89	106	205	0	0	0	9.185
89	106	205	0	0	0	9.1875
89	106	205	0	0	0	9.19
87	108	205	0	0	0	9.1925
87	108	205	0	0	0	9.195
87	108	205	0	0	0	9.1975
87	108	205	0	0	0	9.2
86	109	205	0	0	0	9.2025
86	109	205	0	0	0	9.205
86	109	205	0	0	0	9.2075
86	109	205	0	0	0	9.21
86	109	205	0	0	0	9.2125
86	109	205	0	0	0	9.215
87	109	204	0	0	0	9.2175
87	110	203	0	0	0	9.22
87	110	203	0	0	0	9.2225
87	109	204	0	0	0	9.225
87	109	204	0	0	0	9.2275
87	109	204	0	0	0	9.23
87	109	204	0	0	0	9.2325
88	109	203	0	0	0	9.235
88	109	203	0	0	0	9.2375
88	108	204	0	0	0	9.24
88	108	204	0	0	0	9.2425
86	109	205	0	0	0	9.245
85	110	205	0	0	0	9.2475
85	110	205	0	0	0	9.25
85	109	206	0	0	0	9.2525
86	108	206	0	0	0	9.255
87	108	205	0	0	0	9.2575
87	108	205	0	0	0	9.26
87	107	206	0	0	0	9.2625
87	107	206	0	0	0	9.265
85	109	206	0	0	0	9.2675
85	109	206	0	0	0	9.27
86	109	205	0	0	0	9.2725
86	109	205	0	0	0	9.275
87	109	204	0	0	0	9.2775
86	110	204	0	0	0	9.28
86	110	204	0	0	0	9.2825
85	111	204	0	0	0	9.285
85	111	204	0	0	0	9.2875
86	111	203	0	0	0	9.29
86	109	205	0	0	0	9.2925
86	109	205	0	0	0	9.295
86	109	205	0	0	0	9.2975
86	109	205	0	0	0	9.3
87	109	204	0	0	0	9.3025
87	109	204	0	0	0	9.305
87	109	204	0	0	0	9.3075
88	108	204	0	0	0	9.31
88	107	205	0	0	0	9.3125
88	107	205	0	0	0	9.315
90	107	203	0	0	0	9.3175
89	107	204	0	0	0	9.32
89	107	204	0	0	0	9.3225
88	107	205	0	0	0	9.325
86	108	206	0	0	0	9.3275
85	109	206	0	0	0	9.33
85	107	208	0	0	0	9.3325
86	107	207	0	0	0	9.335
87	107	206	0	0	0	9.3375
86	107	207	0	0	0	9.34
86	105	209	0	0	0	9.3425
86	105	209	0	0	0	9.345
86	105	209	0	0	0	9.3475
87	105	208	0	0	0	9.35
86	106	208	0	0	0	9.3525
85	107	208	0	0	0	9.355
85	107	208	0	0	0	9.3575
85	105	210	0	0	0	9.36
85	105	210	0	0	0	9.3625
86	105	209	0	0	0	9.365
86	105	209	0	0	0	9.3675
86	105	209	0	0	0	9.37
86	105	209	0	0	0	9.3725
86	105	209	0	0	0	9.375
87	105	208	0	0	0	9.3775
87	104	209	0	0	0	9.38
87	105	208	0	0	0	9.3825
87	104	209	0	0	0	9.385
87	104	209	0	0	0	9.3875
87	105	208	0	0	0	9.39
87	105	208	0	0	0	9.3925
87	105	208	0	0	0	9.395
87	105	208	0	0	0	9.3975
87	105	208	0	0	0	9.4
87	105	208	0	0	0	9.4025
87	105	208	0	0	0	9.405
87	105	208	0	0	0	9.4075
87	104	209	0	0	0	9.41
87	104	209	0	0	0	9.4125
87	104	209	0	0	0	9.415
86	105	209	0	0	0	9.4175
87	105	208	0	0	0	9.42
87	105	208	0	0	0	9.4225
87	105	208	0	0	0	9.425
87	106	207	0	0	0	9.4275
88	106	206	0	0	0	9.43
87	107	206	0	0	0	9.4325
86	108	206	0	0	0	9.435
86	107	207	0	0	0	9.4375
86	107	207	0	0	0	9.44
86	107	207	0	0	0	9.4425
87	106	207	0	0	0	9.445
88	106	206	0	0	0	9.4475
90	106	204	0	0	0	9.45
89	107	204	0	0	0	9.4525
89	107	204	0	0	0	9.455
89	106	205	0	0	0	9.4575
88	107	205	0	0	0	9.46
88	107	205	0	0	0	9.4625
87	108	205	0	0	0	9.465
87	108	205	0	0	0	9.4675
87	108	205	0	0	0	9.47
88	109	203	0	0	0	9.4725
88	109	203	0	0	0	9.475
89	108	203	0	0	0	9.4775
89	108	203	0	0	0	9.48
89	108	203	0	0	0	9.4825
89	108	203	0	0	0	9.485
89	108	203	0	0	0	9.4875
88	109	203	0	0	0	9.49
88	110	202	0	0	0	9.4925
88	109	203	0	0	0	9.495
87	110	203	0	0	0	9.4975
87	110	203	0	0	0	9.5
87	110	203	0	0	0	9.5025
87	109	204	0	0	0	9.505
88	108	204	0	0	0	9.5075
88	108	204	0	0	0	9.51
88	108	204	0	0	0	9.5125
89	108	203	0	0	0	9.515
89	108	203	0	0	0	9.5175
90	107	203	0	0	0	9.52
90	108	202	0	0	0	9.5225
90	108	202	0	0	0	9.525
90	108	202	0	0	0	9.5275
89	108	203	0	0	0	9.53
89	105	206	0	0	0	9.5325
89	105	206	0	0	0	9.535
89	104	207	0	0	0	9.5375
90	104	206	0	0	0	9.54
90	102	208	0	0	0	9.5425
90	103	207	0	0	0	9.545
90	103	207	0	0	0	9.5475
90	103	207	0	0	0	9.55
90	103	207	0	0	0	9.5525
88	105	207	0	0	0	9.555
88	104	208	0	0	0	9.5575
88	103	209	0	0	0	9.56
87	104	209	0	0	0	9.5625
87	104	209	0	0	0	9.565
87	104	209	0	0	0	9.5675
85	106	209	0	0	0	9.57
85	106	209	0	0	0	9.5725
85	104	211	0	0	0	9.575
85	103	212	0	0	0	9.5775
85	103	212	0	0	0	9.58
85	102	213	0	0	0	9.5825
85	102	213	0	0	0	9.585
84	103	213	0	0	0	9.5875
84	103	213	0	0	0	9.59
84	103	213	0	0	0	9.5925
83	103	214	0	0	0	9.595
83	103	214	0	0	0	9.5975
83	103	214	0	0	0	9.6
83	103	214	0	0	0	9.6025
83	103	214	0	0	0	9.605
82	104	214	0	0	0	9.6075
82	104	214	0	0	0	9.61
82	102	216	0	0	0	9.6125
82	102	216	0	0	0	9.615
82	101	217	0	0	0	9.6175
81	102	217	0	0	0	9.62
81	101	218	0	0	0	9.6225
81	101	218	0	0	0	9.625
81	101	218	0	0	0	9.6275
81	101	218	0	0	0	9.63
82	100	218	0	0	0	9.6325
82	100	218	0	0	0	9.635
81	101	218	0	0	0	9.6375
82	101	217	0	0	0	9.64
82	101	217	0	0	0	9.6425
82	100	218	0	0	0	9.645
81	101	218	0	0	0	9.6475
82	101	217	0	0	0	9.65
82	101	217	0	0	0	9.6525
82	101	217	0	0	0	9.655
83	100	217	0	0	0	9.6575
83	100	217	0	0	0	9.66
84	99	217	0	0	0	9.6625
85	99	216	0	0	0	9.665
86	99	215	0	0	0	9.6675
86	99	215	0	0	0	9.67
86	99	215	0	0	0	9.6725
86	99	215	0	0	0	9.675
87	99	214	0	0	0	9.6775
88	98	214	0	0	0	9.68
87	99	214	0	0	0	9.6825
87	99	214	0	0	0	9.685
86	98	216	0	0	0	9.6875
86	98	216	0	0	0	9.69
86	98	216	0	0	0	9.6925
86	98	216	0	0	0	9.695
86	98	216	0	0	0	9.6975
87	98	215	0	0	0	9.7
86	99	215	0	0	0	9.7025
88	99	213	0	0	0	9.705
88	98	214	0	0	0	9.7075
88	98	214	0	0	0	9.71
88	98	214	0	0	0	9.7125
87	98	215	0	0	0	9.715
86	98	216	0	0	0	9.7175
86	98	216	0	0	0	9.72
86	98	216	0	0	0	9.7225
86	97	217	0	0	0	9.725
86	97	217	0	0	0	9.7275
85	97	218	0	0	0	9.73
85	97	218	0	0	0	9.7325
86	97	217	0	0	0	9.735
86	96	218	0	0	0	9.7375
86	96	218	0	0	0	9.74
87	95	218	0	0	0	9.7425
88	95	217	0	0	0	9.745
87	96	217	0	0	0	9.7475
88	96	216	0	0	0	9.75
89	96	215	0	0	0	9.7525
90	96	214	0	0	0	9.755
90	96	214	0	0	0	9.7575
91	96	213	0	0	0	9.76
92	96	212	0	0	0	9.7625
92	96	212	0	0	0	9.765
93	95	212	0	0	0	9.7675
93	94	213	0	0	0	9.77
93	94	213	0	0	0	9.7725
93	94	213	0	0	0	9.775
92	95	213	0	0	0	9.7775
92	95	213	0	0	0	9.78
92	94	214	0	0	0	9.7825
92	94	214	0	0	0	9.785
92	94	214	0	0	0	9.7875
92	94	214	0	0	0	9.79
93	94	213	0	0	0	9.7925
94	94	212	0	0	0	9.795
95	94	211	0	0	0	9.7975
96	94	210	0	0	0	9.8
95	95	210	0	0	0	9.8025
95	94	211	0	0	0	9.805
94	95	211	0	0	0	9.8075
94	96	210	0	0	0	9.81
95	95	210	0	0	0	9.8125
96	95	209	0	0	0	9.815
96	96	208	0	0	0	9.8175
97	96	207	0	0	0	9.82
97	95	208	0	0	0	9.8225
97	94	209	0	0	0	9.825
97	95	208	0	0	0	9.8275
97	95	208	0	0	0	9.83
97	96	207	0	0	0	9.8325
97	95	208	0	0	0	9.835
97	95	208	0	0	0	9.8375
97	94	209	0	0	0	9.84
97	93	210	0	0	0	9.8425
97	93	210	0	0	0	9.845
97	93	210	0	0	0	9.8475
97	94	209	0	0	0	9.85
96	95	209	0	0	0	9.8525
98	95	207	0	0	0	9.855
97	96	207	0	0	0	9.8575
98	96	206	0	0	0	9.86
98	96	206	0	0	0	9.8625
98	96	206	0	0	0	9.865
98	96	206	0	0	0	9.8675
98	95	207	0	0	0	9.87
98	95	207	0	0	0	9.8725
98	96	206	0	0	0	9.875
98	96	206	0	0	0	9.8775
99	96	205	0	0	0	9.88
99	96	205	0	0	0	9.8825
98	97	205	0	0	0	9.885
98	97	205	0	0	0	9.8875
98	97	205	0	0	0	9.89
98	97	205	0	0	0	9.8925
97	98	205	0	0	0	9.895
97	98	205	0	0	0	9.8975
97	98	205	0	0	0	9.9
97	98	205	0	0	0	9.9025
97	98	205	0	0	0	9.905
97	96	207	0	0	0	9.9075
98	96	206	0	0	0	9.91
97	97	206	0	0	0	9.9125
97	96	207	0	0	0	9.915
98	96	206	0	0	0	9.9175
97	95	208	0	0	0	9.92
96	95	209	0	0	0	9.9225
96	95	209	0	0	0	9.925
96	95	209	0	0	0	9.9275
96	93	211	0	0	0	9.93
96	93	211	0	0	0	9.9325
96	94	210	0	0	0	9.935
95	95	210	0	0	0	9.9375
94	95	211	0	0	0	9.94
95	94	211	0	0	0	9.9425
95	93	212	0	0	0	9.945
96	92	212	0	0	0	9.9475
96	91	213	0	0	0	9.95
96	92	212	0	0	0	9.9525
96	92	212	0	0	0	9.955
96	92	212	0	0	0	9.9575
96	92	212	0	0	0	9.96
96	92	212	0	0	0	9.9625
98	92	210	0	0	0	9.965
99	92	209	0	0	0	9.9675
99	92	209	0	0	0	9.97
99	91	210	0	0	0	9.9725
99	91	210	0	0	0	9.975
99	92	209	0	0	0	9.9775
100	92	208	0	0	0	9.98
101	92	207	0	0	0	9.9825
101	92	207	0	0	0	9.985
101	92	207	0	0	0	9.9875
101	91	208	0	0	0	9.99
103	90	207	0	0	0	9.9925
103	90	207	0	0	0	9.995
104	89	207	0	0	0	9.9975
