S	I	R	e	d	dI	f	t
380	20	0	0	0	0	0	0
379	20	1	0	0	0	1	0.0025
378	20	2	0	0	0	1	0.005
377	20	3	0	0	0	1	0.0075
376	21	3	0	0	0	0	0.01
376	21	3	0	0	0	0	0.0125
376	21	3	0	0	0	0	0.015
375	22	3	0	0	0	0	0.0175
373	22	5	0	0	0	2	0.02
373	22	5	0	0	0	0	0.0225
373	22	5	0	0	0	0	0.025
372	22	6	0	0	0	1	0.0275
372	21	7	0	0	0	0	0.03
372	21	7	0	0	0	0	0.0325
372	21	7	0	0	0	0	0.035
371	21	8	0	0	0	1	0.0375
371	21	8	0	0	0	0	0.04
371	21	8	0	0	0	0	0.0425
371	21	8	0	0	0	0	0.045
371	20	9	0	0	0	0	0.0475
371	20	9	0	0	0	0	0.05
371	20	9	0	0	0	0	0.0525
371	20	9	0	0	0	0	0.055
371	20	9	0	0	0	0	0.0575
369	20	11	0	0	0	2	0.06
369	20	11	0	0	0	0	0.0625
369	20	11	0	0	0	0	0.065
368	20	12	0	0	0	1	0.0675
367	20	13	0	0	0	1	0.07
367	20	13	0	0	0	0	0.0725
367	20	13	0	0	0	0	0.075
365	21	14	0	0	0	1	0.0775
364	22	14	0	0	0	0	0.08
364	22	14	0	0	0	0	0.0825
363	22	15	0	0	0	1	0.085
363	21	15	0	0	1	0	0.0875
363	21	15	0	0	0	0	0.09
363	21	15	0	0	0	0	0.0925
362	21	16	0	0	0	1	0.095
362	21	16	0	0	0	0	0.0975
361	22	16	0	0	0	0	0.1
361	21	17	0	0	0	0	0.1025
360	21	18	0	0	0	1	0.105
360	21	18	0	0	0	0	0.1075
361	21	17	0	0	0	0	0.11
361	21	17	0	0	0	0	0.1125
360	22	17	0	0	0	0	0.115
359	22	18	0	0	0	1	0.1175
359	22	18	0	0	0	0	0.12
359	22	18	0	0	0	0	0.1225
359	21	19	0	0	0	0	0.125
357	22	20	0	0	0	1	0.1275
356	23	20	0	0	0	0	0.13
356	23	20	0	0	0	0	0.1325
355	23	21	0	0	0	1	0.135
353	25	21	0	0	0	0	0.1375
352	25	21	0	0	1	0	0.14
352	25	21	0	0	0	0	0.1425
351	26	21	0	0	0	0	0.145
350	26	22	0	0	0	1	0.1475
349	26	22	0	0	1	0	0.15
349	26	22	0	0	0	0	0.1525
348	26	22	0	0	1	0	0.155
346	28	22	0	0	0	0	0.1575
346	28	22	0	0	0	0	0.16
344	30	22	0	0	0	0	0.1625
343	30	23	0	0	0	1	0.165
342	30	24	0	0	0	0	0.1675
342	30	24	0	0	0	0	0.17
342	30	24	0	0	0	0	0.1725
343	30	24	1	0	0	0	0.175
340	31	26	0	0	0	1	0.1775
340	31	26	0	0	0	0	0.18
340	31	26	0	0	0	0	0.1825
340	31	26	0	0	0	0	0.185
339	31	27	0	0	0	1	0.1875
337	31	29	0	0	0	2	0.19
337	31	29	0	0	0	0	0.1925
336	31	30	0	0	0	1	0.195
335	31	31	0	0	0	1	0.1975
335	31	31	0	0	0	0	0.2
335	31	31	0	0	0	0	0.2025
335	31	31	0	0	0	0	0.205
332	33	32	0	0	0	1	0.2075
332	32	32	0	0	1	0	0.21
332	32	32	0	0	0	0	0.2125
331	33	32	0	0	0	0	0.215
331	32	33	0	0	0	0	0.2175
331	32	33	0	0	0	0	0.22
330	33	33	0	0	0	0	0.2225
329	34	33	0	0	0	0	0.225
329	34	33	0	0	0	0	0.2275
329	34	33	0	0	0	1	0.23
330	34	33	1	0	0	0	0.2325
329	34	34	0	0	0	1	0.235
329	34	34	0	0	0	0	0.2375
327	35	35	0	0	0	1	0.24
327	33	37	0	0	0	0	0.2425
328	32	38	1	0	0	0	0.245
327	32	39	0	0	0	1	0.2475
325	33	40	0	0	0	1	0.25
323	35	40	0	0	0	0	0.2525
320	37	42	1	0	0	2	0.255
319	38	42	0	0	0	0	0.2575
318	39	42	0	0	0	0	0.26
318	38	42	0	0	1	0	0.2625
318	38	42	0	0	0	0	0.265
318	38	42	0	0	0	0	0.2675
317	38	43	0	0	0	1	0.27
317	38	43	0	0	0	0	0.2725
317	38	43	0	0	0	0	0.275
317	37	43	0	0	1	0	0.2775
316	36	44	0	0	1	1	0.28
315	36	45	0	0	0	1	0.2825
315	36	45	0	0	0	0	0.285
315	36	45	0	0	0	0	0.2875
312	36	47	0	0	1	2	0.29
312	36	47	0	0	0	0	0.2925
312	36	47	0	0	0	0	0.295
310	36	49	0	0	0	2	0.2975
309	36	50	0	0	0	1	0.3
309	36	50	0	0	0	0	0.3025
308	36	51	0	0	0	1	0.305
307	37	50	0	1	0	0	0.3075
307	37	50	0	0	0	0	0.31
307	37	50	0	0	0	0	0.3125
307	37	50	0	0	0	0	0.315
307	37	50	0	0	0	0	0.3175
307	36	50	0	0	1	0	0.32
308	36	49	0	0	0	0	0.3225
307	36	50	0	0	0	0	0.325
306	36	51	0	0	0	1	0.3275
305	36	52	0	0	0	1	0.33
305	37	51	0	0	0	0	0.3325
304	38	51	0	0	0	0	0.335
302	38	53	0	0	0	2	0.3375
302	38	53	0	0	0	0	0.34
302	38	53	0	0	0	0	0.3425
302	38	53	0	0	0	0	0.345
302	38	53	0	0	0	0	0.3475
302	38	53	0	0	0	0	0.35
301	38	54	0	0	0	1	0.3525
300	38	55	0	0	0	1	0.355
299	39	55	0	0	0	0	0.3575
298	40	55	0	0	0	0	0.36
298	40	55	0	0	0	0	0.3625
298	40	55	0	0	0	0	0.365
298	40	55	0	0	0	0	0.3675
296	40	57	0	0	0	1	0.37
297	40	56	0	0	0	0	0.3725
297	40	56	0	0	0	0	0.375
296	41	56	0	0	0	0	0.3775
294	41	58	0	0	0	1	0.38
295	41	57	0	0	0	0	0.3825
294	41	58	0	0	0	1	0.385
294	41	58	0	0	0	0	0.3875
293	41	59	0	0	0	1	0.39
293	41	59	0	0	0	0	0.3925
293	41	59	0	0	0	0	0.395
291	42	60	0	0	0	1	0.3975
290	42	61	0	0	0	1	0.4
289	43	61	0	0	0	0	0.4025
290	43	60	0	0	0	0	0.405
290	43	60	0	0	0	0	0.4075
290	43	60	0	0	0	0	0.41
290	43	60	0	0	0	0	0.4125
287	43	63	0	0	0	3	0.415
288	43	62	0	0	0	0	0.4175
286	44	63	0	0	0	1	0.42
286	43	63	0	0	1	0	0.4225
285	43	64	0	0	0	1	0.425
283	45	64	0	0	0	0	0.4275
277	48	66	0	0	1	2	0.43
276	49	66	0	0	0	0	0.4325
274	50	67	0	0	0	0	0.435
274	50	67	0	0	0	0	0.4375
273	50	68	0	0	0	1	0.44
272	51	68	0	0	0	0	0.4425
272	52	67	0	0	0	0	0.445
272	51	68	0	0	0	0	0.4475
272	51	68	0	0	0	0	0.45
272	51	68	0	0	0	0	0.4525
272	51	68	0	0	0	0	0.455
271	52	68	0	0	0	0	0.4575
271	52	68	0	0	0	0	0.46
271	52	68	0	0	0	1	0.4625
270	53	68	0	0	0	0	0.465
269	54	68	0	0	0	0	0.4675
269	54	68	0	0	0	0	0.47
269	54	68	0	0	0	0	0.4725
269	53	68	0	0	1	0	0.475
267	55	68	0	0	0	0	0.4775
267	54	68	0	0	1	1	0.48
266	55	68	0	0	0	0	0.4825
265	56	68	0	0	0	0	0.485
265	56	68	0	0	0	0	0.4875
262	57	70	0	0	0	2	0.49
260	57	72	0	0	0	2	0.4925
260	58	72	1	0	0	0	0.495
259	59	72	0	0	0	0	0.4975
259	58	73	0	0	0	0	0.5
257	59	74	0	0	0	1	0.5025
257	59	74	0	0	0	0	0.505
256	59	74	0	0	1	0	0.5075
255	60	74	0	0	0	0	0.51
254	60	74	0	0	1	0	0.5125
253	60	75	0	0	0	1	0.515
252	61	75	0	0	0	0	0.5175
252	61	75	0	0	0	0	0.52
251	61	76	0	0	0	1	0.5225
250	62	76	0	0	0	0	0.525
249	63	76	0	0	0	0	0.5275
248	64	76	0	0	0	0	0.53
249	64	75	0	0	0	0	0.5325
249	64	75	0	0	0	0	0.535
248	65	75	0	0	0	0	0.5375
247	66	75	0	0	0	0	0.54
246	67	75	0	0	0	0	0.5425
245	68	75	0	0	0	0	0.545
244	69	75	0	0	0	0	0.5475
244	68	75	0	0	1	0	0.55
245	68	74	0	0	0	0	0.5525
244	69	74	0	0	0	0	0.555
243	69	75	0	0	0	1	0.5575
244	69	74	0	0	0	0	0.56
243	70	74	0	0	0	0	0.5625
241	71	75	0	0	0	1	0.565
238	74	75	0	0	0	0	0.5675
235	74	77	0	0	1	2	0.57
232	77	77	0	0	0	0	0.5725
231	77	78	0	0	0	1	0.575
230	76	78	0	1	1	0	0.5775
228	77	79	0	0	0	1	0.58
229	77	78	0	0	0	0	0.5825
229	77	78	0	0	0	0	0.585
228	78	78	0	0	0	0	0.5875
227	79	78	0	0	0	0	0.59
227	79	78	0	0	0	0	0.5925
227	78	79	0	0	0	0	0.595
226	78	80	0	0	0	1	0.5975
226	78	80	0	0	0	0	0.6
226	77	81	0	0	0	0	0.6025
226	77	81	0	0	0	0	0.605
226	76	82	0	0	0	0	0.6075
225	76	83	0	0	0	1	0.61
224	77	83	0	0	0	0	0.6125
224	77	83	0	0	0	0	0.615
223	78	83	0	0	0	0	0.6175
221	79	84	0	0	0	0	0.62
220	79	85	0	0	0	1	0.6225
219	81	84	0	0	0	0	0.625
219	81	84	0	0	0	0	0.6275
218	82	84	0	0	0	0	0.63
218	82	84	0	0	0	0	0.6325
218	82	84	0	0	0	0	0.635
218	82	84	0	0	0	0	0.6375
218	82	84	0	0	0	0	0.64
217	83	84	0	0	0	0	0.6425
217	83	84	0	0	0	0	0.645
215	83	85	0	0	1	1	0.6475
214	84	85	0	0	0	0	0.65
212	85	86	0	0	0	1	0.6525
211	86	86	0	0	0	0	0.655
211	86	86	0	0	0	0	0.6575
211	85	87	0	0	0	0	0.66
210	86	87	0	0	0	0	0.6625
210	85	88	0	0	0	0	0.665
209	86	88	0	0	0	0	0.6675
209	85	88	0	0	1	0	0.67
209	85	88	0	0	0	0	0.6725
209	85	88	0	0	0	0	0.675
209	85	88	0	0	0	0	0.6775
207	86	89	0	0	0	1	0.68
207	86	89	0	0	0	0	0.6825
206	87	89	0	0	0	0	0.685
203	87	91	0	0	1	2	0.6875
203	86	91	0	0	1	0	0.69
203	86	91	0	0	0	0	0.6925
201	87	92	0	0	0	1	0.695
200	85	94	0	0	1	1	0.6975
199	85	95	0	0	0	1	0.7
199	85	95	0	0	0	0	0.7025
199	85	95	0	0	0	0	0.705
199	84	96	0	0	0	0	0.7075
199	84	96	0	0	0	0	0.71
198	84	97	0	0	0	1	0.7125
199	84	97	1	0	0	0	0.715
200	84	96	0	0	0	0	0.7175
200	84	96	0	0	0	0	0.72
200	84	96	0	0	0	0	0.7225
200	84	96	0	0	0	0	0.725
200	83	97	0	0	0	0	0.7275
198	84	98	0	0	0	1	0.73
197	85	98	0	0	0	0	0.7325
197	83	99	0	0	1	0	0.735
195	84	100	0	0	0	1	0.7375
195	84	100	0	0	0	0	0.74
195	84	100	0	0	0	0	0.7425
195	83	100	0	0	1	0	0.745
195	83	100	0	0	0	0	0.7475
193	86	99	0	0	0	0	0.75
193	84	100	0	0	1	0	0.7525
193	83	101	0	0	0	0	0.755
194	82	100	0	0	1	0	0.7575
194	82	100	0	0	0	0	0.76
192	83	101	0	0	0	0	0.7625
191	84	101	0	0	0	0	0.765
189	85	102	0	0	0	1	0.7675
188	85	103	0	0	0	1	0.77
188	85	103	0	0	0	0	0.7725
188	83	104	0	0	1	0	0.775
187	83	105	0	0	0	1	0.7775
187	83	105	0	0	0	0	0.78
188	83	105	1	0	0	0	0.7825
187	82	107	0	0	0	1	0.785
185	82	109	0	0	0	2	0.7875
183	83	110	0	0	0	1	0.79
183	83	110	0	0	0	0	0.7925
183	82	111	0	0	0	0	0.795
182	82	112	0	0	0	1	0.7975
182	82	112	0	0	0	0	0.8
182	82	112	0	0	0	0	0.8025
181	83	112	0	0	0	0	0.805
179	83	112	0	1	1	0	0.8075
179	83	112	0	0	0	0	0.81
179	82	112	0	0	1	0	0.8125
179	82	112	0	0	0	0	0.815
179	82	112	0	0	0	0	0.8175
179	82	112	0	0	0	0	0.82
178	83	112	0	0	0	0	0.8225
178	83	112	0	0	0	0	0.825
179	83	111	0	0	0	0	0.8275
179	84	110	0	0	0	0	0.83
179	84	110	0	0	0	0	0.8325
178	85	110	0	0	0	0	0.835
177	86	110	0	0	0	0	0.8375
177	86	110	0	0	0	0	0.84
177	86	110	0	0	0	0	0.8425
177	84	111	0	0	1	0	0.845
176	85	111	0	0	0	0	0.8475
175	85	112	0	0	0	1	0.85
175	85	112	0	0	0	0	0.8525
174	86	112	0	0	0	0	0.855
173	87	112	0	0	0	0	0.8575
173	87	112	0	0	0	0	0.86
174	87	111	0	0	0	0	0.8625
173	87	112	0	0	0	0	0.865
171	89	112	0	0	0	0	0.8675
171	90	111	0	0	0	0	0.87
171	90	111	0	0	0	0	0.8725
170	91	111	0	0	0	0	0.875
170	91	111	0	0	0	0	0.8775
170	91	111	0	0	0	0	0.88
170	91	111	0	0	0	0	0.8825
170	91	111	0	0	0	0	0.885
170	90	112	0	0	0	0	0.8875
170	90	112	0	0	0	0	0.89
170	90	112	0	0	0	0	0.8925
170	89	112	0	0	1	0	0.895
170	88	112	0	0	1	0	0.8975
170	88	112	0	0	0	0	0.9
169	89	112	0	0	0	0	0.9025
169	88	113	0	0	0	0	0.905
167	89	114	0	0	0	1	0.9075
166	88	115	0	0	1	1	0.91
166	87	116	0	0	0	1	0.9125
166	87	116	0	0	0	0	0.915
166	87	116	0	0	0	0	0.9175
164	88	117	0	0	0	1	0.92
163	89	117	0	0	0	0	0.9225
162	90	117	0	0	0	0	0.925
161	90	117	0	0	1	0	0.9275
161	90	117	0	0	0	0	0.93
160	90	117	0	0	1	0	0.9325
159	91	117	0	0	0	0	0.935
161	91	115	0	0	0	0	0.9375
160	91	115	0	0	1	0	0.94
158	92	116	0	0	0	1	0.9425
158	91	117	0	0	0	0	0.945
157	92	117	0	0	0	0	0.9475
157	93	116	0	0	0	0	0.95
156	93	117	0	0	0	1	0.9525
156	92	118	0	0	0	0	0.955
156	92	118	0	0	0	0	0.9575
156	92	118	0	0	0	0	0.96
155	93	118	0	0	0	0	0.9625
155	91	119	0	0	1	0	0.965
155	91	119	0	0	0	0	0.9675
154	92	119	0	0	0	0	0.97
154	92	119	0	0	0	0	0.9725
154	92	119	0	0	0	0	0.975
152	92	119	0	1	1	1	0.9775
152	92	119	0	0	0	0	0.98
153	90	119	0	0	1	0	0.9825
152	91	119	0	0	0	0	0.985
152	91	119	0	0	0	0	0.9875
152	91	119	0	0	0	0	0.99
153	91	118	0	0	0	0	0.9925
154	89	117	0	0	2	0	0.995
154	89	117	0	0	0	0	0.9975
154	89	117	0	0	0	0	1
153	87	119	0	0	1	1	1.0025
153	85	120	0	0	1	0	1.005
153	85	120	0	0	0	0	1.0075
152	86	120	0	0	0	0	1.01
153	86	119	0	0	0	0	1.0125
151	86	121	0	0	0	1	1.015
151	85	122	0	0	0	0	1.0175
151	84	123	0	0	0	0	1.02
150	84	123	0	0	1	0	1.0225
150	83	124	0	0	0	0	1.025
151	83	123	0	0	0	0	1.0275
151	83	123	0	0	0	0	1.03
151	83	123	0	0	0	0	1.0325
150	84	123	0	0	0	1	1.035
150	84	123	0	0	0	0	1.0375
148	83	124	0	1	1	1	1.04
148	83	124	0	0	0	0	1.0425
149	83	123	0	0	0	0	1.045
149	83	123	0	0	0	0	1.0475
149	83	123	0	0	0	0	1.05
149	81	123	0	0	2	0	1.0525
150	81	122	0	0	0	0	1.055
150	81	122	0	0	0	0	1.0575
149	82	122	0	0	0	0	1.06
148	82	123	0	0	0	1	1.0625
148	82	123	0	0	0	0	1.065
148	82	123	0	0	0	0	1.0675
147	81	124	0	0	1	1	1.07
147	81	124	0	0	0	0	1.0725
147	80	125	0	0	0	0	1.075
146	78	128	0	0	0	1	1.0775
145	76	128	0	0	3	0	1.08
145	76	128	0	0	0	0	1.0825
144	77	128	0	0	0	0	1.085
144	76	129	0	0	0	0	1.0875
144	76	129	0	0	0	0	1.09
144	75	130	0	0	0	0	1.0925
145	75	129	0	0	0	0	1.095
143	75	130	0	0	1	1	1.0975
143	75	130	0	0	0	1	1.1
143	75	130	0	0	0	0	1.1025
142	75	131	0	0	0	1	1.105
142	75	131	0	0	0	0	1.1075
142	75	131	0	0	0	0	1.11
142	75	131	0	0	0	0	1.1125
143	75	131	1	0	0	0	1.115
142	76	131	0	0	0	0	1.1175
141	76	132	0	0	0	1	1.12
141	76	132	0	0	0	0	1.1225
141	76	132	0	0	0	0	1.125
140	75	134	0	0	0	1	1.1275
139	76	134	0	0	0	0	1.13
138	75	134	0	0	2	0	1.1325
138	75	134	0	0	0	0	1.135
138	75	134	0	0	0	0	1.1375
138	75	134	0	0	0	0	1.14
138	75	134	0	0	0	0	1.1425
138	75	134	0	0	0	0	1.145
138	75	134	0	0	0	1	1.1475
138	75	134	0	0	0	0	1.15
137	75	135	0	0	0	1	1.1525
136	74	136	0	0	1	1	1.155
136	73	136	0	0	1	0	1.1575
135	73	136	0	0	1	0	1.16
135	73	136	0	0	0	0	1.1625
135	73	136	0	0	0	0	1.165
135	72	137	0	0	0	0	1.1675
134	72	138	0	0	0	1	1.17
133	73	139	1	0	0	1	1.1725
133	73	139	0	0	0	0	1.175
132	73	140	0	0	0	1	1.1775
132	73	140	0	0	0	0	1.18
131	74	140	0	0	0	0	1.1825
129	75	141	0	0	0	0	1.185
129	75	141	0	0	0	0	1.1875
129	74	141	0	0	1	0	1.19
129	74	141	0	0	0	0	1.1925
129	74	141	0	0	0	0	1.195
129	73	142	0	0	0	0	1.1975
127	72	145	0	0	0	1	1.2
125	74	145	0	0	0	0	1.2025
125	73	146	0	0	0	0	1.205
124	73	146	0	0	1	0	1.2075
123	73	147	0	0	0	0	1.21
125	73	145	0	0	0	0	1.2125
125	72	146	0	0	0	0	1.215
124	73	146	0	0	0	0	1.2175
124	73	146	0	0	0	0	1.22
124	73	146	0	0	0	0	1.2225
124	72	147	0	0	0	0	1.225
124	72	147	0	0	0	0	1.2275
124	71	147	0	0	1	0	1.23
124	71	147	0	0	0	0	1.2325
125	71	146	0	0	0	0	1.235
125	71	146	0	0	0	0	1.2375
125	71	146	0	0	0	0	1.24
124	71	146	0	0	1	0	1.2425
124	71	146	0	0	0	0	1.245
124	71	146	0	0	0	0	1.2475
124	71	146	0	0	0	0	1.25
125	71	145	0	0	0	0	1.2525
123	72	146	0	0	0	1	1.255
124	72	144	0	1	0	0	1.2575
126	72	142	0	0	0	0	1.26
125	73	142	0	0	0	0	1.2625
125	72	142	0	0	1	0	1.265
124	72	143	0	0	0	1	1.2675
124	72	143	0	0	0	0	1.27
123	72	144	0	0	0	1	1.2725
122	73	144	0	0	0	0	1.275
124	73	142	0	0	0	0	1.2775
124	73	142	0	0	0	0	1.28
124	73	142	0	0	0	0	1.2825
123	73	143	0	0	0	0	1.285
124	73	142	0	0	0	0	1.2875
121	73	144	0	0	1	1	1.29
120	73	145	0	0	0	1	1.2925
120	72	146	0	0	0	0	1.295
120	72	146	0	0	0	0	1.2975
119	72	147	0	0	0	0	1.3
119	72	147	0	0	0	0	1.3025
119	72	147	0	0	0	0	1.305
120	72	146	0	0	0	0	1.3075
119	72	147	0	0	0	0	1.31
119	72	147	0	0	0	0	1.3125
119	72	147	0	0	0	0	1.315
119	72	147	0	0	0	0	1.3175
119	72	147	0	0	0	0	1.32
118	72	148	0	0	0	1	1.3225
119	72	147	0	0	0	0	1.325
119	72	147	0	0	0	0	1.3275
119	71	148	0	0	0	0	1.33
119	71	148	0	0	0	0	1.3325
119	70	149	0	0	0	0	1.335
119	70	149	0	0	0	0	1.3375
119	70	149	0	0	0	0	1.34
119	70	149	0	0	0	0	1.3425
119	68	151	0	0	0	0	1.345
119	67	151	0	0	1	0	1.3475
119	67	151	0	0	0	0	1.35
118	68	151	0	0	0	0	1.3525
118	68	151	0	0	0	0	1.355
116	69	152	0	0	0	1	1.3575
116	67	153	0	0	1	0	1.36
116	67	153	0	0	0	0	1.3625
116	67	153	0	0	0	0	1.365
116	68	152	0	0	0	0	1.3675
116	68	152	0	0	0	0	1.37
116	68	152	0	0	0	0	1.3725
115	69	151	0	0	1	0	1.375
115	69	151	0	0	0	0	1.3775
114	70	151	0	0	0	0	1.38
114	70	151	0	0	0	0	1.3825
115	70	150	0	0	0	1	1.385
114	71	150	0	0	0	0	1.3875
114	71	150	0	0	0	0	1.39
113	72	150	0	0	0	0	1.3925
114	72	149	0	0	0	0	1.395
113	73	149	0	0	0	0	1.3975
112	73	150	0	0	0	1	1.4
112	73	150	0	0	0	0	1.4025
110	74	151	0	0	0	1	1.405
110	74	151	0	0	0	0	1.4075
110	73	151	0	0	1	0	1.41
110	72	151	0	0	1	0	1.4125
109	73	151	0	0	0	0	1.415
109	73	151	0	0	0	0	1.4175
110	72	151	0	0	0	0	1.42
109	72	152	0	0	0	1	1.4225
109	71	153	0	0	0	0	1.425
109	70	154	0	0	0	0	1.4275
109	70	154	0	0	0	0	1.43
109	69	155	0	0	0	0	1.4325
109	69	155	0	0	0	0	1.435
109	70	154	0	0	0	0	1.4375
108	71	154	0	0	0	0	1.44
108	71	154	0	0	0	0	1.4425
108	71	154	0	0	0	0	1.445
107	72	154	0	0	0	0	1.4475
108	72	153	0	0	0	0	1.45
108	72	153	0	0	0	0	1.4525
108	72	153	0	0	0	0	1.455
108	71	154	0	0	0	0	1.4575
108	71	154	0	0	0	0	1.46
109	71	153	0	0	0	0	1.4625
109	71	152	0	0	1	0	1.465
108	70	154	0	0	0	1	1.4675
108	70	154	0	0	0	1	1.47
108	70	154	0	0	0	0	1.4725
108	69	154	0	0	1	0	1.475
109	69	153	0	0	0	0	1.4775
110	70	151	0	0	0	0	1.48
110	70	151	0	0	0	0	1.4825
111	69	150	0	0	1	0	1.485
111	69	150	0	0	0	0	1.4875
110	70	150	0	0	0	1	1.49
110	70	150	0	0	0	0	1.4925
110	69	151	0	0	0	0	1.495
111	68	151	0	0	0	0	1.4975
111	68	151	0	0	0	0	1.5
109	70	151	0	0	0	0	1.5025
109	68	152	0	0	1	0	1.505
109	67	153	0	0	0	0	1.5075
108	68	153	0	0	0	0	1.51
108	67	153	0	0	1	0	1.5125
108	67	153	0	0	0	0	1.515
108	66	154	0	0	0	0	1.5175
108	66	154	0	0	0	0	1.52
108	66	154	0	0	0	0	1.5225
108	66	154	0	0	0	0	1.525
108	66	154	0	0	0	0	1.5275
108	66	154	0	0	0	0	1.53
108	66	154	0	0	0	0	1.5325
108	66	154	0	0	0	0	1.535
108	66	154	0	0	0	0	1.5375
109	66	153	0	0	0	0	1.54
108	66	153	0	0	1	0	1.5425
109	66	152	0	0	0	0	1.545
109	65	152	0	0	1	0	1.5475
108	65	152	0	0	1	0	1.55
106	66	152	0	0	1	0	1.5525
105	67	152	0	0	0	0	1.555
106	66	151	0	0	1	0	1.5575
106	65	152	0	0	0	0	1.56
106	65	152	0	0	0	0	1.5625
104	67	152	0	0	0	0	1.565
104	67	152	0	0	0	0	1.5675
105	67	151	0	0	0	0	1.57
105	67	151	0	0	0	0	1.5725
105	67	151	0	0	0	0	1.575
105	67	151	0	0	0	0	1.5775
105	67	151	0	0	0	0	1.58
105	67	151	0	0	0	0	1.5825
106	67	150	0	0	0	1	1.585
105	66	151	0	0	1	1	1.5875
104	66	151	0	0	1	0	1.59
104	65	151	0	1	0	0	1.5925
104	65	151	0	0	0	0	1.595
104	63	152	0	0	1	0	1.5975
104	62	153	0	0	0	0	1.6
104	62	153	0	0	0	0	1.6025
105	62	152	0	0	0	0	1.605
105	62	152	0	0	0	0	1.6075
105	62	152	0	0	0	0	1.61
105	62	152	0	0	0	0	1.6125
105	62	152	0	0	0	0	1.615
105	62	152	0	0	0	0	1.6175
106	61	151	0	0	1	0	1.62
106	60	151	0	0	1	0	1.6225
106	60	151	0	0	0	0	1.625
106	59	151	0	0	1	0	1.6275
106	59	151	0	0	0	0	1.63
106	59	151	0	0	0	0	1.6325
106	59	151	0	0	0	0	1.635
105	59	151	0	1	0	0	1.6375
104	59	152	0	0	0	1	1.64
104	59	152	0	0	0	0	1.6425
104	59	152	0	0	0	0	1.645
104	57	153	0	0	1	0	1.6475
105	57	152	0	0	0	0	1.65
104	57	153	0	0	0	0	1.6525
104	57	153	0	0	0	0	1.655
104	57	153	0	0	0	0	1.6575
103	57	154	0	0	0	1	1.66
103	56	155	0	0	0	0	1.6625
103	55	155	0	0	1	0	1.665
103	54	156	0	0	0	0	1.6675
103	54	156	0	0	0	0	1.67
103	53	156	0	0	1	0	1.6725
103	53	156	0	0	0	0	1.675
102	52	158	0	0	0	1	1.6775
100	53	159	0	0	0	1	1.68
102	53	157	0	0	0	0	1.6825
102	53	157	0	0	0	0	1.685
103	53	156	0	0	0	0	1.6875
104	51	156	0	0	1	0	1.69
104	52	155	0	0	0	0	1.6925
103	52	156	0	0	0	1	1.695
103	52	156	0	0	0	0	1.6975
103	52	156	0	0	0	0	1.7
103	51	156	0	0	1	0	1.7025
103	51	156	0	0	0	0	1.705
105	51	154	0	0	0	0	1.7075
105	51	154	0	0	0	0	1.71
104	52	154	0	0	0	0	1.7125
104	51	154	0	0	1	0	1.715
104	51	154	0	0	0	0	1.7175
104	50	155	0	0	0	0	1.72
102	51	156	0	0	0	1	1.7225
103	51	155	0	0	0	0	1.725
103	49	156	0	0	1	0	1.7275
102	49	157	0	0	0	1	1.73
103	48	157	0	0	0	0	1.7325
102	48	158	0	0	0	1	1.735
102	48	158	0	0	0	0	1.7375
102	48	157	0	1	0	0	1.74
103	48	156	0	0	0	0	1.7425
103	48	156	0	0	0	0	1.745
103	48	156	0	0	0	0	1.7475
103	48	156	0	0	0	0	1.75
104	47	155	0	0	1	0	1.7525
104	47	155	0	0	0	0	1.755
104	46	155	0	0	1	0	1.7575
104	46	155	0	0	0	0	1.76
104	46	155	0	0	0	0	1.7625
103	46	156	0	0	0	1	1.765
103	46	156	0	0	0	0	1.7675
103	45	157	0	0	0	0	1.77
103	45	157	0	0	0	0	1.7725
103	45	157	0	0	0	0	1.775
103	45	157	0	0	0	0	1.7775
103	44	157	0	0	1	0	1.78
103	44	157	0	0	0	0	1.7825
103	44	157	0	0	0	0	1.785
103	44	157	0	0	0	0	1.7875
103	44	157	0	0	0	0	1.79
103	44	157	0	0	0	0	1.7925
103	44	157	0	0	0	0	1.795
104	43	157	0	0	0	0	1.7975
104	43	157	0	0	0	0	1.8
103	44	157	0	0	0	0	1.8025
102	45	157	0	0	0	0	1.805
101	46	157	0	0	0	0	1.8075
101	45	157	0	0	1	0	1.81
102	45	156	0	0	0	0	1.8125
102	45	156	0	0	0	0	1.815
103	45	155	0	0	0	0	1.8175
103	45	154	0	1	0	0	1.82
103	45	154	0	0	0	0	1.8225
103	44	154	0	0	1	0	1.825
105	42	152	0	0	2	0	1.8275
105	42	152	0	0	0	0	1.83
106	42	151	0	0	0	0	1.8325
106	41	152	0	0	0	0	1.835
105	42	152	0	0	0	0	1.8375
105	42	152	0	0	0	0	1.84
105	41	152	0	0	1	0	1.8425
104	42	152	0	0	0	0	1.845
104	42	152	0	0	0	0	1.8475
104	42	152	0	0	0	0	1.85
103	44	151	0	0	0	0	1.8525
104	44	151	1	0	0	0	1.855
105	44	150	0	0	0	0	1.8575
105	44	150	0	0	0	0	1.86
104	44	151	0	0	0	1	1.8625
104	44	151	0	0	0	0	1.865
104	44	151	0	0	0	0	1.8675
104	44	151	0	0	0	0	1.87
104	44	151	0	0	0	0	1.8725
104	43	151	0	0	1	0	1.875
104	42	152	0	0	0	0	1.8775
103	42	153	0	0	0	0	1.88
103	40	153	0	0	2	0	1.8825
103	40	153	0	0	0	0	1.885
103	40	153	0	0	0	0	1.8875
103	40	153	0	0	0	0	1.89
101	40	155	0	0	0	2	1.8925
101	40	155	0	0	0	0	1.895
102	39	155	0	0	0	0	1.8975
102	39	155	0	0	0	0	1.9
102	39	155	0	0	0	0	1.9025
103	39	154	0	0	0	0	1.905
103	39	154	0	0	0	0	1.9075
103	39	154	0	0	0	0	1.91
104	39	153	0	0	0	0	1.9125
104	39	153	0	0	0	0	1.915
104	39	153	0	0	0	0	1.9175
104	39	153	0	0	0	0	1.92
104	39	153	0	0	0	0	1.9225
103	39	154	0	0	0	1	1.925
103	38	154	0	0	1	0	1.9275
101	39	155	0	0	0	1	1.93
101	39	155	0	0	0	0	1.9325
101	38	155	0	0	1	0	1.935
101	38	155	0	0	0	0	1.9375
103	38	153	0	0	0	0	1.94
102	37	155	0	0	0	1	1.9425
101	37	156	0	0	0	1	1.945
101	37	156	0	0	0	1	1.9475
100	37	157	0	0	0	1	1.95
102	36	156	0	0	0	0	1.9525
102	36	156	0	0	0	0	1.955
102	36	156	0	0	0	1	1.9575
102	36	156	0	0	0	0	1.96
102	36	156	0	0	0	0	1.9625
102	36	156	0	0	0	0	1.965
102	36	156	0	0	0	0	1.9675
102	35	157	0	0	0	0	1.97
102	33	157	0	0	2	0	1.9725
102	33	157	0	0	0	0	1.975
102	33	157	0	0	0	0	1.9775
101	34	157	0	0	0	0	1.98
101	34	157	0	0	0	0	1.9825
101	33	157	0	0	1	0	1.985
101	33	157	0	0	0	0	1.9875
101	33	157	0	0	0	0	1.99
101	33	157	0	0	0	0	1.9925
102	33	156	0	0	0	0	1.995
102	33	156	0	0	0	0	1.9975
103	33	155	0	0	0	0	2
102	33	155	0	0	1	0	2.0025
102	33	155	0	0	0	0	2.005
101	33	156	0	0	0	0	2.0075
101	33	156	0	0	0	0	2.01
101	33	156	0	0	0	0	2.0125
101	32	157	0	0	0	0	2.015
101	32	157	0	0	0	0	2.0175
101	32	157	0	0	0	0	2.02
101	32	157	0	0	0	0	2.0225
101	32	157	0	0	0	0	2.025
101	32	157	0	0	0	1	2.0275
101	32	157	0	0	0	0	2.03
101	32	157	0	0	0	0	2.0325
100	33	157	0	0	0	0	2.035
100	33	157	0	0	0	0	2.0375
100	33	157	0	0	0	0	2.04
99	33	158	0	0	0	1	2.0425
99	33	158	0	0	0	0	2.045
100	33	157	0	0	0	0	2.0475
101	33	156	0	0	0	0	2.05
101	33	156	0	0	0	0	2.0525
100	34	156	0	0	0	0	2.055
100	33	156	0	0	1	0	2.0575
100	33	156	0	0	0	0	2.06
101	33	155	0	0	0	0	2.0625
101	33	155	0	0	0	0	2.065
101	32	155	0	0	1	0	2.0675
101	32	155	0	0	0	0	2.07
100	32	156	0	0	0	1	2.0725
100	32	156	0	0	0	1	2.075
100	31	156	0	0	1	0	2.0775
100	31	156	0	0	0	0	2.08
101	30	155	0	0	1	0	2.0825
101	30	155	0	0	0	0	2.085
101	30	155	0	0	0	0	2.0875
101	30	155	0	0	0	0	2.09
101	30	155	0	0	0	0	2.0925
101	29	156	0	0	0	0	2.095
101	29	156	0	0	0	0	2.0975
101	29	156	0	0	0	0	2.1
102	29	155	0	0	0	0	2.1025
101	29	156	0	0	0	1	2.105
101	29	156	0	0	0	0	2.1075
101	29	156	0	0	0	0	2.11
101	29	156	0	0	0	0	2.1125
101	28	157	0	0	0	0	2.115
101	28	157	0	0	0	0	2.1175
100	29	157	0	0	0	0	2.12
100	29	157	0	0	0	0	2.1225
100	28	157	0	0	1	0	2.125
101	28	156	0	0	0	0	2.1275
101	28	156	0	0	0	0	2.13
98	30	157	0	0	0	1	2.1325
98	30	157	0	0	0	0	2.135
98	30	157	0	0	0	0	2.1375
98	30	157	0	0	0	0	2.14
98	30	157	0	0	0	0	2.1425
98	30	157	0	0	0	0	2.145
98	29	157	0	0	1	0	2.1475
97	30	157	0	0	0	0	2.15
97	30	157	0	0	0	0	2.1525
97	30	157	0	0	0	0	2.155
97	30	157	0	0	0	0	2.1575
97	29	158	0	0	0	0	2.16
97	29	158	0	0	0	0	2.1625
97	28	159	0	0	0	0	2.165
97	28	159	0	0	0	0	2.1675
98	28	158	0	0	0	0	2.17
98	28	158	0	0	0	0	2.1725
98	28	159	1	0	0	1	2.175
100	28	157	0	0	0	0	2.1775
100	28	157	0	0	0	0	2.18
100	28	157	0	0	0	0	2.1825
100	28	157	0	0	0	0	2.185
100	28	157	0	0	0	0	2.1875
100	27	157	0	0	1	0	2.19
100	27	157	0	0	0	0	2.1925
100	27	157	0	0	0	0	2.195
100	27	157	0	0	0	0	2.1975
99	28	157	0	0	0	0	2.2
99	28	157	0	0	0	0	2.2025
98	29	157	0	0	0	0	2.205
98	29	157	0	0	0	0	2.2075
98	29	157	0	0	0	0	2.21
98	28	158	0	0	0	0	2.2125
98	28	158	0	0	0	0	2.215
98	28	158	0	0	0	0	2.2175
100	28	157	1	0	0	0	2.22
100	27	157	0	0	1	0	2.2225
100	27	157	0	0	0	0	2.225
100	27	157	0	0	0	0	2.2275
100	26	157	0	0	1	0	2.23
100	25	157	0	0	1	0	2.2325
100	25	157	0	0	0	0	2.235
100	25	157	0	0	0	0	2.2375
100	25	157	0	0	0	0	2.24
100	25	157	0	0	0	0	2.2425
100	24	157	0	0	1	0	2.245
100	24	157	0	0	0	0	2.2475
100	24	157	0	0	0	0	2.25
100	23	157	0	0	1	0	2.2525
99	23	158	0	0	0	1	2.255
99	23	158	0	0	0	0	2.2575
99	23	158	0	0	0	0	2.26
99	22	159	0	0	0	0	2.2625
99	22	159	0	0	0	0	2.265
99	22	159	0	0	0	0	2.2675
98	21	160	0	0	1	1	2.27
98	20	159	0	1	1	0	2.2725
99	20	158	0	0	0	0	2.275
100	20	157	0	0	0	0	2.2775
100	20	157	0	0	0	0	2.28
100	20	157	0	0	0	0	2.2825
100	20	157	0	0	0	0	2.285
100	20	157	0	0	0	0	2.2875
100	20	157	0	0	0	0	2.29
100	20	157	0	0	0	0	2.2925
100	20	157	0	0	0	0	2.295
100	20	157	0	0	0	0	2.2975
100	19	157	0	0	1	0	2.3
101	19	156	0	0	0	0	2.3025
102	19	155	0	0	0	0	2.305
102	19	155	0	0	0	0	2.3075
102	19	155	0	0	0	0	2.31
102	19	155	0	0	0	0	2.3125
102	18	155	0	0	1	0	2.315
101	18	156	0	0	0	1	2.3175
101	17	156	0	0	1	0	2.32
101	17	156	0	0	0	0	2.3225
100	17	157	0	0	0	1	2.325
99	18	157	0	0	0	0	2.3275
98	19	157	0	0	0	0	2.33
98	19	157	0	0	0	0	2.3325
98	19	157	0	0	0	0	2.335
98	19	157	0	0	0	0	2.3375
99	19	156	0	0	0	0	2.34
100	19	155	0	0	0	0	2.3425
100	19	155	0	0	0	0	2.345
100	18	155	0	0	1	0	2.3475
100	17	156	0	0	0	0	2.35
101	17	155	0	0	0	0	2.3525
101	17	155	0	0	0	0	2.355
101	16	155	0	0	1	0	2.3575
100	16	156	0	0	0	1	2.36
100	16	156	0	0	0	0	2.3625
100	16	156	0	0	0	0	2.365
100	16	156	0	0	0	0	2.3675
100	16	156	0	0	0	0	2.37
100	16	156	0	0	0	0	2.3725
99	16	157	0	0	0	1	2.375
99	16	157	0	0	0	0	2.3775
99	16	157	0	0	0	0	2.38
98	16	158	0	0	0	1	2.3825
98	16	158	0	0	0	0	2.385
98	16	158	0	0	0	0	2.3875
98	16	158	0	0	0	0	2.39
99	16	157	0	0	0	0	2.3925
100	15	156	0	0	1	0	2.395
100	15	156	0	0	0	0	2.3975
100	15	156	0	0	0	0	2.4
100	15	155	0	1	0	0	2.4025
100	15	155	0	0	0	0	2.405
100	15	155	0	0	0	0	2.4075
100	15	155	0	0	0	0	2.41
100	15	155	0	0	0	0	2.4125
100	15	155	0	0	0	0	2.415
99	15	156	0	0	0	1	2.4175
99	15	156	0	0	0	0	2.42
99	15	156	0	0	0	0	2.4225
99	15	156	0	0	0	0	2.425
99	15	156	0	0	0	0	2.4275
99	15	156	0	0	0	0	2.43
99	15	156	0	0	0	0	2.4325
99	15	156	0	0	0	0	2.435
100	15	155	0	0	0	0	2.4375
99	16	155	0	0	0	0	2.44
99	16	155	0	0	0	0	2.4425
100	16	155	1	0	0	0	2.445
99	16	156	0	0	0	1	2.4475
99	16	156	0	0	0	0	2.45
99	15	157	0	0	0	0	2.4525
99	15	157	0	0	0	0	2.455
99	15	157	0	0	0	0	2.4575
98	14	158	0	0	1	1	2.46
98	14	158	0	0	0	0	2.4625
98	14	158	0	0	0	0	2.465
98	14	158	0	0	0	0	2.4675
99	14	157	0	0	0	0	2.47
99	14	157	0	0	0	0	2.4725
97	16	157	0	0	0	0	2.475
99	16	155	0	0	0	0	2.4775
98	16	156	0	0	0	1	2.48
99	16	155	0	0	0	0	2.4825
99	16	155	0	0	0	0	2.485
99	15	156	0	0	0	0	2.4875
99	15	156	0	0	0	0	2.49
98	15	157	0	0	0	1	2.4925
98	15	157	0	0	0	0	2.495
97	16	157	0	0	0	0	2.4975
97	16	157	0	0	0	0	2.5
96	17	157	0	0	0	0	2.5025
97	17	156	0	0	0	0	2.505
97	17	156	0	0	0	0	2.5075
96	17	157	0	0	0	1	2.51
98	17	155	0	0	0	0	2.5125
99	17	154	0	0	0	0	2.515
98	17	155	0	0	0	1	2.5175
98	17	155	0	0	0	0	2.52
98	17	155	0	0	0	0	2.5225
98	17	155	0	0	0	0	2.525
98	17	155	0	0	0	0	2.5275
98	17	155	0	0	0	0	2.53
98	17	155	0	0	0	0	2.5325
98	17	155	0	0	0	0	2.535
97	17	156	0	0	0	1	2.5375
97	17	156	0	0	0	0	2.54
97	16	156	0	0	1	0	2.5425
97	16	156	0	0	0	0	2.545
96	17	156	0	0	0	0	2.5475
96	17	156	0	0	0	0	2.55
96	17	156	0	0	0	0	2.5525
96	17	156	0	0	0	0	2.555
96	17	156	0	0	0	0	2.5575
96	17	156	0	0	0	0	2.56
96	17	156	0	0	0	0	2.5625
99	17	153	0	0	0	0	2.565
100	17	152	0	0	0	0	2.5675
100	17	152	0	0	0	0	2.57
99	18	152	0	0	0	0	2.5725
98	18	153	0	0	0	1	2.575
98	18	153	0	0	0	0	2.5775
98	18	153	0	0	0	0	2.58
98	18	153	0	0	0	0	2.5825
98	18	153	0	0	0	0	2.585
98	18	153	0	0	0	0	2.5875
98	18	153	0	0	0	0	2.59
98	18	153	0	0	0	0	2.5925
98	18	153	0	0	0	0	2.595
98	18	153	0	0	0	0	2.5975
98	18	153	0	0	0	0	2.6
98	18	153	0	0	0	0	2.6025
98	17	153	0	0	1	0	2.605
99	17	152	0	0	0	0	2.6075
99	17	152	0	0	0	0	2.61
99	16	153	0	0	0	0	2.6125
99	16	153	0	0	0	0	2.615
99	15	154	0	0	0	0	2.6175
99	15	154	0	0	0	0	2.62
99	15	154	0	0	0	0	2.6225
99	15	154	0	0	0	0	2.625
99	15	154	0	0	0	0	2.6275
99	15	154	0	0	0	0	2.63
99	15	154	0	0	0	0	2.6325
100	15	154	1	0	0	0	2.635
100	15	154	0	0	0	0	2.6375
102	15	152	0	0	0	0	2.64
102	15	152	0	0	0	0	2.6425
102	15	152	0	0	0	0	2.645
102	15	152	0	0	0	0	2.6475
101	15	153	0	0	0	1	2.65
100	14	154	0	0	1	1	2.6525
100	14	154	0	0	0	0	2.655
101	14	153	0	0	0	0	2.6575
100	14	154	0	0	0	1	2.66
100	14	154	0	0	0	0	2.6625
98	14	155	0	1	0	1	2.665
99	14	154	0	0	0	0	2.6675
98	14	155	0	0	0	1	2.67
99	14	154	0	0	0	0	2.6725
99	13	155	0	0	0	0	2.675
100	13	154	0	0	0	0	2.6775
100	13	154	0	0	0	0	2.68
101	13	153	0	0	0	0	2.6825
102	13	152	0	0	0	0	2.685
102	13	152	0	0	0	0	2.6875
101	13	153	0	0	0	1	2.69
101	13	153	0	0	0	0	2.6925
101	13	153	0	0	0	0	2.695
102	13	152	0	0	0	0	2.6975
103	13	151	0	0	0	0	2.7
103	13	151	0	0	0	0	2.7025
103	13	151	0	0	0	0	2.705
105	13	149	0	0	0	0	2.7075
105	13	149	0	0	0	0	2.71
105	13	149	0	0	0	0	2.7125
105	13	149	0	0	0	0	2.715
105	13	149	0	0	0	0	2.7175
106	13	148	0	0	0	0	2.72
106	14	147	0	0	0	0	2.7225
106	14	147	0	0	0	0	2.725
106	14	147	0	0	0	0	2.7275
106	14	147	0	0	0	0	2.73
109	14	144	0	0	0	0	2.7325
109	14	144	0	0	0	0	2.735
109	14	144	0	0	0	0	2.7375
109	14	144	0	0	0	0	2.74
109	13	144	0	0	1	0	2.7425
110	13	143	0	0	0	0	2.745
110	13	143	0	0	0	0	2.7475
109	14	143	0	0	0	0	2.75
108	14	144	0	0	0	1	2.7525
108	14	144	0	0	0	0	2.755
108	14	144	0	0	0	0	2.7575
108	14	144	0	0	0	0	2.76
108	14	144	0	0	0	0	2.7625
108	14	144	0	0	0	0	2.765
108	14	144	0	0	0	0	2.7675
108	14	144	0	0	0	0	2.77
107	13	146	0	0	0	1	2.7725
107	13	146	0	0	0	0	2.775
106	13	147	0	0	0	1	2.7775
107	12	148	1	0	0	0	2.78
107	12	148	0	0	0	0	2.7825
106	12	149	0	0	0	1	2.785
105	12	150	0	0	0	1	2.7875
105	12	150	0	0	0	0	2.79
106	12	149	0	0	0	0	2.7925
106	12	149	0	0	0	0	2.795
106	12	149	0	0	0	0	2.7975
105	13	149	0	0	0	0	2.8
105	13	149	0	0	0	0	2.8025
107	13	147	0	0	0	0	2.805
108	13	146	0	0	0	0	2.8075
108	13	146	0	0	0	0	2.81
109	13	145	0	0	0	0	2.8125
109	13	145	0	0	0	0	2.815
108	13	146	0	0	0	1	2.8175
108	13	146	0	0	0	0	2.82
108	13	146	0	0	0	0	2.8225
108	13	146	0	0	0	1	2.825
110	13	144	0	0	0	0	2.8275
112	13	142	0	0	0	0	2.83
112	13	142	0	0	0	0	2.8325
113	13	141	0	0	0	0	2.835
113	13	141	0	0	0	1	2.8375
113	13	141	0	0	0	0	2.84
112	13	142	0	0	0	1	2.8425
111	13	143	0	0	0	1	2.845
111	13	143	0	0	0	0	2.8475
111	13	143	0	0	0	0	2.85
111	12	144	0	0	0	1	2.8525
111	12	144	0	0	0	0	2.855
111	12	144	0	0	0	0	2.8575
111	12	144	0	0	0	0	2.86
110	12	145	0	0	0	1	2.8625
110	12	145	0	0	0	0	2.865
109	12	146	0	0	0	1	2.8675
109	12	146	0	0	0	0	2.87
109	12	146	0	0	0	0	2.8725
108	12	147	0	0	0	1	2.875
108	12	147	0	0	0	0	2.8775
105	12	150	0	0	0	3	2.88
105	12	150	0	0	0	0	2.8825
104	12	151	0	0	0	1	2.885
104	12	151	0	0	0	1	2.8875
104	12	151	0	0	0	0	2.89
105	12	150	0	0	0	0	2.8925
104	12	151	0	0	0	1	2.895
103	12	152	0	0	0	1	2.8975
105	12	150	0	0	0	0	2.9
105	12	150	0	0	0	0	2.9025
106	12	149	0	0	0	0	2.905
106	12	149	0	0	0	0	2.9075
108	12	147	0	0	0	0	2.91
106	13	148	0	0	0	1	2.9125
106	13	148	0	0	0	0	2.915
107	13	147	0	0	0	0	2.9175
107	13	147	0	0	0	0	2.92
107	13	147	0	0	0	0	2.9225
107	13	147	0	0	0	0	2.925
107	13	147	0	0	0	0	2.9275
108	13	146	0	0	0	0	2.93
108	13	146	0	0	0	0	2.9325
108	13	146	0	0	0	0	2.935
109	13	145	0	0	0	0	2.9375
108	13	146	0	0	0	1	2.94
107	13	147	0	0	0	1	2.9425
106	13	148	0	0	0	1	2.945
107	13	147	0	0	0	0	2.9475
107	13	147	0	0	0	0	2.95
106	14	147	0	0	0	0	2.9525
107	14	146	0	0	0	0	2.955
106	15	146	0	0	0	0	2.9575
106	15	146	0	0	0	0	2.96
106	15	146	0	0	0	0	2.9625
106	15	146	0	0	0	0	2.965
107	15	145	0	0	0	0	2.9675
107	15	145	0	0	0	0	2.97
107	15	145	0	0	0	0	2.9725
108	15	144	0	0	0	0	2.975
109	14	144	0	0	0	0	2.9775
109	14	144	0	0	0	0	2.98
109	14	144	0	0	0	0	2.9825
109	14	144	0	0	0	0	2.985
109	14	144	0	0	0	0	2.9875
109	14	144	0	0	0	0	2.99
110	14	143	0	0	0	0	2.9925
109	14	144	0	0	0	1	2.995
109	14	144	0	0	0	0	2.9975
110	14	143	0	0	0	0	3
111	14	142	0	0	0	0	3.0025
111	14	142	0	0	0	0	3.005
111	14	142	0	0	0	0	3.0075
111	14	142	0	0	0	0	3.01
112	14	141	0	0	0	0	3.0125
113	14	140	0	0	0	0	3.015
113	14	140	0	0	0	0	3.0175
113	14	140	0	0	0	1	3.02
113	14	140	0	0	0	0	3.0225
113	14	140	0	0	0	0	3.025
113	14	140	0	0	0	0	3.0275
113	14	140	0	0	0	0	3.03
112	14	141	0	0	0	1	3.0325
112	14	141	0	0	0	0	3.035
112	13	142	0	0	0	0	3.0375
112	13	142	0	0	0	0	3.04
112	13	142	0	0	0	0	3.0425
112	13	142	0	0	0	0	3.045
110	13	144	0	0	0	2	3.0475
109	13	145	0	0	0	1	3.05
109	13	145	0	0	0	0	3.0525
109	13	145	0	0	0	0	3.055
109	12	145	0	0	1	0	3.0575
110	12	144	0	0	0	0	3.06
110	12	144	0	0	0	0	3.0625
110	12	144	0	0	0	0	3.065
111	12	143	0	0	0	0	3.0675
111	12	143	0	0	0	0	3.07
110	13	143	0	0	0	0	3.0725
111	13	142	0	0	0	0	3.075
111	13	142	0	0	0	0	3.0775
111	13	142	0	0	0	0	3.08
111	13	142	0	0	0	0	3.0825
111	13	142	0	0	0	0	3.085
111	13	142	0	0	0	0	3.0875
111	13	142	0	0	0	0	3.09
111	13	142	0	0	0	0	3.0925
111	12	142	0	0	1	0	3.095
111	12	142	0	0	0	0	3.0975
110	13	142	0	0	0	0	3.1
110	13	142	0	0	0	0	3.1025
110	13	142	0	0	0	0	3.105
110	13	142	0	0	0	0	3.1075
109	14	142	0	0	0	0	3.11
109	14	142	0	0	0	0	3.1125
109	14	142	0	0	0	0	3.115
109	14	142	0	0	0	0	3.1175
109	14	142	0	0	0	0	3.12
108	14	143	0	0	0	1	3.1225
108	14	143	0	0	0	0	3.125
108	14	143	0	0	0	0	3.1275
107	14	144	0	0	0	2	3.13
107	14	144	0	0	0	0	3.1325
108	14	143	0	0	0	0	3.135
108	14	143	0	0	0	0	3.1375
109	14	142	0	0	0	0	3.14
109	14	142	0	0	0	0	3.1425
109	14	142	0	0	0	0	3.145
109	14	142	0	0	0	0	3.1475
110	14	141	0	0	0	0	3.15
111	14	140	0	0	0	0	3.1525
111	14	140	0	0	0	0	3.155
111	14	140	0	0	0	0	3.1575
111	14	140	0	0	0	0	3.16
110	14	141	0	0	0	1	3.1625
109	14	142	0	0	0	1	3.165
109	14	142	0	0	0	0	3.1675
108	14	143	0	0	0	1	3.17
108	14	143	0	0	0	0	3.1725
108	14	143	0	0	0	0	3.175
108	14	143	0	0	0	0	3.1775
107	14	144	0	0	0	1	3.18
107	14	144	0	0	0	0	3.1825
107	14	144	0	0	0	0	3.185
106	14	145	0	0	0	1	3.1875
105	14	146	0	0	0	1	3.19
105	14	146	0	0	0	0	3.1925
106	14	145	0	0	0	0	3.195
106	14	145	0	0	0	0	3.1975
106	13	145	0	0	1	0	3.2
106	13	145	0	0	0	0	3.2025
106	13	145	0	0	0	0	3.205
106	13	145	0	0	0	1	3.2075
106	13	145	0	0	0	0	3.21
106	13	145	0	0	0	0	3.2125
106	13	145	0	0	0	1	3.215
107	13	144	0	0	0	0	3.2175
107	13	144	0	0	0	0	3.22
107	13	144	0	0	0	0	3.2225
107	13	144	0	0	0	0	3.225
107	13	144	0	0	0	0	3.2275
107	13	144	0	0	0	0	3.23
107	13	144	0	0	0	0	3.2325
107	13	144	0	0	0	0	3.235
107	13	144	0	0	0	0	3.2375
108	13	143	0	0	0	1	3.24
108	13	143	0	0	0	0	3.2425
108	13	143	0	0	0	1	3.245
108	13	143	0	0	0	0	3.2475
108	13	143	0	0	0	0	3.25
108	13	143	0	0	0	0	3.2525
108	13	143	0	0	0	0	3.255
109	13	143	1	0	0	0	3.2575
109	14	142	0	0	0	0	3.26
109	14	142	0	0	0	0	3.2625
109	14	142	0	0	0	0	3.265
109	14	142	0	0	0	0	3.2675
109	14	142	0	0	0	0	3.27
109	14	142	0	0	0	0	3.2725
108	14	143	0	0	0	1	3.275
109	14	143	1	0	0	0	3.2775
109	14	143	0	0	0	0	3.28
109	14	143	0	0	0	0	3.2825
108	14	144	0	0	0	1	3.285
107	14	145	0	0	0	1	3.2875
107	14	145	0	0	0	0	3.29
106	14	146	0	0	0	1	3.2925
107	14	145	0	0	0	0	3.295
106	14	146	0	0	0	1	3.2975
106	14	146	0	0	0	0	3.3
105	13	147	0	0	1	1	3.3025
105	13	147	0	0	0	0	3.305
105	13	147	0	0	0	0	3.3075
105	13	147	0	0	0	0	3.31
105	13	147	0	0	0	0	3.3125
105	13	147	0	0	0	0	3.315
105	13	147	0	0	0	0	3.3175
106	13	146	0	0	0	0	3.32
106	13	146	0	0	0	0	3.3225
107	13	145	0	0	0	1	3.325
106	13	146	0	0	0	1	3.3275
106	13	146	0	0	0	0	3.33
106	13	146	0	0	0	0	3.3325
106	13	146	0	0	0	0	3.335
105	14	146	0	0	0	0	3.3375
105	14	146	0	0	0	0	3.34
105	14	146	0	0	0	0	3.3425
105	13	146	0	0	1	0	3.345
105	13	146	0	0	0	0	3.3475
105	13	146	0	0	0	0	3.35
105	14	145	0	0	0	0	3.3525
105	14	145	0	0	0	0	3.355
105	14	145	0	0	0	0	3.3575
105	14	145	0	0	0	0	3.36
105	14	145	0	0	0	0	3.3625
105	14	145	0	0	0	0	3.365
105	14	145	0	0	0	0	3.3675
105	14	145	0	0	0	0	3.37
105	14	145	0	0	0	0	3.3725
105	14	145	0	0	0	0	3.375
107	14	143	0	0	0	0	3.3775
105	14	145	0	0	0	2	3.38
105	14	145	0	0	0	0	3.3825
105	14	145	0	0	0	0	3.385
104	15	145	0	0	0	0	3.3875
103	15	146	0	0	0	1	3.39
103	15	146	0	0	0	0	3.3925
103	15	146	0	0	0	0	3.395
103	15	146	0	0	0	0	3.3975
103	15	146	0	0	0	0	3.4
103	15	146	0	0	0	0	3.4025
101	16	147	0	0	0	1	3.405
101	16	147	0	0	0	0	3.4075
100	17	147	0	0	0	1	3.41
100	17	147	0	0	0	0	3.4125
100	17	147	0	0	0	0	3.415
102	17	145	0	0	0	0	3.4175
102	17	145	0	0	0	0	3.42
102	17	145	0	0	0	1	3.4225
101	17	146	0	0	0	1	3.425
101	17	146	0	0	0	0	3.4275
102	17	145	0	0	0	0	3.43
103	17	144	0	0	0	0	3.4325
103	17	144	0	0	0	0	3.435
103	17	144	0	0	0	0	3.4375
103	17	144	0	0	0	0	3.44
102	17	145	0	0	0	1	3.4425
101	17	146	0	0	0	1	3.445
101	17	146	0	0	0	0	3.4475
101	17	146	0	0	0	0	3.45
102	17	145	0	0	0	0	3.4525
102	17	145	0	0	0	0	3.455
103	17	144	0	0	0	0	3.4575
103	17	144	0	0	0	0	3.46
103	17	144	0	0	0	0	3.4625
103	17	144	0	0	0	0	3.465
103	17	144	0	0	0	0	3.4675
103	17	144	0	0	0	0	3.47
104	17	143	0	0	0	0	3.4725
104	17	143	0	0	0	0	3.475
104	17	143	0	0	0	0	3.4775
104	17	143	0	0	0	0	3.48
103	17	144	0	0	0	1	3.4825
103	17	144	0	0	0	0	3.485
103	17	144	0	0	0	0	3.4875
103	17	144	0	0	0	0	3.49
104	17	143	0	0	0	0	3.4925
104	17	143	0	0	0	0	3.495
104	17	143	0	0	0	0	3.4975
104	17	143	0	0	0	0	3.5
104	16	143	0	0	1	0	3.5025
104	16	143	0	0	0	0	3.505
103	16	144	0	0	0	1	3.5075
104	16	143	0	0	0	0	3.51
104	16	143	0	0	0	0	3.5125
104	16	143	0	0	0	0	3.515
104	16	143	0	0	0	0	3.5175
104	16	143	0	0	0	0	3.52
105	16	143	1	0	0	0	3.5225
104	16	144	0	0	0	1	3.525
105	16	143	0	0	0	0	3.5275
105	16	143	0	0	0	0	3.53
105	16	143	0	0	0	0	3.5325
105	16	143	0	0	0	0	3.535
105	16	143	0	0	0	0	3.5375
105	16	143	0	0	0	0	3.54
106	16	142	0	0	0	0	3.5425
106	16	142	0	0	0	0	3.545
106	16	142	0	0	0	0	3.5475
105	16	143	0	0	0	1	3.55
105	16	143	0	0	0	0	3.5525
105	16	143	0	0	0	0	3.555
105	16	143	0	0	0	0	3.5575
105	16	143	0	0	0	0	3.56
104	16	144	0	0	0	1	3.5625
104	16	144	0	0	0	0	3.565
103	17	144	0	0	0	0	3.5675
103	17	144	0	0	0	0	3.57
104	17	143	0	0	0	0	3.5725
102	18	144	0	0	0	1	3.575
102	18	144	0	0	0	1	3.5775
102	18	144	0	0	0	0	3.58
101	19	144	0	0	0	0	3.5825
101	19	144	0	0	0	0	3.585
101	19	144	0	0	0	0	3.5875
101	19	144	0	0	0	0	3.59
100	19	145	0	0	0	1	3.5925
100	19	145	0	0	0	0	3.595
101	19	144	0	0	0	0	3.5975
101	19	144	0	0	0	0	3.6
101	19	144	0	0	0	0	3.6025
99	20	145	0	0	0	1	3.605
99	20	145	0	0	0	0	3.6075
99	20	145	0	0	0	0	3.61
99	20	145	0	0	0	0	3.6125
99	20	145	0	0	0	0	3.615
99	20	145	0	0	0	0	3.6175
99	20	145	0	0	0	0	3.62
99	19	146	0	0	0	0	3.6225
100	19	145	0	0	0	0	3.625
100	19	145	0	0	0	0	3.6275
100	19	145	0	0	0	0	3.63
100	19	145	0	0	0	0	3.6325
100	19	145	0	0	0	1	3.635
100	19	145	0	0	0	0	3.6375
99	19	146	0	0	0	1	3.64
98	19	147	0	0	0	1	3.6425
98	19	147	0	0	0	0	3.645
98	19	147	0	0	0	0	3.6475
98	19	147	0	0	0	0	3.65
98	19	147	0	0	0	0	3.6525
98	19	147	0	0	0	0	3.655
98	19	147	0	0	0	0	3.6575
99	19	146	0	0	0	0	3.66
100	19	145	0	0	0	0	3.6625
99	20	145	0	0	0	0	3.665
100	19	145	0	0	0	0	3.6675
99	19	146	0	0	0	1	3.67
99	18	146	0	0	1	0	3.6725
99	18	146	0	0	0	0	3.675
99	18	146	0	0	0	0	3.6775
99	18	146	0	0	0	0	3.68
98	19	146	0	0	0	0	3.6825
97	20	146	0	0	0	0	3.685
97	20	146	0	0	0	0	3.6875
98	20	145	0	0	0	0	3.69
98	20	145	0	0	0	0	3.6925
98	20	145	0	0	0	0	3.695
98	20	145	0	0	0	0	3.6975
98	20	145	0	0	0	0	3.7
98	20	145	0	0	0	0	3.7025
97	21	145	0	0	0	0	3.705
97	21	145	0	0	0	0	3.7075
97	20	145	0	0	1	0	3.71
97	20	145	0	0	0	0	3.7125
97	20	145	0	0	0	0	3.715
99	20	143	0	0	0	0	3.7175
99	20	143	0	0	0	0	3.72
99	20	143	0	0	0	0	3.7225
99	20	143	0	0	0	0	3.725
99	20	143	0	0	0	0	3.7275
99	20	143	0	0	0	0	3.73
99	20	143	0	0	0	0	3.7325
99	20	143	0	0	0	0	3.735
99	20	143	0	0	0	0	3.7375
99	20	143	0	0	0	0	3.74
99	20	143	0	0	0	0	3.7425
99	20	143	0	0	0	0	3.745
99	20	143	0	0	0	0	3.7475
98	20	144	0	0	0	1	3.75
100	19	143	0	0	0	0	3.7525
100	19	143	0	0	0	0	3.755
101	19	142	0	0	0	1	3.7575
101	19	142	0	0	0	0	3.76
101	18	142	0	0	1	0	3.7625
102	19	140	0	0	0	0	3.765
102	19	140	0	0	0	0	3.7675
101	19	141	0	0	0	1	3.77
101	19	141	0	0	0	0	3.7725
101	19	141	0	0	0	0	3.775
101	19	141	0	0	0	0	3.7775
101	19	141	0	0	0	0	3.78
101	19	141	0	0	0	0	3.7825
101	19	141	0	0	0	0	3.785
100	19	142	0	0	0	1	3.7875
101	19	141	0	0	0	0	3.79
101	19	141	0	0	0	0	3.7925
101	19	141	0	0	0	0	3.795
101	19	141	0	0	0	0	3.7975
100	20	141	0	0	0	0	3.8
100	20	141	0	0	0	0	3.8025
101	20	140	0	0	0	0	3.805
100	20	141	0	0	0	1	3.8075
101	20	140	0	0	0	0	3.81
101	20	140	0	0	0	0	3.8125
99	20	142	0	0	0	2	3.815
99	20	142	0	0	0	0	3.8175
99	21	141	0	0	0	0	3.82
99	21	141	0	0	0	0	3.8225
98	21	142	0	0	0	1	3.825
97	21	143	0	0	0	1	3.8275
97	21	143	0	0	0	0	3.83
97	21	143	0	0	0	0	3.8325
97	21	143	0	0	0	0	3.835
96	21	144	0	0	0	1	3.8375
96	21	144	0	0	0	0	3.84
95	21	145	0	0	0	1	3.8425
95	21	145	0	0	0	0	3.845
95	21	145	0	0	0	0	3.8475
95	21	145	0	0	0	0	3.85
95	21	145	0	0	0	0	3.8525
95	21	145	0	0	0	0	3.855
95	21	144	0	1	0	0	3.8575
95	20	145	0	0	0	0	3.86
96	20	144	0	0	0	0	3.8625
96	20	144	0	0	0	0	3.865
96	20	144	0	0	0	0	3.8675
96	19	144	0	0	1	0	3.87
97	19	143	0	0	0	0	3.8725
97	19	143	0	0	0	0	3.875
97	19	143	0	0	0	0	3.8775
97	19	143	0	0	0	0	3.88
96	19	144	0	0	0	0	3.8825
96	19	145	1	0	0	1	3.885
96	19	145	0	0	0	0	3.8875
96	19	145	0	0	0	0	3.89
95	20	145	0	0	0	0	3.8925
95	19	146	0	0	0	0	3.895
94	19	146	0	1	0	0	3.8975
94	19	146	0	0	0	1	3.9
95	19	145	0	0	0	0	3.9025
95	19	145	0	0	0	0	3.905
94	18	146	0	0	1	1	3.9075
94	18	146	0	0	0	0	3.91
95	18	145	0	0	0	0	3.9125
96	18	144	0	0	0	0	3.915
96	18	144	0	0	0	0	3.9175
95	18	145	0	0	0	1	3.92
95	18	145	0	0	0	0	3.9225
94	18	146	0	0	0	0	3.925
94	18	146	0	0	0	1	3.9275
94	18	146	0	0	0	0	3.93
93	19	146	0	0	0	0	3.9325
93	19	146	0	0	0	0	3.935
93	19	146	0	0	0	0	3.9375
92	18	147	0	0	1	2	3.94
92	18	147	0	0	0	0	3.9425
91	18	148	0	0	0	1	3.945
92	18	147	0	0	0	0	3.9475
92	18	147	0	0	0	0	3.95
92	18	147	0	0	0	0	3.9525
92	18	147	0	0	0	0	3.955
92	18	147	0	0	0	0	3.9575
91	18	148	0	0	0	1	3.96
91	17	149	0	0	0	0	3.9625
91	17	149	0	0	0	0	3.965
91	17	149	0	0	0	0	3.9675
91	17	149	0	0	0	0	3.97
90	17	149	0	0	1	0	3.9725
90	17	149	0	0	0	0	3.975
91	17	148	0	0	0	0	3.9775
91	17	148	0	0	0	0	3.98
91	17	148	0	0	0	0	3.9825
91	17	148	0	0	0	0	3.985
91	17	148	0	0	0	0	3.9875
91	17	148	0	0	0	0	3.99
90	18	148	0	0	0	0	3.9925
90	18	148	0	0	0	0	3.995
90	18	148	0	0	0	0	3.9975
90	18	148	0	0	0	0	4
90	18	148	0	0	0	0	4.0025
90	17	149	0	0	0	0	4.005
91	17	148	0	0	0	0	4.0075
91	17	148	0	0	0	0	4.01
91	17	148	0	0	0	1	4.0125
92	17	147	0	0	0	0	4.015
93	17	146	0	0	0	0	4.0175
92	17	147	0	0	0	1	4.02
93	17	146	0	0	0	0	4.0225
93	17	146	0	0	0	0	4.025
93	17	146	0	0	0	0	4.0275
93	16	147	0	0	0	0	4.03
94	16	146	0	0	0	0	4.0325
94	16	146	0	0	0	0	4.035
94	16	146	0	0	0	0	4.0375
94	15	146	0	0	1	0	4.04
94	15	146	0	0	0	0	4.0425
94	15	146	0	0	0	0	4.045
94	15	146	0	0	0	0	4.0475
94	15	146	0	0	0	0	4.05
93	15	147	0	0	0	1	4.0525
93	15	147	0	0	0	0	4.055
94	15	146	0	0	0	0	4.0575
95	15	145	0	0	0	0	4.06
95	15	145	0	0	0	0	4.0625
95	15	145	0	0	0	0	4.065
95	15	145	0	0	0	0	4.0675
95	15	145	0	0	0	0	4.07
95	15	145	0	0	0	0	4.0725
94	14	147	0	0	0	1	4.075
93	14	148	0	0	0	1	4.0775
93	13	148	0	0	1	0	4.08
93	13	148	0	0	0	0	4.0825
92	13	149	0	0	0	1	4.085
92	13	149	0	0	0	0	4.0875
92	13	149	0	0	0	0	4.09
92	13	149	0	0	0	0	4.0925
92	13	149	0	0	0	0	4.095
92	12	149	0	0	1	0	4.0975
93	11	149	0	0	0	0	4.1
94	11	148	0	0	0	1	4.1025
94	11	148	0	0	0	0	4.105
94	12	148	1	0	0	0	4.1075
94	12	148	0	0	0	0	4.11
95	12	147	0	0	0	0	4.1125
95	11	147	0	0	1	0	4.115
95	12	146	0	0	0	0	4.1175
95	12	146	0	0	0	0	4.12
95	12	146	0	0	0	0	4.1225
94	12	147	0	0	0	1	4.125
94	12	147	0	0	0	0	4.1275
94	12	147	0	0	0	0	4.13
94	11	147	0	0	1	0	4.1325
95	11	146	0	0	0	0	4.135
95	11	146	0	0	0	0	4.1375
95	11	146	0	0	0	0	4.14
95	11	146	0	0	0	0	4.1425
95	11	146	0	0	0	0	4.145
95	11	146	0	0	0	1	4.1475
95	11	146	0	0	0	0	4.15
96	11	145	0	0	0	0	4.1525
95	11	146	0	0	0	1	4.155
95	11	146	0	0	0	0	4.1575
95	11	146	0	0	0	0	4.16
94	12	146	0	0	0	0	4.1625
95	12	145	0	0	0	0	4.165
96	12	144	0	0	0	0	4.1675
96	12	144	0	0	0	0	4.17
96	12	144	0	0	0	0	4.1725
96	12	144	0	0	0	0	4.175
96	12	144	0	0	0	0	4.1775
97	12	143	0	0	0	0	4.18
96	13	143	0	0	0	0	4.1825
96	13	143	0	0	0	0	4.185
96	13	143	0	0	0	0	4.1875
96	13	143	0	0	0	1	4.19
96	13	143	0	0	0	0	4.1925
96	13	143	0	0	0	0	4.195
96	13	143	0	0	0	0	4.1975
96	13	143	0	0	0	0	4.2
96	13	143	0	0	0	0	4.2025
96	13	143	0	0	0	0	4.205
96	13	143	0	0	0	0	4.2075
96	13	143	0	0	0	0	4.21
96	13	143	0	0	0	0	4.2125
96	13	143	0	0	0	0	4.215
96	13	143	0	0	0	0	4.2175
99	12	141	0	0	0	0	4.22
100	12	140	0	0	0	0	4.2225
100	12	140	0	0	0	0	4.225
100	12	140	0	0	0	0	4.2275
100	12	140	0	0	0	0	4.23
100	12	139	0	1	0	0	4.2325
100	12	139	0	0	0	0	4.235
100	12	139	0	0	0	0	4.2375
100	11	139	0	0	1	0	4.24
100	11	139	0	0	0	0	4.2425
100	11	139	0	0	0	0	4.245
100	11	139	0	0	0	0	4.2475
100	11	139	0	0	0	0	4.25
100	11	139	0	0	0	0	4.2525
101	11	138	0	0	0	0	4.255
102	11	137	0	0	0	0	4.2575
102	11	137	0	0	0	0	4.26
102	11	137	0	0	0	0	4.2625
102	11	137	0	0	0	0	4.265
102	11	137	0	0	0	0	4.2675
102	11	137	0	0	0	0	4.27
102	11	137	0	0	0	0	4.2725
102	11	137	0	0	0	0	4.275
102	11	137	0	0	0	0	4.2775
102	10	137	0	0	1	0	4.28
100	10	139	0	0	0	2	4.2825
100	10	139	0	0	0	0	4.285
100	10	139	0	0	0	0	4.2875
100	10	139	0	0	0	0	4.29
100	10	139	0	0	0	0	4.2925
99	10	140	0	0	0	1	4.295
99	10	140	0	0	0	0	4.2975
100	10	139	0	0	0	0	4.3
99	10	140	0	0	0	1	4.3025
99	10	140	0	0	0	0	4.305
98	10	141	0	0	0	1	4.3075
99	10	140	0	0	0	0	4.31
99	10	140	0	0	0	0	4.3125
99	10	140	0	0	0	0	4.315
99	10	140	0	0	0	0	4.3175
99	10	140	0	0	0	0	4.32
98	11	140	0	0	0	0	4.3225
98	11	140	0	0	0	0	4.325
98	10	141	0	0	0	0	4.3275
98	10	141	0	0	0	0	4.33
98	10	141	0	0	0	0	4.3325
97	11	141	0	0	0	0	4.335
96	11	142	0	0	0	1	4.3375
95	12	142	0	0	0	0	4.34
95	12	142	0	0	0	0	4.3425
96	12	141	0	0	0	0	4.345
96	12	141	0	0	0	0	4.3475
96	12	141	0	0	0	1	4.35
96	12	141	0	0	0	0	4.3525
95	12	142	0	0	0	1	4.355
95	12	142	0	0	0	1	4.3575
93	12	144	0	0	0	2	4.36
93	12	144	0	0	0	0	4.3625
93	12	144	0	0	0	0	4.365
93	12	144	0	0	0	0	4.3675
92	12	145	0	0	0	1	4.37
91	12	146	0	0	0	1	4.3725
90	12	147	0	0	0	1	4.375
89	12	148	0	0	0	1	4.3775
90	11	147	0	0	1	0	4.38
90	11	147	0	0	0	0	4.3825
91	11	147	1	0	0	0	4.385
91	11	147	0	0	0	0	4.3875
90	11	148	0	0	0	1	4.39
90	11	148	0	0	0	0	4.3925
90	11	148	0	0	0	0	4.395
89	11	149	0	0	0	1	4.3975
89	11	149	0	0	0	0	4.4
90	11	148	0	0	0	0	4.4025
89	11	149	0	0	0	1	4.405
89	10	149	0	0	1	0	4.4075
89	10	149	0	0	0	0	4.41
89	10	149	0	0	0	0	4.4125
89	10	149	0	0	0	1	4.415
88	10	150	0	0	0	1	4.4175
88	10	150	0	0	0	0	4.42
88	10	150	0	0	0	0	4.4225
88	10	150	0	0	0	0	4.425
89	10	149	0	0	0	0	4.4275
88	10	150	0	0	0	1	4.43
87	10	151	0	0	0	1	4.4325
88	10	150	0	0	0	0	4.435
87	10	151	0	0	0	1	4.4375
87	10	151	0	0	0	0	4.44
87	10	151	0	0	0	0	4.4425
87	10	151	0	0	0	0	4.445
87	10	151	0	0	0	0	4.4475
87	10	151	0	0	0	0	4.45
86	10	152	0	0	0	1	4.4525
86	10	152	0	0	0	0	4.455
87	10	151	0	0	0	0	4.4575
87	10	151	0	0	0	0	4.46
87	10	151	0	0	0	0	4.4625
87	10	151	0	0	0	0	4.465
86	10	152	0	0	0	1	4.4675
86	10	152	0	0	0	0	4.47
86	10	152	0	0	0	0	4.4725
86	10	152	0	0	0	0	4.475
86	10	152	0	0	0	0	4.4775
86	10	152	0	0	0	0	4.48
86	10	152	0	0	0	0	4.4825
86	10	152	0	0	0	0	4.485
86	10	152	0	0	0	0	4.4875
86	10	152	0	0	0	0	4.49
86	10	152	0	0	0	0	4.4925
87	10	151	0	0	0	0	4.495
87	10	151	0	0	0	0	4.4975
89	10	149	0	0	0	0	4.5
89	10	149	0	0	0	0	4.5025
89	10	149	0	0	0	0	4.505
89	10	149	0	0	0	0	4.5075
89	10	149	0	0	0	0	4.51
89	10	149	0	0	0	0	4.5125
88	10	150	0	0	0	1	4.515
88	10	150	0	0	0	0	4.5175
88	10	150	0	0	0	0	4.52
88	10	150	0	0	0	0	4.5225
88	10	150	0	0	0	0	4.525
89	10	149	0	0	0	0	4.5275
89	9	150	0	0	0	0	4.53
89	9	150	0	0	0	0	4.5325
89	9	150	0	0	0	0	4.535
90	9	149	0	0	0	0	4.5375
90	9	149	0	0	0	0	4.54
89	9	150	0	0	0	1	4.5425
89	9	150	0	0	0	0	4.545
89	9	150	0	0	0	0	4.5475
89	9	150	0	0	0	0	4.55
90	9	149	0	0	0	0	4.5525
89	9	150	0	0	0	1	4.555
88	9	151	0	0	0	1	4.5575
87	9	152	0	0	0	1	4.56
87	9	152	0	0	0	0	4.5625
87	9	152	0	0	0	0	4.565
88	9	151	0	0	0	0	4.5675
89	9	150	0	0	0	0	4.57
89	9	150	0	0	0	0	4.5725
89	9	150	0	0	0	0	4.575
89	9	150	0	0	0	0	4.5775
90	9	149	0	0	0	0	4.58
90	9	149	0	0	0	0	4.5825
90	9	149	0	0	0	0	4.585
89	9	150	0	0	0	1	4.5875
89	9	150	0	0	0	0	4.59
90	9	149	0	0	0	0	4.5925
89	9	150	0	0	0	1	4.595
89	9	150	0	0	0	0	4.5975
90	8	149	0	0	1	0	4.6
90	8	149	0	0	0	0	4.6025
90	8	149	0	0	0	0	4.605
90	8	149	0	0	0	0	4.6075
91	7	148	0	0	1	0	4.61
91	7	148	0	0	0	0	4.6125
91	7	148	0	0	0	0	4.615
91	7	148	0	0	0	0	4.6175
90	7	149	0	0	0	1	4.62
90	8	148	0	0	0	0	4.6225
91	8	147	0	0	0	0	4.625
92	8	146	0	0	0	0	4.6275
92	8	146	0	0	0	0	4.63
92	7	147	0	0	0	0	4.6325
92	7	147	0	0	0	0	4.635
92	7	147	0	0	0	0	4.6375
92	7	147	0	0	0	0	4.64
92	7	147	0	0	0	0	4.6425
92	7	147	0	0	0	0	4.645
93	7	146	0	0	0	0	4.6475
93	7	146	0	0	0	0	4.65
92	7	147	0	0	0	1	4.6525
92	6	148	0	0	0	0	4.655
92	6	148	0	0	0	0	4.6575
92	6	148	0	0	0	0	4.66
92	5	149	0	0	0	0	4.6625
93	5	148	0	0	0	0	4.665
93	5	148	0	0	0	0	4.6675
93	5	148	0	0	0	0	4.67
93	5	148	0	0	0	0	4.6725
93	5	148	0	0	0	0	4.675
93	5	148	0	0	0	0	4.6775
93	5	148	0	0	0	0	4.68
93	5	148	0	0	0	0	4.6825
93	5	148	0	0	0	0	4.685
93	5	148	0	0	0	0	4.6875
94	5	147	0	0	0	0	4.69
94	5	147	0	0	0	0	4.6925
93	6	147	0	0	0	0	4.695
93	6	147	0	0	0	0	4.6975
93	6	147	0	0	0	0	4.7
93	6	147	0	0	0	0	4.7025
93	6	147	0	0	0	0	4.705
93	6	147	0	0	0	0	4.7075
93	6	147	0	0	0	0	4.71
93	6	147	0	0	0	0	4.7125
93	6	147	0	0	0	0	4.715
93	6	147	0	0	0	0	4.7175
94	6	146	0	0	0	0	4.72
94	6	146	0	0	0	0	4.7225
93	6	147	0	0	0	1	4.725
93	6	147	0	0	0	0	4.7275
93	6	147	0	0	0	0	4.73
94	6	146	0	0	0	0	4.7325
94	6	146	0	0	0	0	4.735
93	7	146	0	0	0	0	4.7375
92	6	148	0	0	0	1	4.74
92	6	148	0	0	0	0	4.7425
92	6	148	0	0	0	0	4.745
92	6	148	0	0	0	0	4.7475
92	6	148	0	0	0	0	4.75
92	6	148	0	0	0	0	4.7525
92	6	148	0	0	0	0	4.755
92	6	148	0	0	0	0	4.7575
92	6	148	0	0	0	0	4.76
93	6	147	0	0	0	0	4.7625
93	6	147	0	0	0	0	4.765
93	6	147	0	0	0	0	4.7675
93	5	148	0	0	0	0	4.77
94	5	147	0	0	0	0	4.7725
95	5	146	0	0	0	0	4.775
95	5	146	0	0	0	0	4.7775
95	5	146	0	0	0	0	4.78
95	5	146	0	0	0	0	4.7825
95	5	146	0	0	0	0	4.785
95	5	146	0	0	0	0	4.7875
95	5	146	0	0	0	0	4.79
95	5	146	0	0	0	0	4.7925
94	5	147	0	0	0	1	4.795
94	5	147	0	0	0	0	4.7975
94	5	147	0	0	0	0	4.8
94	5	147	0	0	0	0	4.8025
94	5	147	0	0	0	0	4.805
94	5	147	0	0	0	0	4.8075
94	5	147	0	0	0	0	4.81
94	5	147	0	0	0	0	4.8125
93	5	148	0	0	0	1	4.815
93	5	148	0	0	0	0	4.8175
93	5	148	0	0	0	0	4.82
93	5	148	0	0	0	1	4.8225
93	4	148	0	0	1	0	4.825
93	4	148	0	0	0	0	4.8275
93	4	148	0	0	0	0	4.83
92	4	149	0	0	0	1	4.8325
92	4	149	0	0	0	0	4.835
91	4	150	0	0	0	1	4.8375
90	4	151	0	0	0	1	4.84
91	4	150	0	0	0	0	4.8425
91	4	150	0	0	0	0	4.845
91	4	150	0	0	0	0	4.8475
91	4	150	0	0	0	0	4.85
91	4	150	0	0	0	0	4.8525
91	4	150	0	0	0	0	4.855
90	4	151	0	0	0	1	4.8575
90	4	151	0	0	0	0	4.86
90	4	151	0	0	0	0	4.8625
90	4	151	0	0	0	0	4.865
90	4	151	0	0	0	0	4.8675
90	4	151	0	0	0	0	4.87
90	4	151	0	0	0	0	4.8725
90	4	151	0	0	0	0	4.875
90	4	151	0	0	0	0	4.8775
91	4	150	0	0	0	0	4.88
91	4	150	0	0	0	0	4.8825
90	5	150	0	0	0	0	4.885
91	5	149	0	0	0	0	4.8875
91	5	149	0	0	0	0	4.89
91	5	149	0	0	0	0	4.8925
91	5	149	0	0	0	0	4.895
90	5	150	0	0	0	1	4.8975
90	5	150	0	0	0	0	4.9
90	5	150	0	0	0	0	4.9025
90	5	150	0	0	0	0	4.905
91	5	149	0	0	0	0	4.9075
91	5	149	0	0	0	0	4.91
91	5	149	0	0	0	0	4.9125
91	5	149	0	0	0	0	4.915
90	5	150	0	0	0	1	4.9175
90	4	150	0	0	1	0	4.92
90	4	150	0	0	0	0	4.9225
90	4	150	0	0	0	0	4.925
90	4	150	0	0	0	0	4.9275
90	4	150	0	0	0	0	4.93
90	4	150	0	0	0	0	4.9325
90	4	150	0	0	0	0	4.935
91	4	149	0	0	0	0	4.9375
92	4	148	0	0	0	0	4.94
92	4	148	0	0	0	0	4.9425
91	4	149	0	0	0	1	4.945
92	4	148	0	0	0	0	4.9475
92	4	148	0	0	0	0	4.95
92	4	148	0	0	0	0	4.9525
91	4	149	0	0	0	1	4.955
91	4	149	0	0	0	0	4.9575
91	4	149	0	0	0	0	4.96
91	4	149	0	0	0	0	4.9625
91	4	149	0	0	0	0	4.965
91	4	149	0	0	0	0	4.9675
91	4	149	0	0	0	0	4.97
91	4	149	0	0	0	0	4.9725
91	4	149	0	0	0	0	4.975
91	4	149	0	0	0	0	4.9775
91	4	149	0	0	0	0	4.98
90	4	150	0	0	0	1	4.9825
90	4	150	0	0	0	0	4.985
90	4	150	0	0	0	0	4.9875
90	4	150	0	0	0	0	4.99
90	4	150	0	0	0	0	4.9925
90	4	150	0	0	0	0	4.995
90	4	150	0	0	0	0	4.9975
89	4	151	0	0	0	1	5
89	4	151	0	0	0	0	5.0025
89	4	151	0	0	0	0	5.005
89	4	151	0	0	0	0	5.0075
90	4	150	0	0	0	0	5.01
91	4	149	0	0	0	0	5.0125
91	4	149	0	0	0	0	5.015
92	4	148	0	0	0	0	5.0175
92	4	148	0	0	0	0	5.02
93	4	147	0	0	0	0	5.0225
94	3	146	0	0	1	0	5.025
94	3	146	0	0	0	0	5.0275
94	3	146	0	0	0	0	5.03
94	3	146	0	0	0	0	5.0325
94	3	146	0	0	0	0	5.035
94	3	146	0	0	0	0	5.0375
94	3	146	0	0	0	0	5.04
94	3	146	0	0	0	0	5.0425
93	3	147	0	0	0	1	5.045
93	3	147	0	0	0	0	5.0475
94	3	146	0	0	0	0	5.05
94	3	146	0	0	0	0	5.0525
95	3	145	0	0	0	0	5.055
95	3	145	0	0	0	0	5.0575
94	3	146	0	0	0	1	5.06
94	3	146	0	0	0	0	5.0625
94	3	146	0	0	0	0	5.065
94	3	146	0	0	0	0	5.0675
94	3	146	0	0	0	0	5.07
95	3	145	0	0	0	0	5.0725
95	3	145	0	0	0	0	5.075
93	3	147	0	0	0	2	5.0775
93	3	147	0	0	0	0	5.08
94	3	146	0	0	0	0	5.0825
94	2	146	0	0	1	0	5.085
94	2	146	0	0	0	0	5.0875
94	2	146	0	0	0	0	5.09
95	2	145	0	0	0	0	5.0925
96	2	144	0	0	0	0	5.095
96	2	144	0	0	0	0	5.0975
96	2	144	0	0	0	0	5.1
96	2	144	0	0	0	0	5.1025
96	2	144	0	0	0	0	5.105
98	2	143	1	0	0	0	5.1075
97	2	144	0	0	0	1	5.11
97	2	144	0	0	0	0	5.1125
97	2	144	0	0	0	0	5.115
97	2	144	0	0	0	1	5.1175
97	2	144	0	0	0	0	5.12
97	2	144	0	0	0	0	5.1225
97	2	144	0	0	0	0	5.125
97	2	144	0	0	0	0	5.1275
98	2	143	0	0	0	0	5.13
98	2	143	0	0	0	0	5.1325
97	3	143	0	0	0	0	5.135
98	3	142	0	0	0	0	5.1375
98	3	142	0	0	0	0	5.14
97	3	143	0	0	0	1	5.1425
96	3	144	0	0	0	1	5.145
96	3	144	0	0	0	1	5.1475
96	3	144	0	0	0	0	5.15
96	3	144	0	0	0	0	5.1525
95	3	145	0	0	0	1	5.155
95	3	145	0	0	0	0	5.1575
95	3	145	0	0	0	0	5.16
95	3	145	0	0	0	0	5.1625
95	3	145	0	0	0	0	5.165
95	3	145	0	0	0	0	5.1675
95	3	145	0	0	0	1	5.17
95	3	145	0	0	0	0	5.1725
95	3	145	0	0	0	0	5.175
95	3	145	0	0	0	0	5.1775
95	3	145	0	0	0	0	5.18
95	3	145	0	0	0	0	5.1825
95	3	145	0	0	0	0	5.185
95	3	145	0	0	0	0	5.1875
95	3	145	0	0	0	0	5.19
95	3	145	0	0	0	0	5.1925
94	3	146	0	0	0	1	5.195
94	3	146	0	0	0	0	5.1975
93	2	148	0	0	0	1	5.2
93	1	148	0	0	1	0	5.2025
92	1	149	0	0	0	1	5.205
92	1	149	0	0	0	0	5.2075
92	1	149	0	0	0	0	5.21
92	1	149	0	0	0	0	5.2125
92	1	149	0	0	0	0	5.215
92	1	149	0	0	0	0	5.2175
92	1	149	0	0	0	0	5.22
92	1	149	0	0	0	0	5.2225
92	1	149	0	0	0	0	5.225
93	1	148	0	0	0	0	5.2275
94	1	147	0	0	0	0	5.23
94	1	147	0	0	0	0	5.2325
94	1	147	0	0	0	0	5.235
94	1	147	0	0	0	0	5.2375
94	1	147	0	0	0	0	5.24
94	1	147	0	0	0	0	5.2425
95	1	146	0	0	0	0	5.245
94	1	147	0	0	0	1	5.2475
94	1	147	0	0	0	0	5.25
94	1	147	0	0	0	0	5.2525
94	1	147	0	0	0	0	5.255
94	1	147	0	0	0	0	5.2575
94	1	147	0	0	0	0	5.26
94	1	147	0	0	0	0	5.2625
94	1	147	0	0	0	0	5.265
94	1	147	0	0	0	0	5.2675
94	1	147	0	0	0	0	5.27
94	1	147	0	0	0	0	5.2725
96	1	145	0	0	0	0	5.275
96	1	145	0	0	0	0	5.2775
96	1	145	0	0	0	1	5.28
96	1	145	0	0	0	0	5.2825
95	1	146	0	0	0	1	5.285
95	1	146	0	0	0	0	5.2875
95	1	146	0	0	0	0	5.29
95	1	146	0	0	0	0	5.2925
95	1	146	0	0	0	0	5.295
95	1	146	0	0	0	0	5.2975
95	1	146	0	0	0	0	5.3
95	1	146	0	0	0	0	5.3025
95	1	146	0	0	0	0	5.305
95	1	146	0	0	0	0	5.3075
95	1	146	0	0	0	0	5.31
95	1	146	0	0	0	0	5.3125
95	1	146	0	0	0	0	5.315
95	1	146	0	0	0	0	5.3175
97	1	145	1	0	0	0	5.32
97	1	145	0	0	0	0	5.3225
97	1	145	0	0	0	0	5.325
97	1	145	0	0	0	0	5.3275
96	1	146	0	0	0	1	5.33
96	1	146	0	0	0	0	5.3325
96	1	146	0	0	0	0	5.335
96	1	146	0	0	0	0	5.3375
96	1	146	0	0	0	0	5.34
96	1	146	0	0	0	0	5.3425
96	1	146	0	0	0	0	5.345
96	1	146	0	0	0	0	5.3475
96	1	146	0	0	0	0	5.35
96	1	146	0	0	0	0	5.3525
96	1	146	0	0	0	0	5.355
96	1	146	0	0	0	0	5.3575
96	1	146	0	0	0	0	5.36
96	1	146	0	0	0	0	5.3625
96	1	146	0	0	0	0	5.365
96	1	146	0	0	0	0	5.3675
95	1	147	0	0	0	1	5.37
95	1	147	0	0	0	0	5.3725
95	1	147	0	0	0	0	5.375
96	1	146	0	0	0	0	5.3775
96	1	146	0	0	0	0	5.38
97	1	145	0	0	0	0	5.3825
97	1	145	0	0	0	0	5.385
97	1	145	0	0	0	0	5.3875
96	1	146	0	0	0	1	5.39
96	1	146	0	0	0	0	5.3925
95	1	147	0	0	0	1	5.395
95	1	147	0	0	0	0	5.3975
95	1	147	0	0	0	0	5.4
95	1	147	0	0	0	0	5.4025
95	1	147	0	0	0	0	5.405
95	1	147	0	0	0	0	5.4075
95	1	147	0	0	0	0	5.41
95	1	147	0	0	0	0	5.4125
95	1	147	0	0	0	0	5.415
95	1	147	0	0	0	0	5.4175
95	1	147	0	0	0	0	5.42
96	1	146	0	0	0	0	5.4225
96	1	146	0	0	0	0	5.425
97	1	145	0	0	0	0	5.4275
97	1	145	0	0	0	0	5.43
98	0	145	0	0	0	0	5.4325
98	0	145	0	0	0	0	5.435
98	0	145	0	0	0	0	5.4375
98	0	145	0	0	0	0	5.44
99	0	144	0	0	0	0	5.4425
99	0	144	0	0	0	0	5.445
100	0	143	0	0	0	0	5.4475
99	0	144	0	0	0	1	5.45
98	0	145	0	0	0	1	5.4525
99	0	144	0	0	0	0	5.455
100	0	143	0	0	0	0	5.4575
100	0	143	0	0	0	0	5.46
100	0	143	0	0	0	0	5.4625
101	0	142	0	0	0	0	5.465
101	0	142	0	0	0	0	5.4675
101	0	142	0	0	0	0	5.47
101	0	142	0	0	0	0	5.4725
100	0	143	0	0	0	1	5.475
100	0	143	0	0	0	1	5.4775
101	0	142	0	0	0	0	5.48
101	0	142	0	0	0	0	5.4825
103	0	140	0	0	0	0	5.485
103	0	140	0	0	0	0	5.4875
103	0	140	0	0	0	0	5.49
103	0	140	0	0	0	0	5.4925
102	0	141	0	0	0	1	5.495
102	0	141	0	0	0	0	5.4975
102	0	141	0	0	0	0	5.5
101	0	142	0	0	0	1	5.5025
101	0	142	0	0	0	0	5.505
101	0	142	0	0	0	0	5.5075
101	0	142	0	0	0	0	5.51
102	0	141	0	0	0	0	5.5125
103	0	140	0	0	0	0	5.515
103	0	140	0	0	0	0	5.5175
103	0	140	0	0	0	0	5.52
102	0	141	0	0	0	1	5.5225
102	0	141	0	0	0	0	5.525
102	0	141	0	0	0	0	5.5275
102	0	141	0	0	0	0	5.53
102	0	141	0	0	0	0	5.5325
102	0	141	0	0	0	0	5.535
104	0	139	0	0	0	0	5.5375
104	0	139	0	0	0	0	5.54
104	0	139	0	0	0	0	5.5425
103	0	140	0	0	0	1	5.545
102	0	141	0	0	0	1	5.5475
102	0	141	0	0	0	0	5.55
102	0	141	0	0	0	0	5.5525
101	0	142	0	0	0	1	5.555
101	0	142	0	0	0	0	5.5575
101	0	142	0	0	0	0	5.56
101	0	142	0	0	0	0	5.5625
102	0	140	0	1	0	0	5.565
102	0	140	0	0	0	0	5.5675
103	0	139	0	0	0	0	5.57
103	0	139	0	0	0	0	5.5725
103	0	139	0	0	0	0	5.575
103	0	139	0	0	0	0	5.5775
103	0	139	0	0	0	0	5.58
104	0	138	0	0	0	0	5.5825
106	0	136	0	0	0	0	5.585
106	0	136	0	0	0	0	5.5875
106	0	136	0	0	0	0	5.59
106	0	136	0	0	0	0	5.5925
106	0	136	0	0	0	0	5.595
106	0	136	0	0	0	0	5.5975
107	0	135	0	0	0	0	5.6
108	0	134	0	0	0	0	5.6025
108	0	134	0	0	0	0	5.605
108	0	134	0	0	0	0	5.6075
108	0	134	0	0	0	0	5.61
108	0	134	0	0	0	0	5.6125
108	0	134	0	0	0	0	5.615
108	0	134	0	0	0	0	5.6175
108	0	134	0	0	0	0	5.62
108	0	134	0	0	0	0	5.6225
108	0	134	0	0	0	1	5.625
109	0	133	0	0	0	0	5.6275
109	0	133	0	0	0	0	5.63
110	0	132	0	0	0	0	5.6325
110	0	132	0	0	0	0	5.635
111	0	131	0	0	0	0	5.6375
111	0	131	0	0	0	0	5.64
111	0	131	0	0	0	0	5.6425
111	0	131	0	0	0	0	5.645
111	0	131	0	0	0	0	5.6475
110	0	132	0	0	0	1	5.65
110	0	132	0	0	0	1	5.6525
110	0	132	0	0	0	0	5.655
110	0	132	0	0	0	0	5.6575
110	0	132	0	0	0	0	5.66
111	0	131	0	0	0	0	5.6625
111	0	131	0	0	0	0	5.665
111	0	131	0	0	0	0	5.6675
111	0	131	0	0	0	0	5.67
111	0	131	0	0	0	0	5.6725
112	0	130	0	0	0	0	5.675
112	0	130	0	0	0	0	5.6775
112	0	130	0	0	0	0	5.68
112	0	130	0	0	0	0	5.6825
112	0	130	0	0	0	0	5.685
112	0	130	0	0	0	0	5.6875
112	0	130	0	0	0	0	5.69
112	0	130	0	0	0	0	5.6925
113	0	129	0	0	0	0	5.695
113	0	129	0	0	0	1	5.6975
113	0	129	0	0	0	0	5.7
113	0	129	0	0	0	0	5.7025
113	0	129	0	0	0	0	5.705
113	0	129	0	0	0	0	5.7075
113	0	129	0	0	0	0	5.71
113	0	129	0	0	0	0	5.7125
113	0	129	0	0	0	0	5.715
112	0	130	0	0	0	1	5.7175
111	0	131	0	0	0	1	5.72
112	0	130	0	0	0	0	5.7225
112	0	130	0	0	0	0	5.725
112	0	130	0	0	0	0	5.7275
112	0	130	0	0	0	0	5.73
112	0	130	0	0	0	0	5.7325
112	0	130	0	0	0	0	5.735
112	0	130	0	0	0	0	5.7375
112	0	130	0	0	0	0	5.74
112	0	130	0	0	0	0	5.7425
112	0	130	0	0	0	0	5.745
112	0	130	0	0	0	0	5.7475
111	0	131	0	0	0	1	5.75
111	0	131	0	0	0	0	5.7525
110	0	132	0	0	0	1	5.755
110	0	132	0	0	0	0	5.7575
110	0	132	0	0	0	0	5.76
110	0	132	0	0	0	0	5.7625
110	0	132	0	0	0	0	5.765
110	0	132	0	0	0	0	5.7675
110	0	132	0	0	0	0	5.77
110	0	132	0	0	0	0	5.7725
110	0	132	0	0	0	0	5.775
110	0	132	0	0	0	0	5.7775
110	0	132	0	0	0	0	5.78
110	0	132	0	0	0	0	5.7825
110	0	132	0	0	0	0	5.785
110	0	132	0	0	0	0	5.7875
110	0	132	0	0	0	0	5.79
110	0	132	0	0	0	0	5.7925
109	0	133	0	0	0	1	5.795
109	0	133	0	0	0	0	5.7975
109	0	133	0	0	0	0	5.8
107	0	135	0	0	0	2	5.8025
107	0	135	0	0	0	0	5.805
107	0	135	0	0	0	0	5.8075
107	0	135	0	0	0	0	5.81
108	0	134	0	0	0	0	5.8125
108	0	134	0	0	0	0	5.815
108	0	134	0	0	0	0	5.8175
108	0	134	0	0	0	0	5.82
108	0	134	0	0	0	0	5.8225
108	0	134	0	0	0	0	5.825
108	0	134	0	0	0	0	5.8275
108	0	134	0	0	0	0	5.83
109	0	133	0	0	0	0	5.8325
109	0	133	0	0	0	0	5.835
109	0	133	0	0	0	0	5.8375
109	0	133	0	0	0	0	5.84
109	0	133	0	0	0	0	5.8425
109	0	133	0	0	0	0	5.845
109	0	133	0	0	0	0	5.8475
108	0	133	0	1	0	0	5.85
108	0	133	0	0	0	0	5.8525
109	0	132	0	0	0	0	5.855
110	0	131	0	0	0	0	5.8575
110	0	131	0	0	0	0	5.86
110	0	131	0	0	0	0	5.8625
110	0	131	0	0	0	0	5.865
110	0	131	0	0	0	0	5.8675
110	0	131	0	0	0	0	5.87
110	0	131	0	0	0	0	5.8725
110	0	131	0	0	0	0	5.875
110	0	131	0	0	0	0	5.8775
111	0	130	0	0	0	0	5.88
111	0	130	0	0	0	0	5.8825
111	0	130	0	0	0	0	5.885
111	0	130	0	0	0	0	5.8875
111	0	130	0	0	0	0	5.89
112	0	129	0	0	0	0	5.8925
112	0	129	0	0	0	0	5.895
111	0	130	0	0	0	1	5.8975
112	0	129	0	0	0	0	5.9
113	0	128	0	0	0	0	5.9025
113	0	128	0	0	0	0	5.905
113	0	128	0	0	0	0	5.9075
112	0	129	0	0	0	1	5.91
112	0	129	0	0	0	0	5.9125
112	0	129	0	0	0	0	5.915
112	0	129	0	0	0	0	5.9175
112	0	129	0	0	0	0	5.92
113	0	128	0	0	0	0	5.9225
115	0	126	0	0	0	0	5.925
115	0	126	0	0	0	0	5.9275
115	0	126	0	0	0	0	5.93
115	0	126	0	0	0	0	5.9325
115	0	126	0	0	0	0	5.935
115	0	126	0	0	0	0	5.9375
115	0	126	0	0	0	0	5.94
115	0	126	0	0	0	0	5.9425
115	0	126	0	0	0	0	5.945
115	0	126	0	0	0	0	5.9475
115	0	126	0	0	0	0	5.95
115	0	126	0	0	0	0	5.9525
115	0	126	0	0	0	0	5.955
115	0	126	0	0	0	0	5.9575
116	0	125	0	0	0	0	5.96
115	0	126	0	0	0	1	5.9625
115	0	126	0	0	0	0	5.965
115	0	126	0	0	0	0	5.9675
115	0	126	0	0	0	0	5.97
115	0	126	0	0	0	0	5.9725
115	0	126	0	0	0	0	5.975
115	0	126	0	0	0	0	5.9775
115	0	126	0	0	0	0	5.98
114	0	127	0	0	0	1	5.9825
113	0	128	0	0	0	1	5.985
114	0	127	0	0	0	0	5.9875
114	0	127	0	0	0	0	5.99
114	0	127	0	0	0	0	5.9925
114	0	127	0	0	0	0	5.995
114	0	127	0	0	0	0	5.9975
114	0	127	0	0	0	0	6
114	0	127	0	0	0	0	6.0025
115	0	126	0	0	0	0	6.005
115	0	126	0	0	0	0	6.0075
115	0	126	0	0	0	0	6.01
115	0	126	0	0	0	0	6.0125
115	0	126	0	0	0	0	6.015
116	0	125	0	0	0	0	6.0175
114	0	127	0	0	0	2	6.02
113	0	128	0	0	0	1	6.0225
113	0	128	0	0	0	0	6.025
113	0	128	0	0	0	0	6.0275
114	0	127	0	0	0	0	6.03
113	0	128	0	0	0	1	6.0325
113	0	128	0	0	0	0	6.035
113	0	128	0	0	0	0	6.0375
112	0	129	0	0	0	1	6.04
111	0	130	0	0	0	1	6.0425
111	0	130	0	0	0	0	6.045
112	0	129	0	0	0	0	6.0475
112	0	129	0	0	0	0	6.05
113	0	128	0	0	0	1	6.0525
113	0	128	0	0	0	0	6.055
113	0	128	0	0	0	0	6.0575
113	0	128	0	0	0	0	6.06
113	0	128	0	0	0	0	6.0625
113	0	128	0	0	0	0	6.065
113	0	128	0	0	0	0	6.0675
112	0	129	0	0	0	1	6.07
113	0	128	0	0	0	0	6.0725
113	0	128	0	0	0	1	6.075
113	0	128	0	0	0	0	6.0775
113	0	128	0	0	0	0	6.08
113	0	128	0	0	0	0	6.0825
114	0	127	0	0	0	0	6.085
113	0	128	0	0	0	1	6.0875
112	0	128	0	1	0	0	6.09
112	0	128	0	0	0	0	6.0925
112	0	128	0	0	0	0	6.095
112	0	128	0	0	0	0	6.0975
111	0	129	0	0	0	1	6.1
111	0	129	0	0	0	0	6.1025
110	0	130	0	0	0	1	6.105
110	0	130	0	0	0	0	6.1075
110	0	130	0	0	0	0	6.11
112	0	128	0	0	0	0	6.1125
112	0	128	0	0	0	0	6.115
112	0	128	0	0	0	0	6.1175
112	0	128	0	0	0	0	6.12
112	0	128	0	0	0	0	6.1225
112	0	128	0	0	0	0	6.125
111	0	129	0	0	0	1	6.1275
110	0	130	0	0	0	1	6.13
110	0	130	0	0	0	0	6.1325
110	0	130	0	0	0	0	6.135
111	0	129	0	0	0	0	6.1375
111	0	129	0	0	0	1	6.14
111	0	129	0	0	0	0	6.1425
111	0	129	0	0	0	1	6.145
112	0	128	0	0	0	0	6.1475
113	0	127	0	0	0	0	6.15
113	0	127	0	0	0	0	6.1525
115	0	125	0	0	0	0	6.155
116	0	125	1	0	0	0	6.1575
116	0	125	0	0	0	0	6.16
114	0	126	0	1	0	2	6.1625
114	0	126	0	0	0	0	6.165
114	0	126	0	0	0	0	6.1675
114	0	126	0	0	0	0	6.17
114	0	126	0	0	0	0	6.1725
114	0	126	0	0	0	0	6.175
113	0	127	0	0	0	1	6.1775
114	0	126	0	0	0	0	6.18
113	0	127	0	0	0	1	6.1825
113	0	127	0	0	0	0	6.185
112	0	128	0	0	0	1	6.1875
112	0	128	0	0	0	0	6.19
111	0	129	0	0	0	1	6.1925
111	0	129	0	0	0	0	6.195
111	0	129	0	0	0	0	6.1975
111	0	129	0	0	0	0	6.2
111	0	129	0	0	0	0	6.2025
111	0	129	0	0	0	0	6.205
111	0	129	0	0	0	0	6.2075
111	0	129	0	0	0	0	6.21
111	0	129	0	0	0	0	6.2125
111	0	129	0	0	0	0	6.215
111	0	129	0	0	0	0	6.2175
112	0	128	0	0	0	0	6.22
112	0	128	0	0	0	0	6.2225
110	0	130	0	0	0	2	6.225
110	0	130	0	0	0	0	6.2275
110	0	130	0	0	0	0	6.23
110	0	130	0	0	0	0	6.2325
111	0	129	0	0	0	0	6.235
111	0	129	0	0	0	0	6.2375
111	0	129	0	0	0	0	6.24
110	0	130	0	0	0	1	6.2425
110	0	130	0	0	0	0	6.245
110	0	130	0	0	0	0	6.2475
110	0	130	0	0	0	0	6.25
110	0	130	0	0	0	0	6.2525
111	0	129	0	0	0	0	6.255
111	0	129	0	0	0	0	6.2575
111	0	129	0	0	0	0	6.26
111	0	129	0	0	0	0	6.2625
111	0	129	0	0	0	0	6.265
111	0	129	0	0	0	0	6.2675
111	0	129	0	0	0	0	6.27
111	0	129	0	0	0	0	6.2725
111	0	129	0	0	0	0	6.275
111	0	129	0	0	0	0	6.2775
111	0	129	0	0	0	0	6.28
111	0	129	0	0	0	0	6.2825
110	0	130	0	0	0	1	6.285
110	0	130	0	0	0	0	6.2875
111	0	129	0	0	0	0	6.29
110	0	130	0	0	0	1	6.2925
111	0	129	0	0	0	0	6.295
111	0	129	0	0	0	0	6.2975
110	0	130	0	0	0	1	6.3
109	0	131	0	0	0	1	6.3025
109	0	131	0	0	0	0	6.305
110	0	130	0	0	0	0	6.3075
110	0	130	0	0	0	0	6.31
109	0	131	0	0	0	1	6.3125
109	0	131	0	0	0	0	6.315
109	0	131	0	0	0	0	6.3175
109	0	131	0	0	0	0	6.32
109	0	131	0	0	0	0	6.3225
109	0	131	0	0	0	0	6.325
109	0	131	0	0	0	0	6.3275
109	0	131	0	0	0	0	6.33
109	0	131	0	0	0	0	6.3325
109	0	131	0	0	0	0	6.335
109	0	131	0	0	0	1	6.3375
109	0	131	0	0	0	0	6.34
109	0	131	0	0	0	0	6.3425
109	0	131	0	0	0	0	6.345
109	0	131	0	0	0	0	6.3475
109	0	131	0	0	0	0	6.35
109	0	131	0	0	0	0	6.3525
109	0	131	0	0	0	0	6.355
109	0	131	0	0	0	0	6.3575
109	0	131	0	0	0	1	6.36
109	0	131	0	0	0	0	6.3625
109	0	131	0	0	0	0	6.365
110	0	130	0	0	0	0	6.3675
110	0	130	0	0	0	0	6.37
110	0	130	0	0	0	0	6.3725
110	0	130	0	0	0	0	6.375
111	0	129	0	0	0	0	6.3775
111	0	129	0	0	0	0	6.38
112	0	128	0	0	0	0	6.3825
111	0	129	0	0	0	1	6.385
111	0	129	0	0	0	0	6.3875
110	0	130	0	0	0	1	6.39
110	0	130	0	0	0	0	6.3925
111	0	129	0	0	0	0	6.395
111	0	129	0	0	0	0	6.3975
111	0	129	0	0	0	0	6.4
111	0	129	0	0	0	0	6.4025
111	0	129	0	0	0	0	6.405
111	0	129	0	0	0	0	6.4075
111	0	129	0	0	0	0	6.41
111	0	129	0	0	0	1	6.4125
111	0	129	0	0	0	0	6.415
111	0	129	0	0	0	0	6.4175
111	0	129	0	0	0	0	6.42
111	0	129	0	0	0	0	6.4225
111	0	129	0	0	0	0	6.425
112	0	128	0	0	0	0	6.4275
112	0	128	0	0	0	0	6.43
112	0	128	0	0	0	0	6.4325
112	0	128	0	0	0	0	6.435
112	0	128	0	0	0	0	6.4375
112	0	128	0	0	0	0	6.44
112	0	128	0	0	0	0	6.4425
112	0	128	0	0	0	0	6.445
113	0	127	0	0	0	0	6.4475
113	0	127	0	0	0	0	6.45
113	0	127	0	0	0	0	6.4525
112	0	128	0	0	0	1	6.455
112	0	128	0	0	0	0	6.4575
112	0	128	0	0	0	0	6.46
112	0	128	0	0	0	0	6.4625
113	0	127	0	0	0	0	6.465
113	0	127	0	0	0	0	6.4675
113	0	127	0	0	0	0	6.47
113	0	127	0	0	0	0	6.4725
113	0	127	0	0	0	0	6.475
113	0	127	0	0	0	0	6.4775
113	0	127	0	0	0	0	6.48
113	0	127	0	0	0	0	6.4825
114	0	126	0	0	0	0	6.485
114	0	126	0	0	0	0	6.4875
115	0	125	0	0	0	0	6.49
115	0	125	0	0	0	0	6.4925
115	0	125	0	0	0	0	6.495
116	0	124	0	0	0	0	6.4975
117	0	123	0	0	0	0	6.5
117	0	123	0	0	0	0	6.5025
117	0	123	0	0	0	0	6.505
116	0	124	0	0	0	1	6.5075
116	0	124	0	0	0	1	6.51
116	0	124	0	0	0	0	6.5125
116	0	124	0	0	0	0	6.515
116	0	124	0	0	0	0	6.5175
116	0	124	0	0	0	1	6.52
117	0	123	0	0	0	0	6.5225
118	0	122	0	0	0	0	6.525
118	0	122	0	0	0	0	6.5275
119	0	121	0	0	0	0	6.53
119	0	121	0	0	0	0	6.5325
119	0	121	0	0	0	1	6.535
119	0	121	0	0	0	0	6.5375
120	0	120	0	0	0	0	6.54
120	0	120	0	0	0	0	6.5425
120	0	120	0	0	0	0	6.545
120	0	120	0	0	0	0	6.5475
119	0	121	0	0	0	1	6.55
118	0	122	0	0	0	1	6.5525
118	0	122	0	0	0	1	6.555
117	0	123	0	0	0	1	6.5575
118	0	122	0	0	0	0	6.56
118	0	122	0	0	0	0	6.5625
118	0	122	0	0	0	0	6.565
118	0	122	0	0	0	0	6.5675
117	0	123	0	0	0	1	6.57
117	0	123	0	0	0	0	6.5725
117	0	123	0	0	0	0	6.575
117	0	123	0	0	0	0	6.5775
117	0	123	0	0	0	0	6.58
117	0	123	0	0	0	0	6.5825
117	0	123	0	0	0	0	6.585
117	0	123	0	0	0	0	6.5875
116	0	124	0	0	0	1	6.59
117	0	123	0	0	0	0	6.5925
118	0	122	0	0	0	0	6.595
117	0	123	0	0	0	1	6.5975
117	0	123	0	0	0	0	6.6
117	0	123	0	0	0	0	6.6025
117	0	123	0	0	0	0	6.605
117	0	123	0	0	0	0	6.6075
117	0	123	0	0	0	0	6.61
117	0	123	0	0	0	0	6.6125
118	0	122	0	0	0	0	6.615
118	0	122	0	0	0	0	6.6175
119	0	121	0	0	0	0	6.62
119	0	121	0	0	0	0	6.6225
119	0	121	0	0	0	0	6.625
119	0	121	0	0	0	0	6.6275
119	0	121	0	0	0	0	6.63
119	0	121	0	0	0	0	6.6325
120	0	120	0	0	0	0	6.635
120	0	120	0	0	0	1	6.6375
120	0	120	0	0	0	0	6.64
120	0	120	0	0	0	0	6.6425
120	0	120	0	0	0	0	6.645
119	0	121	0	0	0	1	6.6475
119	0	121	0	0	0	0	6.65
119	0	121	0	0	0	0	6.6525
119	0	121	0	0	0	0	6.655
118	0	122	0	0	0	1	6.6575
117	0	123	0	0	0	1	6.66
117	0	123	0	0	0	0	6.6625
117	0	123	0	0	0	0	6.665
116	0	124	0	0	0	1	6.6675
116	0	124	0	0	0	0	6.67
116	0	124	0	0	0	0	6.6725
116	0	124	0	0	0	1	6.675
117	0	123	0	0	0	0	6.6775
117	0	123	0	0	0	0	6.68
117	0	123	0	0	0	0	6.6825
117	0	123	0	0	0	0	6.685
118	0	122	0	0	0	0	6.6875
118	0	122	0	0	0	0	6.69
118	0	122	0	0	0	0	6.6925
118	0	122	0	0	0	1	6.695
118	0	122	0	0	0	1	6.6975
118	0	122	0	0	0	0	6.7
118	0	122	0	0	0	0	6.7025
118	0	122	0	0	0	0	6.705
118	0	122	0	0	0	0	6.7075
118	0	122	0	0	0	0	6.71
118	0	122	0	0	0	0	6.7125
118	0	122	0	0	0	0	6.715
119	0	121	0	0	0	0	6.7175
119	0	121	0	0	0	0	6.72
119	0	121	0	0	0	0	6.7225
118	0	122	0	0	0	1	6.725
118	0	122	0	0	0	0	6.7275
118	0	122	0	0	0	0	6.73
119	0	121	0	0	0	0	6.7325
119	0	121	0	0	0	0	6.735
118	0	122	0	0	0	1	6.7375
118	0	122	0	0	0	0	6.74
118	0	122	0	0	0	1	6.7425
118	0	122	0	0	0	0	6.745
118	0	122	0	0	0	0	6.7475
118	0	122	0	0	0	0	6.75
118	0	122	0	0	0	0	6.7525
118	0	122	0	0	0	0	6.755
118	0	122	0	0	0	0	6.7575
118	0	122	0	0	0	0	6.76
118	0	122	0	0	0	0	6.7625
118	0	122	0	0	0	0	6.765
118	0	122	0	0	0	0	6.7675
118	0	122	0	0	0	0	6.77
118	0	122	0	0	0	0	6.7725
119	0	121	0	0	0	0	6.775
119	0	121	0	0	0	0	6.7775
119	0	121	0	0	0	0	6.78
119	0	121	0	0	0	0	6.7825
119	0	121	0	0	0	0	6.785
118	0	122	0	0	0	1	6.7875
117	0	123	0	0	0	1	6.79
117	0	123	0	0	0	0	6.7925
117	0	123	0	0	0	0	6.795
117	0	123	0	0	0	0	6.7975
117	0	123	0	0	0	0	6.8
117	0	123	0	0	0	0	6.8025
118	0	122	0	0	0	0	6.805
118	0	122	0	0	0	0	6.8075
118	0	122	0	0	0	0	6.81
118	0	122	0	0	0	0	6.8125
118	0	122	0	0	0	0	6.815
118	0	122	0	0	0	0	6.8175
119	0	121	0	0	0	0	6.82
119	0	121	0	0	0	0	6.8225
120	0	120	0	0	0	0	6.825
120	0	120	0	0	0	0	6.8275
120	0	120	0	0	0	0	6.83
119	0	121	0	0	0	1	6.8325
119	0	121	0	0	0	0	6.835
120	0	120	0	0	0	0	6.8375
120	0	120	0	0	0	0	6.84
119	0	121	0	0	0	1	6.8425
120	0	120	0	0	0	0	6.845
120	0	120	0	0	0	0	6.8475
120	0	120	0	0	0	0	6.85
120	0	120	0	0	0	0	6.8525
120	0	120	0	0	0	0	6.855
120	0	120	0	0	0	0	6.8575
120	0	120	0	0	0	0	6.86
120	0	120	0	0	0	0	6.8625
120	0	120	0	0	0	0	6.865
120	0	120	0	0	0	0	6.8675
119	0	121	0	0	0	1	6.87
119	0	121	0	0	0	0	6.8725
119	0	121	0	0	0	0	6.875
119	0	121	0	0	0	0	6.8775
119	0	121	0	0	0	0	6.88
119	0	121	0	0	0	0	6.8825
119	0	121	0	0	0	0	6.885
119	0	121	0	0	0	0	6.8875
119	0	121	0	0	0	0	6.89
119	0	121	0	0	0	0	6.8925
119	0	121	0	0	0	0	6.895
119	0	121	0	0	0	0	6.8975
119	0	121	0	0	0	0	6.9
119	0	121	0	0	0	0	6.9025
119	0	121	0	0	0	0	6.905
118	0	122	0	0	0	1	6.9075
117	0	123	0	0	0	1	6.91
116	0	124	0	0	0	1	6.9125
117	0	123	0	0	0	0	6.915
117	0	123	0	0	0	0	6.9175
117	0	123	0	0	0	0	6.92
117	0	123	0	0	0	0	6.9225
116	0	124	0	0	0	1	6.925
116	0	124	0	0	0	0	6.9275
116	0	124	0	0	0	0	6.93
116	0	124	0	0	0	0	6.9325
116	0	124	0	0	0	0	6.935
116	0	124	0	0	0	0	6.9375
117	0	123	0	0	0	0	6.94
116	0	124	0	0	0	1	6.9425
118	0	122	0	0	0	0	6.945
117	0	123	0	0	0	1	6.9475
118	0	122	0	0	0	0	6.95
117	0	123	0	0	0	1	6.9525
117	0	123	0	0	0	0	6.955
117	0	123	0	0	0	0	6.9575
117	0	123	0	0	0	0	6.96
117	0	123	0	0	0	0	6.9625
115	0	125	0	0	0	2	6.965
115	0	125	0	0	0	0	6.9675
116	0	124	0	0	0	0	6.97
116	0	124	0	0	0	0	6.9725
116	0	124	0	0	0	0	6.975
116	0	124	0	0	0	0	6.9775
115	0	125	0	0	0	1	6.98
115	0	125	0	0	0	0	6.9825
115	0	125	0	0	0	0	6.985
115	0	125	0	0	0	0	6.9875
114	0	126	0	0	0	1	6.99
114	0	126	0	0	0	0	6.9925
113	0	127	0	0	0	1	6.995
113	0	127	0	0	0	0	6.9975
113	0	127	0	0	0	0	7
113	0	127	0	0	0	0	7.0025
113	0	127	0	0	0	0	7.005
114	0	126	0	0	0	0	7.0075
115	0	125	0	0	0	0	7.01
116	0	124	0	0	0	0	7.0125
116	0	124	0	0	0	0	7.015
116	0	124	0	0	0	0	7.0175
117	0	123	0	0	0	0	7.02
117	0	123	0	0	0	0	7.0225
117	0	123	0	0	0	0	7.025
116	0	124	0	0	0	1	7.0275
116	0	124	0	0	0	0	7.03
117	0	123	0	0	0	0	7.0325
117	0	123	0	0	0	0	7.035
117	0	123	0	0	0	0	7.0375
117	0	123	0	0	0	0	7.04
117	0	123	0	0	0	0	7.0425
117	0	123	0	0	0	0	7.045
117	0	123	0	0	0	0	7.0475
118	0	122	0	0	0	0	7.05
117	0	123	0	0	0	1	7.0525
117	0	123	0	0	0	0	7.055
117	0	123	0	0	0	0	7.0575
117	0	123	0	0	0	0	7.06
117	0	123	0	0	0	0	7.0625
119	0	121	0	0	0	0	7.065
119	0	121	0	0	0	0	7.0675
119	0	121	0	0	0	0	7.07
119	0	121	0	0	0	0	7.0725
119	0	121	0	0	0	0	7.075
119	0	121	0	0	0	0	7.0775
121	0	119	0	0	0	0	7.08
122	0	118	0	0	0	0	7.0825
122	0	118	0	0	0	0	7.085
122	0	118	0	0	0	0	7.0875
122	0	118	0	0	0	0	7.09
122	0	118	0	0	0	0	7.0925
121	0	118	0	1	0	1	7.095
121	0	118	0	0	0	0	7.0975
122	0	118	1	0	0	0	7.1
122	0	118	0	0	0	0	7.1025
122	0	118	0	0	0	0	7.105
122	0	118	0	0	0	0	7.1075
122	0	118	0	0	0	0	7.11
122	0	118	0	0	0	0	7.1125
122	0	118	0	0	0	0	7.115
122	0	118	0	0	0	0	7.1175
123	0	117	0	0	0	0	7.12
123	0	117	0	0	0	0	7.1225
123	0	117	0	0	0	0	7.125
123	0	117	0	0	0	0	7.1275
123	0	117	0	0	0	0	7.13
124	0	116	0	0	0	0	7.1325
124	0	116	0	0	0	0	7.135
124	0	116	0	0	0	0	7.1375
124	0	116	0	0	0	0	7.14
124	0	116	0	0	0	0	7.1425
124	0	116	0	0	0	0	7.145
124	0	116	0	0	0	0	7.1475
124	0	116	0	0	0	0	7.15
124	0	116	0	0	0	0	7.1525
124	0	116	0	0	0	0	7.155
124	0	116	0	0	0	0	7.1575
124	0	116	0	0	0	0	7.16
125	0	115	0	0	0	0	7.1625
125	0	115	0	0	0	0	7.165
125	0	115	0	0	0	0	7.1675
125	0	115	0	0	0	0	7.17
125	0	115	0	0	0	0	7.1725
125	0	115	0	0	0	0	7.175
126	0	114	0	0	0	0	7.1775
126	0	114	0	0	0	0	7.18
126	0	114	0	0	0	0	7.1825
126	0	114	0	0	0	0	7.185
126	0	114	0	0	0	0	7.1875
127	0	113	0	0	0	0	7.19
127	0	113	0	0	0	0	7.1925
127	0	113	0	0	0	0	7.195
128	0	112	0	0	0	0	7.1975
129	0	111	0	0	0	0	7.2
130	0	110	0	0	0	0	7.2025
130	0	110	0	0	0	0	7.205
130	0	110	0	0	0	0	7.2075
130	0	110	0	0	0	0	7.21
130	0	110	0	0	0	0	7.2125
130	0	110	0	0	0	0	7.215
129	0	111	0	0	0	1	7.2175
129	0	111	0	0	0	0	7.22
130	0	110	0	0	0	0	7.2225
130	0	110	0	0	0	0	7.225
130	0	110	0	0	0	0	7.2275
129	0	111	0	0	0	1	7.23
129	0	111	0	0	0	0	7.2325
129	0	111	0	0	0	0	7.235
128	0	112	0	0	0	1	7.2375
127	0	113	0	0	0	1	7.24
127	0	113	0	0	0	0	7.2425
127	0	113	0	0	0	0	7.245
127	0	113	0	0	0	0	7.2475
128	0	112	0	0	0	0	7.25
128	0	112	0	0	0	0	7.2525
128	0	112	0	0	0	0	7.255
128	0	112	0	0	0	0	7.2575
128	0	112	0	0	0	0	7.26
127	0	113	0	0	0	1	7.2625
127	0	113	0	0	0	1	7.265
127	0	113	0	0	0	0	7.2675
127	0	113	0	0	0	0	7.27
127	0	113	0	0	0	0	7.2725
128	0	112	0	0	0	0	7.275
128	0	112	0	0	0	0	7.2775
128	0	112	0	0	0	0	7.28
128	0	112	0	0	0	0	7.2825
128	0	112	0	0	0	0	7.285
128	0	112	0	0	0	0	7.2875
129	0	111	0	0	0	0	7.29
129	0	111	0	0	0	0	7.2925
129	0	111	0	0	0	0	7.295
129	0	111	0	0	0	0	7.2975
129	0	111	0	0	0	0	7.3
129	0	111	0	0	0	0	7.3025
129	0	111	0	0	0	0	7.305
128	0	112	0	0	0	1	7.3075
128	0	112	0	0	0	0	7.31
129	0	111	0	0	0	0	7.3125
129	0	111	0	0	0	0	7.315
128	0	112	0	0	0	1	7.3175
128	0	112	0	0	0	0	7.32
128	0	112	0	0	0	0	7.3225
128	0	112	0	0	0	0	7.325
126	0	114	0	0	0	2	7.3275
126	0	114	0	0	0	0	7.33
125	0	115	0	0	0	1	7.3325
126	0	114	0	0	0	0	7.335
126	0	114	0	0	0	0	7.3375
126	0	114	0	0	0	0	7.34
126	0	114	0	0	0	0	7.3425
126	0	114	0	0	0	0	7.345
126	0	114	0	0	0	0	7.3475
126	0	114	0	0	0	0	7.35
125	0	115	0	0	0	1	7.3525
125	0	115	0	0	0	0	7.355
125	0	115	0	0	0	0	7.3575
125	0	115	0	0	0	0	7.36
125	0	115	0	0	0	0	7.3625
125	0	115	0	0	0	0	7.365
125	0	115	0	0	0	0	7.3675
124	0	116	0	0	0	1	7.37
124	0	116	0	0	0	0	7.3725
124	0	116	0	0	0	0	7.375
123	0	117	0	0	0	1	7.3775
122	0	118	0	0	0	1	7.38
122	0	118	0	0	0	0	7.3825
122	0	118	0	0	0	0	7.385
122	0	118	0	0	0	0	7.3875
122	0	118	0	0	0	0	7.39
122	0	118	0	0	0	0	7.3925
122	0	118	0	0	0	0	7.395
123	0	117	0	0	0	0	7.3975
122	0	118	0	0	0	1	7.4
121	0	119	0	0	0	1	7.4025
121	0	119	0	0	0	0	7.405
121	0	119	0	0	0	0	7.4075
121	0	119	0	0	0	0	7.41
120	0	120	0	0	0	1	7.4125
120	0	120	0	0	0	0	7.415
121	0	119	0	0	0	0	7.4175
121	0	119	0	0	0	0	7.42
121	0	119	0	0	0	0	7.4225
121	0	119	0	0	0	0	7.425
121	0	119	0	0	0	0	7.4275
122	0	118	0	0	0	0	7.43
123	0	118	1	0	0	0	7.4325
122	0	119	0	0	0	1	7.435
122	0	119	0	0	0	0	7.4375
121	0	120	0	0	0	1	7.44
121	0	120	0	0	0	0	7.4425
122	0	120	1	0	0	0	7.445
121	0	121	0	0	0	1	7.4475
121	0	121	0	0	0	1	7.45
121	0	121	0	0	0	0	7.4525
121	0	121	0	0	0	0	7.455
121	0	121	0	0	0	0	7.4575
121	0	121	0	0	0	0	7.46
121	0	121	0	0	0	0	7.4625
121	0	121	0	0	0	0	7.465
121	0	121	0	0	0	0	7.4675
121	0	121	0	0	0	0	7.47
121	0	121	0	0	0	0	7.4725
121	0	121	0	0	0	0	7.475
121	0	121	0	0	0	0	7.4775
120	0	122	0	0	0	1	7.48
121	0	121	0	0	0	0	7.4825
120	0	121	0	1	0	0	7.485
120	0	121	0	0	0	0	7.4875
120	0	121	0	0	0	0	7.49
120	0	121	0	0	0	0	7.4925
120	0	121	0	0	0	0	7.495
120	0	121	0	0	0	0	7.4975
119	0	122	0	0	0	1	7.5
119	0	122	0	0	0	0	7.5025
119	0	122	0	0	0	0	7.505
118	0	123	0	0	0	1	7.5075
118	0	123	0	0	0	0	7.51
118	0	123	0	0	0	0	7.5125
118	0	123	0	0	0	0	7.515
119	0	122	0	0	0	0	7.5175
119	0	122	0	0	0	0	7.52
119	0	122	0	0	0	0	7.5225
119	0	122	0	0	0	0	7.525
119	0	122	0	0	0	0	7.5275
119	0	122	0	0	0	0	7.53
118	0	123	0	0	0	1	7.5325
118	0	123	0	0	0	1	7.535
118	0	123	0	0	0	0	7.5375
118	0	123	0	0	0	0	7.54
118	0	123	0	0	0	0	7.5425
118	0	123	0	0	0	0	7.545
118	0	123	0	0	0	0	7.5475
118	0	123	0	0	0	0	7.55
118	0	123	0	0	0	0	7.5525
118	0	123	0	0	0	0	7.555
118	0	123	0	0	0	0	7.5575
117	0	124	0	0	0	1	7.56
117	0	124	0	0	0	0	7.5625
116	0	125	0	0	0	1	7.565
116	0	125	0	0	0	0	7.5675
116	0	125	0	0	0	0	7.57
117	0	124	0	0	0	0	7.5725
117	0	124	0	0	0	0	7.575
116	0	125	0	0	0	1	7.5775
116	0	125	0	0	0	0	7.58
116	0	125	0	0	0	0	7.5825
116	0	125	0	0	0	0	7.585
117	0	124	0	0	0	0	7.5875
117	0	124	0	0	0	0	7.59
117	0	124	0	0	0	0	7.5925
117	0	124	0	0	0	0	7.595
117	0	124	0	0	0	0	7.5975
117	0	124	0	0	0	0	7.6
117	0	124	0	0	0	0	7.6025
117	0	124	0	0	0	0	7.605
117	0	124	0	0	0	0	7.6075
117	0	124	0	0	0	0	7.61
117	0	124	0	0	0	0	7.6125
118	0	123	0	0	0	0	7.615
118	0	123	0	0	0	0	7.6175
117	0	124	0	0	0	1	7.62
117	0	124	0	0	0	1	7.6225
117	0	124	0	0	0	0	7.625
117	0	124	0	0	0	0	7.6275
117	0	124	0	0	0	0	7.63
117	0	124	0	0	0	0	7.6325
117	0	124	0	0	0	0	7.635
117	0	124	0	0	0	0	7.6375
117	0	124	0	0	0	0	7.64
116	0	125	0	0	0	1	7.6425
116	0	125	0	0	0	0	7.645
116	0	125	0	0	0	0	7.6475
115	0	126	0	0	0	1	7.65
116	0	125	0	0	0	0	7.6525
116	0	125	0	0	0	0	7.655
117	0	124	0	0	0	0	7.6575
117	0	124	0	0	0	0	7.66
117	0	124	0	0	0	0	7.6625
117	0	124	0	0	0	0	7.665
118	0	123	0	0	0	0	7.6675
118	0	123	0	0	0	0	7.67
118	0	123	0	0	0	0	7.6725
118	0	123	0	0	0	0	7.675
118	0	123	0	0	0	0	7.6775
118	0	123	0	0	0	0	7.68
118	0	123	0	0	0	0	7.6825
117	0	124	0	0	0	1	7.685
117	0	124	0	0	0	1	7.6875
117	0	124	0	0	0	0	7.69
117	0	124	0	0	0	0	7.6925
116	0	125	0	0	0	1	7.695
116	0	125	0	0	0	0	7.6975
116	0	125	0	0	0	0	7.7
118	0	123	0	0	0	0	7.7025
118	0	123	0	0	0	0	7.705
118	0	123	0	0	0	0	7.7075
118	0	123	0	0	0	0	7.71
118	0	123	0	0	0	0	7.7125
118	0	123	0	0	0	0	7.715
118	0	123	0	0	0	0	7.7175
117	0	124	0	0	0	1	7.72
117	0	124	0	0	0	0	7.7225
117	0	124	0	0	0	0	7.725
116	0	125	0	0	0	1	7.7275
116	0	125	0	0	0	0	7.73
116	0	125	0	0	0	0	7.7325
116	0	125	0	0	0	0	7.735
116	0	125	0	0	0	0	7.7375
116	0	125	0	0	0	0	7.74
117	0	124	0	0	0	0	7.7425
117	0	124	0	0	0	0	7.745
117	0	124	0	0	0	0	7.7475
117	0	124	0	0	0	0	7.75
118	0	123	0	0	0	0	7.7525
118	0	123	0	0	0	0	7.755
118	0	123	0	0	0	0	7.7575
118	0	123	0	0	0	0	7.76
118	0	123	0	0	0	0	7.7625
118	0	123	0	0	0	0	7.765
118	0	123	0	0	0	0	7.7675
118	0	123	0	0	0	0	7.77
118	0	123	0	0	0	0	7.7725
119	0	122	0	0	0	0	7.775
120	0	121	0	0	0	0	7.7775
120	0	121	0	0	0	0	7.78
120	0	121	0	0	0	0	7.7825
119	0	122	0	0	0	1	7.785
119	0	122	0	0	0	0	7.7875
119	0	122	0	0	0	0	7.79
119	0	122	0	0	0	0	7.7925
118	0	123	0	0	0	1	7.795
118	0	123	0	0	0	0	7.7975
118	0	123	0	0	0	0	7.8
118	0	123	0	0	0	0	7.8025
118	0	123	0	0	0	0	7.805
118	0	123	0	0	0	0	7.8075
118	0	123	0	0	0	0	7.81
118	0	123	0	0	0	0	7.8125
117	0	124	0	0	0	1	7.815
117	0	124	0	0	0	0	7.8175
117	0	124	0	0	0	0	7.82
117	0	124	0	0	0	0	7.8225
117	0	124	0	0	0	0	7.825
117	0	124	0	0	0	0	7.8275
117	0	124	0	0	0	0	7.83
117	0	124	0	0	0	0	7.8325
117	0	124	0	0	0	0	7.835
117	0	124	0	0	0	0	7.8375
117	0	124	0	0	0	0	7.84
117	0	124	0	0	0	0	7.8425
116	0	125	0	0	0	1	7.845
115	0	126	0	0	0	1	7.8475
116	0	125	0	0	0	0	7.85
116	0	125	0	0	0	0	7.8525
116	0	125	0	0	0	0	7.855
116	0	125	0	0	0	0	7.8575
116	0	125	0	0	0	0	7.86
116	0	125	0	0	0	0	7.8625
116	0	125	0	0	0	0	7.865
117	0	124	0	0	0	0	7.8675
117	0	124	0	0	0	0	7.87
116	0	125	0	0	0	1	7.8725
116	0	125	0	0	0	0	7.875
115	0	126	0	0	0	1	7.8775
115	0	126	0	0	0	0	7.88
114	0	127	0	0	0	1	7.8825
114	0	127	0	0	0	0	7.885
114	0	127	0	0	0	0	7.8875
114	0	127	0	0	0	0	7.89
114	0	127	0	0	0	0	7.8925
113	0	128	0	0	0	1	7.895
113	0	128	0	0	0	0	7.8975
112	0	129	0	0	0	1	7.9
113	0	128	0	0	0	0	7.9025
113	0	128	0	0	0	0	7.905
113	0	128	0	0	0	0	7.9075
114	0	127	0	0	0	0	7.91
114	0	127	0	0	0	0	7.9125
115	0	126	0	0	0	0	7.915
115	0	126	0	0	0	0	7.9175
115	0	126	0	0	0	0	7.92
115	0	126	0	0	0	0	7.9225
116	0	125	0	0	0	0	7.925
116	0	125	0	0	0	0	7.9275
116	0	125	0	0	0	1	7.93
116	0	125	0	0	0	0	7.9325
116	0	125	0	0	0	0	7.935
117	0	124	0	0	0	0	7.9375
117	0	124	0	0	0	0	7.94
117	0	124	0	0	0	0	7.9425
117	0	124	0	0	0	0	7.945
117	0	124	0	0	0	0	7.9475
117	0	124	0	0	0	0	7.95
117	0	124	0	0	0	0	7.9525
117	0	124	0	0	0	0	7.955
117	0	124	0	0	0	0	7.9575
117	0	124	0	0	0	0	7.96
117	0	124	0	0	0	0	7.9625
117	0	124	0	0	0	0	7.965
117	0	124	0	0	0	0	7.9675
117	0	124	0	0	0	0	7.97
117	0	124	0	0	0	0	7.9725
117	0	124	0	0	0	0	7.975
117	0	124	0	0	0	0	7.9775
117	0	124	0	0	0	0	7.98
117	0	124	0	0	0	0	7.9825
117	0	124	0	0	0	1	7.985
117	0	124	0	0	0	0	7.9875
117	0	124	0	0	0	0	7.99
117	0	124	0	0	0	0	7.9925
117	0	124	0	0	0	0	7.995
117	0	124	0	0	0	0	7.9975
117	0	124	0	0	0	0	8
118	0	123	0	0	0	0	8.0025
118	0	123	0	0	0	0	8.005
119	0	122	0	0	0	0	8.0075
119	0	122	0	0	0	0	8.01
119	0	122	0	0	0	0	8.0125
119	0	122	0	0	0	0	8.015
119	0	122	0	0	0	0	8.0175
119	0	122	0	0	0	0	8.02
120	0	121	0	0	0	0	8.0225
118	0	123	0	0	0	2	8.025
117	0	124	0	0	0	1	8.0275
117	0	124	0	0	0	0	8.03
116	0	125	0	0	0	1	8.0325
116	0	125	0	0	0	0	8.035
118	0	123	0	0	0	0	8.0375
118	0	123	0	0	0	0	8.04
119	0	122	0	0	0	0	8.0425
119	0	121	0	1	0	0	8.045
119	0	121	0	0	0	0	8.0475
119	0	121	0	0	0	0	8.05
119	0	121	0	0	0	0	8.0525
118	0	122	0	0	0	1	8.055
119	0	122	1	0	0	0	8.0575
119	0	122	0	0	0	0	8.06
120	0	121	0	0	0	0	8.0625
120	0	121	0	0	0	0	8.065
120	0	121	0	0	0	0	8.0675
121	0	120	0	0	0	0	8.07
120	0	121	0	0	0	1	8.0725
121	0	120	0	0	0	0	8.075
121	0	120	0	0	0	0	8.0775
121	0	120	0	0	0	0	8.08
121	0	120	0	0	0	1	8.0825
121	0	120	0	0	0	0	8.085
121	0	120	0	0	0	0	8.0875
122	0	119	0	0	0	0	8.09
123	0	118	0	0	0	0	8.0925
123	0	118	0	0	0	0	8.095
124	0	117	0	0	0	0	8.0975
124	0	117	0	0	0	0	8.1
124	0	117	0	0	0	0	8.1025
124	0	117	0	0	0	0	8.105
124	0	117	0	0	0	0	8.1075
126	0	115	0	0	0	0	8.11
126	0	115	0	0	0	0	8.1125
126	0	115	0	0	0	0	8.115
126	0	115	0	0	0	0	8.1175
125	0	116	0	0	0	1	8.12
125	0	116	0	0	0	0	8.1225
125	0	116	0	0	0	0	8.125
125	0	116	0	0	0	0	8.1275
125	0	116	0	0	0	0	8.13
125	0	116	0	0	0	0	8.1325
125	0	116	0	0	0	0	8.135
125	0	116	0	0	0	0	8.1375
125	0	116	0	0	0	0	8.14
125	0	116	0	0	0	0	8.1425
125	0	116	0	0	0	0	8.145
125	0	116	0	0	0	0	8.1475
125	0	116	0	0	0	0	8.15
125	0	116	0	0	0	0	8.1525
125	0	116	0	0	0	0	8.155
126	0	115	0	0	0	0	8.1575
126	0	115	0	0	0	0	8.16
125	0	116	0	0	0	1	8.1625
125	0	116	0	0	0	0	8.165
125	0	116	0	0	0	0	8.1675
125	0	116	0	0	0	0	8.17
125	0	116	0	0	0	0	8.1725
125	0	116	0	0	0	0	8.175
125	0	116	0	0	0	0	8.1775
125	0	116	0	0	0	0	8.18
125	0	116	0	0	0	0	8.1825
126	0	115	0	0	0	0	8.185
126	0	115	0	0	0	0	8.1875
126	0	115	0	0	0	0	8.19
126	0	115	0	0	0	0	8.1925
126	0	115	0	0	0	0	8.195
126	0	115	0	0	0	1	8.1975
125	0	116	0	0	0	1	8.2
126	0	115	0	0	0	0	8.2025
126	0	115	0	0	0	0	8.205
125	0	116	0	0	0	1	8.2075
125	0	116	0	0	0	0	8.21
125	0	116	0	0	0	0	8.2125
125	0	116	0	0	0	0	8.215
126	0	115	0	0	0	0	8.2175
126	0	115	0	0	0	0	8.22
126	0	115	0	0	0	0	8.2225
126	0	115	0	0	0	0	8.225
126	0	115	0	0	0	0	8.2275
126	0	115	0	0	0	0	8.23
126	0	115	0	0	0	0	8.2325
125	0	116	0	0	0	1	8.235
125	0	116	0	0	0	0	8.2375
125	0	116	0	0	0	0	8.24
125	0	116	0	0	0	0	8.2425
124	0	117	0	0	0	1	8.245
124	0	117	0	0	0	0	8.2475
124	0	117	0	0	0	0	8.25
124	0	117	0	0	0	0	8.2525
124	0	117	0	0	0	0	8.255
124	0	117	0	0	0	0	8.2575
124	0	117	0	0	0	0	8.26
124	0	117	0	0	0	1	8.2625
124	0	117	0	0	0	0	8.265
124	0	117	0	0	0	0	8.2675
123	0	118	0	0	0	2	8.27
123	0	118	0	0	0	0	8.2725
123	0	118	0	0	0	0	8.275
123	0	118	0	0	0	0	8.2775
123	0	118	0	0	0	0	8.28
123	0	118	0	0	0	0	8.2825
123	0	118	0	0	0	0	8.285
123	0	118	0	0	0	0	8.2875
123	0	118	0	0	0	0	8.29
123	0	118	0	0	0	0	8.2925
123	0	118	0	0	0	0	8.295
124	0	117	0	0	0	0	8.2975
124	0	117	0	0	0	0	8.3
124	0	117	0	0	0	1	8.3025
125	0	117	1	0	0	0	8.305
125	0	117	0	0	0	0	8.3075
125	0	117	0	0	0	0	8.31
125	0	117	0	0	0	0	8.3125
125	0	117	0	0	0	0	8.315
125	0	117	0	0	0	0	8.3175
125	0	117	0	0	0	0	8.32
126	0	116	0	0	0	0	8.3225
126	0	116	0	0	0	0	8.325
126	0	116	0	0	0	0	8.3275
126	0	116	0	0	0	0	8.33
126	0	116	0	0	0	0	8.3325
126	0	116	0	0	0	0	8.335
126	0	116	0	0	0	1	8.3375
127	0	115	0	0	0	0	8.34
126	0	116	0	0	0	1	8.3425
126	0	116	0	0	0	0	8.345
126	0	116	0	0	0	0	8.3475
126	0	116	0	0	0	0	8.35
126	0	116	0	0	0	0	8.3525
127	0	115	0	0	0	0	8.355
127	0	115	0	0	0	0	8.3575
127	0	115	0	0	0	0	8.36
128	0	114	0	0	0	0	8.3625
128	0	114	0	0	0	1	8.365
128	0	114	0	0	0	0	8.3675
127	0	115	0	0	0	1	8.37
127	0	115	0	0	0	0	8.3725
127	0	115	0	0	0	0	8.375
127	0	115	0	0	0	0	8.3775
127	0	115	0	0	0	0	8.38
126	0	116	0	0	0	1	8.3825
126	0	116	0	0	0	0	8.385
126	0	116	0	0	0	0	8.3875
126	0	116	0	0	0	0	8.39
126	0	116	0	0	0	0	8.3925
126	0	116	0	0	0	0	8.395
126	0	116	0	0	0	0	8.3975
126	0	116	0	0	0	0	8.4
126	0	116	0	0	0	0	8.4025
126	0	116	0	0	0	0	8.405
126	0	116	0	0	0	0	8.4075
126	0	116	0	0	0	0	8.41
126	0	116	0	0	0	0	8.4125
126	0	116	0	0	0	0	8.415
125	0	117	0	0	0	1	8.4175
126	0	116	0	0	0	0	8.42
126	0	116	0	0	0	0	8.4225
126	0	116	0	0	0	0	8.425
127	0	115	0	0	0	0	8.4275
127	0	115	0	0	0	0	8.43
127	0	115	0	0	0	0	8.4325
128	0	114	0	0	0	0	8.435
128	0	114	0	0	0	0	8.4375
128	0	114	0	0	0	0	8.44
130	0	112	0	0	0	0	8.4425
130	0	112	0	0	0	0	8.445
130	0	112	0	0	0	0	8.4475
130	0	112	0	0	0	0	8.45
132	0	110	0	0	0	0	8.4525
132	0	110	0	0	0	0	8.455
132	0	110	0	0	0	0	8.4575
131	0	111	0	0	0	1	8.46
131	0	111	0	0	0	0	8.4625
131	0	111	0	0	0	0	8.465
131	0	111	0	0	0	0	8.4675
131	0	111	0	0	0	0	8.47
130	0	112	0	0	0	1	8.4725
131	0	111	0	0	0	0	8.475
131	0	111	0	0	0	0	8.4775
131	0	111	0	0	0	0	8.48
131	0	111	0	0	0	0	8.4825
131	0	111	0	0	0	0	8.485
130	0	112	0	0	0	1	8.4875
130	0	112	0	0	0	0	8.49
130	0	112	0	0	0	0	8.4925
131	0	111	0	0	0	0	8.495
131	0	111	0	0	0	0	8.4975
131	0	111	0	0	0	0	8.5
131	0	111	0	0	0	0	8.5025
131	0	111	0	0	0	0	8.505
131	0	112	1	0	0	1	8.5075
131	0	112	0	0	0	0	8.51
131	0	112	0	0	0	0	8.5125
131	0	112	0	0	0	0	8.515
131	0	112	0	0	0	1	8.5175
131	0	112	0	0	0	0	8.52
131	0	112	0	0	0	0	8.5225
131	0	112	0	0	0	0	8.525
132	0	111	0	0	0	0	8.5275
132	0	111	0	0	0	0	8.53
133	0	110	0	0	0	0	8.5325
133	0	110	0	0	0	0	8.535
134	0	109	0	0	0	0	8.5375
133	0	110	0	0	0	1	8.54
133	0	110	0	0	0	0	8.5425
133	0	110	0	0	0	0	8.545
133	0	110	0	0	0	0	8.5475
133	0	110	0	0	0	0	8.55
133	0	110	0	0	0	0	8.5525
133	0	110	0	0	0	0	8.555
133	0	110	0	0	0	0	8.5575
133	0	110	0	0	0	0	8.56
133	0	110	0	0	0	0	8.5625
133	0	110	0	0	0	0	8.565
133	0	110	0	0	0	0	8.5675
133	0	110	0	0	0	0	8.57
133	0	110	0	0	0	0	8.5725
134	0	109	0	0	0	0	8.575
134	0	109	0	0	0	0	8.5775
135	0	108	0	0	0	0	8.58
135	0	108	0	0	0	0	8.5825
135	0	108	0	0	0	0	8.585
135	0	108	0	0	0	0	8.5875
135	0	108	0	0	0	0	8.59
135	0	108	0	0	0	0	8.5925
135	0	108	0	0	0	1	8.595
136	0	107	0	0	0	0	8.5975
136	0	107	0	0	0	0	8.6
137	0	106	0	0	0	0	8.6025
137	0	106	0	0	0	0	8.605
137	0	106	0	0	0	0	8.6075
137	0	106	0	0	0	0	8.61
137	0	106	0	0	0	0	8.6125
136	0	107	0	0	0	1	8.615
136	0	107	0	0	0	0	8.6175
137	0	106	0	0	0	0	8.62
137	0	106	0	0	0	0	8.6225
137	0	106	0	0	0	0	8.625
136	0	107	0	0	0	1	8.6275
136	0	107	0	0	0	0	8.63
136	0	107	0	0	0	0	8.6325
136	0	107	0	0	0	0	8.635
136	0	107	0	0	0	0	8.6375
136	0	107	0	0	0	0	8.64
136	0	107	0	0	0	0	8.6425
137	0	106	0	0	0	0	8.645
136	0	107	0	0	0	1	8.6475
136	0	107	0	0	0	0	8.65
136	0	107	0	0	0	1	8.6525
136	0	107	0	0	0	0	8.655
136	0	107	0	0	0	0	8.6575
135	0	108	0	0	0	1	8.66
135	0	108	0	0	0	0	8.6625
135	0	108	0	0	0	0	8.665
135	0	108	0	0	0	0	8.6675
136	0	107	0	0	0	0	8.67
136	0	107	0	0	0	0	8.6725
135	0	108	0	0	0	1	8.675
135	0	108	0	0	0	0	8.6775
135	0	108	0	0	0	0	8.68
135	0	108	0	0	0	0	8.6825
135	0	108	0	0	0	0	8.685
135	0	108	0	0	0	0	8.6875
135	0	108	0	0	0	1	8.69
135	0	108	0	0	0	0	8.6925
135	0	108	0	0	0	0	8.695
135	0	108	0	0	0	0	8.6975
134	0	109	0	0	0	1	8.7
133	0	110	0	0	0	1	8.7025
133	0	110	0	0	0	0	8.705
133	0	110	0	0	0	0	8.7075
132	0	111	0	0	0	1	8.71
131	0	112	0	0	0	1	8.7125
131	0	112	0	0	0	0	8.715
131	0	112	0	0	0	0	8.7175
131	0	112	0	0	0	0	8.72
131	0	112	0	0	0	0	8.7225
130	0	113	0	0	0	1	8.725
131	0	112	0	0	0	0	8.7275
134	0	109	0	0	0	0	8.73
133	0	110	0	0	0	1	8.7325
134	0	109	0	0	0	0	8.735
134	0	109	0	0	0	0	8.7375
135	0	108	0	0	0	0	8.74
135	0	108	0	0	0	0	8.7425
135	0	108	0	0	0	0	8.745
135	0	108	0	0	0	0	8.7475
135	0	108	0	0	0	0	8.75
135	0	108	0	0	0	0	8.7525
135	0	108	0	0	0	0	8.755
134	0	109	0	0	0	1	8.7575
134	0	109	0	0	0	0	8.76
134	0	109	0	0	0	0	8.7625
134	0	109	0	0	0	0	8.765
134	0	109	0	0	0	0	8.7675
135	0	108	0	0	0	0	8.77
135	0	108	0	0	0	0	8.7725
134	0	109	0	0	0	1	8.775
134	0	109	0	0	0	0	8.7775
134	0	109	0	0	0	0	8.78
134	0	109	0	0	0	0	8.7825
133	0	110	0	0	0	1	8.785
132	0	111	0	0	0	1	8.7875
131	0	112	0	0	0	1	8.79
131	0	112	0	0	0	0	8.7925
131	0	112	0	0	0	0	8.795
131	0	112	0	0	0	0	8.7975
131	0	112	0	0	0	0	8.8
129	0	114	0	0	0	2	8.8025
127	0	116	0	0	0	2	8.805
127	0	116	0	0	0	0	8.8075
127	0	116	0	0	0	0	8.81
127	0	116	0	0	0	0	8.8125
127	0	116	0	0	0	0	8.815
127	0	116	0	0	0	0	8.8175
127	0	116	0	0	0	0	8.82
127	0	116	0	0	0	0	8.8225
127	0	116	0	0	0	0	8.825
128	0	115	0	0	0	0	8.8275
128	0	115	0	0	0	0	8.83
129	0	114	0	0	0	0	8.8325
129	0	114	0	0	0	0	8.835
129	0	114	0	0	0	0	8.8375
129	0	114	0	0	0	0	8.84
129	0	114	0	0	0	0	8.8425
128	0	115	0	0	0	1	8.845
129	0	114	0	0	0	0	8.8475
129	0	114	0	0	0	0	8.85
129	0	114	0	0	0	0	8.8525
129	0	114	0	0	0	0	8.855
129	0	114	0	0	0	0	8.8575
129	0	114	0	0	0	0	8.86
129	0	114	0	0	0	0	8.8625
130	0	113	0	0	0	0	8.865
129	0	114	0	0	0	1	8.8675
128	0	115	0	0	0	1	8.87
127	0	116	0	0	0	1	8.8725
127	0	116	0	0	0	0	8.875
127	0	116	0	0	0	0	8.8775
128	0	115	0	0	0	0	8.88
128	0	115	0	0	0	0	8.8825
128	0	115	0	0	0	0	8.885
128	0	115	0	0	0	0	8.8875
128	0	115	0	0	0	0	8.89
128	0	115	0	0	0	0	8.8925
128	0	115	0	0	0	0	8.895
129	0	114	0	0	0	0	8.8975
129	0	114	0	0	0	0	8.9
128	0	115	0	0	0	1	8.9025
128	0	115	0	0	0	0	8.905
128	0	115	0	0	0	0	8.9075
129	0	114	0	0	0	0	8.91
129	0	114	0	0	0	0	8.9125
129	0	114	0	0	0	0	8.915
129	0	114	0	0	0	0	8.9175
129	0	114	0	0	0	0	8.92
129	0	114	0	0	0	0	8.9225
129	0	114	0	0	0	0	8.925
129	0	114	0	0	0	0	8.9275
129	0	114	0	0	0	0	8.93
129	0	114	0	0	0	0	8.9325
129	0	114	0	0	0	0	8.935
129	0	114	0	0	0	0	8.9375
130	0	113	0	0	0	0	8.94
130	0	113	0	0	0	0	8.9425
130	0	113	0	0	0	0	8.945
130	0	113	0	0	0	0	8.9475
131	0	112	0	0	0	0	8.95
131	0	112	0	0	0	0	8.9525
132	0	111	0	0	0	0	8.955
131	0	112	0	0	0	1	8.9575
131	0	112	0	0	0	0	8.96
132	0	112	1	0	0	0	8.9625
132	0	112	0	0	0	0	8.965
133	0	111	0	0	0	0	8.9675
133	0	111	0	0	0	0	8.97
133	0	111	0	0	0	0	8.9725
133	0	111	0	0	0	0	8.975
133	0	111	0	0	0	0	8.9775
133	0	111	0	0	0	0	8.98
133	0	111	0	0	0	0	8.9825
133	0	111	0	0	0	0	8.985
133	0	111	0	0	0	0	8.9875
134	0	110	0	0	0	0	8.99
134	0	110	0	0	0	0	8.9925
134	0	110	0	0	0	0	8.995
135	0	109	0	0	0	0	8.9975
135	0	109	0	0	0	0	9
135	0	109	0	0	0	0	9.0025
136	0	108	0	0	0	0	9.005
136	0	108	0	0	0	0	9.0075
136	0	108	0	0	0	0	9.01
136	0	108	0	0	0	0	9.0125
136	0	108	0	0	0	0	9.015
136	0	108	0	0	0	0	9.0175
136	0	108	0	0	0	0	9.02
136	0	108	0	0	0	0	9.0225
136	0	108	0	0	0	0	9.025
136	0	108	0	0	0	0	9.0275
136	0	108	0	0	0	0	9.03
136	0	108	0	0	0	0	9.0325
137	0	107	0	0	0	0	9.035
136	0	108	0	0	0	1	9.0375
137	0	107	0	0	0	0	9.04
138	0	106	0	0	0	0	9.0425
138	0	106	0	0	0	0	9.045
138	0	106	0	0	0	1	9.0475
137	0	107	0	0	0	1	9.05
137	0	107	0	0	0	0	9.0525
137	0	107	0	0	0	0	9.055
137	0	107	0	0	0	0	9.0575
137	0	107	0	0	0	1	9.06
137	0	107	0	0	0	0	9.0625
137	0	107	0	0	0	0	9.065
137	0	107	0	0	0	0	9.0675
138	0	106	0	0	0	0	9.07
138	0	106	0	0	0	0	9.0725
138	0	106	0	0	0	0	9.075
138	0	106	0	0	0	0	9.0775
138	0	106	0	0	0	0	9.08
138	0	106	0	0	0	0	9.0825
137	0	107	0	0	0	1	9.085
137	0	107	0	0	0	0	9.0875
137	0	107	0	0	0	0	9.09
137	0	107	0	0	0	0	9.0925
137	0	107	0	0	0	0	9.095
137	0	107	0	0	0	1	9.0975
136	0	108	0	0	0	1	9.1
136	0	108	0	0	0	0	9.1025
136	0	108	0	0	0	0	9.105
136	0	108	0	0	0	0	9.1075
136	0	108	0	0	0	0	9.11
136	0	108	0	0	0	0	9.1125
135	0	109	0	0	0	1	9.115
135	0	109	0	0	0	0	9.1175
136	0	108	0	0	0	0	9.12
137	0	107	0	0	0	0	9.1225
137	0	107	0	0	0	0	9.125
137	0	107	0	0	0	0	9.1275
137	0	107	0	0	0	0	9.13
137	0	107	0	0	0	0	9.1325
137	0	107	0	0	0	0	9.135
136	0	108	0	0	0	1	9.1375
136	0	108	0	0	0	0	9.14
136	0	108	0	0	0	0	9.1425
136	0	108	0	0	0	0	9.145
135	0	109	0	0	0	1	9.1475
134	0	110	0	0	0	1	9.15
134	0	110	0	0	0	0	9.1525
133	0	111	0	0	0	1	9.155
133	0	111	0	0	0	0	9.1575
133	0	111	0	0	0	0	9.16
133	0	111	0	0	0	0	9.1625
132	0	112	0	0	0	1	9.165
132	0	112	0	0	0	0	9.1675
132	0	112	0	0	0	0	9.17
132	0	112	0	0	0	0	9.1725
132	0	112	0	0	0	0	9.175
131	0	113	0	0	0	1	9.1775
132	0	112	0	0	0	0	9.18
132	0	112	0	0	0	0	9.1825
132	0	112	0	0	0	0	9.185
132	0	112	0	0	0	0	9.1875
132	0	112	0	0	0	0	9.19
134	0	110	0	0	0	0	9.1925
134	0	110	0	0	0	0	9.195
134	0	110	0	0	0	0	9.1975
134	0	110	0	0	0	0	9.2
134	0	110	0	0	0	0	9.2025
134	0	110	0	0	0	0	9.205
134	0	110	0	0	0	0	9.2075
134	0	110	0	0	0	0	9.21
134	0	110	0	0	0	1	9.2125
134	0	110	0	0	0	0	9.215
134	0	110	0	0	0	0	9.2175
134	0	110	0	0	0	0	9.22
134	0	110	0	0	0	0	9.2225
134	0	110	0	0	0	0	9.225
133	0	111	0	0	0	1	9.2275
133	0	111	0	0	0	0	9.23
133	0	111	0	0	0	0	9.2325
134	0	110	0	0	0	0	9.235
134	0	110	0	0	0	0	9.2375
134	0	110	0	0	0	0	9.24
135	0	109	0	0	0	0	9.2425
135	0	109	0	0	0	0	9.245
135	0	109	0	0	0	0	9.2475
134	0	110	0	0	0	1	9.25
135	0	109	0	0	0	0	9.2525
135	0	109	0	0	0	0	9.255
136	0	108	0	0	0	0	9.2575
135	0	109	0	0	0	1	9.26
135	0	109	0	0	0	0	9.2625
136	0	108	0	0	0	0	9.265
136	0	108	0	0	0	0	9.2675
136	0	108	0	0	0	0	9.27
137	0	107	0	0	0	0	9.2725
137	0	107	0	0	0	0	9.275
138	0	106	0	0	0	0	9.2775
138	0	106	0	0	0	0	9.28
138	0	106	0	0	0	0	9.2825
138	0	106	0	0	0	0	9.285
138	0	106	0	0	0	0	9.2875
138	0	106	0	0	0	0	9.29
138	0	106	0	0	0	0	9.2925
137	0	107	0	0	0	1	9.295
137	0	107	0	0	0	0	9.2975
136	0	108	0	0	0	1	9.3
137	0	108	1	0	0	0	9.3025
137	0	108	0	0	0	0	9.305
137	0	108	0	0	0	0	9.3075
137	0	108	0	0	0	0	9.31
137	0	108	0	0	0	0	9.3125
137	0	108	0	0	0	0	9.315
137	0	108	0	0	0	0	9.3175
135	0	110	0	0	0	2	9.32
135	0	110	0	0	0	0	9.3225
134	0	111	0	0	0	1	9.325
134	0	111	0	0	0	0	9.3275
134	0	111	0	0	0	0	9.33
134	0	111	0	0	0	0	9.3325
133	0	112	0	0	0	1	9.335
133	0	112	0	0	0	0	9.3375
133	0	112	0	0	0	0	9.34
133	0	112	0	0	0	0	9.3425
133	0	112	0	0	0	0	9.345
133	0	112	0	0	0	0	9.3475
134	0	111	0	0	0	0	9.35
134	0	111	0	0	0	0	9.3525
134	0	111	0	0	0	0	9.355
134	0	111	0	0	0	0	9.3575
133	0	112	0	0	0	1	9.36
133	0	112	0	0	0	0	9.3625
134	0	111	0	0	0	0	9.365
134	0	111	0	0	0	0	9.3675
134	0	111	0	0	0	0	9.37
133	0	112	0	0	0	1	9.3725
133	0	112	0	0	0	0	9.375
133	0	112	0	0	0	0	9.3775
133	0	112	0	0	0	0	9.38
133	0	112	0	0	0	0	9.3825
133	0	112	0	0	0	0	9.385
134	0	111	0	0	0	0	9.3875
133	0	112	0	0	0	1	9.39
133	0	112	0	0	0	0	9.3925
133	0	112	0	0	0	0	9.395
133	0	112	0	0	0	0	9.3975
133	0	112	0	0	0	0	9.4
133	0	112	0	0	0	0	9.4025
132	0	113	0	0	0	1	9.405
132	0	113	0	0	0	0	9.4075
132	0	112	0	1	0	0	9.41
132	0	112	0	0	0	0	9.4125
132	0	112	0	0	0	0	9.415
132	0	112	0	0	0	0	9.4175
132	0	112	0	0	0	0	9.42
132	0	112	0	0	0	0	9.4225
132	0	112	0	0	0	0	9.425
132	0	112	0	0	0	0	9.4275
132	0	112	0	0	0	0	9.43
132	0	112	0	0	0	0	9.4325
132	0	112	0	0	0	0	9.435
131	0	113	0	0	0	1	9.4375
133	0	111	0	0	0	0	9.44
133	0	111	0	0	0	0	9.4425
133	0	111	0	0	0	0	9.445
133	0	111	0	0	0	0	9.4475
133	0	111	0	0	0	0	9.45
133	0	111	0	0	0	0	9.4525
133	0	111	0	0	0	0	9.455
133	0	111	0	0	0	0	9.4575
133	0	111	0	0	0	0	9.46
133	0	111	0	0	0	0	9.4625
133	0	111	0	0	0	0	9.465
132	0	112	0	0	0	1	9.4675
132	0	112	0	0	0	0	9.47
132	0	112	0	0	0	0	9.4725
132	0	112	0	0	0	0	9.475
131	0	113	0	0	0	1	9.4775
131	0	113	0	0	0	0	9.48
130	0	114	0	0	0	1	9.4825
129	0	115	0	0	0	1	9.485
129	0	115	0	0	0	0	9.4875
129	0	115	0	0	0	0	9.49
129	0	115	0	0	0	0	9.4925
129	0	115	0	0	0	0	9.495
129	0	115	0	0	0	0	9.4975
129	0	115	0	0	0	0	9.5
129	0	115	0	0	0	0	9.5025
130	0	114	0	0	0	0	9.505
130	0	114	0	0	0	1	9.5075
130	0	114	0	0	0	0	9.51
130	0	114	0	0	0	0	9.5125
130	0	114	0	0	0	0	9.515
131	0	113	0	0	0	0	9.5175
131	0	113	0	0	0	0	9.52
131	0	113	0	0	0	0	9.5225
131	0	113	0	0	0	0	9.525
132	0	112	0	0	0	0	9.5275
133	0	111	0	0	0	0	9.53
133	0	111	0	0	0	0	9.5325
133	0	111	0	0	0	0	9.535
133	0	111	0	0	0	0	9.5375
133	0	111	0	0	0	0	9.54
133	0	111	0	0	0	0	9.5425
133	0	111	0	0	0	0	9.545
133	0	111	0	0	0	0	9.5475
134	0	110	0	0	0	0	9.55
134	0	110	0	0	0	0	9.5525
134	0	110	0	0	0	0	9.555
136	0	108	0	0	0	0	9.5575
135	0	109	0	0	0	1	9.56
135	0	109	0	0	0	0	9.5625
135	0	109	0	0	0	0	9.565
135	0	109	0	0	0	0	9.5675
135	0	109	0	0	0	0	9.57
135	0	109	0	0	0	0	9.5725
136	0	108	0	0	0	0	9.575
136	0	108	0	0	0	0	9.5775
135	0	109	0	0	0	1	9.58
135	0	109	0	0	0	0	9.5825
137	0	107	0	0	0	0	9.585
137	0	107	0	0	0	0	9.5875
136	0	108	0	0	0	1	9.59
137	0	107	0	0	0	0	9.5925
137	0	107	0	0	0	0	9.595
136	0	108	0	0	0	1	9.5975
134	0	110	0	0	0	2	9.6
134	0	110	0	0	0	0	9.6025
134	0	110	0	0	0	0	9.605
134	0	110	0	0	0	0	9.6075
133	0	111	0	0	0	1	9.61
133	0	111	0	0	0	0	9.6125
132	0	112	0	0	0	1	9.615
132	0	112	0	0	0	0	9.6175
132	0	112	0	0	0	1	9.62
132	0	112	0	0	0	0	9.6225
132	0	112	0	0	0	0	9.625
131	0	113	0	0	0	1	9.6275
131	0	113	0	0	0	0	9.63
130	0	114	0	0	0	1	9.6325
129	0	115	0	0	0	1	9.635
129	0	115	0	0	0	0	9.6375
129	0	115	0	0	0	0	9.64
130	0	114	0	0	0	0	9.6425
130	0	114	0	0	0	0	9.645
130	0	114	0	0	0	0	9.6475
131	0	113	0	0	0	0	9.65
131	0	113	0	0	0	0	9.6525
131	0	113	0	0	0	0	9.655
131	0	113	0	0	0	0	9.6575
132	0	112	0	0	0	0	9.66
132	0	112	0	0	0	0	9.6625
133	0	112	1	0	0	0	9.665
133	0	112	0	0	0	0	9.6675
133	0	112	0	0	0	0	9.67
134	0	111	0	0	0	0	9.6725
134	0	111	0	0	0	0	9.675
134	0	111	0	0	0	0	9.6775
133	0	112	0	0	0	1	9.68
133	0	112	0	0	0	0	9.6825
134	0	111	0	0	0	0	9.685
134	0	111	0	0	0	0	9.6875
134	0	111	0	0	0	0	9.69
134	0	111	0	0	0	0	9.6925
134	0	111	0	0	0	0	9.695
134	0	111	0	0	0	0	9.6975
134	0	111	0	0	0	0	9.7
134	0	111	0	0	0	0	9.7025
134	0	111	0	0	0	0	9.705
134	0	111	0	0	0	0	9.7075
134	0	111	0	0	0	0	9.71
135	0	110	0	0	0	0	9.7125
135	0	110	0	0	0	0	9.715
135	0	110	0	0	0	0	9.7175
135	0	110	0	0	0	0	9.72
134	0	111	0	0	0	1	9.7225
134	0	111	0	0	0	0	9.725
133	0	112	0	0	0	1	9.7275
133	0	112	0	0	0	0	9.73
133	0	112	0	0	0	0	9.7325
134	0	111	0	0	0	0	9.735
134	0	111	0	0	0	0	9.7375
134	0	111	0	0	0	0	9.74
134	0	111	0	0	0	0	9.7425
134	0	111	0	0	0	0	9.745
134	0	111	0	0	0	0	9.7475
134	0	111	0	0	0	0	9.75
133	0	112	0	0	0	1	9.7525
133	0	112	0	0	0	0	9.755
134	0	111	0	0	0	0	9.7575
134	0	111	0	0	0	0	9.76
134	0	111	0	0	0	0	9.7625
134	0	111	0	0	0	0	9.765
134	0	111	0	0	0	0	9.7675
134	0	111	0	0	0	0	9.77
134	0	111	0	0	0	0	9.7725
133	0	112	0	0	0	1	9.775
132	0	113	0	0	0	1	9.7775
132	0	113	0	0	0	0	9.78
132	0	113	0	0	0	0	9.7825
132	0	113	0	0	0	0	9.785
132	0	113	0	0	0	0	9.7875
132	0	113	0	0	0	0	9.79
130	0	115	0	0	0	2	9.7925
131	0	114	0	0	0	0	9.795
131	0	114	0	0	0	0	9.7975
131	0	114	0	0	0	0	9.8
131	0	114	0	0	0	0	9.8025
131	0	114	0	0	0	0	9.805
131	0	114	0	0	0	0	9.8075
131	0	114	0	0	0	0	9.81
130	0	115	0	0	0	1	9.8125
129	0	116	0	0	0	1	9.815
129	0	116	0	0	0	0	9.8175
129	0	116	0	0	0	0	9.82
129	0	116	0	0	0	0	9.8225
129	0	116	0	0	0	0	9.825
129	0	116	0	0	0	0	9.8275
129	0	116	0	0	0	0	9.83
128	0	117	0	0	0	1	9.8325
128	0	117	0	0	0	0	9.835
127	0	118	0	0	0	1	9.8375
128	0	117	0	0	0	0	9.84
128	0	117	0	0	0	0	9.8425
128	0	117	0	0	0	1	9.845
128	0	117	0	0	0	0	9.8475
129	0	116	0	0	0	0	9.85
129	0	116	0	0	0	0	9.8525
129	0	116	0	0	0	0	9.855
129	0	116	0	0	0	0	9.8575
129	0	116	0	0	0	0	9.86
129	0	116	0	0	0	0	9.8625
129	0	116	0	0	0	0	9.865
129	0	116	0	0	0	0	9.8675
129	0	116	0	0	0	0	9.87
128	0	117	0	0	0	1	9.8725
128	0	117	0	0	0	0	9.875
126	0	119	0	0	0	2	9.8775
126	0	119	0	0	0	0	9.88
126	0	119	0	0	0	0	9.8825
126	0	119	0	0	0	0	9.885
126	0	119	0	0	0	0	9.8875
128	0	117	0	0	0	0	9.89
129	0	116	0	0	0	0	9.8925
129	0	116	0	0	0	0	9.895
129	0	116	0	0	0	0	9.8975
129	0	116	0	0	0	0	9.9
129	0	116	0	0	0	0	9.9025
129	0	116	0	0	0	0	9.905
129	0	116	0	0	0	0	9.9075
129	0	116	0	0	0	0	9.91
128	0	117	0	0	0	1	9.9125
127	0	118	0	0	0	1	9.915
127	0	118	0	0	0	0	9.9175
126	0	119	0	0	0	1	9.92
127	0	118	0	0	0	0	9.9225
127	0	118	0	0	0	0	9.925
128	0	117	0	0	0	0	9.9275
128	0	117	0	0	0	0	9.93
128	0	117	0	0	0	1	9.9325
129	0	116	0	0	0	0	9.935
129	0	116	0	0	0	0	9.9375
129	0	116	0	0	0	0	9.94
129	0	116	0	0	0	0	9.9425
129	0	116	0	0	0	0	9.945
129	0	116	0	0	0	0	9.9475
129	0	116	0	0	0	0	9.95
129	0	116	0	0	0	0	9.9525
129	0	116	0	0	0	0	9.955
129	0	116	0	0	0	0	9.9575
129	0	116	0	0	0	0	9.96
129	0	116	0	0	0	0	9.9625
129	0	116	0	0	0	1	9.965
129	0	116	0	0	0	0	9.9675
129	0	116	0	0	0	0	9.97
129	0	116	0	0	0	0	9.9725
129	0	116	0	0	0	0	9.975
129	0	116	0	0	0	0	9.9775
129	0	116	0	0	0	0	9.98
129	0	116	0	0	0	0	9.9825
129	0	116	0	0	0	0	9.985
130	0	115	0	0	0	0	9.9875
130	0	115	0	0	0	0	9.99
130	0	115	0	0	0	0	9.9925
130	0	115	0	0	0	0	9.995
129	0	116	0	0	0	1	9.9975
