S	I	R	e	d	dI	f	t
300	100	0	0	0	0	0	0
297	100	3	0	0	0	3	0.0025
294	101	5	0	0	0	2	0.005
289	103	8	0	0	0	3	0.0075
286	105	9	0	0	0	1	0.01
285	105	10	0	0	0	1	0.0125
283	104	13	0	0	0	1	0.015
281	104	15	0	0	0	1	0.0175
277	105	18	0	0	0	3	0.02
271	107	22	0	0	0	4	0.0225
268	109	23	0	0	0	1	0.025
268	109	23	0	0	0	0	0.0275
265	109	26	0	0	0	2	0.03
263	110	27	0	0	0	1	0.0325
263	110	27	0	0	0	0	0.035
260	112	28	0	0	0	1	0.0375
256	116	28	0	0	0	0	0.04
254	117	29	0	0	0	1	0.0425
250	117	33	0	0	0	3	0.045
249	116	35	0	0	0	1	0.0475
249	115	36	0	0	0	0	0.05
249	115	36	0	0	0	0	0.0525
246	114	40	0	0	0	2	0.055
245	113	42	0	0	0	1	0.0575
245	113	42	0	0	0	0	0.06
242	114	44	0	0	0	2	0.0625
240	115	45	0	0	0	1	0.065
236	116	48	0	0	0	3	0.0675
236	116	48	0	0	0	0	0.07
236	115	49	0	0	0	0	0.0725
235	116	49	0	0	0	0	0.075
233	115	52	0	0	0	2	0.0775
233	115	52	0	0	0	0	0.08
231	115	54	0	0	0	1	0.0825
231	114	55	0	0	0	1	0.085
228	114	58	0	0	0	2	0.0875
228	113	59	0	0	0	0	0.09
228	112	60	0	0	0	0	0.0925
228	112	60	0	0	0	0	0.095
228	112	60	0	0	0	0	0.0975
228	111	61	0	0	0	0	0.1
227	110	63	0	0	0	1	0.1025
225	111	64	0	0	0	1	0.105
225	111	64	0	0	0	0	0.1075
222	111	67	0	0	0	2	0.11
220	112	68	0	0	0	1	0.1125
219	113	68	0	0	0	0	0.115
217	114	69	0	0	0	1	0.1175
214	115	71	0	0	0	2	0.12
216	115	69	0	0	0	0	0.1225
215	115	70	0	0	0	1	0.125
214	115	71	0	0	0	1	0.1275
210	115	75	0	0	0	4	0.13
209	116	75	0	0	0	0	0.1325
208	117	75	0	0	0	0	0.135
205	119	76	0	0	0	1	0.1375
204	117	79	0	0	0	1	0.14
201	118	81	0	0	0	2	0.1425
201	118	81	0	0	0	0	0.145
199	119	82	0	0	0	1	0.1475
198	119	83	0	0	0	1	0.15
197	119	84	0	0	0	1	0.1525
195	120	85	0	0	0	1	0.155
195	120	85	0	0	0	0	0.1575
190	121	89	0	0	0	4	0.16
188	121	91	0	0	0	1	0.1625
187	122	91	0	0	0	0	0.165
185	123	92	0	0	0	1	0.1675
183	122	95	0	0	0	2	0.17
182	122	96	0	0	0	0	0.1725
179	122	99	0	0	0	2	0.175
179	121	100	0	0	0	0	0.1775
178	120	102	0	0	0	1	0.18
175	121	104	0	0	0	2	0.1825
172	121	107	0	0	0	3	0.185
170	122	108	0	0	0	1	0.1875
168	122	110	0	0	0	2	0.19
168	122	110	0	0	0	0	0.1925
167	122	111	0	0	0	1	0.195
165	123	112	0	0	0	1	0.1975
163	124	113	0	0	0	1	0.2
159	125	116	0	0	0	3	0.2025
158	125	117	0	0	0	1	0.205
157	124	119	0	0	0	1	0.2075
156	124	120	0	0	0	2	0.21
155	125	120	0	0	0	1	0.2125
156	125	119	0	0	0	0	0.215
154	124	122	0	0	0	2	0.2175
154	123	123	0	0	0	0	0.22
154	123	123	0	0	0	0	0.2225
152	122	126	0	0	0	2	0.225
154	122	124	0	0	0	0	0.2275
153	122	125	0	0	0	1	0.23
152	123	125	0	0	0	0	0.2325
152	122	126	0	0	0	0	0.235
150	123	127	0	0	0	1	0.2375
150	123	127	0	0	0	0	0.24
148	123	129	0	0	0	2	0.2425
147	124	129	0	0	0	0	0.245
148	124	128	0	0	0	0	0.2475
147	123	130	0	0	0	1	0.25
147	123	130	0	0	0	0	0.2525
145	124	131	0	0	0	0	0.255
144	125	131	0	0	0	0	0.2575
142	126	132	0	0	0	0	0.26
142	124	134	0	0	0	0	0.2625
140	125	135	0	0	0	1	0.265
139	126	135	0	0	0	0	0.2675
140	126	134	0	0	0	0	0.27
141	126	133	0	0	0	0	0.2725
140	125	135	0	0	0	1	0.275
139	124	137	0	0	0	1	0.2775
140	124	136	0	0	0	0	0.28
137	125	138	0	0	0	2	0.2825
135	126	139	0	0	0	1	0.285
135	126	139	0	0	0	0	0.2875
133	127	140	0	0	0	1	0.29
132	126	142	0	0	0	1	0.2925
132	126	142	0	0	0	0	0.295
129	126	145	0	0	0	1	0.2975
130	126	144	0	0	0	0	0.3
129	126	145	0	0	0	1	0.3025
129	126	145	0	0	0	0	0.305
128	125	147	0	0	0	0	0.3075
128	125	147	0	0	0	0	0.31
124	127	149	0	0	0	2	0.3125
122	126	152	0	0	0	2	0.315
120	128	152	0	0	0	0	0.3175
117	130	153	0	0	0	1	0.32
117	130	153	0	0	0	0	0.3225
114	130	156	0	0	0	3	0.325
113	131	156	0	0	0	0	0.3275
112	132	156	0	0	0	0	0.33
112	132	156	0	0	0	0	0.3325
110	130	160	0	0	0	2	0.335
110	130	160	0	0	0	0	0.3375
106	131	163	0	0	0	3	0.34
105	132	163	0	0	0	0	0.3425
104	131	165	0	0	0	1	0.345
103	131	166	0	0	0	1	0.3475
102	130	168	0	0	0	2	0.35
100	130	170	0	0	0	2	0.3525
99	128	173	0	0	0	1	0.355
99	127	174	0	0	0	0	0.3575
100	127	173	0	0	0	0	0.36
101	127	172	0	0	0	0	0.3625
101	126	173	0	0	0	1	0.365
100	127	173	0	0	0	1	0.3675
98	128	174	0	0	0	1	0.37
97	128	175	0	0	0	1	0.3725
96	129	175	0	0	0	0	0.375
94	129	177	0	0	0	1	0.3775
94	129	177	0	0	0	0	0.38
94	129	177	0	0	0	0	0.3825
92	129	179	0	0	0	2	0.385
91	128	181	0	0	0	1	0.3875
91	127	182	0	0	0	0	0.39
91	128	181	0	0	0	0	0.3925
91	128	181	0	0	0	0	0.395
91	128	181	0	0	0	0	0.3975
89	128	183	0	0	0	1	0.4
88	128	184	0	0	0	1	0.4025
87	128	185	0	0	0	1	0.405
87	128	185	0	0	0	0	0.4075
87	128	185	0	0	0	0	0.41
87	128	185	0	0	0	0	0.4125
87	127	186	0	0	0	0	0.415
86	128	186	0	0	0	0	0.4175
86	127	187	0	0	0	0	0.42
87	127	186	0	0	0	0	0.4225
88	127	185	0	0	0	0	0.425
87	127	186	0	0	0	0	0.4275
86	128	186	0	0	0	0	0.43
86	128	186	0	0	0	0	0.4325
87	128	185	0	0	0	0	0.435
85	129	186	0	0	0	1	0.4375
84	129	187	0	0	0	1	0.44
84	129	187	0	0	0	0	0.4425
81	130	189	0	0	0	2	0.445
82	130	188	0	0	0	0	0.4475
82	130	188	0	0	0	0	0.45
79	132	189	0	0	0	1	0.4525
79	131	190	0	0	0	0	0.455
79	131	190	0	0	0	0	0.4575
79	131	190	0	0	0	0	0.46
79	131	190	0	0	0	0	0.4625
79	129	192	0	0	0	0	0.465
78	130	192	0	0	0	1	0.4675
78	129	193	0	0	0	0	0.47
77	130	193	0	0	0	0	0.4725
77	129	194	0	0	0	0	0.475
77	127	196	0	0	0	0	0.4775
76	127	197	0	0	0	1	0.48
76	127	197	0	0	0	0	0.4825
76	127	197	0	0	0	0	0.485
78	127	195	0	0	0	0	0.4875
77	126	197	0	0	0	1	0.49
77	126	197	0	0	0	0	0.4925
77	126	197	0	0	0	0	0.495
78	125	197	0	0	0	0	0.4975
78	125	197	0	0	0	0	0.5
77	124	199	0	0	0	1	0.5025
77	124	199	0	0	0	0	0.505
76	123	201	0	0	0	1	0.5075
76	122	202	0	0	0	0	0.51
76	121	203	0	0	0	0	0.5125
76	121	203	0	0	0	0	0.515
75	121	204	0	0	0	1	0.5175
73	123	204	0	0	0	0	0.52
72	124	204	0	0	0	0	0.5225
72	123	205	0	0	0	0	0.525
71	124	205	0	0	0	0	0.5275
69	124	207	0	0	0	2	0.53
68	125	207	0	0	0	0	0.5325
67	125	208	0	0	0	1	0.535
66	126	208	0	0	0	0	0.5375
66	126	208	0	0	0	1	0.54
66	125	209	0	0	0	0	0.5425
65	125	210	0	0	0	1	0.545
64	125	211	0	0	0	1	0.5475
63	126	211	0	0	0	0	0.55
62	128	210	0	0	0	0	0.5525
62	128	210	0	0	0	0	0.555
61	128	211	0	0	0	0	0.5575
60	129	211	0	0	0	0	0.56
61	129	210	0	0	0	0	0.5625
61	129	210	0	0	0	0	0.565
60	129	211	0	0	0	1	0.5675
61	129	210	0	0	0	0	0.57
61	129	210	0	0	0	0	0.5725
61	130	209	0	0	0	0	0.575
61	129	210	0	0	0	0	0.5775
61	129	210	0	0	0	0	0.58
61	129	210	0	0	0	0	0.5825
61	129	210	0	0	0	0	0.585
61	128	211	0	0	0	0	0.5875
61	128	211	0	0	0	0	0.59
61	127	212	0	0	0	0	0.5925
61	126	213	0	0	0	0	0.595
62	126	212	0	0	0	0	0.5975
60	126	214	0	0	0	2	0.6
59	125	216	0	0	0	3	0.6025
57	125	218	0	0	0	2	0.605
56	126	218	0	0	0	1	0.6075
56	125	219	0	0	0	0	0.61
56	125	219	0	0	0	0	0.6125
56	125	219	0	0	0	0	0.615
57	125	218	0	0	0	0	0.6175
57	125	218	0	0	0	0	0.62
57	125	218	0	0	0	0	0.6225
57	125	218	0	0	0	0	0.625
57	125	218	0	0	0	0	0.6275
57	125	218	0	0	0	0	0.63
57	123	220	0	0	0	0	0.6325
56	123	221	0	0	0	1	0.635
55	123	222	0	0	0	1	0.6375
55	123	222	0	0	0	0	0.64
55	123	222	0	0	0	0	0.6425
54	124	222	0	0	0	0	0.645
54	124	222	0	0	0	0	0.6475
53	124	223	0	0	0	1	0.65
53	124	223	0	0	0	0	0.6525
53	124	223	0	0	0	0	0.655
53	124	223	0	0	0	0	0.6575
51	124	225	0	0	0	2	0.66
51	124	225	0	0	0	0	0.6625
51	125	224	0	0	0	0	0.665
50	125	225	0	0	0	2	0.6675
49	124	227	0	0	0	1	0.67
51	124	225	0	0	0	0	0.6725
51	124	225	0	0	0	0	0.675
51	123	226	0	0	0	0	0.6775
48	123	229	0	0	0	2	0.68
48	123	229	0	0	0	0	0.6825
48	123	229	0	0	0	0	0.685
48	123	229	0	0	0	0	0.6875
46	123	231	0	0	0	2	0.69
46	123	231	0	0	0	0	0.6925
47	123	230	0	0	0	0	0.695
48	123	229	0	0	0	1	0.6975
49	122	229	0	0	0	0	0.7
48	121	231	0	0	0	0	0.7025
48	121	231	0	0	0	0	0.705
48	120	232	0	0	0	0	0.7075
48	120	232	0	0	0	0	0.71
49	119	232	0	0	0	0	0.7125
49	119	232	0	0	0	1	0.715
49	119	232	0	0	0	0	0.7175
49	119	232	0	0	0	0	0.72
49	119	232	0	0	0	0	0.7225
49	119	232	0	0	0	0	0.725
49	119	232	0	0	0	0	0.7275
49	119	232	0	0	0	0	0.73
49	119	232	0	0	0	0	0.7325
49	119	232	0	0	0	0	0.735
49	119	232	0	0	0	0	0.7375
49	120	231	0	0	0	0	0.74
48	120	232	0	0	0	1	0.7425
46	121	233	0	0	0	0	0.745
46	119	235	0	0	0	0	0.7475
45	118	237	0	0	0	1	0.75
45	119	236	0	0	0	0	0.7525
45	118	237	0	0	0	1	0.755
45	118	237	0	0	0	0	0.7575
45	118	237	0	0	0	1	0.76
45	115	240	0	0	0	0	0.7625
45	114	241	0	0	0	0	0.765
45	114	241	0	0	0	0	0.7675
45	115	240	0	0	0	1	0.77
45	115	240	0	0	0	0	0.7725
45	115	240	0	0	0	0	0.775
45	115	240	0	0	0	0	0.7775
45	115	240	0	0	0	1	0.78
45	115	240	0	0	0	0	0.7825
44	114	242	0	0	0	1	0.785
44	114	242	0	0	0	0	0.7875
44	114	242	0	0	0	0	0.79
44	114	242	0	0	0	0	0.7925
43	115	242	0	0	0	0	0.795
42	115	243	0	0	0	1	0.7975
43	115	242	0	0	0	0	0.8
43	114	243	0	0	0	0	0.8025
41	115	244	0	0	0	0	0.805
41	114	245	0	0	0	0	0.8075
41	114	245	0	0	0	0	0.81
41	114	245	0	0	0	0	0.8125
41	114	245	0	0	0	0	0.815
42	113	245	0	0	0	0	0.8175
43	113	244	0	0	0	0	0.82
43	113	244	0	0	0	0	0.8225
43	112	245	0	0	0	1	0.825
43	112	245	0	0	0	0	0.8275
41	112	247	0	0	0	1	0.83
41	112	247	0	0	0	0	0.8325
41	112	247	0	0	0	0	0.835
41	112	247	0	0	0	0	0.8375
42	112	246	0	0	0	0	0.84
42	112	246	0	0	0	0	0.8425
40	114	246	0	0	0	0	0.845
40	113	247	0	0	0	0	0.8475
40	113	247	0	0	0	0	0.85
41	111	248	0	0	0	0	0.8525
41	111	248	0	0	0	0	0.855
41	110	249	0	0	0	0	0.8575
42	110	248	0	0	0	0	0.86
42	109	249	0	0	0	0	0.8625
42	109	249	0	0	0	1	0.865
41	109	250	0	0	0	1	0.8675
39	109	252	0	0	0	1	0.87
40	108	252	0	0	0	0	0.8725
40	108	252	0	0	0	1	0.875
40	108	252	0	0	0	0	0.8775
39	107	254	0	0	0	1	0.88
39	107	254	0	0	0	0	0.8825
39	107	254	0	0	0	0	0.885
39	106	255	0	0	0	0	0.8875
40	106	254	0	0	0	0	0.89
40	106	254	0	0	0	1	0.8925
41	106	253	0	0	0	0	0.895
42	106	252	0	0	0	0	0.8975
42	106	252	0	0	0	0	0.9
40	106	254	0	0	0	2	0.9025
40	105	255	0	0	0	0	0.905
39	105	256	0	0	0	1	0.9075
38	105	257	0	0	0	1	0.91
38	105	257	0	0	0	0	0.9125
37	105	258	0	0	0	1	0.915
36	106	258	0	0	0	0	0.9175
36	106	258	0	0	0	0	0.92
36	106	258	0	0	0	0	0.9225
36	106	258	0	0	0	0	0.925
35	107	258	0	0	0	0	0.9275
34	108	258	0	0	0	0	0.93
33	108	259	0	0	0	1	0.9325
33	108	259	0	0	0	0	0.935
33	108	259	0	0	0	0	0.9375
33	108	259	0	0	0	0	0.94
33	108	259	0	0	0	0	0.9425
34	107	259	0	0	0	0	0.945
34	107	259	0	0	0	0	0.9475
34	106	260	0	0	0	0	0.95
34	106	260	0	0	0	0	0.9525
33	106	261	0	0	0	1	0.955
33	106	261	0	0	0	0	0.9575
35	105	260	0	0	0	0	0.96
35	105	260	0	0	0	0	0.9625
36	106	258	0	0	0	0	0.965
37	105	258	0	0	0	0	0.9675
37	105	258	0	0	0	0	0.97
37	104	259	0	0	0	0	0.9725
37	103	260	0	0	0	0	0.975
37	102	261	0	0	0	0	0.9775
36	103	261	0	0	0	0	0.98
36	103	261	0	0	0	0	0.9825
36	103	261	0	0	0	0	0.985
35	103	262	0	0	0	2	0.9875
35	103	262	0	0	0	0	0.99
35	104	261	0	0	0	0	0.9925
34	104	262	0	0	0	1	0.995
36	104	260	0	0	0	0	0.9975
37	104	259	0	0	0	0	1
37	104	259	0	0	0	0	1.0025
37	104	259	0	0	0	0	1.005
37	104	259	0	0	0	0	1.0075
36	104	260	0	0	0	1	1.01
36	102	262	0	0	0	0	1.0125
36	102	262	0	0	0	0	1.015
36	101	263	0	0	0	0	1.0175
35	101	264	0	0	0	1	1.02
35	101	264	0	0	0	0	1.0225
35	101	264	0	0	0	0	1.025
35	101	264	0	0	0	0	1.0275
36	100	264	0	0	0	0	1.03
36	100	264	0	0	0	0	1.0325
36	100	264	0	0	0	0	1.035
38	100	262	0	0	0	0	1.0375
37	99	264	0	0	0	1	1.04
37	98	265	0	0	0	0	1.0425
38	98	264	0	0	0	0	1.045
38	98	264	0	0	0	0	1.0475
37	100	263	0	0	0	0	1.05
37	100	263	0	0	0	0	1.0525
39	99	262	0	0	0	0	1.055
38	100	262	0	0	0	0	1.0575
37	100	263	0	0	0	1	1.06
36	100	264	0	0	0	1	1.0625
35	99	266	0	0	0	0	1.065
36	98	266	0	0	0	0	1.0675
37	98	265	0	0	0	0	1.07
37	98	265	0	0	0	0	1.0725
37	97	266	0	0	0	0	1.075
36	98	266	0	0	0	0	1.0775
36	97	267	0	0	0	0	1.08
37	96	267	0	0	0	0	1.0825
38	96	266	0	0	0	0	1.085
38	96	266	0	0	0	0	1.0875
37	96	267	0	0	0	1	1.09
36	95	269	0	0	0	1	1.0925
36	96	268	0	0	0	0	1.095
36	95	269	0	0	0	0	1.0975
36	95	269	0	0	0	0	1.1
36	95	269	0	0	0	0	1.1025
36	95	269	0	0	0	0	1.105
36	95	269	0	0	0	0	1.1075
36	95	269	0	0	0	0	1.11
36	94	270	0	0	0	0	1.1125
36	94	270	0	0	0	0	1.115
37	94	269	0	0	0	0	1.1175
37	94	269	0	0	0	0	1.12
37	94	269	0	0	0	1	1.1225
39	94	267	0	0	0	0	1.125
39	94	267	0	0	0	0	1.1275
39	94	267	0	0	0	0	1.13
39	93	268	0	0	0	0	1.1325
39	93	268	0	0	0	0	1.135
38	93	269	0	0	0	1	1.1375
37	94	269	0	0	0	0	1.14
37	94	269	0	0	0	0	1.1425
38	94	268	0	0	0	0	1.145
38	94	268	0	0	0	0	1.1475
39	93	268	0	0	0	0	1.15
38	92	270	0	0	0	0	1.1525
37	92	271	0	0	0	1	1.155
36	91	273	0	0	0	1	1.1575
36	91	273	0	0	0	0	1.16
37	91	272	0	0	0	0	1.1625
36	91	273	0	0	0	0	1.165
35	91	274	0	0	0	1	1.1675
35	91	274	0	0	0	0	1.17
35	91	274	0	0	0	0	1.1725
35	91	274	0	0	0	0	1.175
35	91	274	0	0	0	0	1.1775
35	91	274	0	0	0	0	1.18
34	92	274	0	0	0	0	1.1825
34	91	275	0	0	0	0	1.185
34	91	275	0	0	0	0	1.1875
33	91	276	0	0	0	1	1.19
34	90	276	0	0	0	0	1.1925
34	90	276	0	0	0	0	1.195
34	89	277	0	0	0	0	1.1975
33	89	278	0	0	0	1	1.2
33	89	278	0	0	0	0	1.2025
34	89	277	0	0	0	0	1.205
34	89	277	0	0	0	0	1.2075
35	88	277	0	0	0	0	1.21
35	87	278	0	0	0	0	1.2125
35	87	278	0	0	0	0	1.215
35	87	278	0	0	0	0	1.2175
36	87	277	0	0	0	0	1.22
36	87	277	0	0	0	0	1.2225
36	87	277	0	0	0	0	1.225
36	87	277	0	0	0	0	1.2275
35	88	277	0	0	0	0	1.23
36	88	276	0	0	0	0	1.2325
36	88	276	0	0	0	0	1.235
37	88	275	0	0	0	0	1.2375
39	88	273	0	0	0	0	1.24
40	88	272	0	0	0	0	1.2425
40	87	273	0	0	0	0	1.245
41	87	272	0	0	0	0	1.2475
41	87	272	0	0	0	0	1.25
42	87	271	0	0	0	0	1.2525
42	87	271	0	0	0	0	1.255
43	87	270	0	0	0	1	1.2575
42	86	272	0	0	0	0	1.26
41	86	273	0	0	0	1	1.2625
40	86	274	0	0	0	1	1.265
39	86	275	0	0	0	1	1.2675
39	85	276	0	0	0	0	1.27
39	85	276	0	0	0	0	1.2725
39	84	277	0	0	0	2	1.275
39	84	277	0	0	0	0	1.2775
40	84	276	0	0	0	0	1.28
40	84	276	0	0	0	0	1.2825
39	84	277	0	0	0	1	1.285
39	84	277	0	0	0	0	1.2875
40	84	276	0	0	0	0	1.29
39	84	277	0	0	0	1	1.2925
39	84	277	0	0	0	0	1.295
40	84	276	0	0	0	0	1.2975
40	84	276	0	0	0	0	1.3
39	84	277	0	0	0	1	1.3025
39	84	277	0	0	0	0	1.305
39	84	277	0	0	0	0	1.3075
38	84	278	0	0	0	1	1.31
38	84	278	0	0	0	0	1.3125
38	83	279	0	0	0	1	1.315
39	83	278	0	0	0	0	1.3175
39	83	278	0	0	0	0	1.32
39	83	278	0	0	0	0	1.3225
39	83	278	0	0	0	0	1.325
39	82	279	0	0	0	0	1.3275
40	82	278	0	0	0	0	1.33
41	82	277	0	0	0	0	1.3325
43	81	276	0	0	0	0	1.335
44	81	275	0	0	0	0	1.3375
44	81	275	0	0	0	0	1.34
44	82	274	0	0	0	0	1.3425
44	82	274	0	0	0	0	1.345
43	82	275	0	0	0	0	1.3475
45	82	273	0	0	0	0	1.35
45	82	273	0	0	0	0	1.3525
45	82	273	0	0	0	0	1.355
45	81	274	0	0	0	0	1.3575
45	80	275	0	0	0	0	1.36
45	80	275	0	0	0	0	1.3625
45	80	275	0	0	0	1	1.365
45	79	276	0	0	0	0	1.3675
46	79	275	0	0	0	0	1.37
45	79	276	0	0	0	1	1.3725
45	79	276	0	0	0	0	1.375
45	79	276	0	0	0	0	1.3775
45	78	277	0	0	0	0	1.38
46	78	276	0	0	0	0	1.3825
47	78	275	0	0	0	0	1.385
48	78	274	0	0	0	0	1.3875
48	78	274	0	0	0	0	1.39
48	77	275	0	0	0	0	1.3925
47	77	276	0	0	0	2	1.395
47	78	275	0	0	0	0	1.3975
48	78	274	0	0	0	0	1.4
49	77	274	0	0	0	0	1.4025
48	77	275	0	0	0	1	1.405
47	77	276	0	0	0	2	1.4075
48	77	275	0	0	0	0	1.41
48	77	275	0	0	0	0	1.4125
49	76	275	0	0	0	0	1.415
49	76	275	0	0	0	0	1.4175
48	77	275	0	0	0	0	1.42
48	77	275	0	0	0	1	1.4225
48	77	275	0	0	0	0	1.425
48	76	276	0	0	0	0	1.4275
47	76	277	0	0	0	1	1.43
47	76	277	0	0	0	0	1.4325
47	76	277	0	0	0	0	1.435
46	76	278	0	0	0	1	1.4375
46	76	278	0	0	0	0	1.44
46	77	277	0	0	0	0	1.4425
46	77	277	0	0	0	0	1.445
46	77	277	0	0	0	0	1.4475
46	77	277	0	0	0	0	1.45
46	77	277	0	0	0	0	1.4525
46	77	277	0	0	0	0	1.455
46	76	278	0	0	0	0	1.4575
46	76	278	0	0	0	0	1.46
45	75	280	0	0	0	1	1.4625
44	75	281	0	0	0	1	1.465
44	75	281	0	0	0	0	1.4675
44	75	281	0	0	0	0	1.47
45	75	280	0	0	0	0	1.4725
46	75	279	0	0	0	0	1.475
46	76	278	0	0	0	0	1.4775
47	76	277	0	0	0	0	1.48
48	76	276	0	0	0	0	1.4825
48	77	275	0	0	0	0	1.485
49	77	274	0	0	0	0	1.4875
48	77	275	0	0	0	1	1.49
48	77	275	0	0	0	0	1.4925
49	77	274	0	0	0	0	1.495
49	76	275	0	0	0	0	1.4975
49	76	275	0	0	0	0	1.5
49	76	275	0	0	0	0	1.5025
50	75	275	0	0	0	0	1.505
50	75	275	0	0	0	0	1.5075
50	75	275	0	0	0	0	1.51
50	75	275	0	0	0	0	1.5125
50	75	275	0	0	0	1	1.515
50	75	275	0	0	0	0	1.5175
51	75	274	0	0	0	0	1.52
51	75	274	0	0	0	0	1.5225
51	75	274	0	0	0	0	1.525
51	75	274	0	0	0	0	1.5275
52	75	273	0	0	0	0	1.53
52	75	273	0	0	0	0	1.5325
52	75	273	0	0	0	0	1.535
53	75	272	0	0	0	0	1.5375
53	75	272	0	0	0	1	1.54
53	74	273	0	0	0	0	1.5425
54	74	272	0	0	0	0	1.545
54	73	273	0	0	0	0	1.5475
54	73	273	0	0	0	0	1.55
55	73	272	0	0	0	0	1.5525
54	72	274	0	0	0	1	1.555
54	72	274	0	0	0	0	1.5575
54	72	274	0	0	0	1	1.56
51	72	277	0	0	0	3	1.5625
50	73	277	0	0	0	1	1.565
50	74	276	0	0	0	0	1.5675
50	74	276	0	0	0	0	1.57
50	74	276	0	0	0	0	1.5725
50	74	276	0	0	0	0	1.575
50	74	276	0	0	0	0	1.5775
51	73	276	0	0	0	0	1.58
53	73	274	0	0	0	0	1.5825
53	73	274	0	0	0	0	1.585
53	73	274	0	0	0	0	1.5875
53	72	275	0	0	0	0	1.59
53	72	275	0	0	0	0	1.5925
52	72	276	0	0	0	1	1.595
52	72	276	0	0	0	0	1.5975
52	72	276	0	0	0	0	1.6
52	72	276	0	0	0	0	1.6025
52	72	276	0	0	0	1	1.605
52	72	276	0	0	0	0	1.6075
52	72	276	0	0	0	0	1.61
52	72	276	0	0	0	1	1.6125
54	72	274	0	0	0	0	1.615
53	72	275	0	0	0	1	1.6175
52	73	275	0	0	0	0	1.62
53	72	275	0	0	0	0	1.6225
52	72	276	0	0	0	1	1.625
52	72	276	0	0	0	0	1.6275
51	72	277	0	0	0	1	1.63
53	72	275	0	0	0	0	1.6325
53	71	276	0	0	0	0	1.635
53	70	277	0	0	0	0	1.6375
54	71	275	0	0	0	0	1.64
55	71	274	0	0	0	0	1.6425
55	71	274	0	0	0	0	1.645
56	71	273	0	0	0	0	1.6475
56	70	274	0	0	0	1	1.65
56	70	274	0	0	0	0	1.6525
54	70	276	0	0	0	2	1.655
54	69	277	0	0	0	0	1.6575
54	69	277	0	0	0	0	1.66
55	68	277	0	0	0	0	1.6625
55	68	277	0	0	0	0	1.665
55	68	277	0	0	0	0	1.6675
53	68	279	0	0	0	2	1.67
53	69	278	0	0	0	0	1.6725
52	70	278	0	0	0	0	1.675
52	70	278	0	0	0	0	1.6775
52	68	280	0	0	0	0	1.68
52	68	280	0	0	0	0	1.6825
50	68	282	0	0	0	2	1.685
50	68	282	0	0	0	0	1.6875
50	68	282	0	0	0	1	1.69
50	68	282	0	0	0	0	1.6925
50	68	282	0	0	0	0	1.695
51	68	281	0	0	0	0	1.6975
51	68	281	0	0	0	0	1.7
51	68	281	0	0	0	0	1.7025
51	68	281	0	0	0	0	1.705
51	68	281	0	0	0	0	1.7075
51	66	283	0	0	0	0	1.71
52	66	282	0	0	0	0	1.7125
53	66	281	0	0	0	0	1.715
54	66	280	0	0	0	0	1.7175
54	65	281	0	0	0	0	1.72
54	65	281	0	0	0	0	1.7225
54	65	281	0	0	0	0	1.725
54	65	281	0	0	0	0	1.7275
54	65	281	0	0	0	0	1.73
54	64	282	0	0	0	0	1.7325
56	64	280	0	0	0	0	1.735
57	63	280	0	0	0	0	1.7375
57	63	280	0	0	0	0	1.74
57	63	280	0	0	0	0	1.7425
57	62	281	0	0	0	0	1.745
57	62	281	0	0	0	0	1.7475
58	61	281	0	0	0	0	1.75
57	61	282	0	0	0	1	1.7525
58	61	281	0	0	0	0	1.755
58	61	281	0	0	0	0	1.7575
58	61	281	0	0	0	0	1.76
58	61	281	0	0	0	0	1.7625
57	61	282	0	0	0	1	1.765
56	62	282	0	0	0	1	1.7675
56	60	284	0	0	0	0	1.77
56	59	285	0	0	0	0	1.7725
56	59	285	0	0	0	0	1.775
55	60	285	0	0	0	0	1.7775
55	60	285	0	0	0	0	1.78
55	60	285	0	0	0	0	1.7825
55	60	285	0	0	0	0	1.785
56	60	284	0	0	0	0	1.7875
55	60	285	0	0	0	0	1.79
56	60	284	0	0	0	0	1.7925
57	60	283	0	0	0	0	1.795
57	60	283	0	0	0	0	1.7975
57	60	283	0	0	0	0	1.8
57	60	283	0	0	0	0	1.8025
57	61	282	0	0	0	0	1.805
57	61	282	0	0	0	0	1.8075
57	61	282	0	0	0	0	1.81
57	60	283	0	0	0	0	1.8125
58	60	282	0	0	0	0	1.815
58	58	284	0	0	0	0	1.8175
57	58	285	0	0	0	1	1.82
57	58	285	0	0	0	0	1.8225
57	58	285	0	0	0	1	1.825
57	58	285	0	0	0	0	1.8275
56	58	286	0	0	0	1	1.83
56	58	286	0	0	0	0	1.8325
56	58	286	0	0	0	1	1.835
56	59	285	0	0	0	0	1.8375
56	59	285	0	0	0	0	1.84
55	59	286	0	0	0	1	1.8425
55	59	286	0	0	0	0	1.845
55	59	286	0	0	0	0	1.8475
54	59	287	0	0	0	1	1.85
54	59	287	0	0	0	0	1.8525
55	59	286	0	0	0	1	1.855
55	59	286	0	0	0	0	1.8575
54	60	286	0	0	0	0	1.86
54	60	286	0	0	0	0	1.8625
55	60	285	0	0	0	0	1.865
55	59	286	0	0	0	0	1.8675
56	58	286	0	0	0	0	1.87
56	58	286	0	0	0	0	1.8725
56	58	286	0	0	0	0	1.875
56	58	286	0	0	0	0	1.8775
56	59	285	0	0	0	1	1.88
57	59	284	0	0	0	1	1.8825
55	59	286	0	0	0	2	1.885
54	59	287	0	0	0	1	1.8875
53	60	287	0	0	0	0	1.89
52	61	287	0	0	0	0	1.8925
50	61	289	0	0	0	2	1.895
52	61	287	0	0	0	0	1.8975
54	61	285	0	0	0	0	1.9
54	61	285	0	0	0	0	1.9025
54	61	285	0	0	0	0	1.905
54	61	285	0	0	0	1	1.9075
54	61	285	0	0	0	0	1.91
54	61	285	0	0	0	0	1.9125
54	61	285	0	0	0	0	1.915
55	60	285	0	0	0	0	1.9175
55	60	285	0	0	0	0	1.92
56	59	285	0	0	0	0	1.9225
57	59	284	0	0	0	0	1.925
58	59	283	0	0	0	0	1.9275
60	59	281	0	0	0	0	1.93
58	60	282	0	0	0	1	1.9325
58	59	283	0	0	0	0	1.935
58	60	282	0	0	0	0	1.9375
57	61	282	0	0	0	0	1.94
57	61	282	0	0	0	0	1.9425
57	61	282	0	0	0	0	1.945
57	61	282	0	0	0	0	1.9475
57	61	282	0	0	0	0	1.95
57	60	283	0	0	0	0	1.9525
57	60	283	0	0	0	0	1.955
56	60	284	0	0	0	0	1.9575
56	60	284	0	0	0	0	1.96
58	60	282	0	0	0	0	1.9625
58	61	281	0	0	0	0	1.965
59	61	280	0	0	0	0	1.9675
59	61	280	0	0	0	0	1.97
59	61	280	0	0	0	0	1.9725
60	60	280	0	0	0	0	1.975
60	60	280	0	0	0	0	1.9775
62	61	277	0	0	0	0	1.98
62	61	277	0	0	0	0	1.9825
62	61	277	0	0	0	0	1.985
61	61	278	0	0	0	1	1.9875
62	61	277	0	0	0	0	1.99
61	62	277	0	0	0	0	1.9925
60	63	277	0	0	0	0	1.995
60	63	277	0	0	0	0	1.9975
61	63	276	0	0	0	0	2
61	63	276	0	0	0	0	2.0025
61	63	276	0	0	0	0	2.005
61	63	276	0	0	0	0	2.0075
60	62	278	0	0	0	1	2.01
61	62	277	0	0	0	0	2.0125
62	61	277	0	0	0	0	2.015
61	62	277	0	0	0	0	2.0175
61	62	277	0	0	0	0	2.02
61	63	276	0	0	0	0	2.0225
62	63	275	0	0	0	0	2.025
62	63	275	0	0	0	0	2.0275
62	63	275	0	0	0	0	2.03
62	63	275	0	0	0	0	2.0325
61	63	276	0	0	0	1	2.035
62	63	275	0	0	0	0	2.0375
62	63	275	0	0	0	0	2.04
62	63	275	0	0	0	0	2.0425
61	62	277	0	0	0	1	2.045
60	62	278	0	0	0	1	2.0475
60	61	279	0	0	0	0	2.05
61	61	278	0	0	0	0	2.0525
60	61	279	0	0	0	1	2.055
60	60	280	0	0	0	0	2.0575
60	60	280	0	0	0	0	2.06
60	60	280	0	0	0	1	2.0625
60	59	281	0	0	0	0	2.065
61	59	280	0	0	0	0	2.0675
61	59	280	0	0	0	0	2.07
60	60	280	0	0	0	0	2.0725
59	60	281	0	0	0	1	2.075
58	60	282	0	0	0	1	2.0775
57	60	283	0	0	0	1	2.08
58	60	282	0	0	0	0	2.0825
59	59	282	0	0	0	0	2.085
58	59	283	0	0	0	1	2.0875
57	58	285	0	0	0	1	2.09
57	57	286	0	0	0	0	2.0925
57	57	286	0	0	0	0	2.095
55	57	288	0	0	0	2	2.0975
56	56	288	0	0	0	0	2.1
57	55	288	0	0	0	0	2.1025
57	55	288	0	0	0	0	2.105
58	55	287	0	0	0	0	2.1075
56	56	288	0	0	0	1	2.11
56	56	288	0	0	0	0	2.1125
56	56	288	0	0	0	0	2.115
55	56	289	0	0	0	2	2.1175
57	55	288	0	0	0	0	2.12
55	56	289	0	0	0	1	2.1225
56	56	288	0	0	0	0	2.125
56	56	288	0	0	0	0	2.1275
57	56	287	0	0	0	0	2.13
57	56	287	0	0	0	0	2.1325
56	57	287	0	0	0	1	2.135
56	57	287	0	0	0	0	2.1375
55	56	289	0	0	0	1	2.14
56	55	289	0	0	0	0	2.1425
56	55	289	0	0	0	0	2.145
56	55	289	0	0	0	0	2.1475
56	55	289	0	0	0	0	2.15
56	55	289	0	0	0	0	2.1525
56	54	290	0	0	0	0	2.155
57	53	290	0	0	0	0	2.1575
57	53	290	0	0	0	1	2.16
57	53	290	0	0	0	0	2.1625
57	53	290	0	0	0	1	2.165
57	53	290	0	0	0	0	2.1675
57	53	290	0	0	0	0	2.17
56	53	291	0	0	0	2	2.1725
57	53	290	0	0	0	0	2.175
58	53	289	0	0	0	0	2.1775
60	53	287	0	0	0	0	2.18
61	53	286	0	0	0	0	2.1825
61	53	286	0	0	0	0	2.185
60	53	287	0	0	0	1	2.1875
59	53	288	0	0	0	1	2.19
56	54	290	0	0	0	2	2.1925
57	54	289	0	0	0	0	2.195
57	55	288	0	0	0	0	2.1975
57	55	288	0	0	0	0	2.2
57	55	288	0	0	0	0	2.2025
57	54	289	0	0	0	0	2.205
57	54	289	0	0	0	0	2.2075
57	54	289	0	0	0	0	2.21
57	53	290	0	0	0	0	2.2125
57	53	290	0	0	0	0	2.215
57	53	290	0	0	0	0	2.2175
57	53	290	0	0	0	1	2.22
57	53	290	0	0	0	0	2.2225
57	53	290	0	0	0	0	2.225
56	53	291	0	0	0	1	2.2275
56	53	291	0	0	0	0	2.23
56	53	291	0	0	0	0	2.2325
57	53	290	0	0	0	0	2.235
57	52	291	0	0	0	1	2.2375
57	52	291	0	0	0	0	2.24
57	52	291	0	0	0	0	2.2425
57	52	291	0	0	0	0	2.245
58	52	290	0	0	0	0	2.2475
59	52	289	0	0	0	1	2.25
59	51	290	0	0	0	0	2.2525
60	51	289	0	0	0	0	2.255
59	51	290	0	0	0	1	2.2575
59	51	290	0	0	0	0	2.26
59	51	290	0	0	0	0	2.2625
59	51	290	0	0	0	0	2.265
59	51	290	0	0	0	0	2.2675
59	51	290	0	0	0	0	2.27
60	51	289	0	0	0	0	2.2725
60	51	289	0	0	0	0	2.275
61	50	289	0	0	0	0	2.2775
65	49	286	0	0	0	0	2.28
67	49	284	0	0	0	1	2.2825
67	49	284	0	0	0	0	2.285
67	49	284	0	0	0	1	2.2875
67	49	284	0	0	0	0	2.29
66	49	285	0	0	0	1	2.2925
66	49	285	0	0	0	0	2.295
66	49	285	0	0	0	0	2.2975
65	49	286	0	0	0	1	2.3
63	49	288	0	0	0	2	2.3025
63	48	289	0	0	0	0	2.305
63	48	289	0	0	0	0	2.3075
63	48	289	0	0	0	0	2.31
62	47	291	0	0	0	1	2.3125
62	47	291	0	0	0	0	2.315
62	47	291	0	0	0	0	2.3175
62	46	292	0	0	0	0	2.32
62	46	292	0	0	0	1	2.3225
63	46	291	0	0	0	0	2.325
65	46	289	0	0	0	0	2.3275
66	46	288	0	0	0	0	2.33
66	46	288	0	0	0	0	2.3325
66	46	288	0	0	0	1	2.335
65	47	288	0	0	0	0	2.3375
64	46	290	0	0	0	1	2.34
63	46	291	0	0	0	1	2.3425
62	46	292	0	0	0	1	2.345
62	47	291	0	0	0	0	2.3475
61	47	292	0	0	0	1	2.35
61	47	292	0	0	0	0	2.3525
62	47	291	0	0	0	0	2.355
62	47	291	0	0	0	0	2.3575
63	47	290	0	0	0	0	2.36
63	47	290	0	0	0	0	2.3625
61	47	292	0	0	0	2	2.365
61	47	292	0	0	0	0	2.3675
60	47	293	0	0	0	1	2.37
59	48	293	0	0	0	0	2.3725
59	48	293	0	0	0	0	2.375
59	47	294	0	0	0	0	2.3775
59	47	294	0	0	0	0	2.38
60	47	293	0	0	0	0	2.3825
60	46	294	0	0	0	0	2.385
61	46	293	0	0	0	0	2.3875
61	46	293	0	0	0	0	2.39
61	46	293	0	0	0	0	2.3925
61	46	293	0	0	0	0	2.395
61	46	293	0	0	0	0	2.3975
61	46	293	0	0	0	0	2.4
60	45	295	0	0	0	1	2.4025
61	45	294	0	0	0	0	2.405
62	45	293	0	0	0	0	2.4075
60	45	295	0	0	0	2	2.41
61	45	294	0	0	0	0	2.4125
62	44	294	0	0	0	0	2.415
62	44	294	0	0	0	0	2.4175
63	44	293	0	0	0	0	2.42
63	44	293	0	0	0	0	2.4225
62	44	294	0	0	0	1	2.425
62	44	294	0	0	0	1	2.4275
63	44	293	0	0	0	0	2.43
63	43	294	0	0	0	0	2.4325
64	43	293	0	0	0	0	2.435
64	43	293	0	0	0	0	2.4375
64	43	293	0	0	0	1	2.44
64	43	293	0	0	0	0	2.4425
64	43	293	0	0	0	0	2.445
65	43	292	0	0	0	0	2.4475
66	43	291	0	0	0	0	2.45
67	42	291	0	0	0	0	2.4525
68	42	290	0	0	0	0	2.455
66	42	292	0	0	0	1	2.4575
64	44	292	0	0	0	0	2.46
64	44	292	0	0	0	0	2.4625
64	44	292	0	0	0	0	2.465
64	44	292	0	0	0	0	2.4675
65	44	291	0	0	0	0	2.47
65	44	291	0	0	0	0	2.4725
66	44	290	0	0	0	0	2.475
65	42	293	0	0	0	1	2.4775
65	42	293	0	0	0	0	2.48
65	42	293	0	0	0	0	2.4825
64	42	294	0	0	0	1	2.485
64	42	294	0	0	0	0	2.4875
65	42	293	0	0	0	0	2.49
64	42	294	0	0	0	1	2.4925
64	42	294	0	0	0	1	2.495
64	42	294	0	0	0	0	2.4975
64	42	294	0	0	0	0	2.5
64	42	294	0	0	0	0	2.5025
64	41	295	0	0	0	1	2.505
64	41	295	0	0	0	0	2.5075
64	41	295	0	0	0	0	2.51
64	41	295	0	0	0	0	2.5125
64	41	295	0	0	0	0	2.515
65	41	294	0	0	0	0	2.5175
66	41	293	0	0	0	0	2.52
67	41	292	0	0	0	0	2.5225
67	41	292	0	0	0	0	2.525
67	41	292	0	0	0	0	2.5275
68	41	291	0	0	0	0	2.53
67	42	291	0	0	0	0	2.5325
67	42	291	0	0	0	0	2.535
67	42	291	0	0	0	0	2.5375
67	42	291	0	0	0	0	2.54
67	42	291	0	0	0	0	2.5425
68	42	290	0	0	0	0	2.545
68	42	290	0	0	0	0	2.5475
67	42	291	0	0	0	1	2.55
67	41	292	0	0	0	0	2.5525
67	41	292	0	0	0	0	2.555
66	41	293	0	0	0	1	2.5575
66	41	293	0	0	0	0	2.56
68	41	291	0	0	0	0	2.5625
67	41	292	0	0	0	2	2.565
68	41	291	0	0	0	0	2.5675
67	41	292	0	0	0	1	2.57
67	41	292	0	0	0	0	2.5725
67	41	292	0	0	0	0	2.575
67	40	293	0	0	0	0	2.5775
67	40	293	0	0	0	0	2.58
65	40	295	0	0	0	1	2.5825
64	40	296	0	0	0	1	2.585
65	40	295	0	0	0	0	2.5875
64	40	296	0	0	0	1	2.59
64	40	296	0	0	0	0	2.5925
65	40	295	0	0	0	0	2.595
64	41	295	0	0	0	0	2.5975
63	41	296	0	0	0	1	2.6
63	41	296	0	0	0	1	2.6025
63	41	296	0	0	0	0	2.605
64	40	296	0	0	0	0	2.6075
63	40	297	0	0	0	1	2.61
63	40	297	0	0	0	0	2.6125
64	40	296	0	0	0	0	2.615
63	40	297	0	0	0	1	2.6175
63	40	297	0	0	0	0	2.62
62	40	298	0	0	0	1	2.6225
62	40	298	0	0	0	0	2.625
62	40	298	0	0	0	0	2.6275
61	41	298	0	0	0	0	2.63
62	41	297	0	0	0	0	2.6325
63	41	296	0	0	0	0	2.635
64	41	295	0	0	0	0	2.6375
65	42	293	0	0	0	0	2.64
65	42	293	0	0	0	0	2.6425
65	42	293	0	0	0	0	2.645
65	42	293	0	0	0	0	2.6475
64	42	294	0	0	0	1	2.65
62	42	296	0	0	0	2	2.6525
62	42	296	0	0	0	1	2.655
62	42	296	0	0	0	0	2.6575
62	42	296	0	0	0	0	2.66
62	42	296	0	0	0	0	2.6625
62	42	296	0	0	0	0	2.665
62	42	296	0	0	0	0	2.6675
62	41	297	0	0	0	0	2.67
62	41	297	0	0	0	0	2.6725
64	41	295	0	0	0	0	2.675
64	41	295	0	0	0	1	2.6775
64	41	295	0	0	0	0	2.68
64	41	295	0	0	0	0	2.6825
65	40	295	0	0	0	0	2.685
65	40	295	0	0	0	0	2.6875
65	39	296	0	0	0	0	2.69
66	39	295	0	0	0	0	2.6925
67	39	294	0	0	0	0	2.695
67	38	295	0	0	0	0	2.6975
66	38	296	0	0	0	1	2.7
66	38	296	0	0	0	0	2.7025
66	38	296	0	0	0	0	2.705
67	37	296	0	0	0	0	2.7075
66	38	296	0	0	0	0	2.71
67	38	295	0	0	0	0	2.7125
68	37	295	0	0	0	1	2.715
66	37	297	0	0	0	2	2.7175
66	37	297	0	0	0	0	2.72
66	37	297	0	0	0	0	2.7225
65	37	298	0	0	0	3	2.725
65	36	299	0	0	0	0	2.7275
66	36	298	0	0	0	0	2.73
66	36	298	0	0	0	1	2.7325
66	36	298	0	0	0	0	2.735
65	36	299	0	0	0	1	2.7375
66	36	298	0	0	0	0	2.74
66	36	298	0	0	0	0	2.7425
65	36	299	0	0	0	1	2.745
65	36	299	0	0	0	0	2.7475
65	36	299	0	0	0	0	2.75
65	36	299	0	0	0	0	2.7525
66	36	298	0	0	0	0	2.755
65	36	299	0	0	0	1	2.7575
64	36	300	0	0	0	1	2.76
64	36	300	0	0	0	1	2.7625
64	35	301	0	0	0	0	2.765
62	35	303	0	0	0	2	2.7675
63	35	302	0	0	0	0	2.77
63	35	302	0	0	0	0	2.7725
60	35	305	0	0	0	3	2.775
60	35	305	0	0	0	0	2.7775
61	35	304	0	0	0	0	2.78
62	35	303	0	0	0	0	2.7825
61	35	304	0	0	0	1	2.785
61	35	304	0	0	0	0	2.7875
60	35	305	0	0	0	1	2.79
60	35	305	0	0	0	1	2.7925
61	35	304	0	0	0	0	2.795
61	35	304	0	0	0	0	2.7975
60	35	305	0	0	0	1	2.8
60	35	305	0	0	0	0	2.8025
61	35	304	0	0	0	0	2.805
61	34	305	0	0	0	0	2.8075
61	35	304	0	0	0	0	2.81
60	35	305	0	0	0	1	2.8125
60	34	306	0	0	0	0	2.815
60	34	306	0	0	0	0	2.8175
60	34	306	0	0	0	0	2.82
62	34	304	0	0	0	0	2.8225
63	34	303	0	0	0	0	2.825
64	34	302	0	0	0	0	2.8275
64	34	302	0	0	0	0	2.83
65	34	301	0	0	0	0	2.8325
65	34	301	0	0	0	0	2.835
67	34	299	0	0	0	0	2.8375
66	34	300	0	0	0	1	2.84
65	34	301	0	0	0	1	2.8425
65	34	301	0	0	0	1	2.845
65	34	301	0	0	0	0	2.8475
65	34	301	0	0	0	0	2.85
65	34	301	0	0	0	0	2.8525
65	34	301	0	0	0	0	2.855
68	34	298	0	0	0	0	2.8575
68	34	298	0	0	0	0	2.86
66	34	300	0	0	0	2	2.8625
66	34	300	0	0	0	0	2.865
67	34	299	0	0	0	0	2.8675
66	34	300	0	0	0	1	2.87
65	34	301	0	0	0	1	2.8725
65	34	301	0	0	0	0	2.875
66	34	300	0	0	0	0	2.8775
66	34	300	0	0	0	0	2.88
66	34	300	0	0	0	0	2.8825
66	33	301	0	0	0	0	2.885
67	34	299	0	0	0	0	2.8875
66	35	299	0	0	0	0	2.89
66	35	299	0	0	0	1	2.8925
66	35	299	0	0	0	0	2.895
67	35	298	0	0	0	0	2.8975
67	35	298	0	0	0	0	2.9
67	35	298	0	0	0	0	2.9025
67	35	298	0	0	0	0	2.905
67	35	298	0	0	0	0	2.9075
67	35	298	0	0	0	0	2.91
67	35	298	0	0	0	0	2.9125
67	35	298	0	0	0	0	2.915
67	36	297	0	0	0	0	2.9175
68	35	297	0	0	0	0	2.92
68	35	297	0	0	0	0	2.9225
68	35	297	0	0	0	0	2.925
68	35	297	0	0	0	0	2.9275
68	35	297	0	0	0	0	2.93
68	33	299	0	0	0	0	2.9325
69	33	298	0	0	0	0	2.935
70	33	297	0	0	0	0	2.9375
69	33	298	0	0	0	1	2.94
69	33	298	0	0	0	0	2.9425
69	33	298	0	0	0	0	2.945
69	33	298	0	0	0	1	2.9475
69	33	298	0	0	0	1	2.95
69	33	298	0	0	0	0	2.9525
68	34	298	0	0	0	0	2.955
68	34	298	0	0	0	0	2.9575
68	34	298	0	0	0	0	2.96
67	34	299	0	0	0	1	2.9625
66	34	300	0	0	0	1	2.965
65	33	302	0	0	0	1	2.9675
67	33	300	0	0	0	0	2.97
67	33	300	0	0	0	0	2.9725
67	33	300	0	0	0	0	2.975
67	33	300	0	0	0	0	2.9775
66	33	301	0	0	0	1	2.98
67	33	300	0	0	0	0	2.9825
67	33	300	0	0	0	0	2.985
67	33	300	0	0	0	1	2.9875
67	33	300	0	0	0	0	2.99
67	33	300	0	0	0	0	2.9925
68	33	299	0	0	0	0	2.995
67	34	299	0	0	0	0	2.9975
67	34	299	0	0	0	0	3
65	34	301	0	0	0	2	3.0025
65	34	301	0	0	0	0	3.005
65	34	301	0	0	0	0	3.0075
65	33	302	0	0	0	0	3.01
65	33	302	0	0	0	0	3.0125
66	33	301	0	0	0	0	3.015
66	33	301	0	0	0	0	3.0175
64	33	303	0	0	0	2	3.02
64	33	303	0	0	0	0	3.0225
65	33	302	0	0	0	0	3.025
65	33	302	0	0	0	0	3.0275
64	33	303	0	0	0	1	3.03
65	33	302	0	0	0	1	3.0325
65	33	302	0	0	0	0	3.035
65	33	302	0	0	0	0	3.0375
67	33	300	0	0	0	0	3.04
68	33	299	0	0	0	0	3.0425
68	33	299	0	0	0	0	3.045
68	33	299	0	0	0	0	3.0475
68	33	299	0	0	0	0	3.05
69	33	298	0	0	0	0	3.0525
70	33	297	0	0	0	1	3.055
69	33	298	0	0	0	1	3.0575
67	33	300	0	0	0	2	3.06
68	33	299	0	0	0	0	3.0625
70	33	297	0	0	0	0	3.065
71	33	296	0	0	0	0	3.0675
71	33	296	0	0	0	0	3.07
72	33	295	0	0	0	0	3.0725
73	33	294	0	0	0	0	3.075
74	33	293	0	0	0	0	3.0775
74	33	293	0	0	0	0	3.08
73	33	294	0	0	0	2	3.0825
73	33	294	0	0	0	0	3.085
74	33	293	0	0	0	0	3.0875
75	33	292	0	0	0	1	3.09
76	33	291	0	0	0	0	3.0925
76	33	291	0	0	0	0	3.095
76	33	291	0	0	0	0	3.0975
76	33	291	0	0	0	0	3.1
75	33	292	0	0	0	1	3.1025
74	33	293	0	0	0	1	3.105
74	33	293	0	0	0	0	3.1075
73	33	294	0	0	0	1	3.11
72	33	295	0	0	0	1	3.1125
72	33	295	0	0	0	0	3.115
73	33	294	0	0	0	0	3.1175
74	33	293	0	0	0	0	3.12
74	32	294	0	0	0	0	3.1225
73	32	295	0	0	0	1	3.125
73	32	295	0	0	0	0	3.1275
73	32	295	0	0	0	0	3.13
73	32	295	0	0	0	0	3.1325
72	32	296	0	0	0	1	3.135
72	32	296	0	0	0	0	3.1375
72	32	296	0	0	0	0	3.14
74	32	294	0	0	0	0	3.1425
72	32	296	0	0	0	2	3.145
73	32	295	0	0	0	0	3.1475
74	31	295	0	0	0	0	3.15
73	32	295	0	0	0	0	3.1525
73	32	295	0	0	0	0	3.155
72	32	296	0	0	0	1	3.1575
72	32	296	0	0	0	0	3.16
71	32	297	0	0	0	1	3.1625
72	32	296	0	0	0	0	3.165
71	32	297	0	0	0	1	3.1675
73	32	295	0	0	0	0	3.17
72	32	296	0	0	0	1	3.1725
71	31	298	0	0	0	1	3.175
72	31	297	0	0	0	0	3.1775
72	31	297	0	0	0	0	3.18
73	31	296	0	0	0	1	3.1825
74	31	295	0	0	0	0	3.185
74	31	295	0	0	0	0	3.1875
73	32	295	0	0	0	0	3.19
73	32	295	0	0	0	0	3.1925
73	32	295	0	0	0	2	3.195
72	31	297	0	0	0	1	3.1975
70	31	299	0	0	0	2	3.2
68	31	301	0	0	0	2	3.2025
68	31	301	0	0	0	0	3.205
66	32	302	0	0	0	1	3.2075
66	32	302	0	0	0	0	3.21
65	32	303	0	0	0	1	3.2125
64	32	304	0	0	0	2	3.215
64	32	304	0	0	0	0	3.2175
64	32	304	0	0	0	0	3.22
63	32	305	0	0	0	2	3.2225
63	32	305	0	0	0	0	3.225
63	32	305	0	0	0	0	3.2275
63	32	305	0	0	0	0	3.23
63	32	305	0	0	0	0	3.2325
62	32	306	0	0	0	1	3.235
61	33	306	0	0	0	0	3.2375
61	33	306	0	0	0	0	3.24
62	33	305	0	0	0	0	3.2425
62	33	305	0	0	0	0	3.245
63	33	304	0	0	0	0	3.2475
66	33	301	0	0	0	0	3.25
66	33	301	0	0	0	0	3.2525
67	33	300	0	0	0	0	3.255
68	33	299	0	0	0	0	3.2575
67	33	300	0	0	0	1	3.26
67	33	300	0	0	0	0	3.2625
67	34	299	0	0	0	0	3.265
68	34	298	0	0	0	1	3.2675
68	34	298	0	0	0	1	3.27
68	33	299	0	0	0	0	3.2725
67	33	300	0	0	0	1	3.275
67	33	300	0	0	0	1	3.2775
67	33	300	0	0	0	0	3.28
67	33	300	0	0	0	0	3.2825
67	33	300	0	0	0	0	3.285
66	33	301	0	0	0	1	3.2875
66	33	301	0	0	0	0	3.29
66	33	301	0	0	0	0	3.2925
65	33	302	0	0	0	1	3.295
66	33	301	0	0	0	0	3.2975
66	33	301	0	0	0	0	3.3
67	33	300	0	0	0	0	3.3025
66	33	301	0	0	0	1	3.305
66	33	301	0	0	0	0	3.3075
66	33	301	0	0	0	0	3.31
65	33	302	0	0	0	1	3.3125
66	33	301	0	0	0	0	3.315
66	33	301	0	0	0	0	3.3175
67	32	301	0	0	0	0	3.32
67	32	301	0	0	0	0	3.3225
67	32	301	0	0	0	0	3.325
68	32	300	0	0	0	0	3.3275
69	32	299	0	0	0	0	3.33
69	32	299	0	0	0	0	3.3325
69	32	299	0	0	0	0	3.335
70	32	298	0	0	0	0	3.3375
70	32	298	0	0	0	0	3.34
70	32	298	0	0	0	0	3.3425
70	32	298	0	0	0	0	3.345
70	32	298	0	0	0	0	3.3475
69	32	299	0	0	0	1	3.35
66	31	303	0	0	0	3	3.3525
66	31	303	0	0	0	0	3.355
67	31	302	0	0	0	0	3.3575
67	31	302	0	0	0	0	3.36
67	31	302	0	0	0	0	3.3625
67	31	302	0	0	0	0	3.365
67	31	302	0	0	0	0	3.3675
67	31	302	0	0	0	0	3.37
68	31	301	0	0	0	0	3.3725
68	31	301	0	0	0	0	3.375
68	30	302	0	0	0	0	3.3775
67	30	303	0	0	0	1	3.38
66	30	304	0	0	0	1	3.3825
66	30	304	0	0	0	0	3.385
66	30	304	0	0	0	0	3.3875
66	30	304	0	0	0	0	3.39
66	30	304	0	0	0	0	3.3925
67	30	303	0	0	0	0	3.395
67	30	303	0	0	0	0	3.3975
66	30	304	0	0	0	1	3.4
66	28	306	0	0	0	0	3.4025
67	28	305	0	0	0	0	3.405
66	28	306	0	0	0	1	3.4075
69	28	303	0	0	0	0	3.41
68	28	304	0	0	0	1	3.4125
67	28	305	0	0	0	2	3.415
69	28	303	0	0	0	0	3.4175
69	28	303	0	0	0	0	3.42
68	28	304	0	0	0	1	3.4225
67	28	305	0	0	0	1	3.425
67	28	305	0	0	0	0	3.4275
69	28	303	0	0	0	0	3.43
70	28	302	0	0	0	0	3.4325
70	28	302	0	0	0	0	3.435
68	28	304	0	0	0	2	3.4375
68	28	304	0	0	0	0	3.44
68	28	304	0	0	0	0	3.4425
69	28	303	0	0	0	0	3.445
69	28	303	0	0	0	0	3.4475
68	27	305	0	0	0	2	3.45
68	27	305	0	0	0	0	3.4525
69	27	304	0	0	0	0	3.455
69	27	304	0	0	0	0	3.4575
70	27	303	0	0	0	1	3.46
70	27	303	0	0	0	0	3.4625
70	27	303	0	0	0	0	3.465
70	27	303	0	0	0	0	3.4675
69	27	304	0	0	0	1	3.47
69	27	304	0	0	0	0	3.4725
70	27	303	0	0	0	0	3.475
68	26	306	0	0	0	2	3.4775
68	26	306	0	0	0	0	3.48
68	25	307	0	0	0	0	3.4825
69	25	306	0	0	0	0	3.485
68	25	307	0	0	0	1	3.4875
67	24	309	0	0	0	1	3.49
68	24	308	0	0	0	0	3.4925
67	25	308	0	0	0	0	3.495
67	25	308	0	0	0	0	3.4975
67	25	308	0	0	0	0	3.5
68	25	307	0	0	0	0	3.5025
68	25	307	0	0	0	0	3.505
68	25	307	0	0	0	0	3.5075
67	25	308	0	0	0	1	3.51
67	25	308	0	0	0	1	3.5125
69	25	306	0	0	0	0	3.515
69	25	306	0	0	0	0	3.5175
67	24	309	0	0	0	2	3.52
67	24	309	0	0	0	0	3.5225
67	24	309	0	0	0	0	3.525
68	25	307	0	0	0	0	3.5275
68	25	307	0	0	0	0	3.53
68	25	307	0	0	0	1	3.5325
68	25	307	0	0	0	0	3.535
66	25	309	0	0	0	2	3.5375
66	25	309	0	0	0	0	3.54
67	25	308	0	0	0	0	3.5425
67	25	308	0	0	0	0	3.545
67	25	308	0	0	0	0	3.5475
68	25	307	0	0	0	0	3.55
69	24	307	0	0	0	0	3.5525
68	24	308	0	0	0	1	3.555
69	24	307	0	0	0	0	3.5575
69	24	307	0	0	0	0	3.56
69	24	307	0	0	0	0	3.5625
68	24	308	0	0	0	2	3.565
67	24	309	0	0	0	1	3.5675
67	24	309	0	0	0	0	3.57
67	23	310	0	0	0	0	3.5725
68	23	309	0	0	0	0	3.575
68	23	309	0	0	0	1	3.5775
68	23	309	0	0	0	0	3.58
68	23	309	0	0	0	0	3.5825
66	23	311	0	0	0	2	3.585
66	23	311	0	0	0	0	3.5875
65	23	312	0	0	0	1	3.59
66	23	311	0	0	0	0	3.5925
66	23	311	0	0	0	0	3.595
66	23	311	0	0	0	0	3.5975
66	23	311	0	0	0	0	3.6
66	23	311	0	0	0	0	3.6025
65	23	312	0	0	0	1	3.605
66	23	311	0	0	0	0	3.6075
66	23	311	0	0	0	1	3.61
66	23	311	0	0	0	0	3.6125
65	23	312	0	0	0	1	3.615
65	23	312	0	0	0	0	3.6175
66	23	311	0	0	0	0	3.62
66	23	311	0	0	0	0	3.6225
66	23	311	0	0	0	0	3.625
66	23	311	0	0	0	0	3.6275
67	23	310	0	0	0	0	3.63
67	23	310	0	0	0	0	3.6325
68	23	309	0	0	0	0	3.635
67	23	310	0	0	0	1	3.6375
67	23	310	0	0	0	1	3.64
70	23	307	0	0	0	0	3.6425
71	23	306	0	0	0	0	3.645
69	23	308	0	0	0	2	3.6475
69	23	308	0	0	0	0	3.65
68	23	309	0	0	0	1	3.6525
68	23	309	0	0	0	0	3.655
67	23	310	0	0	0	1	3.6575
67	23	310	0	0	0	0	3.66
68	23	309	0	0	0	0	3.6625
68	23	309	0	0	0	0	3.665
68	22	310	0	0	0	0	3.6675
67	21	312	0	0	0	1	3.67
67	21	312	0	0	0	0	3.6725
67	21	312	0	0	0	0	3.675
66	20	314	0	0	0	1	3.6775
66	20	314	0	0	0	0	3.68
66	20	314	0	0	0	0	3.6825
66	20	314	0	0	0	0	3.685
67	20	313	0	0	0	0	3.6875
67	20	313	0	0	0	1	3.69
67	20	313	0	0	0	0	3.6925
67	20	313	0	0	0	0	3.695
67	19	314	0	0	0	0	3.6975
67	19	314	0	0	0	1	3.7
67	19	314	0	0	0	1	3.7025
68	19	313	0	0	0	0	3.705
67	19	314	0	0	0	1	3.7075
67	19	314	0	0	0	0	3.71
68	19	313	0	0	0	0	3.7125
68	19	313	0	0	0	1	3.715
69	19	312	0	0	0	0	3.7175
69	19	312	0	0	0	0	3.72
69	18	313	0	0	0	0	3.7225
67	19	314	0	0	0	1	3.725
68	19	313	0	0	0	0	3.7275
68	18	314	0	0	0	0	3.73
68	18	314	0	0	0	0	3.7325
68	19	313	0	0	0	0	3.735
68	19	313	0	0	0	0	3.7375
68	19	313	0	0	0	0	3.74
68	19	313	0	0	0	0	3.7425
68	18	314	0	0	0	0	3.745
68	18	314	0	0	0	0	3.7475
66	18	316	0	0	0	2	3.75
66	18	316	0	0	0	0	3.7525
68	18	314	0	0	0	0	3.755
70	18	312	0	0	0	0	3.7575
70	18	312	0	0	0	1	3.76
70	18	312	0	0	0	0	3.7625
71	18	311	0	0	0	1	3.765
70	18	312	0	0	0	1	3.7675
70	18	312	0	0	0	0	3.77
68	18	314	0	0	0	2	3.7725
68	18	314	0	0	0	0	3.775
68	18	314	0	0	0	1	3.7775
68	18	314	0	0	0	0	3.78
67	18	315	0	0	0	1	3.7825
67	18	315	0	0	0	1	3.785
67	18	315	0	0	0	0	3.7875
67	18	315	0	0	0	0	3.79
69	18	313	0	0	0	0	3.7925
70	18	312	0	0	0	0	3.795
70	18	312	0	0	0	0	3.7975
71	18	311	0	0	0	0	3.8
69	18	313	0	0	0	2	3.8025
69	18	313	0	0	0	0	3.805
69	18	313	0	0	0	0	3.8075
69	18	313	0	0	0	0	3.81
70	18	312	0	0	0	0	3.8125
69	18	313	0	0	0	1	3.815
69	18	313	0	0	0	1	3.8175
68	18	314	0	0	0	1	3.82
68	19	313	0	0	0	0	3.8225
69	19	312	0	0	0	0	3.825
69	19	312	0	0	0	0	3.8275
69	19	312	0	0	0	0	3.83
69	19	312	0	0	0	0	3.8325
69	19	312	0	0	0	0	3.835
69	18	313	0	0	0	1	3.8375
69	18	313	0	0	0	0	3.84
69	17	314	0	0	0	1	3.8425
69	17	314	0	0	0	0	3.845
69	17	314	0	0	0	0	3.8475
68	17	315	0	0	0	1	3.85
68	17	315	0	0	0	1	3.8525
69	17	314	0	0	0	0	3.855
68	17	315	0	0	0	1	3.8575
69	17	314	0	0	0	0	3.86
69	17	314	0	0	0	0	3.8625
71	17	312	0	0	0	0	3.865
72	17	311	0	0	0	0	3.8675
72	17	311	0	0	0	0	3.87
73	18	309	0	0	0	0	3.8725
73	18	309	0	0	0	0	3.875
72	18	310	0	0	0	1	3.8775
73	18	309	0	0	0	0	3.88
74	18	308	0	0	0	0	3.8825
74	18	308	0	0	0	0	3.885
74	18	308	0	0	0	0	3.8875
73	18	309	0	0	0	1	3.89
72	18	310	0	0	0	1	3.8925
72	19	309	0	0	0	0	3.895
71	19	310	0	0	0	1	3.8975
71	19	310	0	0	0	0	3.9
73	19	308	0	0	0	0	3.9025
74	19	307	0	0	0	0	3.905
75	19	306	0	0	0	0	3.9075
75	19	306	0	0	0	0	3.91
76	19	305	0	0	0	0	3.9125
76	19	305	0	0	0	0	3.915
76	19	305	0	0	0	0	3.9175
76	19	305	0	0	0	0	3.92
76	19	305	0	0	0	0	3.9225
74	19	307	0	0	0	2	3.925
75	18	307	0	0	0	0	3.9275
75	18	307	0	0	0	0	3.93
75	18	307	0	0	0	1	3.9325
75	18	307	0	0	0	0	3.935
74	18	308	0	0	0	1	3.9375
73	18	309	0	0	0	1	3.94
73	18	309	0	0	0	0	3.9425
73	18	309	0	0	0	0	3.945
74	18	308	0	0	0	0	3.9475
73	18	309	0	0	0	1	3.95
73	18	309	0	0	0	0	3.9525
73	18	309	0	0	0	0	3.955
73	18	309	0	0	0	0	3.9575
71	18	311	0	0	0	2	3.96
71	18	311	0	0	0	0	3.9625
71	18	311	0	0	0	1	3.965
71	18	311	0	0	0	0	3.9675
71	18	311	0	0	0	0	3.97
71	18	311	0	0	0	0	3.9725
71	18	311	0	0	0	0	3.975
71	17	312	0	0	0	0	3.9775
73	17	310	0	0	0	0	3.98
72	17	311	0	0	0	1	3.9825
72	17	311	0	0	0	0	3.985
71	17	312	0	0	0	1	3.9875
71	17	312	0	0	0	0	3.99
71	17	312	0	0	0	0	3.9925
72	17	311	0	0	0	1	3.995
71	17	312	0	0	0	1	3.9975
70	17	313	0	0	0	1	4
70	17	313	0	0	0	0	4.0025
73	17	310	0	0	0	1	4.005
73	17	310	0	0	0	0	4.0075
74	17	309	0	0	0	0	4.01
75	17	308	0	0	0	0	4.0125
75	17	308	0	0	0	0	4.015
75	17	308	0	0	0	0	4.0175
74	16	310	0	0	0	1	4.02
75	16	309	0	0	0	0	4.0225
74	16	310	0	0	0	1	4.025
75	16	309	0	0	0	0	4.0275
74	15	311	0	0	0	2	4.03
74	15	311	0	0	0	0	4.0325
74	15	311	0	0	0	0	4.035
74	15	311	0	0	0	0	4.0375
74	15	311	0	0	0	0	4.04
74	15	311	0	0	0	1	4.0425
74	15	311	0	0	0	0	4.045
75	15	310	0	0	0	0	4.0475
74	15	311	0	0	0	1	4.05
73	16	311	0	0	0	0	4.0525
72	16	312	0	0	0	2	4.055
72	16	312	0	0	0	0	4.0575
72	16	312	0	0	0	0	4.06
72	16	312	0	0	0	0	4.0625
72	15	313	0	0	0	0	4.065
72	15	313	0	0	0	0	4.0675
72	15	313	0	0	0	0	4.07
72	15	313	0	0	0	0	4.0725
72	15	313	0	0	0	1	4.075
71	15	314	0	0	0	1	4.0775
73	15	312	0	0	0	0	4.08
74	15	311	0	0	0	0	4.0825
75	15	310	0	0	0	0	4.085
74	15	311	0	0	0	1	4.0875
75	15	310	0	0	0	0	4.09
75	15	310	0	0	0	0	4.0925
74	15	311	0	0	0	1	4.095
72	15	313	0	0	0	2	4.0975
73	15	312	0	0	0	0	4.1
72	15	313	0	0	0	1	4.1025
71	14	315	0	0	0	1	4.105
71	14	315	0	0	0	0	4.1075
70	14	316	0	0	0	1	4.11
70	14	316	0	0	0	0	4.1125
70	14	316	0	0	0	0	4.115
70	14	316	0	0	0	0	4.1175
72	14	314	0	0	0	0	4.12
72	14	314	0	0	0	0	4.1225
72	14	314	0	0	0	0	4.125
70	14	316	0	0	0	2	4.1275
70	14	316	0	0	0	3	4.13
69	14	317	0	0	0	1	4.1325
69	14	317	0	0	0	0	4.135
69	14	317	0	0	0	0	4.1375
69	14	317	0	0	0	1	4.14
68	14	318	0	0	0	1	4.1425
69	14	317	0	0	0	0	4.145
69	14	317	0	0	0	1	4.1475
69	14	317	0	0	0	0	4.15
69	14	317	0	0	0	0	4.1525
70	14	316	0	0	0	0	4.155
70	14	316	0	0	0	1	4.1575
70	14	316	0	0	0	0	4.16
70	14	316	0	0	0	0	4.1625
70	14	316	0	0	0	0	4.165
68	15	317	0	0	0	1	4.1675
68	15	317	0	0	0	0	4.17
68	15	317	0	0	0	0	4.1725
67	15	318	0	0	0	1	4.175
67	15	318	0	0	0	1	4.1775
67	14	319	0	0	0	0	4.18
67	14	319	0	0	0	0	4.1825
68	14	318	0	0	0	1	4.185
67	14	319	0	0	0	1	4.1875
65	14	321	0	0	0	2	4.19
63	14	323	0	0	0	2	4.1925
64	14	322	0	0	0	0	4.195
64	14	322	0	0	0	1	4.1975
65	14	321	0	0	0	1	4.2
65	14	321	0	0	0	0	4.2025
65	14	321	0	0	0	0	4.205
66	14	320	0	0	0	0	4.2075
66	14	320	0	0	0	0	4.21
69	14	317	0	0	0	0	4.2125
67	14	319	0	0	0	2	4.215
68	14	318	0	0	0	0	4.2175
67	15	318	0	0	0	0	4.22
67	15	318	0	0	0	0	4.2225
67	15	318	0	0	0	0	4.225
66	15	319	0	0	0	1	4.2275
65	15	320	0	0	0	1	4.23
64	15	321	0	0	0	2	4.2325
64	15	321	0	0	0	0	4.235
64	15	321	0	0	0	0	4.2375
64	15	321	0	0	0	0	4.24
64	15	321	0	0	0	0	4.2425
65	15	320	0	0	0	0	4.245
67	15	318	0	0	0	0	4.2475
67	15	318	0	0	0	0	4.25
67	14	319	0	0	0	0	4.2525
68	14	318	0	0	0	0	4.255
67	14	319	0	0	0	1	4.2575
69	14	317	0	0	0	0	4.26
69	14	317	0	0	0	0	4.2625
69	14	317	0	0	0	0	4.265
70	14	316	0	0	0	0	4.2675
70	14	316	0	0	0	0	4.27
70	14	316	0	0	0	0	4.2725
70	14	316	0	0	0	0	4.275
69	14	317	0	0	0	1	4.2775
69	14	317	0	0	0	0	4.28
72	13	315	0	0	0	0	4.2825
72	13	315	0	0	0	0	4.285
72	13	315	0	0	0	0	4.2875
73	13	314	0	0	0	0	4.29
73	13	314	0	0	0	0	4.2925
73	13	314	0	0	0	1	4.295
72	13	315	0	0	0	1	4.2975
72	13	315	0	0	0	0	4.3
73	13	314	0	0	0	0	4.3025
73	13	314	0	0	0	0	4.305
73	13	314	0	0	0	0	4.3075
73	13	314	0	0	0	0	4.31
72	13	315	0	0	0	1	4.3125
72	13	315	0	0	0	0	4.315
72	13	315	0	0	0	0	4.3175
72	13	315	0	0	0	0	4.32
72	13	315	0	0	0	1	4.3225
72	13	315	0	0	0	0	4.325
71	13	316	0	0	0	1	4.3275
71	12	317	0	0	0	1	4.33
70	12	318	0	0	0	1	4.3325
71	12	317	0	0	0	0	4.335
72	12	316	0	0	0	0	4.3375
73	12	315	0	0	0	0	4.34
73	12	315	0	0	0	1	4.3425
73	12	315	0	0	0	0	4.345
73	12	315	0	0	0	0	4.3475
73	12	315	0	0	0	0	4.35
72	12	316	0	0	0	1	4.3525
72	12	316	0	0	0	0	4.355
72	12	316	0	0	0	0	4.3575
72	12	316	0	0	0	0	4.36
72	12	316	0	0	0	0	4.3625
72	12	316	0	0	0	0	4.365
73	12	315	0	0	0	0	4.3675
72	12	316	0	0	0	1	4.37
72	12	316	0	0	0	0	4.3725
72	12	316	0	0	0	0	4.375
72	12	316	0	0	0	0	4.3775
71	12	317	0	0	0	2	4.38
70	12	318	0	0	0	1	4.3825
69	12	319	0	0	0	1	4.385
69	12	319	0	0	0	0	4.3875
70	12	318	0	0	0	0	4.39
69	12	319	0	0	0	1	4.3925
69	12	319	0	0	0	1	4.395
69	12	319	0	0	0	0	4.3975
69	12	319	0	0	0	0	4.4
69	12	319	0	0	0	0	4.4025
69	12	319	0	0	0	0	4.405
69	12	319	0	0	0	0	4.4075
69	12	319	0	0	0	0	4.41
69	12	319	0	0	0	0	4.4125
70	12	318	0	0	0	0	4.415
70	11	319	0	0	0	1	4.4175
71	11	318	0	0	0	0	4.42
70	11	319	0	0	0	1	4.4225
70	11	319	0	0	0	1	4.425
69	11	320	0	0	0	1	4.4275
68	11	321	0	0	0	2	4.43
68	11	321	0	0	0	0	4.4325
68	12	320	0	0	0	0	4.435
68	12	320	0	0	0	1	4.4375
67	12	321	0	0	0	1	4.44
67	12	321	0	0	0	0	4.4425
67	12	321	0	0	0	0	4.445
66	12	322	0	0	0	1	4.4475
66	12	322	0	0	0	0	4.45
65	12	323	0	0	0	1	4.4525
65	12	323	0	0	0	1	4.455
65	12	323	0	0	0	0	4.4575
64	12	324	0	0	0	1	4.46
64	12	324	0	0	0	0	4.4625
64	12	324	0	0	0	0	4.465
64	12	324	0	0	0	0	4.4675
64	12	324	0	0	0	1	4.47
64	12	324	0	0	0	0	4.4725
64	12	324	0	0	0	1	4.475
65	12	323	0	0	0	0	4.4775
65	12	323	0	0	0	0	4.48
65	12	323	0	0	0	0	4.4825
64	12	324	0	0	0	1	4.485
65	12	323	0	0	0	0	4.4875
65	12	323	0	0	0	0	4.49
64	12	324	0	0	0	1	4.4925
64	12	324	0	0	0	0	4.495
65	12	323	0	0	0	0	4.4975
66	12	322	0	0	0	0	4.5
66	12	322	0	0	0	0	4.5025
66	12	322	0	0	0	0	4.505
65	12	323	0	0	0	1	4.5075
66	12	322	0	0	0	0	4.51
65	12	323	0	0	0	1	4.5125
65	12	323	0	0	0	0	4.515
65	12	323	0	0	0	0	4.5175
65	12	323	0	0	0	0	4.52
66	12	322	0	0	0	0	4.5225
65	12	323	0	0	0	1	4.525
64	12	324	0	0	0	1	4.5275
64	12	324	0	0	0	0	4.53
64	12	324	0	0	0	0	4.5325
64	11	325	0	0	0	0	4.535
64	11	325	0	0	0	0	4.5375
64	11	325	0	0	0	1	4.54
65	11	324	0	0	0	0	4.5425
65	11	324	0	0	0	0	4.545
67	11	322	0	0	0	0	4.5475
67	11	322	0	0	0	0	4.55
68	11	321	0	0	0	0	4.5525
68	11	321	0	0	0	1	4.555
68	11	321	0	0	0	0	4.5575
68	11	321	0	0	0	0	4.56
68	11	321	0	0	0	0	4.5625
69	11	320	0	0	0	0	4.565
69	11	320	0	0	0	1	4.5675
68	11	321	0	0	0	1	4.57
68	11	321	0	0	0	0	4.5725
67	11	322	0	0	0	1	4.575
67	11	322	0	0	0	0	4.5775
64	11	325	0	0	0	4	4.58
64	11	325	0	0	0	0	4.5825
64	11	325	0	0	0	0	4.585
64	11	325	0	0	0	0	4.5875
64	11	325	0	0	0	0	4.59
63	11	326	0	0	0	1	4.5925
62	11	327	0	0	0	1	4.595
63	11	326	0	0	0	0	4.5975
64	11	325	0	0	0	0	4.6
65	11	324	0	0	0	0	4.6025
66	11	323	0	0	0	0	4.605
66	11	323	0	0	0	0	4.6075
67	11	322	0	0	0	0	4.61
67	11	322	0	0	0	0	4.6125
66	11	323	0	0	0	1	4.615
67	11	322	0	0	0	0	4.6175
67	11	322	0	0	0	0	4.62
67	11	322	0	0	0	0	4.6225
67	11	322	0	0	0	1	4.625
67	11	322	0	0	0	1	4.6275
68	11	321	0	0	0	0	4.63
68	11	321	0	0	0	0	4.6325
68	11	321	0	0	0	1	4.635
70	11	319	0	0	0	0	4.6375
72	11	317	0	0	0	0	4.64
72	11	317	0	0	0	0	4.6425
71	11	318	0	0	0	1	4.645
70	11	319	0	0	0	1	4.6475
70	11	319	0	0	0	1	4.65
68	11	321	0	0	0	2	4.6525
69	11	320	0	0	0	0	4.655
67	11	322	0	0	0	3	4.6575
67	11	322	0	0	0	0	4.66
67	11	322	0	0	0	1	4.6625
68	11	321	0	0	0	0	4.665
68	11	321	0	0	0	0	4.6675
68	11	321	0	0	0	0	4.67
67	11	322	0	0	0	1	4.6725
68	11	321	0	0	0	0	4.675
68	11	321	0	0	0	0	4.6775
68	11	321	0	0	0	0	4.68
68	11	321	0	0	0	0	4.6825
68	11	321	0	0	0	0	4.685
69	11	320	0	0	0	0	4.6875
68	11	321	0	0	0	1	4.69
68	11	321	0	0	0	0	4.6925
67	11	322	0	0	0	1	4.695
67	11	322	0	0	0	1	4.6975
67	11	322	0	0	0	0	4.7
66	11	323	0	0	0	2	4.7025
67	11	322	0	0	0	1	4.705
68	11	321	0	0	0	0	4.7075
68	11	321	0	0	0	0	4.71
68	11	321	0	0	0	0	4.7125
67	11	322	0	0	0	1	4.715
68	11	321	0	0	0	0	4.7175
68	11	321	0	0	0	0	4.72
70	11	319	0	0	0	0	4.7225
71	11	318	0	0	0	0	4.725
72	11	317	0	0	0	0	4.7275
73	11	316	0	0	0	0	4.73
73	11	316	0	0	0	0	4.7325
72	11	317	0	0	0	1	4.735
73	11	316	0	0	0	1	4.7375
71	11	318	0	0	0	2	4.74
72	11	317	0	0	0	0	4.7425
73	11	316	0	0	0	0	4.745
72	11	317	0	0	0	1	4.7475
73	11	316	0	0	0	0	4.75
72	11	317	0	0	0	1	4.7525
72	11	317	0	0	0	0	4.755
72	11	317	0	0	0	0	4.7575
71	11	318	0	0	0	1	4.76
72	11	317	0	0	0	0	4.7625
72	11	317	0	0	0	0	4.765
73	11	316	0	0	0	0	4.7675
74	11	315	0	0	0	0	4.77
73	11	316	0	0	0	1	4.7725
74	11	315	0	0	0	0	4.775
74	11	315	0	0	0	1	4.7775
73	11	316	0	0	0	1	4.78
73	11	316	0	0	0	0	4.7825
75	11	314	0	0	0	0	4.785
74	12	314	0	0	0	0	4.7875
75	12	313	0	0	0	0	4.79
75	12	313	0	0	0	0	4.7925
75	12	313	0	0	0	0	4.795
74	12	314	0	0	0	1	4.7975
74	12	314	0	0	0	0	4.8
74	12	314	0	0	0	0	4.8025
74	12	314	0	0	0	1	4.805
74	11	315	0	0	0	0	4.8075
74	11	315	0	0	0	0	4.81
74	11	315	0	0	0	0	4.8125
72	11	317	0	0	0	2	4.815
73	11	316	0	0	0	0	4.8175
73	11	316	0	0	0	0	4.82
72	11	317	0	0	0	1	4.8225
73	11	316	0	0	0	0	4.825
72	12	316	0	0	0	0	4.8275
72	12	316	0	0	0	0	4.83
74	12	314	0	0	0	0	4.8325
75	12	313	0	0	0	0	4.835
75	12	313	0	0	0	0	4.8375
76	12	312	0	0	0	1	4.84
77	12	311	0	0	0	0	4.8425
77	12	311	0	0	0	0	4.845
78	12	310	0	0	0	0	4.8475
79	12	309	0	0	0	0	4.85
79	11	310	0	0	0	0	4.8525
79	11	310	0	0	0	0	4.855
80	11	309	0	0	0	0	4.8575
80	11	309	0	0	0	0	4.86
81	11	308	0	0	0	0	4.8625
80	11	309	0	0	0	1	4.865
80	11	309	0	0	0	0	4.8675
78	11	311	0	0	0	2	4.87
80	11	309	0	0	0	0	4.8725
80	11	309	0	0	0	0	4.875
80	11	309	0	0	0	0	4.8775
78	11	311	0	0	0	2	4.88
78	11	311	0	0	0	0	4.8825
78	11	311	0	0	0	0	4.885
77	11	312	0	0	0	1	4.8875
77	11	312	0	0	0	0	4.89
78	11	311	0	0	0	0	4.8925
79	11	310	0	0	0	0	4.895
79	11	310	0	0	0	0	4.8975
78	11	311	0	0	0	1	4.9
78	11	311	0	0	0	1	4.9025
79	11	310	0	0	0	0	4.905
79	11	310	0	0	0	0	4.9075
79	11	310	0	0	0	0	4.91
80	11	309	0	0	0	0	4.9125
81	11	308	0	0	0	0	4.915
80	11	309	0	0	0	1	4.9175
81	11	308	0	0	0	0	4.92
83	11	306	0	0	0	0	4.9225
84	11	305	0	0	0	1	4.925
84	11	305	0	0	0	0	4.9275
84	11	305	0	0	0	0	4.93
85	11	304	0	0	0	0	4.9325
85	11	304	0	0	0	0	4.935
86	11	303	0	0	0	0	4.9375
86	11	303	0	0	0	0	4.94
87	11	302	0	0	0	0	4.9425
86	11	303	0	0	0	2	4.945
86	11	303	0	0	0	0	4.9475
86	11	303	0	0	0	0	4.95
86	11	303	0	0	0	0	4.9525
86	11	303	0	0	0	0	4.955
86	11	303	0	0	0	0	4.9575
85	11	304	0	0	0	1	4.96
85	11	304	0	0	0	0	4.9625
84	11	305	0	0	0	1	4.965
84	10	306	0	0	0	0	4.9675
85	10	305	0	0	0	0	4.97
88	10	302	0	0	0	0	4.9725
87	10	303	0	0	0	1	4.975
88	10	302	0	0	0	0	4.9775
87	10	303	0	0	0	1	4.98
88	10	302	0	0	0	0	4.9825
90	10	300	0	0	0	0	4.985
89	10	301	0	0	0	1	4.9875
89	10	301	0	0	0	0	4.99
90	10	300	0	0	0	0	4.9925
90	10	300	0	0	0	1	4.995
90	10	300	0	0	0	1	4.9975
