S	I	R	e	d	dI	f	t
380	20	0	0	0	0	0	0
380	20	0	0	0	0	0	0.0025
380	20	0	0	0	0	0	0.005
380	20	0	0	0	0	0	0.0075
380	20	0	0	0	0	0	0.01
380	20	0	0	0	0	0	0.0125
380	20	0	0	0	0	0	0.015
380	20	0	0	0	0	0	0.0175
380	20	0	0	0	0	0	0.02
380	20	0	0	0	0	0	0.0225
380	20	0	0	0	0	0	0.025
380	20	0	0	0	0	0	0.0275
380	20	0	0	0	0	0	0.03
379	21	0	0	0	0	0	0.0325
377	23	0	0	0	0	0	0.035
377	23	0	0	0	0	0	0.0375
377	23	0	0	0	0	0	0.04
377	23	0	0	0	0	0	0.0425
377	23	0	0	0	0	0	0.045
377	23	0	0	0	0	0	0.0475
377	22	0	0	0	1	0	0.05
377	22	0	0	0	0	0	0.0525
377	22	0	0	0	0	0	0.055
377	22	0	0	0	0	0	0.0575
377	22	0	0	0	0	0	0.06
377	22	0	0	0	0	0	0.0625
377	22	0	0	0	0	0	0.065
377	22	0	0	0	0	0	0.0675
377	22	0	0	0	0	0	0.07
377	22	0	0	0	0	0	0.0725
377	22	0	0	0	0	0	0.075
377	22	0	0	0	0	0	0.0775
377	22	0	0	0	0	0	0.08
377	22	0	0	0	0	0	0.0825
377	22	0	0	0	0	0	0.085
377	22	0	0	0	0	0	0.0875
376	23	0	0	0	0	0	0.09
376	23	0	0	0	0	0	0.0925
376	23	0	0	0	0	0	0.095
376	23	0	0	0	0	0	0.0975
376	22	1	0	0	0	0	0.1
376	22	1	0	0	0	0	0.1025
374	24	1	0	0	0	0	0.105
374	24	1	0	0	0	0	0.1075
374	23	1	0	0	1	0	0.11
374	23	1	0	0	0	0	0.1125
373	23	2	0	0	0	0	0.115
373	23	2	0	0	0	0	0.1175
373	23	2	0	0	0	0	0.12
373	22	2	0	0	1	0	0.1225
373	22	2	0	0	0	0	0.125
371	24	2	0	0	0	0	0.1275
371	24	2	0	0	0	0	0.13
370	25	2	0	0	0	0	0.1325
370	25	2	0	0	0	0	0.135
370	25	2	0	0	0	0	0.1375
370	25	2	0	0	0	0	0.14
370	24	3	0	0	0	0	0.1425
370	24	3	0	0	0	0	0.145
370	23	3	0	0	1	0	0.1475
370	23	3	0	0	0	0	0.15
369	24	3	0	0	0	0	0.1525
367	26	3	0	0	0	0	0.155
367	25	4	0	0	0	0	0.1575
367	25	4	0	0	0	0	0.16
367	25	4	0	0	0	0	0.1625
366	26	4	0	0	0	0	0.165
366	25	4	0	0	1	0	0.1675
366	25	4	0	0	0	0	0.17
366	25	4	0	0	0	0	0.1725
366	25	4	0	0	0	0	0.175
366	25	4	0	0	0	0	0.1775
366	25	4	0	0	0	0	0.18
366	25	4	0	0	0	0	0.1825
366	25	4	0	0	0	0	0.185
365	26	4	0	0	0	0	0.1875
365	26	4	0	0	0	0	0.19
365	26	4	0	0	0	0	0.1925
363	28	4	0	0	0	0	0.195
362	29	4	0	0	0	0	0.1975
361	30	4	0	0	0	0	0.2
359	32	4	0	0	0	0	0.2025
358	33	4	0	0	0	0	0.205
357	34	4	0	0	0	0	0.2075
357	34	4	0	0	0	0	0.21
357	34	4	0	0	0	0	0.2125
357	34	4	0	0	0	0	0.215
356	35	4	0	0	0	0	0.2175
356	35	4	0	0	0	0	0.22
356	35	4	0	0	0	0	0.2225
355	35	4	0	0	1	0	0.225
354	35	4	0	0	1	0	0.2275
354	34	5	0	0	0	0	0.23
354	34	5	0	0	0	0	0.2325
353	35	5	0	0	0	0	0.235
352	36	5	0	0	0	0	0.2375
352	36	5	0	0	0	0	0.24
352	36	5	0	0	0	0	0.2425
351	36	6	0	0	0	0	0.245
351	36	6	0	0	0	0	0.2475
351	36	6	0	0	0	0	0.25
351	35	7	0	0	0	0	0.2525
350	36	7	0	0	0	0	0.255
349	37	7	0	0	0	0	0.2575
348	37	8	0	0	0	0	0.26
348	37	8	0	0	0	0	0.2625
347	38	8	0	0	0	0	0.265
347	38	8	0	0	0	0	0.2675
346	39	8	0	0	0	0	0.27
346	39	8	0	0	0	0	0.2725
344	41	8	0	0	0	0	0.275
344	41	8	0	0	0	0	0.2775
344	41	8	0	0	0	0	0.28
343	42	8	0	0	0	0	0.2825
342	43	8	0	0	0	0	0.285
341	44	8	0	0	0	0	0.2875
341	43	8	0	0	1	0	0.29
341	42	8	0	0	1	0	0.2925
339	44	8	0	0	0	0	0.295
338	45	8	0	0	0	0	0.2975
337	46	8	0	0	0	0	0.3
334	49	8	0	0	0	0	0.3025
334	49	8	0	0	0	0	0.305
334	49	8	0	0	0	0	0.3075
334	49	8	0	0	0	0	0.31
333	50	8	0	0	0	0	0.3125
332	50	9	0	0	0	0	0.315
332	49	10	0	0	0	0	0.3175
332	49	10	0	0	0	0	0.32
331	48	10	0	0	2	0	0.3225
330	49	10	0	0	0	0	0.325
330	49	10	0	0	0	0	0.3275
330	49	10	0	0	0	0	0.33
330	49	10	0	0	0	0	0.3325
329	49	11	0	0	0	0	0.335
328	50	11	0	0	0	0	0.3375
328	48	12	0	0	1	0	0.34
329	48	12	1	0	0	0	0.3425
330	48	11	0	0	0	0	0.345
330	47	11	0	0	1	0	0.3475
329	48	11	0	0	0	0	0.35
329	48	11	0	0	0	0	0.3525
329	46	13	0	0	0	0	0.355
328	47	13	0	0	0	0	0.3575
327	48	13	0	0	0	0	0.36
327	48	13	0	0	0	0	0.3625
327	48	13	0	0	0	0	0.365
328	47	12	0	0	1	0	0.3675
327	48	12	0	0	0	0	0.37
327	47	13	0	0	0	0	0.3725
327	47	13	0	0	0	0	0.375
327	47	13	0	0	0	0	0.3775
327	46	13	0	0	1	0	0.38
326	47	13	0	0	0	0	0.3825
326	47	13	0	0	0	0	0.385
324	49	13	0	0	0	0	0.3875
324	48	13	0	0	1	0	0.39
324	48	13	0	0	0	0	0.3925
323	49	13	0	0	0	0	0.395
323	49	13	0	0	0	0	0.3975
323	49	13	0	0	0	0	0.4
323	49	13	0	0	0	0	0.4025
323	48	13	0	0	1	0	0.405
321	49	14	0	0	0	0	0.4075
321	49	14	0	0	0	0	0.41
321	49	14	0	0	0	0	0.4125
321	49	14	0	0	0	0	0.415
322	49	13	0	0	0	0	0.4175
322	48	14	0	0	0	0	0.42
322	48	14	0	0	0	0	0.4225
322	48	14	0	0	0	0	0.425
322	48	14	0	0	0	0	0.4275
322	48	14	0	0	0	0	0.43
322	48	14	0	0	0	0	0.4325
322	48	14	0	0	0	0	0.435
322	48	14	0	0	0	0	0.4375
322	48	14	0	0	0	0	0.44
322	48	14	0	0	0	0	0.4425
321	49	14	0	0	0	0	0.445
320	50	14	0	0	0	0	0.4475
319	51	14	0	0	0	0	0.45
318	52	14	0	0	0	0	0.4525
316	54	14	0	0	0	0	0.455
315	53	15	0	0	1	0	0.4575
315	52	16	0	0	0	0	0.46
315	52	16	0	0	0	0	0.4625
313	54	16	0	0	0	0	0.465
313	54	16	0	0	0	0	0.4675
313	54	16	0	0	0	0	0.47
313	55	16	1	0	0	0	0.4725
312	56	16	0	0	0	0	0.475
311	57	16	0	0	0	0	0.4775
311	57	16	0	0	0	0	0.48
311	57	16	0	0	0	0	0.4825
311	57	16	0	0	0	0	0.485
310	57	16	0	0	1	0	0.4875
309	58	16	0	0	0	0	0.49
309	58	16	0	0	0	0	0.4925
309	58	16	0	0	0	0	0.495
309	57	16	0	0	1	0	0.4975
309	57	16	0	0	0	0	0.5
309	57	16	0	0	0	0	0.5025
309	57	16	0	0	0	0	0.505
308	58	16	0	0	0	0	0.5075
306	60	16	0	0	0	0	0.51
305	60	17	0	0	0	0	0.5125
305	60	17	0	0	0	0	0.515
304	61	17	0	0	0	0	0.5175
304	61	17	0	0	0	0	0.52
303	61	18	0	0	0	0	0.5225
303	61	18	0	0	0	0	0.525
303	61	18	0	0	0	0	0.5275
303	61	18	0	0	0	0	0.53
303	60	19	0	0	0	0	0.5325
302	61	19	0	0	0	0	0.535
302	60	20	0	0	0	0	0.5375
301	61	20	0	0	0	0	0.54
301	61	20	0	0	0	0	0.5425
301	62	19	0	0	0	0	0.545
301	62	19	0	0	0	0	0.5475
301	62	19	0	0	0	0	0.55
301	62	19	0	0	0	0	0.5525
300	63	19	0	0	0	0	0.555
300	63	19	0	0	0	0	0.5575
299	64	19	0	0	0	0	0.56
299	64	19	0	0	0	0	0.5625
299	64	19	0	0	0	0	0.565
299	64	19	0	0	0	0	0.5675
297	66	19	0	0	0	0	0.57
295	67	19	0	0	1	0	0.5725
295	67	19	0	0	0	0	0.575
295	67	19	0	0	0	0	0.5775
295	66	20	0	0	0	0	0.58
294	67	20	0	0	0	0	0.5825
294	66	20	0	0	1	0	0.585
293	67	20	0	0	0	0	0.5875
293	67	20	0	0	0	0	0.59
293	67	20	0	0	0	0	0.5925
293	65	21	0	0	1	0	0.595
292	66	21	0	0	0	0	0.5975
292	65	22	0	0	0	0	0.6
292	65	22	0	0	0	0	0.6025
292	65	22	0	0	0	0	0.605
292	65	22	0	0	0	0	0.6075
292	65	22	0	0	0	0	0.61
289	68	22	0	0	0	0	0.6125
289	68	22	0	0	0	0	0.615
290	68	21	0	0	0	0	0.6175
290	68	21	0	0	0	0	0.62
289	69	21	0	0	0	0	0.6225
287	70	22	0	0	0	0	0.625
287	69	22	0	0	1	0	0.6275
287	69	22	0	0	0	0	0.63
287	67	23	0	0	1	0	0.6325
287	66	23	0	0	1	0	0.635
286	66	23	0	1	0	0	0.6375
284	68	23	0	0	0	0	0.64
282	70	23	0	0	0	0	0.6425
280	72	23	0	0	0	0	0.645
281	71	23	0	0	0	0	0.6475
281	70	23	0	0	1	0	0.65
279	72	23	0	0	0	0	0.6525
279	72	23	0	0	0	0	0.655
280	72	22	0	0	0	0	0.6575
280	72	22	0	0	0	0	0.66
280	71	23	0	0	0	0	0.6625
280	70	25	1	0	0	0	0.665
279	70	25	0	0	1	0	0.6675
279	70	25	0	0	0	0	0.67
279	70	25	0	0	0	0	0.6725
278	71	25	0	0	0	0	0.675
278	71	25	0	0	0	0	0.6775
278	71	25	0	0	0	0	0.68
278	71	25	0	0	0	0	0.6825
278	71	25	0	0	0	0	0.685
278	71	25	0	0	0	0	0.6875
278	71	25	0	0	0	0	0.69
278	71	25	0	0	0	0	0.6925
278	71	25	0	0	0	0	0.695
277	71	25	0	0	1	0	0.6975
276	71	25	0	0	1	0	0.7
276	70	26	0	0	0	0	0.7025
275	71	26	0	0	0	0	0.705
275	71	26	0	0	0	0	0.7075
274	72	26	0	0	0	0	0.71
272	73	26	0	0	1	0	0.7125
271	74	26	0	0	0	0	0.715
270	75	26	0	0	0	0	0.7175
270	75	26	0	0	0	0	0.72
269	75	27	0	0	0	0	0.7225
268	76	27	0	0	0	0	0.725
268	76	27	0	0	0	0	0.7275
266	78	27	1	0	1	0	0.73
266	76	29	0	0	0	0	0.7325
266	76	29	0	0	0	0	0.735
265	77	29	0	0	0	0	0.7375
265	77	29	0	0	0	0	0.74
265	77	29	0	0	0	0	0.7425
264	77	29	0	0	1	0	0.745
263	77	29	0	0	1	0	0.7475
262	78	29	0	0	0	0	0.75
262	78	29	0	0	0	0	0.7525
261	78	29	0	0	1	0	0.755
261	77	29	0	0	1	0	0.7575
261	77	29	0	0	0	0	0.76
261	77	29	0	0	0	0	0.7625
260	78	29	0	0	0	0	0.765
260	78	29	0	0	0	0	0.7675
260	78	29	0	0	0	0	0.77
259	80	28	0	0	0	0	0.7725
258	81	28	0	0	0	0	0.775
257	83	27	0	0	0	0	0.7775
257	82	27	0	0	1	0	0.78
257	82	27	0	0	0	0	0.7825
257	82	27	0	0	0	0	0.785
257	82	27	0	0	0	0	0.7875
257	82	27	0	0	0	0	0.79
257	82	27	0	0	0	0	0.7925
256	83	27	0	0	0	0	0.795
256	83	27	0	0	0	0	0.7975
256	83	27	0	0	0	0	0.8
257	84	26	1	0	0	0	0.8025
257	83	27	0	0	0	0	0.805
257	83	27	0	0	0	0	0.8075
257	82	28	0	0	0	0	0.81
257	82	28	0	0	0	0	0.8125
258	82	27	0	0	0	0	0.815
256	83	28	0	0	0	0	0.8175
256	83	28	0	0	0	0	0.82
255	81	28	0	0	3	0	0.8225
255	81	28	0	0	0	0	0.825
254	82	28	0	0	0	0	0.8275
253	81	28	0	0	2	0	0.83
253	81	28	0	0	0	0	0.8325
252	82	28	0	0	0	0	0.835
250	84	28	0	0	0	0	0.8375
250	82	29	0	0	1	0	0.84
250	82	29	0	0	0	0	0.8425
250	82	29	0	0	0	0	0.845
250	82	29	0	0	0	0	0.8475
248	83	29	0	0	1	0	0.85
247	82	30	0	0	1	0	0.8525
246	83	30	0	0	0	0	0.855
245	82	31	0	0	1	0	0.8575
244	84	30	0	0	0	0	0.86
242	85	30	0	0	1	0	0.8625
242	85	30	0	0	0	0	0.865
242	85	30	0	0	0	0	0.8675
242	83	31	0	0	1	0	0.87
242	83	31	0	0	0	0	0.8725
240	85	31	0	0	0	0	0.875
239	86	31	0	0	0	0	0.8775
238	87	31	0	0	0	0	0.88
238	87	31	0	0	0	0	0.8825
238	86	32	0	0	0	0	0.885
238	86	32	0	0	0	0	0.8875
237	86	33	0	0	0	0	0.89
237	86	33	0	0	0	0	0.8925
237	86	33	0	0	0	0	0.895
237	86	33	0	0	0	0	0.8975
236	87	33	0	0	0	0	0.9
236	86	33	0	0	1	0	0.9025
236	86	33	0	0	0	0	0.905
236	85	33	0	0	1	0	0.9075
235	86	33	0	0	0	0	0.91
235	85	34	0	0	0	0	0.9125
234	86	34	0	0	0	0	0.915
234	86	34	0	0	0	0	0.9175
234	85	34	0	0	1	0	0.92
233	85	35	0	0	0	0	0.9225
232	85	36	0	0	0	0	0.925
232	83	38	0	0	0	0	0.9275
231	82	40	0	0	0	0	0.93
231	82	40	0	0	0	0	0.9325
231	82	39	0	0	1	0	0.935
230	82	40	0	0	0	0	0.9375
229	83	40	0	0	0	0	0.94
228	83	40	0	0	1	0	0.9425
227	83	41	0	0	0	0	0.945
227	83	41	0	0	0	0	0.9475
227	82	41	0	0	1	0	0.95
227	82	41	0	0	0	0	0.9525
227	82	41	0	0	0	0	0.955
226	82	42	0	0	0	0	0.9575
225	83	42	0	0	0	0	0.96
225	83	42	0	0	0	0	0.9625
224	83	43	0	0	0	0	0.965
224	83	43	0	0	0	0	0.9675
224	83	43	0	0	0	0	0.97
225	83	42	0	0	0	0	0.9725
225	83	42	0	0	0	0	0.975
224	82	43	0	0	1	0	0.9775
224	81	43	0	0	1	0	0.98
223	82	43	0	0	0	0	0.9825
222	83	43	0	0	0	0	0.985
221	84	43	0	0	0	0	0.9875
220	85	43	0	0	0	0	0.99
219	86	43	0	0	0	0	0.9925
219	84	45	0	0	0	0	0.995
219	83	46	0	0	0	0	0.9975
217	84	46	0	0	1	0	1
217	83	46	0	0	1	0	1.0025
217	83	46	0	0	0	0	1.005
217	83	46	0	0	0	0	1.0075
217	83	46	0	0	0	0	1.01
216	84	46	0	0	0	0	1.0125
216	84	46	0	0	0	0	1.015
216	84	46	0	0	0	0	1.0175
216	84	46	0	0	0	0	1.02
216	84	46	0	0	0	0	1.0225
214	85	46	0	0	1	0	1.025
213	85	46	0	0	1	0	1.0275
212	85	47	0	0	0	0	1.03
212	84	47	0	0	1	0	1.0325
212	84	47	0	0	0	0	1.035
212	83	48	0	0	0	0	1.0375
212	83	48	0	0	0	0	1.04
212	84	47	0	0	0	0	1.0425
211	85	47	0	0	0	0	1.045
211	85	47	0	0	0	0	1.0475
211	85	47	0	0	0	0	1.05
212	85	46	0	0	0	0	1.0525
211	85	47	0	0	0	0	1.055
211	85	47	0	0	0	0	1.0575
211	86	46	0	0	0	0	1.06
211	85	47	0	0	0	0	1.0625
212	85	46	0	0	0	0	1.065
212	83	48	0	0	0	0	1.0675
212	83	48	0	0	0	0	1.07
212	82	49	0	0	0	0	1.0725
212	82	49	0	0	0	0	1.075
210	83	49	0	0	1	0	1.0775
210	83	49	0	0	0	0	1.08
210	83	49	0	0	0	0	1.0825
210	83	49	0	0	0	0	1.085
210	82	50	0	0	0	0	1.0875
210	81	51	0	0	0	0	1.09
209	81	51	0	0	1	0	1.0925
209	80	51	0	0	1	0	1.095
208	81	51	0	0	0	0	1.0975
207	82	51	0	0	0	0	1.1
207	82	51	0	0	0	0	1.1025
206	82	52	0	0	0	0	1.105
206	82	52	0	0	0	0	1.1075
206	82	52	0	0	0	0	1.11
206	82	52	0	0	0	0	1.1125
206	82	52	0	0	0	0	1.115
206	82	52	0	0	0	0	1.1175
205	83	52	0	0	0	0	1.12
204	84	52	0	0	0	0	1.1225
202	85	52	0	0	1	0	1.125
202	84	53	0	0	0	0	1.1275
200	86	53	0	0	0	0	1.13
200	86	53	0	0	0	0	1.1325
201	84	53	0	0	1	0	1.135
200	85	52	0	0	1	0	1.1375
199	86	52	0	0	0	0	1.14
199	86	52	0	0	0	0	1.1425
198	87	52	0	0	0	0	1.145
198	87	53	1	0	0	0	1.1475
198	87	53	0	0	0	0	1.15
197	88	53	0	0	0	0	1.1525
197	87	53	0	0	1	0	1.155
196	87	53	0	0	1	0	1.1575
195	88	53	0	0	0	0	1.16
194	89	53	0	0	0	0	1.1625
194	89	53	0	0	0	0	1.165
194	89	53	0	0	0	0	1.1675
194	88	53	0	0	1	0	1.17
194	88	53	0	0	0	0	1.1725
194	88	53	0	0	0	0	1.175
194	86	54	0	0	1	0	1.1775
194	85	55	0	0	0	0	1.18
193	86	55	0	0	0	0	1.1825
193	85	55	0	0	1	0	1.185
193	85	55	0	0	0	0	1.1875
193	85	55	0	0	0	0	1.19
193	84	56	0	0	0	0	1.1925
193	84	56	0	0	0	0	1.195
193	83	56	0	0	1	0	1.1975
193	83	56	0	0	0	0	1.2
194	83	55	0	0	0	0	1.2025
194	81	56	0	0	1	0	1.205
194	81	56	0	0	0	0	1.2075
194	81	56	0	0	0	0	1.21
194	81	56	0	0	0	0	1.2125
193	82	56	0	0	0	0	1.215
192	82	57	0	0	0	0	1.2175
193	82	56	0	0	0	0	1.22
193	82	56	0	0	0	0	1.2225
193	82	56	0	0	0	0	1.225
192	82	57	0	0	0	0	1.2275
192	82	57	0	0	0	0	1.23
193	81	57	0	0	0	0	1.2325
193	81	57	0	0	0	0	1.235
193	81	57	0	0	0	0	1.2375
191	83	57	0	0	0	0	1.24
190	85	56	0	0	0	0	1.2425
190	85	56	0	0	0	0	1.245
190	85	56	0	0	0	0	1.2475
190	82	56	0	0	3	0	1.25
189	83	56	0	0	0	0	1.2525
189	83	56	0	0	0	0	1.255
191	83	54	0	0	0	0	1.2575
191	83	54	0	0	0	0	1.26
191	82	54	0	0	1	0	1.2625
191	82	54	0	0	0	0	1.265
189	85	53	0	0	0	0	1.2675
189	84	54	0	0	0	0	1.27
188	84	55	0	0	0	0	1.2725
188	83	56	0	0	0	0	1.275
188	83	56	0	0	0	0	1.2775
185	85	57	0	0	0	0	1.28
185	85	57	0	0	0	0	1.2825
185	85	57	0	0	0	0	1.285
185	84	58	0	0	0	0	1.2875
185	84	58	0	0	0	0	1.29
185	84	58	0	0	0	0	1.2925
184	85	58	0	0	0	0	1.295
185	85	57	0	0	0	0	1.2975
185	86	56	0	0	0	0	1.3
185	85	56	0	0	1	0	1.3025
185	85	56	0	0	0	0	1.305
185	85	56	0	0	0	0	1.3075
185	83	58	0	0	0	0	1.31
184	83	58	0	0	1	0	1.3125
182	86	57	0	0	0	0	1.315
180	86	58	0	0	1	0	1.3175
180	86	58	0	0	0	0	1.32
180	86	58	0	0	0	0	1.3225
180	86	58	0	0	0	0	1.325
180	86	58	0	0	0	0	1.3275
180	84	60	0	0	0	0	1.33
180	84	60	0	0	0	0	1.3325
180	84	60	0	0	0	0	1.335
180	84	60	0	0	0	0	1.3375
180	84	60	0	0	0	0	1.34
180	84	60	0	0	0	0	1.3425
180	84	60	0	0	0	0	1.345
180	82	60	0	0	2	0	1.3475
180	81	60	0	0	1	0	1.35
179	82	60	0	0	0	0	1.3525
179	82	60	0	0	0	0	1.355
178	82	61	0	0	0	0	1.3575
178	82	61	0	0	0	0	1.36
178	81	61	0	0	1	0	1.3625
178	79	61	0	0	2	0	1.365
178	79	61	0	0	0	0	1.3675
178	79	61	0	0	0	0	1.37
178	79	61	0	0	0	0	1.3725
178	78	61	0	0	1	0	1.375
178	78	61	0	0	0	0	1.3775
179	78	60	0	0	0	0	1.38
179	78	60	0	0	0	0	1.3825
179	78	60	0	0	0	0	1.385
179	77	61	0	0	0	0	1.3875
179	77	61	0	0	0	0	1.39
179	77	61	0	0	0	0	1.3925
179	77	61	0	0	0	0	1.395
179	77	61	0	0	0	0	1.3975
179	77	61	0	0	0	0	1.4
178	77	61	0	0	1	0	1.4025
178	76	61	0	0	1	0	1.405
177	76	62	0	0	0	0	1.4075
176	77	62	0	0	0	0	1.41
176	77	62	0	0	0	0	1.4125
176	77	62	0	0	0	0	1.415
175	78	62	0	0	0	0	1.4175
174	77	62	0	0	2	0	1.42
172	79	62	0	0	0	0	1.4225
172	79	62	0	0	0	0	1.425
172	79	62	0	0	0	0	1.4275
173	79	61	0	0	0	0	1.43
173	78	62	0	0	0	0	1.4325
173	78	62	0	0	0	0	1.435
172	77	64	0	0	0	0	1.4375
172	77	64	0	0	0	0	1.44
171	77	64	0	0	1	0	1.4425
172	77	63	0	0	0	0	1.445
171	78	63	0	0	0	0	1.4475
171	78	63	0	0	0	0	1.45
170	79	63	0	0	0	0	1.4525
171	79	63	1	0	0	0	1.455
171	78	64	0	0	0	0	1.4575
171	78	64	0	0	0	0	1.46
171	77	65	0	0	0	0	1.4625
171	77	65	0	0	0	0	1.465
171	76	65	0	0	1	0	1.4675
170	76	65	0	0	1	0	1.47
170	76	65	0	0	0	0	1.4725
170	76	65	0	0	0	0	1.475
169	76	66	0	0	0	0	1.4775
168	77	66	0	0	0	0	1.48
168	76	66	0	0	1	0	1.4825
168	76	66	0	0	0	0	1.485
167	77	66	0	0	0	0	1.4875
166	78	66	0	0	0	0	1.49
166	78	66	0	0	0	0	1.4925
166	76	68	0	0	0	0	1.495
165	77	68	0	0	0	0	1.4975
165	77	68	0	0	0	0	1.5
165	77	68	0	0	0	0	1.5025
163	79	68	0	0	0	0	1.505
163	77	69	0	0	1	0	1.5075
163	76	69	0	0	1	0	1.51
163	75	70	0	0	0	0	1.5125
163	75	70	0	0	0	0	1.515
163	75	70	0	0	0	0	1.5175
163	74	71	0	0	0	0	1.52
164	72	71	0	0	1	0	1.5225
164	72	71	0	0	0	0	1.525
164	73	70	0	0	0	0	1.5275
164	72	70	0	0	1	0	1.53
161	75	70	0	0	0	0	1.5325
159	77	70	0	0	0	0	1.535
157	79	70	0	0	0	0	1.5375
157	78	71	0	0	0	0	1.54
157	76	72	0	0	1	0	1.5425
157	75	72	0	0	1	0	1.545
157	74	72	0	0	1	0	1.5475
157	74	72	0	0	0	0	1.55
156	75	72	0	0	0	0	1.5525
155	76	72	0	0	0	0	1.555
155	77	71	0	0	0	0	1.5575
155	77	71	0	0	0	0	1.56
156	77	70	0	0	0	0	1.5625
155	76	70	0	0	2	0	1.565
156	73	69	0	0	3	0	1.5675
156	71	69	0	0	2	0	1.57
154	73	69	0	0	0	0	1.5725
153	74	69	0	0	0	0	1.575
153	74	69	0	0	0	0	1.5775
153	73	70	0	0	0	0	1.58
153	73	70	0	0	0	0	1.5825
153	73	70	0	0	0	0	1.585
154	73	69	0	0	0	0	1.5875
154	71	70	0	0	1	0	1.59
154	70	71	0	0	0	0	1.5925
154	69	72	0	0	0	0	1.595
154	69	72	0	0	0	0	1.5975
154	69	72	0	0	0	0	1.6
153	70	72	0	0	0	0	1.6025
152	69	73	0	0	1	0	1.605
152	69	73	0	0	0	0	1.6075
151	69	73	0	0	1	0	1.61
151	69	73	0	0	0	0	1.6125
151	69	73	0	0	0	0	1.615
151	69	73	0	0	0	0	1.6175
151	69	73	0	0	0	0	1.62
151	68	73	0	1	0	0	1.6225
151	68	73	0	0	0	0	1.625
151	67	73	0	0	1	0	1.6275
150	68	73	0	0	0	0	1.63
149	68	74	0	0	0	0	1.6325
149	67	74	0	0	1	0	1.635
149	66	74	0	0	1	0	1.6375
149	65	75	0	0	0	0	1.64
149	64	75	0	0	1	0	1.6425
149	64	75	0	0	0	0	1.645
148	64	76	0	0	0	0	1.6475
147	65	76	0	0	0	0	1.65
146	65	76	0	0	1	0	1.6525
146	65	76	0	0	0	0	1.655
146	64	77	0	0	0	0	1.6575
146	64	77	0	0	0	0	1.66
146	64	77	0	0	0	0	1.6625
146	64	77	0	0	0	0	1.665
146	64	77	0	0	0	0	1.6675
146	64	77	0	0	0	0	1.67
146	63	77	0	0	1	0	1.6725
145	64	77	0	0	0	0	1.675
145	64	77	0	0	0	0	1.6775
145	63	77	0	0	1	0	1.68
145	63	77	0	0	0	0	1.6825
145	62	77	0	0	1	0	1.685
145	62	77	0	0	0	0	1.6875
145	62	77	0	0	0	0	1.69
144	63	77	0	0	0	0	1.6925
144	63	77	0	0	0	0	1.695
145	63	76	0	0	0	0	1.6975
145	63	76	0	0	0	0	1.7
144	63	77	0	0	0	0	1.7025
142	66	76	0	0	0	0	1.705
142	66	76	0	0	0	0	1.7075
141	67	76	0	0	0	0	1.71
141	67	76	0	0	0	0	1.7125
141	67	76	0	0	0	0	1.715
141	67	76	0	0	0	0	1.7175
141	66	76	0	0	1	0	1.72
140	66	76	0	0	1	0	1.7225
139	67	76	0	0	0	0	1.725
139	65	77	0	0	1	0	1.7275
140	65	76	0	0	0	0	1.73
140	64	77	0	0	0	0	1.7325
139	65	77	0	0	0	0	1.735
138	66	77	0	0	0	0	1.7375
138	65	77	0	0	1	0	1.74
139	64	76	0	0	1	0	1.7425
139	64	76	0	0	0	0	1.745
137	66	76	0	0	0	0	1.7475
136	67	75	0	1	0	0	1.75
135	68	75	0	0	0	0	1.7525
135	68	75	0	0	0	0	1.755
135	68	75	0	0	0	0	1.7575
135	67	75	0	0	1	0	1.76
136	67	74	0	0	0	0	1.7625
136	67	74	0	0	0	0	1.765
136	67	74	0	0	0	0	1.7675
136	66	75	0	0	0	0	1.77
135	67	75	0	0	0	0	1.7725
135	67	75	0	0	0	0	1.775
134	66	75	0	1	1	0	1.7775
134	66	75	0	0	0	0	1.78
133	67	75	0	0	0	0	1.7825
133	67	75	0	0	0	0	1.785
133	67	75	0	0	0	0	1.7875
132	67	76	0	0	0	0	1.79
132	67	76	0	0	0	0	1.7925
132	67	76	0	0	0	0	1.795
131	66	77	0	0	1	0	1.7975
131	66	77	0	0	0	0	1.8
131	64	77	0	0	2	0	1.8025
131	63	77	0	0	1	0	1.805
132	63	76	0	0	0	0	1.8075
132	62	77	0	0	0	0	1.81
132	62	77	0	0	0	0	1.8125
132	62	77	0	0	0	0	1.815
132	61	77	0	0	1	0	1.8175
131	62	77	0	0	0	0	1.82
131	61	77	0	0	1	0	1.8225
131	60	77	0	0	1	0	1.825
130	61	77	0	0	0	0	1.8275
129	62	77	0	0	0	0	1.83
128	63	77	0	0	0	0	1.8325
128	63	77	0	0	0	0	1.835
129	63	76	0	0	0	0	1.8375
129	62	77	0	0	0	0	1.84
129	62	77	0	0	0	0	1.8425
129	61	77	0	0	1	0	1.845
129	61	77	0	0	0	0	1.8475
131	61	76	1	0	0	0	1.85
131	61	76	0	0	0	0	1.8525
131	61	76	0	0	0	0	1.855
131	61	76	0	0	0	0	1.8575
131	58	79	0	0	0	0	1.86
131	58	79	0	0	0	0	1.8625
131	58	79	0	0	0	0	1.865
132	58	78	0	0	0	0	1.8675
132	58	78	0	0	0	0	1.87
132	58	78	0	0	0	0	1.8725
130	60	78	0	0	0	0	1.875
130	59	78	0	0	1	0	1.8775
130	59	78	0	0	0	0	1.88
129	60	78	0	0	0	0	1.8825
129	60	78	0	0	0	0	1.885
129	59	78	0	0	1	0	1.8875
129	58	78	0	0	1	0	1.89
129	58	78	0	0	0	0	1.8925
129	58	78	0	0	0	0	1.895
128	59	78	0	0	0	0	1.8975
129	59	78	1	0	0	0	1.9
129	57	79	0	0	1	0	1.9025
130	57	78	0	0	0	0	1.905
131	57	77	0	0	0	0	1.9075
130	58	77	0	0	0	0	1.91
130	58	77	0	0	0	0	1.9125
130	58	77	0	0	0	0	1.915
130	58	77	0	0	0	0	1.9175
130	58	77	0	0	0	0	1.92
130	58	77	0	0	0	0	1.9225
129	58	78	0	0	0	0	1.925
129	58	78	0	0	0	0	1.9275
129	58	78	0	0	0	0	1.93
130	56	79	0	0	0	0	1.9325
130	55	79	0	0	1	0	1.935
129	56	79	0	0	0	0	1.9375
128	57	79	0	0	0	0	1.94
127	58	79	0	0	0	0	1.9425
126	59	79	0	0	0	0	1.945
126	59	79	0	0	0	0	1.9475
126	58	80	0	0	0	0	1.95
126	58	80	0	0	0	0	1.9525
126	58	80	0	0	0	0	1.955
126	58	80	0	0	0	0	1.9575
126	58	80	0	0	0	0	1.96
126	58	80	0	0	0	0	1.9625
126	58	80	0	0	0	0	1.965
126	58	80	0	0	0	0	1.9675
126	57	81	0	0	0	0	1.97
126	57	81	0	0	0	0	1.9725
125	57	82	0	0	0	0	1.975
125	56	83	0	0	0	0	1.9775
125	56	83	0	0	0	0	1.98
125	56	83	0	0	0	0	1.9825
125	56	83	0	0	0	0	1.985
125	55	84	0	0	0	0	1.9875
125	55	84	0	0	0	0	1.99
125	55	84	0	0	0	0	1.9925
125	55	84	0	0	0	0	1.995
125	55	84	0	0	0	0	1.9975
125	55	84	0	0	0	0	2
124	56	84	0	0	0	0	2.0025
124	56	84	0	0	0	0	2.005
124	56	84	0	0	0	0	2.0075
124	56	83	0	0	1	0	2.01
124	56	83	0	0	0	0	2.0125
125	56	82	0	0	0	0	2.015
125	55	82	0	0	1	0	2.0175
125	54	82	0	0	1	0	2.02
125	54	82	0	0	0	0	2.0225
124	55	82	0	0	0	0	2.025
123	56	82	0	0	0	0	2.0275
123	56	82	0	0	0	0	2.03
123	56	82	0	0	0	0	2.0325
123	56	82	0	0	0	0	2.035
123	55	83	0	0	0	0	2.0375
123	55	83	0	0	0	0	2.04
124	55	82	0	0	0	0	2.0425
125	55	82	1	0	0	0	2.045
124	56	82	0	0	0	0	2.0475
123	56	82	0	0	1	0	2.05
122	57	82	0	0	0	0	2.0525
121	58	82	0	0	0	0	2.055
120	58	83	0	0	0	0	2.0575
120	57	84	0	0	0	0	2.06
120	57	84	0	0	0	0	2.0625
119	58	84	0	0	0	0	2.065
118	59	84	0	0	0	0	2.0675
118	58	84	0	0	1	0	2.07
118	56	85	0	0	1	0	2.0725
116	57	85	0	1	0	0	2.075
115	58	85	0	0	0	0	2.0775
115	58	85	0	0	0	0	2.08
115	58	85	0	0	0	0	2.0825
115	57	86	0	0	0	0	2.085
115	57	86	0	0	0	0	2.0875
115	57	86	0	0	0	0	2.09
115	57	86	0	0	0	0	2.0925
115	57	86	0	0	0	0	2.095
115	57	86	0	0	0	0	2.0975
115	56	87	0	0	0	0	2.1
115	56	87	0	0	0	0	2.1025
114	55	87	0	0	2	0	2.105
114	56	86	0	0	0	0	2.1075
114	54	88	0	0	0	0	2.11
114	53	88	0	0	1	0	2.1125
114	52	89	0	0	0	0	2.115
114	52	89	0	0	0	0	2.1175
114	51	89	0	0	1	0	2.12
114	51	89	0	0	0	0	2.1225
114	51	89	0	0	0	0	2.125
114	50	90	0	0	0	0	2.1275
112	52	90	0	0	0	0	2.13
112	52	90	0	0	0	0	2.1325
112	52	90	0	0	0	0	2.135
112	52	90	0	0	0	0	2.1375
112	51	90	0	0	1	0	2.14
112	51	90	0	0	0	0	2.1425
111	52	90	0	0	0	0	2.145
111	52	90	0	0	0	0	2.1475
110	52	90	0	0	1	0	2.15
110	52	90	0	0	0	0	2.1525
110	52	90	0	0	0	0	2.155
110	52	90	0	0	0	0	2.1575
109	53	90	0	0	0	0	2.16
109	53	90	0	0	0	0	2.1625
110	53	89	0	0	0	0	2.165
111	53	88	0	0	0	0	2.1675
111	53	88	0	0	0	0	2.17
111	53	88	0	0	0	0	2.1725
111	52	89	0	0	0	0	2.175
109	54	89	0	0	0	0	2.1775
109	54	89	0	0	0	0	2.18
108	54	90	0	0	0	0	2.1825
108	54	90	0	0	0	0	2.185
108	54	90	0	0	0	0	2.1875
108	54	90	0	0	0	0	2.19
107	55	90	0	0	0	0	2.1925
107	55	90	0	0	0	0	2.195
106	55	90	0	0	1	0	2.1975
106	55	90	0	0	0	0	2.2
107	55	89	0	0	0	0	2.2025
106	55	90	0	0	0	0	2.205
106	54	91	0	0	0	0	2.2075
106	53	92	0	0	0	0	2.21
105	54	92	0	0	0	0	2.2125
105	54	92	0	0	0	0	2.215
105	54	92	0	0	0	0	2.2175
105	54	92	0	0	0	0	2.22
105	54	92	0	0	0	0	2.2225
105	54	92	0	0	0	0	2.225
104	55	92	0	0	0	0	2.2275
104	55	92	0	0	0	0	2.23
104	55	92	0	0	0	0	2.2325
104	55	92	0	0	0	0	2.235
104	55	92	0	0	0	0	2.2375
104	55	92	0	0	0	0	2.24
103	56	92	0	0	0	0	2.2425
104	56	91	0	0	0	0	2.245
105	56	90	0	0	0	0	2.2475
105	55	91	0	0	0	0	2.25
106	55	90	0	0	0	0	2.2525
106	53	90	0	0	2	0	2.255
106	53	90	0	0	0	0	2.2575
104	55	90	0	0	0	0	2.26
104	55	90	0	0	0	0	2.2625
105	55	89	0	0	0	0	2.265
104	56	89	0	0	0	0	2.2675
105	56	88	0	0	0	0	2.27
104	57	88	0	0	0	0	2.2725
104	57	88	0	0	0	0	2.275
103	58	88	0	0	0	0	2.2775
103	58	88	0	0	0	0	2.28
102	59	88	0	0	0	0	2.2825
102	59	88	0	0	0	0	2.285
102	59	88	0	0	0	0	2.2875
102	59	88	0	0	0	0	2.29
102	58	88	0	0	1	0	2.2925
101	59	88	0	0	0	0	2.295
101	59	88	0	0	0	0	2.2975
101	59	88	0	0	0	0	2.3
101	59	88	0	0	0	0	2.3025
101	58	88	0	0	1	0	2.305
101	58	88	0	0	0	0	2.3075
101	57	89	0	0	0	0	2.31
100	58	89	0	0	0	0	2.3125
100	58	89	0	0	0	0	2.315
100	58	89	0	0	0	0	2.3175
100	57	90	0	0	0	0	2.32
100	57	90	0	0	0	0	2.3225
100	57	90	0	0	0	0	2.325
101	57	89	0	0	0	0	2.3275
101	57	89	0	0	0	0	2.33
101	57	89	0	0	0	0	2.3325
101	57	89	0	0	0	0	2.335
101	57	89	0	0	0	0	2.3375
101	57	89	0	0	0	0	2.34
101	56	90	0	0	0	0	2.3425
101	55	91	0	0	0	0	2.345
101	54	91	0	0	1	0	2.3475
101	53	92	0	0	0	0	2.35
101	53	92	0	0	0	0	2.3525
101	53	92	0	0	0	0	2.355
101	53	92	0	0	0	0	2.3575
101	53	92	0	0	0	0	2.36
101	51	93	0	0	1	0	2.3625
101	51	93	0	0	0	0	2.365
101	51	93	0	0	0	0	2.3675
100	52	93	0	0	0	0	2.37
101	52	92	0	0	0	0	2.3725
101	52	92	0	0	0	0	2.375
101	52	92	0	0	0	0	2.3775
101	52	92	0	0	0	0	2.38
101	52	92	0	0	0	0	2.3825
101	52	92	0	0	0	0	2.385
101	52	92	0	0	0	0	2.3875
101	52	92	0	0	0	0	2.39
100	52	92	0	0	1	0	2.3925
100	52	92	0	0	0	0	2.395
100	51	92	0	0	1	0	2.3975
100	51	92	0	0	0	0	2.4
100	52	91	0	0	0	0	2.4025
100	52	91	0	0	0	0	2.405
101	51	91	0	0	0	0	2.4075
101	51	91	0	0	0	0	2.41
101	51	91	0	0	0	0	2.4125
99	53	91	0	0	0	0	2.415
99	53	91	0	0	0	0	2.4175
98	54	91	0	0	0	0	2.42
98	54	91	0	0	0	0	2.4225
99	54	90	0	0	0	0	2.425
99	54	90	0	0	0	0	2.4275
99	53	90	0	0	1	0	2.43
98	54	90	0	0	0	0	2.4325
97	55	90	0	0	0	0	2.435
97	54	90	0	0	1	0	2.4375
98	52	90	1	0	2	0	2.44
97	53	90	0	0	0	0	2.4425
98	52	90	0	0	0	0	2.445
98	50	92	0	0	0	0	2.4475
98	50	92	0	0	0	0	2.45
97	51	92	0	0	0	0	2.4525
96	52	92	0	0	0	0	2.455
95	53	92	0	0	0	0	2.4575
94	55	91	0	0	0	0	2.46
93	56	91	0	0	0	0	2.4625
93	56	91	0	0	0	0	2.465
92	57	91	0	0	0	0	2.4675
92	57	91	0	0	0	0	2.47
92	57	91	0	0	0	0	2.4725
91	58	91	0	0	0	0	2.475
91	57	92	0	0	0	0	2.4775
91	57	92	0	0	0	0	2.48
91	57	92	0	0	0	0	2.4825
91	57	92	0	0	0	0	2.485
91	57	92	0	0	0	0	2.4875
91	57	92	0	0	0	0	2.49
91	57	92	0	0	0	0	2.4925
90	58	92	0	0	0	0	2.495
90	58	92	0	0	0	0	2.4975
90	58	92	0	0	0	0	2.5
90	57	93	0	0	0	0	2.5025
90	57	93	0	0	0	0	2.505
90	57	93	0	0	0	0	2.5075
89	58	93	0	0	0	0	2.51
89	58	93	0	0	0	0	2.5125
89	58	93	0	0	0	0	2.515
89	58	93	0	0	0	0	2.5175
89	58	93	0	0	0	0	2.52
89	58	93	0	0	0	0	2.5225
90	58	92	0	0	0	0	2.525
90	58	92	0	0	0	0	2.5275
90	58	92	0	0	0	0	2.53
89	59	92	0	0	0	0	2.5325
89	58	93	0	0	0	0	2.535
88	59	93	0	0	0	0	2.5375
88	59	93	0	0	0	0	2.54
88	59	93	0	0	0	0	2.5425
88	58	94	0	0	0	0	2.545
87	59	94	0	0	0	0	2.5475
87	58	95	0	0	0	0	2.55
87	57	95	0	0	1	0	2.5525
87	56	96	0	0	0	0	2.555
87	56	96	0	0	0	0	2.5575
87	56	96	0	0	0	0	2.56
87	56	96	0	0	0	0	2.5625
86	57	96	0	0	0	0	2.565
85	57	97	0	0	0	0	2.5675
85	57	97	0	0	0	0	2.57
84	58	97	0	0	0	0	2.5725
84	58	97	0	0	0	0	2.575
84	58	97	0	0	0	0	2.5775
83	58	97	0	0	1	0	2.58
83	58	97	0	0	0	0	2.5825
83	57	98	0	0	0	0	2.585
83	57	98	0	0	0	0	2.5875
83	57	98	0	0	0	0	2.59
82	58	98	0	0	0	0	2.5925
82	58	98	0	0	0	0	2.595
81	59	98	0	0	0	0	2.5975
81	59	98	0	0	0	0	2.6
83	59	96	0	0	0	0	2.6025
83	58	97	0	0	0	0	2.605
82	58	98	0	0	0	0	2.6075
82	58	98	0	0	0	0	2.61
82	57	98	0	0	1	0	2.6125
82	57	98	0	0	0	0	2.615
82	56	99	0	0	0	0	2.6175
82	55	100	0	0	0	0	2.62
81	56	100	0	0	0	0	2.6225
81	56	100	0	0	0	0	2.625
81	55	100	0	0	1	0	2.6275
80	56	100	0	0	0	0	2.63
82	56	98	0	0	0	0	2.6325
82	55	99	0	0	0	0	2.635
82	55	99	0	0	0	0	2.6375
82	54	100	0	0	0	0	2.64
82	52	101	0	0	1	0	2.6425
82	52	101	0	0	0	0	2.645
82	52	101	0	0	0	0	2.6475
81	53	101	0	0	0	0	2.65
81	53	101	0	0	0	0	2.6525
81	53	101	0	0	0	0	2.655
81	53	101	0	0	0	0	2.6575
81	53	101	0	0	0	0	2.66
79	55	101	0	0	0	0	2.6625
77	57	101	0	0	0	0	2.665
77	56	102	0	0	0	0	2.6675
77	53	104	0	0	1	0	2.67
77	52	105	0	0	0	0	2.6725
77	52	105	0	0	0	0	2.675
77	52	105	0	0	0	0	2.6775
77	52	105	0	0	0	0	2.68
77	51	106	0	0	0	0	2.6825
76	51	107	0	0	0	0	2.685
75	52	107	0	0	0	0	2.6875
75	52	107	0	0	0	0	2.69
75	52	107	0	0	0	0	2.6925
74	53	107	0	0	0	0	2.695
74	53	107	0	0	0	0	2.6975
75	52	107	0	0	0	0	2.7
75	52	107	0	0	0	0	2.7025
75	52	107	0	0	0	0	2.705
75	52	107	0	0	0	0	2.7075
75	52	107	0	0	0	0	2.71
75	52	107	0	0	0	0	2.7125
75	52	107	0	0	0	0	2.715
75	51	107	0	0	1	0	2.7175
76	50	106	0	0	1	0	2.72
75	49	108	0	0	0	0	2.7225
75	49	108	0	0	0	0	2.725
74	50	108	0	0	0	0	2.7275
73	51	108	0	0	0	0	2.73
73	51	108	0	0	0	0	2.7325
73	49	109	0	0	1	0	2.735
73	49	109	0	0	0	0	2.7375
72	50	109	0	0	0	0	2.74
72	50	109	0	0	0	0	2.7425
72	50	109	0	0	0	0	2.745
72	48	110	0	0	1	0	2.7475
72	48	110	0	0	0	0	2.75
71	49	110	0	0	0	0	2.7525
72	49	109	0	0	0	0	2.755
72	48	110	0	0	0	0	2.7575
72	48	110	0	0	0	0	2.76
72	48	110	0	0	0	0	2.7625
72	48	110	0	0	0	0	2.765
72	48	110	0	0	0	0	2.7675
72	48	110	0	0	0	0	2.77
72	49	109	0	0	0	0	2.7725
73	49	108	0	0	0	0	2.775
72	50	108	0	0	0	0	2.7775
71	51	108	0	0	0	0	2.78
72	51	107	0	0	0	0	2.7825
72	50	107	0	0	1	0	2.785
72	49	107	0	0	1	0	2.7875
71	50	107	0	0	0	0	2.79
71	49	107	0	0	1	0	2.7925
71	49	107	0	0	0	0	2.795
71	49	107	0	0	0	0	2.7975
71	49	107	0	0	0	0	2.8
72	49	106	0	0	0	0	2.8025
72	48	107	0	0	0	0	2.805
72	48	107	0	0	0	0	2.8075
72	48	107	0	0	0	0	2.81
73	48	106	0	0	0	0	2.8125
73	48	106	0	0	0	0	2.815
72	49	106	0	0	0	0	2.8175
71	49	107	0	0	0	0	2.82
70	50	107	0	0	0	0	2.8225
70	49	108	0	0	0	0	2.825
70	49	108	0	0	0	0	2.8275
70	48	109	0	0	0	0	2.83
71	48	108	0	0	0	0	2.8325
71	48	108	0	0	0	0	2.835
70	49	108	0	0	0	0	2.8375
70	46	110	0	0	1	0	2.84
70	46	110	0	0	0	0	2.8425
70	46	110	0	0	0	0	2.845
70	46	110	0	0	0	0	2.8475
69	47	110	0	0	0	0	2.85
69	47	110	0	0	0	0	2.8525
69	47	110	0	0	0	0	2.855
68	47	111	0	0	0	0	2.8575
68	47	111	0	0	0	0	2.86
68	47	111	0	0	0	0	2.8625
68	47	111	0	0	0	0	2.865
69	47	110	0	0	0	0	2.8675
69	47	110	0	0	0	0	2.87
69	47	110	0	0	0	0	2.8725
69	47	110	0	0	0	0	2.875
69	47	110	0	0	0	0	2.8775
69	46	110	0	0	1	0	2.88
69	46	110	0	0	0	0	2.8825
69	46	110	0	0	0	0	2.885
69	46	110	0	0	0	0	2.8875
69	46	110	0	0	0	0	2.89
68	46	110	0	0	1	0	2.8925
68	46	110	0	0	0	0	2.895
68	46	110	0	0	0	0	2.8975
68	46	110	0	0	0	0	2.9
68	46	110	0	0	0	0	2.9025
67	47	110	0	0	0	0	2.905
66	48	110	0	0	0	0	2.9075
66	48	110	0	0	0	0	2.91
66	48	110	0	0	0	0	2.9125
67	48	109	0	0	0	0	2.915
66	49	109	0	0	0	0	2.9175
64	51	109	0	0	0	0	2.92
63	52	109	0	0	0	0	2.9225
63	51	109	0	0	1	0	2.925
62	51	109	0	0	1	0	2.9275
62	51	109	0	0	0	0	2.93
62	50	110	0	0	0	0	2.9325
62	50	110	0	0	0	0	2.935
62	50	110	0	0	0	0	2.9375
63	50	109	0	0	0	0	2.94
63	50	109	0	0	0	0	2.9425
63	49	110	0	0	0	0	2.945
62	50	110	0	0	0	0	2.9475
62	50	110	0	0	0	0	2.95
63	50	110	1	0	0	0	2.9525
64	50	109	0	0	0	0	2.955
64	50	109	0	0	0	0	2.9575
64	50	109	0	0	0	0	2.96
64	50	109	0	0	0	0	2.9625
62	52	109	0	0	0	0	2.965
62	51	109	0	0	1	0	2.9675
62	51	109	0	0	0	0	2.97
62	51	109	0	0	0	0	2.9725
61	51	109	0	1	0	0	2.975
61	51	109	0	0	0	0	2.9775
61	49	109	0	0	2	0	2.98
61	49	109	0	0	0	0	2.9825
62	49	108	0	0	0	0	2.985
62	49	108	0	0	0	0	2.9875
62	48	109	0	0	0	0	2.99
61	48	110	0	0	0	0	2.9925
61	47	111	0	0	0	0	2.995
61	47	111	0	0	0	0	2.9975
61	47	111	0	0	0	0	3
61	45	113	0	0	0	0	3.0025
62	44	113	0	0	0	0	3.005
62	44	113	0	0	0	0	3.0075
62	44	113	0	0	0	0	3.01
62	44	113	0	0	0	0	3.0125
62	44	113	0	0	0	0	3.015
61	45	113	0	0	0	0	3.0175
62	45	113	1	0	0	0	3.02
62	45	113	0	0	0	0	3.0225
62	45	113	0	0	0	0	3.025
62	45	113	0	0	0	0	3.0275
62	45	113	0	0	0	0	3.03
62	45	113	0	0	0	0	3.0325
63	45	112	0	0	0	0	3.035
63	45	112	0	0	0	0	3.0375
64	45	111	0	0	0	0	3.04
64	45	111	0	0	0	0	3.0425
63	46	111	0	0	0	0	3.045
62	47	111	0	0	0	0	3.0475
61	48	111	0	0	0	0	3.05
62	48	110	0	0	0	0	3.0525
62	48	110	0	0	0	0	3.055
61	49	110	0	0	0	0	3.0575
61	49	110	0	0	0	0	3.06
61	49	110	0	0	0	0	3.0625
60	49	111	0	0	0	0	3.065
59	50	111	0	0	0	0	3.0675
59	48	112	0	0	1	0	3.07
59	48	112	0	0	0	0	3.0725
59	49	111	0	0	0	0	3.075
59	49	111	0	0	0	0	3.0775
60	49	110	0	0	0	0	3.08
60	49	110	0	0	0	0	3.0825
61	49	109	0	0	0	0	3.085
61	49	109	0	0	0	0	3.0875
61	49	109	0	0	0	0	3.09
61	47	110	0	0	1	0	3.0925
61	47	110	0	0	0	0	3.095
61	47	110	0	0	0	0	3.0975
61	47	110	0	0	0	0	3.1
62	46	109	0	0	1	0	3.1025
61	46	110	0	0	0	0	3.105
61	45	110	0	0	1	0	3.1075
60	46	110	0	0	0	0	3.11
60	46	110	0	0	0	0	3.1125
60	46	110	0	0	0	0	3.115
61	45	109	0	0	1	0	3.1175
61	45	109	0	0	0	0	3.12
61	45	109	0	0	0	0	3.1225
61	44	110	0	0	0	0	3.125
62	44	109	0	0	0	0	3.1275
61	45	109	0	0	0	0	3.13
61	45	109	0	0	0	0	3.1325
61	44	110	0	0	0	0	3.135
61	44	110	0	0	0	0	3.1375
61	43	110	0	0	1	0	3.14
61	43	110	0	0	0	0	3.1425
61	43	110	0	0	0	0	3.145
61	43	110	0	0	0	0	3.1475
61	43	110	0	0	0	0	3.15
63	43	108	0	0	0	0	3.1525
63	43	108	0	0	0	0	3.155
63	43	108	0	0	0	0	3.1575
63	41	109	0	0	1	0	3.16
63	41	109	0	0	0	0	3.1625
63	41	109	0	0	0	0	3.165
63	41	109	0	0	0	0	3.1675
62	41	110	0	0	0	0	3.17
62	42	109	0	0	0	0	3.1725
62	42	109	0	0	0	0	3.175
63	42	108	0	0	0	0	3.1775
65	42	106	0	0	0	0	3.18
66	42	105	0	0	0	0	3.1825
66	42	105	0	0	0	0	3.185
66	42	105	0	0	0	0	3.1875
66	42	105	0	0	0	0	3.19
66	42	105	0	0	0	0	3.1925
66	42	105	0	0	0	0	3.195
66	42	105	0	0	0	0	3.1975
66	42	105	0	0	0	0	3.2
65	42	105	0	0	1	0	3.2025
65	41	106	0	0	0	0	3.205
65	41	106	0	0	0	0	3.2075
65	41	106	0	0	0	0	3.21
66	41	105	0	0	0	0	3.2125
67	41	104	0	0	0	0	3.215
67	41	104	0	0	0	0	3.2175
66	42	104	0	0	0	0	3.22
66	42	104	0	0	0	0	3.2225
67	40	103	0	0	2	0	3.225
67	40	103	0	0	0	0	3.2275
68	40	102	0	0	0	0	3.23
68	39	103	0	0	0	0	3.2325
68	39	103	0	0	0	0	3.235
68	39	103	0	0	0	0	3.2375
67	40	103	0	0	0	0	3.24
67	40	103	0	0	0	0	3.2425
66	40	103	0	0	1	0	3.245
66	40	103	0	0	0	0	3.2475
66	40	103	0	0	0	0	3.25
66	39	104	0	0	0	0	3.2525
66	39	104	0	0	0	0	3.255
66	39	104	0	0	0	0	3.2575
65	40	104	0	0	0	0	3.26
65	40	104	0	0	0	0	3.2625
65	40	104	0	0	0	0	3.265
65	40	104	0	0	0	0	3.2675
66	40	103	0	0	0	0	3.27
67	40	102	0	0	0	0	3.2725
67	40	102	0	0	0	0	3.275
67	40	102	0	0	0	0	3.2775
66	41	102	0	0	0	0	3.28
66	41	102	0	0	0	0	3.2825
66	41	102	0	0	0	0	3.285
66	41	102	0	0	0	0	3.2875
66	41	102	0	0	0	0	3.29
66	41	102	0	0	0	0	3.2925
66	41	102	0	0	0	0	3.295
66	40	102	0	0	1	0	3.2975
65	41	102	0	0	0	0	3.3
65	41	102	0	0	0	0	3.3025
65	41	102	0	0	0	0	3.305
65	41	102	0	0	0	0	3.3075
65	40	102	0	0	1	0	3.31
65	40	102	0	0	0	0	3.3125
65	40	102	0	0	0	0	3.315
65	40	102	0	0	0	0	3.3175
65	40	102	0	0	0	0	3.32
65	39	103	0	0	0	0	3.3225
66	39	102	0	0	0	0	3.325
66	39	102	0	0	0	0	3.3275
65	40	102	0	0	0	0	3.33
65	39	102	0	0	1	0	3.3325
65	39	102	0	0	0	0	3.335
65	39	102	0	0	0	0	3.3375
65	38	103	0	0	0	0	3.34
65	38	103	0	0	0	0	3.3425
65	38	103	0	0	0	0	3.345
64	39	103	0	0	0	0	3.3475
65	39	102	0	0	0	0	3.35
65	39	102	0	0	0	0	3.3525
65	38	102	0	0	1	0	3.355
65	38	102	0	0	0	0	3.3575
66	38	101	0	0	0	0	3.36
66	37	102	0	0	0	0	3.3625
66	36	102	0	0	1	0	3.365
66	36	102	0	0	0	0	3.3675
66	36	102	0	0	0	0	3.37
65	37	102	0	0	0	0	3.3725
65	37	102	0	0	0	0	3.375
64	38	102	0	0	0	0	3.3775
64	38	102	0	0	0	0	3.38
64	38	102	0	0	0	0	3.3825
64	38	102	0	0	0	0	3.385
64	38	102	0	0	0	0	3.3875
64	38	102	0	0	0	0	3.39
64	38	102	0	0	0	0	3.3925
64	37	102	0	0	1	0	3.395
64	37	102	0	0	0	0	3.3975
64	37	102	0	0	0	0	3.4
64	37	102	0	0	0	0	3.4025
64	37	102	0	0	0	0	3.405
64	38	101	0	0	0	0	3.4075
64	38	101	0	0	0	0	3.41
64	38	101	0	0	0	0	3.4125
64	38	101	0	0	0	0	3.415
64	38	101	0	0	0	0	3.4175
64	38	101	0	0	0	0	3.42
64	38	101	0	0	0	0	3.4225
64	38	101	0	0	0	0	3.425
64	38	101	0	0	0	0	3.4275
63	38	101	0	0	1	0	3.43
63	36	102	0	0	1	0	3.4325
62	37	102	0	0	0	0	3.435
62	37	102	0	0	0	0	3.4375
62	37	102	0	0	0	0	3.44
62	37	102	0	0	0	0	3.4425
61	38	102	0	0	0	0	3.445
61	38	102	0	0	0	0	3.4475
61	38	102	0	0	0	0	3.45
61	38	102	0	0	0	0	3.4525
61	38	102	0	0	0	0	3.455
61	38	102	0	0	0	0	3.4575
61	38	102	0	0	0	0	3.46
61	38	102	0	0	0	0	3.4625
61	38	102	0	0	0	0	3.465
60	39	102	0	0	0	0	3.4675
60	39	102	0	0	0	0	3.47
60	39	102	0	0	0	0	3.4725
60	39	102	0	0	0	0	3.475
60	39	102	0	0	0	0	3.4775
60	39	102	0	0	0	0	3.48
59	40	102	0	0	0	0	3.4825
61	40	100	0	0	0	0	3.485
61	40	100	0	0	0	0	3.4875
61	40	100	0	0	0	0	3.49
62	40	99	0	0	0	0	3.4925
62	40	99	0	0	0	0	3.495
62	41	98	0	0	0	0	3.4975
62	41	98	0	0	0	0	3.5
62	41	98	0	0	0	0	3.5025
62	41	98	0	0	0	0	3.505
62	41	98	0	0	0	0	3.5075
62	41	98	0	0	0	0	3.51
61	42	98	0	0	0	0	3.5125
61	42	98	0	0	0	0	3.515
62	42	97	0	0	0	0	3.5175
61	43	97	0	0	0	0	3.52
61	42	97	0	0	1	0	3.5225
61	42	97	0	0	0	0	3.525
61	42	97	0	0	0	0	3.5275
62	42	96	0	0	0	0	3.53
62	42	96	0	0	0	0	3.5325
62	42	96	0	0	0	0	3.535
62	42	96	0	0	0	0	3.5375
62	41	97	0	0	0	0	3.54
62	41	97	0	0	0	0	3.5425
62	41	97	0	0	0	0	3.545
63	41	96	0	0	0	0	3.5475
63	40	97	0	0	0	0	3.55
63	40	97	0	0	0	0	3.5525
63	40	97	0	0	0	0	3.555
63	40	97	0	0	0	0	3.5575
63	40	97	0	0	0	0	3.56
63	39	98	0	0	0	0	3.5625
63	38	98	0	0	1	0	3.565
63	38	98	0	0	0	0	3.5675
62	38	98	0	0	1	0	3.57
60	40	98	0	0	0	0	3.5725
60	40	98	0	0	0	0	3.575
60	40	98	0	0	0	0	3.5775
60	40	98	0	0	0	0	3.58
60	40	98	0	0	0	0	3.5825
61	39	97	0	0	1	0	3.585
61	39	97	0	0	0	0	3.5875
61	39	97	0	0	0	0	3.59
61	39	97	0	0	0	0	3.5925
62	38	96	0	0	1	0	3.595
62	39	96	1	0	0	0	3.5975
61	39	96	0	0	1	0	3.6
60	40	96	0	0	0	0	3.6025
60	40	96	0	0	0	0	3.605
60	40	96	0	0	0	0	3.6075
59	40	96	0	0	1	0	3.61
59	39	97	0	0	0	0	3.6125
59	39	97	0	0	0	0	3.615
59	39	97	0	0	0	0	3.6175
59	39	97	0	0	0	0	3.62
59	39	97	0	0	0	0	3.6225
59	39	97	0	0	0	0	3.625
59	39	97	0	0	0	0	3.6275
60	39	96	0	0	0	0	3.63
60	39	96	0	0	0	0	3.6325
60	39	96	0	0	0	0	3.635
60	39	96	0	0	0	0	3.6375
60	38	97	0	0	0	0	3.64
60	38	97	0	0	0	0	3.6425
59	39	97	0	0	0	0	3.645
59	39	97	0	0	0	0	3.6475
60	39	96	0	0	0	0	3.65
60	39	96	0	0	0	0	3.6525
60	39	96	0	0	0	0	3.655
60	38	97	0	0	0	0	3.6575
60	37	98	0	0	0	0	3.66
60	37	98	0	0	0	0	3.6625
60	37	98	0	0	0	0	3.665
60	37	98	0	0	0	0	3.6675
60	37	98	0	0	0	0	3.67
61	37	97	0	0	0	0	3.6725
61	37	97	0	0	0	0	3.675
61	37	97	0	0	0	0	3.6775
61	37	97	0	0	0	0	3.68
61	37	97	0	0	0	0	3.6825
61	37	97	0	0	0	0	3.685
61	37	97	0	0	0	0	3.6875
62	36	96	0	0	1	0	3.69
62	36	96	0	0	0	0	3.6925
61	37	96	0	0	0	0	3.695
61	37	96	0	0	0	0	3.6975
60	37	97	0	0	0	0	3.7
60	37	97	0	0	0	0	3.7025
60	37	97	0	0	0	0	3.705
59	38	97	0	0	0	0	3.7075
59	38	97	0	0	0	0	3.71
59	38	97	0	0	0	0	3.7125
59	38	97	0	0	0	0	3.715
59	37	97	0	0	1	0	3.7175
59	37	97	0	0	0	0	3.72
59	37	97	0	0	0	0	3.7225
58	37	98	0	0	0	0	3.725
58	36	99	0	0	0	0	3.7275
58	36	99	0	0	0	0	3.73
59	36	98	0	0	0	0	3.7325
59	36	98	0	0	0	0	3.735
59	36	98	0	0	0	0	3.7375
59	36	98	0	0	0	0	3.74
60	36	97	0	0	0	0	3.7425
60	35	97	0	0	1	0	3.745
60	35	97	0	0	0	0	3.7475
60	35	97	0	0	0	0	3.75
60	35	97	0	0	0	0	3.7525
60	34	97	0	0	1	0	3.755
61	34	97	1	0	0	0	3.7575
61	34	97	0	0	0	0	3.76
61	34	97	0	0	0	0	3.7625
61	34	97	0	0	0	0	3.765
61	34	97	0	0	0	0	3.7675
61	34	97	0	0	0	0	3.77
61	34	97	0	0	0	0	3.7725
62	34	96	0	0	0	0	3.775
61	35	96	0	0	0	0	3.7775
61	35	96	0	0	0	0	3.78
61	33	97	0	0	1	0	3.7825
61	33	97	0	0	0	0	3.785
61	33	97	0	0	0	0	3.7875
61	33	97	0	0	0	0	3.79
61	33	97	0	0	0	0	3.7925
61	32	97	0	0	1	0	3.795
61	32	97	0	0	0	0	3.7975
61	31	98	0	0	0	0	3.8
61	31	98	0	0	0	0	3.8025
61	31	98	0	0	0	0	3.805
61	30	99	0	0	0	0	3.8075
61	30	99	0	0	0	0	3.81
61	30	99	0	0	0	0	3.8125
61	29	99	0	0	1	0	3.815
61	29	99	0	0	0	0	3.8175
61	30	98	0	0	0	0	3.82
61	30	98	0	0	0	0	3.8225
60	31	98	0	0	0	0	3.825
60	31	98	0	0	0	0	3.8275
59	32	98	0	0	0	0	3.83
59	32	98	0	0	0	0	3.8325
59	31	98	0	0	1	0	3.835
59	30	98	0	0	1	0	3.8375
59	30	98	0	0	0	0	3.84
59	29	99	0	0	0	0	3.8425
59	29	99	0	0	0	0	3.845
60	29	98	0	0	0	0	3.8475
61	29	97	0	0	0	0	3.85
61	29	97	0	0	0	0	3.8525
61	29	97	0	0	0	0	3.855
61	29	97	0	0	0	0	3.8575
61	29	97	0	0	0	0	3.86
61	29	97	0	0	0	0	3.8625
60	30	97	0	0	0	0	3.865
60	30	97	0	0	0	0	3.8675
60	30	97	0	0	0	0	3.87
60	30	97	0	0	0	0	3.8725
60	30	97	0	0	0	0	3.875
60	30	97	0	0	0	0	3.8775
60	30	97	0	0	0	0	3.88
61	30	96	0	0	0	0	3.8825
61	30	96	0	0	0	0	3.885
61	30	96	0	0	0	0	3.8875
61	30	95	0	1	0	0	3.89
61	30	95	0	0	0	0	3.8925
61	30	95	0	0	0	0	3.895
61	30	95	0	0	0	0	3.8975
60	31	95	0	0	0	0	3.9
60	31	95	0	0	0	0	3.9025
60	31	95	0	0	0	0	3.905
60	29	97	0	0	0	0	3.9075
60	28	97	0	0	1	0	3.91
60	27	98	0	0	0	0	3.9125
60	27	98	0	0	0	0	3.915
61	27	97	0	0	0	0	3.9175
62	27	96	0	0	0	0	3.92
62	27	96	0	0	0	0	3.9225
62	27	96	0	0	0	0	3.925
61	28	96	0	0	0	0	3.9275
61	28	96	0	0	0	0	3.93
62	27	95	0	0	1	0	3.9325
62	27	95	0	0	0	0	3.935
61	27	95	0	0	1	0	3.9375
61	27	95	0	0	0	0	3.94
61	27	95	0	0	0	0	3.9425
61	27	95	0	0	0	0	3.945
61	27	95	0	0	0	0	3.9475
61	27	95	0	0	0	0	3.95
61	27	95	0	0	0	0	3.9525
62	27	94	0	0	0	0	3.955
62	27	94	0	0	0	0	3.9575
62	27	94	0	0	0	0	3.96
62	27	94	0	0	0	0	3.9625
62	27	94	0	0	0	0	3.965
62	25	95	0	0	1	0	3.9675
62	25	95	0	0	0	0	3.97
63	25	94	0	0	0	0	3.9725
63	25	94	0	0	0	0	3.975
63	24	94	0	0	1	0	3.9775
63	24	94	0	0	0	0	3.98
62	25	94	0	0	0	0	3.9825
62	25	94	0	0	0	0	3.985
62	25	94	0	0	0	0	3.9875
62	25	94	0	0	0	0	3.99
62	25	94	0	0	0	0	3.9925
62	25	94	0	0	0	0	3.995
62	25	94	0	0	0	0	3.9975
62	25	94	0	0	0	0	4
62	25	94	0	0	0	0	4.0025
62	24	95	0	0	0	0	4.005
62	24	95	0	0	0	0	4.0075
62	24	95	0	0	0	0	4.01
61	25	95	0	0	0	0	4.0125
61	25	95	0	0	0	0	4.015
61	25	95	0	0	0	0	4.0175
61	25	95	0	0	0	0	4.02
61	25	95	0	0	0	0	4.0225
61	25	95	0	0	0	0	4.025
61	24	95	0	0	1	0	4.0275
61	24	95	0	0	0	0	4.03
61	24	95	0	0	0	0	4.0325
61	24	95	0	0	0	0	4.035
61	24	95	0	0	0	0	4.0375
61	24	95	0	0	0	0	4.04
61	24	95	0	0	0	0	4.0425
61	24	95	0	0	0	0	4.045
62	24	94	0	0	0	0	4.0475
62	24	94	0	0	0	0	4.05
62	24	94	0	0	0	0	4.0525
62	23	94	0	0	1	0	4.055
62	23	94	0	0	0	0	4.0575
62	23	94	0	0	0	0	4.06
62	23	94	0	0	0	0	4.0625
62	22	94	0	0	1	0	4.065
62	22	94	0	0	0	0	4.0675
63	22	93	0	0	0	0	4.07
63	22	93	0	0	0	0	4.0725
63	22	93	0	0	0	0	4.075
62	23	93	0	0	0	0	4.0775
61	24	93	0	0	0	0	4.08
61	24	93	0	0	0	0	4.0825
61	23	94	0	0	0	0	4.085
61	23	94	0	0	0	0	4.0875
60	23	94	0	0	1	0	4.09
60	23	94	0	0	0	0	4.0925
60	23	94	0	0	0	0	4.095
60	23	94	0	0	0	0	4.0975
60	23	94	0	0	0	0	4.1
60	22	95	0	0	0	0	4.1025
60	22	95	0	0	0	0	4.105
60	22	95	0	0	0	0	4.1075
60	22	95	0	0	0	0	4.11
59	23	95	0	0	0	0	4.1125
59	23	95	0	0	0	0	4.115
59	23	95	0	0	0	0	4.1175
60	23	94	0	0	0	0	4.12
60	23	94	0	0	0	0	4.1225
60	23	94	0	0	0	0	4.125
60	23	94	0	0	0	0	4.1275
60	23	94	0	0	0	0	4.13
60	23	94	0	0	0	0	4.1325
60	23	94	0	0	0	0	4.135
60	23	94	0	0	0	0	4.1375
59	24	94	0	0	0	0	4.14
59	24	94	0	0	0	0	4.1425
59	24	94	0	0	0	0	4.145
58	25	94	0	0	0	0	4.1475
58	25	94	0	0	0	0	4.15
58	25	94	0	0	0	0	4.1525
58	25	94	0	0	0	0	4.155
58	25	94	0	0	0	0	4.1575
59	25	93	0	0	0	0	4.16
59	25	93	0	0	0	0	4.1625
59	25	93	0	0	0	0	4.165
58	26	93	0	0	0	0	4.1675
58	26	93	0	0	0	0	4.17
58	26	93	0	0	0	0	4.1725
58	24	95	0	0	0	0	4.175
58	24	95	0	0	0	0	4.1775
58	24	95	0	0	0	0	4.18
59	24	94	0	0	0	0	4.1825
59	24	94	0	0	0	0	4.185
60	24	93	0	0	0	0	4.1875
60	24	93	0	0	0	0	4.19
60	24	93	0	0	0	0	4.1925
60	24	93	0	0	0	0	4.195
60	24	93	0	0	0	0	4.1975
60	24	93	0	0	0	0	4.2
60	24	93	0	0	0	0	4.2025
60	23	93	0	0	1	0	4.205
60	23	93	0	0	0	0	4.2075
60	22	94	0	0	0	0	4.21
60	22	94	0	0	0	0	4.2125
60	22	94	0	0	0	0	4.215
60	21	94	0	0	1	0	4.2175
60	21	94	0	0	0	0	4.22
60	21	94	0	0	0	0	4.2225
61	21	93	0	0	0	0	4.225
60	20	94	0	0	1	0	4.2275
60	20	94	0	0	0	0	4.23
60	20	94	0	0	0	0	4.2325
61	20	93	0	0	0	0	4.235
61	20	93	0	0	0	0	4.2375
61	20	93	0	0	0	0	4.24
61	20	93	0	0	0	0	4.2425
62	20	92	0	0	0	0	4.245
63	20	91	0	0	0	0	4.2475
63	18	92	0	0	1	0	4.25
63	18	92	0	0	0	0	4.2525
63	18	92	0	0	0	0	4.255
64	18	91	0	0	0	0	4.2575
64	18	91	0	0	0	0	4.26
64	18	91	0	0	0	0	4.2625
64	17	92	0	0	0	0	4.265
64	17	92	0	0	0	0	4.2675
64	17	92	0	0	0	0	4.27
64	16	92	0	0	1	0	4.2725
64	16	92	0	0	0	0	4.275
65	16	91	0	0	0	0	4.2775
65	16	91	0	0	0	0	4.28
66	16	90	0	0	0	0	4.2825
65	16	90	0	0	1	0	4.285
67	16	88	0	0	0	0	4.2875
67	16	88	0	0	0	0	4.29
68	16	87	0	0	0	0	4.2925
68	16	87	0	0	0	0	4.295
69	16	86	0	0	0	0	4.2975
70	16	85	0	0	0	0	4.3
70	16	85	0	0	0	0	4.3025
70	16	85	0	0	0	0	4.305
70	16	85	0	0	0	0	4.3075
70	16	85	0	0	0	0	4.31
69	17	85	0	0	0	0	4.3125
69	17	85	0	0	0	0	4.315
69	17	85	0	0	0	0	4.3175
69	16	86	0	0	0	0	4.32
69	16	86	0	0	0	0	4.3225
70	16	85	0	0	0	0	4.325
70	16	86	1	0	0	0	4.3275
70	16	86	0	0	0	0	4.33
71	16	85	0	0	0	0	4.3325
71	16	85	0	0	0	0	4.335
71	16	85	0	0	0	0	4.3375
72	16	84	0	0	0	0	4.34
72	16	84	0	0	0	0	4.3425
72	15	85	0	0	0	0	4.345
72	15	85	0	0	0	0	4.3475
72	15	85	0	0	0	0	4.35
72	16	85	1	0	0	0	4.3525
72	16	85	0	0	0	0	4.355
72	16	85	0	0	0	0	4.3575
72	16	85	0	0	0	0	4.36
73	16	84	0	0	0	0	4.3625
73	16	84	0	0	0	0	4.365
73	16	84	0	0	0	0	4.3675
73	16	84	0	0	0	0	4.37
73	16	84	0	0	0	0	4.3725
73	16	84	0	0	0	0	4.375
73	16	84	0	0	0	0	4.3775
73	16	84	0	0	0	0	4.38
73	15	85	0	0	0	0	4.3825
74	15	84	0	0	0	0	4.385
74	15	84	0	0	0	0	4.3875
72	17	84	0	0	0	0	4.39
72	16	85	0	0	0	0	4.3925
72	17	84	0	0	0	0	4.395
72	17	84	0	0	0	0	4.3975
73	17	84	1	0	0	0	4.4
73	17	84	0	0	0	0	4.4025
73	17	84	0	0	0	0	4.405
73	17	84	0	0	0	0	4.4075
73	17	84	0	0	0	0	4.41
72	18	84	0	0	0	0	4.4125
72	18	84	0	0	0	0	4.415
73	18	83	0	0	0	0	4.4175
73	18	83	0	0	0	0	4.42
74	18	82	0	0	0	0	4.4225
74	18	82	0	0	0	0	4.425
74	18	82	0	0	0	0	4.4275
74	18	82	0	0	0	0	4.43
75	18	81	0	0	0	0	4.4325
75	18	81	0	0	0	0	4.435
75	18	81	0	0	0	0	4.4375
75	18	81	0	0	0	0	4.44
75	18	81	0	0	0	0	4.4425
76	18	80	0	0	0	0	4.445
76	18	80	0	0	0	0	4.4475
76	18	80	0	0	0	0	4.45
76	18	80	0	0	0	0	4.4525
77	18	79	0	0	0	0	4.455
76	19	79	0	0	0	0	4.4575
76	19	79	0	0	0	0	4.46
76	19	79	0	0	0	0	4.4625
76	19	79	0	0	0	0	4.465
76	19	79	0	0	0	0	4.4675
76	19	79	0	0	0	0	4.47
76	19	79	0	0	0	0	4.4725
76	19	79	0	0	0	0	4.475
77	19	78	0	0	0	0	4.4775
77	19	78	0	0	0	0	4.48
77	19	78	0	0	0	0	4.4825
76	20	78	0	0	0	0	4.485
76	20	78	0	0	0	0	4.4875
77	19	78	0	0	0	0	4.49
78	18	78	0	0	0	0	4.4925
78	17	79	0	0	0	0	4.495
78	17	79	0	0	0	0	4.4975
78	17	79	0	0	0	0	4.5
78	16	80	0	0	0	0	4.5025
78	16	80	0	0	0	0	4.505
78	15	81	0	0	0	0	4.5075
78	15	81	0	0	0	0	4.51
78	15	81	0	0	0	0	4.5125
78	15	81	0	0	0	0	4.515
78	15	81	0	0	0	0	4.5175
78	15	81	0	0	0	0	4.52
78	15	81	0	0	0	0	4.5225
78	15	81	0	0	0	0	4.525
78	15	81	0	0	0	0	4.5275
78	15	81	0	0	0	0	4.53
78	14	82	0	0	0	0	4.5325
78	14	82	0	0	0	0	4.535
78	14	82	0	0	0	0	4.5375
77	15	82	0	0	0	0	4.54
77	15	82	0	0	0	0	4.5425
77	14	83	0	0	0	0	4.545
77	14	83	0	0	0	0	4.5475
77	14	83	0	0	0	0	4.55
77	14	83	0	0	0	0	4.5525
77	14	83	0	0	0	0	4.555
77	14	83	0	0	0	0	4.5575
76	15	83	0	0	0	0	4.56
76	15	83	0	0	0	0	4.5625
76	14	83	0	0	1	0	4.565
78	14	81	0	0	0	0	4.5675
78	14	81	0	0	0	0	4.57
78	15	80	0	0	0	0	4.5725
77	16	80	0	0	0	0	4.575
77	16	80	0	0	0	0	4.5775
77	16	80	0	0	0	0	4.58
77	16	80	0	0	0	0	4.5825
77	16	80	0	0	0	0	4.585
77	16	80	0	0	0	0	4.5875
77	16	80	0	0	0	0	4.59
77	16	80	0	0	0	0	4.5925
77	16	80	0	0	0	0	4.595
77	16	80	0	0	0	0	4.5975
77	16	80	0	0	0	0	4.6
77	16	80	0	0	0	0	4.6025
77	16	80	0	0	0	0	4.605
76	17	80	0	0	0	0	4.6075
76	16	80	0	0	1	0	4.61
76	16	80	0	0	0	0	4.6125
76	16	80	0	0	0	0	4.615
76	16	80	0	0	0	0	4.6175
76	16	80	0	0	0	0	4.62
76	16	80	0	0	0	0	4.6225
76	16	80	0	0	0	0	4.625
76	16	80	0	0	0	0	4.6275
76	15	80	0	0	1	0	4.63
76	15	80	0	0	0	0	4.6325
76	15	80	0	0	0	0	4.635
76	15	80	0	0	0	0	4.6375
76	15	80	0	0	0	0	4.64
76	15	80	0	0	0	0	4.6425
76	15	80	0	0	0	0	4.645
77	15	79	0	0	0	0	4.6475
78	15	78	0	0	0	0	4.65
79	15	77	0	0	0	0	4.6525
79	15	77	0	0	0	0	4.655
79	15	77	0	0	0	0	4.6575
79	15	77	0	0	0	0	4.66
78	16	77	0	0	0	0	4.6625
78	16	77	0	0	0	0	4.665
78	16	77	0	0	0	0	4.6675
78	16	77	0	0	0	0	4.67
78	16	77	0	0	0	0	4.6725
77	17	77	0	0	0	0	4.675
77	17	77	0	0	0	0	4.6775
77	17	77	0	0	0	0	4.68
76	18	77	0	0	0	0	4.6825
76	17	77	0	0	1	0	4.685
76	17	77	0	0	0	0	4.6875
76	17	77	0	0	0	0	4.69
77	17	76	0	0	0	0	4.6925
77	17	76	0	0	0	0	4.695
77	17	76	0	0	0	0	4.6975
78	17	75	0	0	0	0	4.7
78	17	75	0	0	0	0	4.7025
78	16	75	0	0	1	0	4.705
78	16	75	0	0	0	0	4.7075
78	16	75	0	0	0	0	4.71
78	16	75	0	0	0	0	4.7125
78	16	75	0	0	0	0	4.715
78	16	75	0	0	0	0	4.7175
78	16	75	0	0	0	0	4.72
78	16	75	0	0	0	0	4.7225
78	16	75	0	0	0	0	4.725
78	16	75	0	0	0	0	4.7275
78	16	75	0	0	0	0	4.73
78	16	75	0	0	0	0	4.7325
78	16	75	0	0	0	0	4.735
79	16	74	0	0	0	0	4.7375
79	16	74	0	0	0	0	4.74
79	16	74	0	0	0	0	4.7425
79	16	74	0	0	0	0	4.745
79	15	74	0	0	1	0	4.7475
79	15	74	0	0	0	0	4.75
79	15	74	0	0	0	0	4.7525
79	15	74	0	0	0	0	4.755
80	14	74	0	0	0	0	4.7575
80	14	74	0	0	0	0	4.76
81	14	73	0	0	0	0	4.7625
81	14	73	0	0	0	0	4.765
81	14	73	0	0	0	0	4.7675
81	14	73	0	0	0	0	4.77
81	14	73	0	0	0	0	4.7725
81	14	73	0	0	0	0	4.775
81	14	73	0	0	0	0	4.7775
81	14	73	0	0	0	0	4.78
82	14	72	0	0	0	0	4.7825
82	14	72	0	0	0	0	4.785
82	14	72	0	0	0	0	4.7875
82	14	72	0	0	0	0	4.79
82	14	72	0	0	0	0	4.7925
81	15	72	0	0	0	0	4.795
81	15	72	0	0	0	0	4.7975
81	15	72	0	0	0	0	4.8
81	15	72	0	0	0	0	4.8025
81	15	72	0	0	0	0	4.805
81	15	72	0	0	0	0	4.8075
80	16	72	0	0	0	0	4.81
80	16	72	0	0	0	0	4.8125
80	16	72	0	0	0	0	4.815
80	16	72	0	0	0	0	4.8175
80	16	72	0	0	0	0	4.82
80	16	72	0	0	0	0	4.8225
79	17	72	0	0	0	0	4.825
79	17	72	0	0	0	0	4.8275
79	17	72	0	0	0	0	4.83
79	17	72	0	0	0	0	4.8325
79	17	72	0	0	0	0	4.835
79	17	72	0	0	0	0	4.8375
80	16	71	0	0	1	0	4.84
80	16	71	0	0	0	0	4.8425
80	16	71	0	0	0	0	4.845
81	15	70	0	0	1	0	4.8475
81	15	70	0	0	0	0	4.85
81	14	70	0	0	1	0	4.8525
81	14	70	0	0	0	0	4.855
81	14	70	0	0	0	0	4.8575
81	14	70	0	0	0	0	4.86
81	14	70	0	0	0	0	4.8625
82	14	69	0	0	0	0	4.865
82	14	69	0	0	0	0	4.8675
82	14	69	0	0	0	0	4.87
82	14	69	0	0	0	0	4.8725
82	14	69	0	0	0	0	4.875
82	14	69	0	0	0	0	4.8775
83	14	68	0	0	0	0	4.88
83	14	68	0	0	0	0	4.8825
83	14	68	0	0	0	0	4.885
83	14	68	0	0	0	0	4.8875
84	14	67	0	0	0	0	4.89
83	15	67	0	0	0	0	4.8925
83	15	67	0	0	0	0	4.895
83	15	67	0	0	0	0	4.8975
83	15	67	0	0	0	0	4.9
83	15	67	0	0	0	0	4.9025
83	15	67	0	0	0	0	4.905
83	15	67	0	0	0	0	4.9075
83	15	67	0	0	0	0	4.91
83	15	67	0	0	0	0	4.9125
83	15	67	0	0	0	0	4.915
83	15	67	0	0	0	0	4.9175
83	15	67	0	0	0	0	4.92
83	15	67	0	0	0	0	4.9225
83	15	67	0	0	0	0	4.925
83	15	67	0	0	0	0	4.9275
83	15	67	0	0	0	0	4.93
83	15	67	0	0	0	0	4.9325
83	15	67	0	0	0	0	4.935
83	15	67	0	0	0	0	4.9375
83	15	67	0	0	0	0	4.94
82	16	67	0	0	0	0	4.9425
82	16	67	0	0	0	0	4.945
82	16	67	0	0	0	0	4.9475
82	16	67	0	0	0	0	4.95
82	16	67	0	0	0	0	4.9525
83	16	66	0	0	0	0	4.955
82	17	66	0	0	0	0	4.9575
82	17	66	0	0	0	0	4.96
82	17	66	0	0	0	0	4.9625
82	16	67	0	0	0	0	4.965
82	16	67	0	0	0	0	4.9675
82	16	67	0	0	0	0	4.97
82	16	67	0	0	0	0	4.9725
82	16	67	0	0	0	0	4.975
82	16	67	0	0	0	0	4.9775
82	16	67	0	0	0	0	4.98
83	16	66	0	0	0	0	4.9825
83	16	66	0	0	0	0	4.985
83	16	66	0	0	0	0	4.9875
83	16	66	0	0	0	0	4.99
83	16	66	0	0	0	0	4.9925
83	16	66	0	0	0	0	4.995
83	16	66	0	0	0	0	4.9975
83	15	66	0	0	1	0	5
83	15	66	0	0	0	0	5.0025
83	15	66	0	0	0	0	5.005
83	15	66	0	0	0	0	5.0075
83	15	66	0	0	0	0	5.01
83	15	66	0	0	0	0	5.0125
83	14	67	0	0	0	0	5.015
83	14	67	0	0	0	0	5.0175
83	14	67	0	0	0	0	5.02
83	14	67	0	0	0	0	5.0225
83	14	67	0	0	0	0	5.025
83	14	67	0	0	0	0	5.0275
83	14	67	0	0	0	0	5.03
82	14	67	0	0	1	0	5.0325
82	14	67	0	0	0	0	5.035
81	15	67	0	0	0	0	5.0375
81	15	67	0	0	0	0	5.04
81	15	67	0	0	0	0	5.0425
81	15	67	0	0	0	0	5.045
81	15	67	0	0	0	0	5.0475
81	15	67	0	0	0	0	5.05
82	15	66	0	0	0	0	5.0525
81	15	66	0	0	1	0	5.055
81	15	66	0	0	0	0	5.0575
81	15	66	0	0	0	0	5.06
81	15	66	0	0	0	0	5.0625
81	15	66	0	0	0	0	5.065
81	15	66	0	0	0	0	5.0675
81	15	66	0	0	0	0	5.07
81	15	66	0	0	0	0	5.0725
81	15	66	0	0	0	0	5.075
82	15	65	0	0	0	0	5.0775
82	15	65	0	0	0	0	5.08
83	15	64	0	0	0	0	5.0825
83	15	64	0	0	0	0	5.085
83	15	64	0	0	0	0	5.0875
83	15	64	0	0	0	0	5.09
83	15	64	0	0	0	0	5.0925
83	15	64	0	0	0	0	5.095
83	15	64	0	0	0	0	5.0975
83	15	64	0	0	0	0	5.1
83	15	64	0	0	0	0	5.1025
83	15	64	0	0	0	0	5.105
83	15	64	0	0	0	0	5.1075
82	16	64	0	0	0	0	5.11
82	16	64	0	0	0	0	5.1125
82	16	64	0	0	0	0	5.115
82	16	64	0	0	0	0	5.1175
83	16	63	0	0	0	0	5.12
83	16	63	0	0	0	0	5.1225
82	17	63	0	0	0	0	5.125
82	17	63	0	0	0	0	5.1275
82	17	63	0	0	0	0	5.13
83	17	62	0	0	0	0	5.1325
83	17	62	0	0	0	0	5.135
83	16	62	0	0	1	0	5.1375
83	16	62	0	0	0	0	5.14
83	16	62	0	0	0	0	5.1425
82	17	62	0	0	0	0	5.145
82	17	62	0	0	0	0	5.1475
82	17	62	0	0	0	0	5.15
82	17	62	0	0	0	0	5.1525
82	17	62	0	0	0	0	5.155
82	17	62	0	0	0	0	5.1575
82	17	62	0	0	0	0	5.16
83	17	61	0	0	0	0	5.1625
83	17	61	0	0	0	0	5.165
83	17	61	0	0	0	0	5.1675
83	17	61	0	0	0	0	5.17
83	17	61	0	0	0	0	5.1725
83	17	61	0	0	0	0	5.175
83	17	61	0	0	0	0	5.1775
83	17	61	0	0	0	0	5.18
82	18	61	0	0	0	0	5.1825
82	18	61	0	0	0	0	5.185
83	18	60	0	0	0	0	5.1875
82	18	60	0	1	0	0	5.19
82	18	60	0	0	0	0	5.1925
82	18	60	0	0	0	0	5.195
82	18	60	0	0	0	0	5.1975
82	18	60	0	0	0	0	5.2
82	19	59	0	0	0	0	5.2025
82	19	59	0	0	0	0	5.205
82	19	59	0	0	0	0	5.2075
82	19	59	0	0	0	0	5.21
82	19	59	0	0	0	0	5.2125
83	19	58	0	0	0	0	5.215
82	20	58	0	0	0	0	5.2175
82	21	57	0	0	0	0	5.22
82	21	57	0	0	0	0	5.2225
82	21	57	0	0	0	0	5.225
82	21	57	0	0	0	0	5.2275
83	21	56	0	0	0	0	5.23
83	21	56	0	0	0	0	5.2325
83	21	56	0	0	0	0	5.235
83	21	56	0	0	0	0	5.2375
83	21	56	0	0	0	0	5.24
83	21	56	0	0	0	0	5.2425
82	22	56	0	0	0	0	5.245
82	22	56	0	0	0	0	5.2475
80	24	56	0	0	0	0	5.25
80	24	56	0	0	0	0	5.2525
80	24	56	0	0	0	0	5.255
80	24	56	0	0	0	0	5.2575
80	23	57	0	0	0	0	5.26
80	23	57	0	0	0	0	5.2625
80	23	57	0	0	0	0	5.265
80	23	57	0	0	0	0	5.2675
80	23	57	0	0	0	0	5.27
79	24	57	0	0	0	0	5.2725
78	25	57	0	0	0	0	5.275
78	25	57	0	0	0	0	5.2775
78	25	57	0	0	0	0	5.28
78	25	57	0	0	0	0	5.2825
77	26	57	0	0	0	0	5.285
77	25	58	0	0	0	0	5.2875
77	25	58	0	0	0	0	5.29
79	25	56	0	0	0	0	5.2925
79	25	56	0	0	0	0	5.295
79	25	56	0	0	0	0	5.2975
79	25	56	0	0	0	0	5.3
79	24	57	0	0	0	0	5.3025
80	24	56	0	0	0	0	5.305
80	24	56	0	0	0	0	5.3075
79	25	56	0	0	0	0	5.31
79	25	56	0	0	0	0	5.3125
79	25	56	0	0	0	0	5.315
79	25	56	0	0	0	0	5.3175
79	25	56	0	0	0	0	5.32
79	25	56	0	0	0	0	5.3225
80	25	55	0	0	0	0	5.325
80	25	55	0	0	0	0	5.3275
79	26	55	0	0	0	0	5.33
79	26	55	0	0	0	0	5.3325
79	26	55	0	0	0	0	5.335
79	26	55	0	0	0	0	5.3375
79	26	55	0	0	0	0	5.34
79	26	55	0	0	0	0	5.3425
79	26	55	0	0	0	0	5.345
79	26	55	0	0	0	0	5.3475
79	26	55	0	0	0	0	5.35
80	26	54	0	0	0	0	5.3525
80	26	54	0	0	0	0	5.355
80	26	54	0	0	0	0	5.3575
80	26	54	0	0	0	0	5.36
80	26	54	0	0	0	0	5.3625
80	26	54	0	0	0	0	5.365
80	26	54	0	0	0	0	5.3675
80	25	55	0	0	0	0	5.37
80	25	55	0	0	0	0	5.3725
80	25	55	0	0	0	0	5.375
80	25	55	0	0	0	0	5.3775
80	25	55	0	0	0	0	5.38
80	25	55	0	0	0	0	5.3825
80	25	55	0	0	0	0	5.385
80	24	55	0	0	1	0	5.3875
79	24	56	0	0	0	0	5.39
79	24	56	0	0	0	0	5.3925
79	24	56	0	0	0	0	5.395
79	24	56	0	0	0	0	5.3975
79	24	56	0	0	0	0	5.4
79	24	56	0	0	0	0	5.4025
78	25	56	0	0	0	0	5.405
79	24	55	0	0	1	0	5.4075
79	23	56	0	0	0	0	5.41
79	23	56	0	0	0	0	5.4125
79	23	56	0	0	0	0	5.415
79	23	56	0	0	0	0	5.4175
79	23	56	0	0	0	0	5.42
78	24	56	0	0	0	0	5.4225
78	24	56	0	0	0	0	5.425
77	25	56	0	0	0	0	5.4275
77	24	56	0	0	1	0	5.43
77	24	56	0	0	0	0	5.4325
76	25	56	0	0	0	0	5.435
76	25	56	0	0	0	0	5.4375
76	25	56	0	0	0	0	5.44
76	25	56	0	0	0	0	5.4425
76	25	56	0	0	0	0	5.445
74	27	56	0	0	0	0	5.4475
74	27	56	0	0	0	0	5.45
74	27	56	0	0	0	0	5.4525
75	27	55	0	0	0	0	5.455
75	27	55	0	0	0	0	5.4575
75	27	55	0	0	0	0	5.46
75	27	55	0	0	0	0	5.4625
75	27	55	0	0	0	0	5.465
74	28	55	0	0	0	0	5.4675
74	28	55	0	0	0	0	5.47
75	28	54	0	0	0	0	5.4725
75	27	55	0	0	0	0	5.475
74	28	55	0	0	0	0	5.4775
74	28	55	0	0	0	0	5.48
74	28	55	0	0	0	0	5.4825
74	27	55	0	0	1	0	5.485
74	27	55	0	0	0	0	5.4875
74	27	55	0	0	0	0	5.49
74	27	55	0	0	0	0	5.4925
74	27	55	0	0	0	0	5.495
74	27	55	0	0	0	0	5.4975
74	27	55	0	0	0	0	5.5
74	27	55	0	0	0	0	5.5025
74	27	55	0	0	0	0	5.505
74	27	55	0	0	0	0	5.5075
74	27	55	0	0	0	0	5.51
73	28	55	0	0	0	0	5.5125
72	29	55	0	0	0	0	5.515
71	30	55	0	0	0	0	5.5175
71	29	56	0	0	0	0	5.52
71	29	56	0	0	0	0	5.5225
71	28	56	0	0	1	0	5.525
71	27	57	0	0	0	0	5.5275
71	27	57	0	0	0	0	5.53
71	27	57	0	0	0	0	5.5325
70	28	57	0	0	0	0	5.535
70	28	57	0	0	0	0	5.5375
70	28	57	0	0	0	0	5.54
70	28	57	0	0	0	0	5.5425
70	28	57	0	0	0	0	5.545
69	29	57	0	0	0	0	5.5475
69	29	57	0	0	0	0	5.55
69	27	58	0	0	1	0	5.5525
68	27	59	0	0	0	0	5.555
68	27	59	0	0	0	0	5.5575
68	26	59	0	0	1	0	5.56
68	26	59	0	0	0	0	5.5625
68	26	59	0	0	0	0	5.565
68	25	60	0	0	0	0	5.5675
68	25	60	0	0	0	0	5.57
67	26	60	0	0	0	0	5.5725
66	27	60	0	0	0	0	5.575
66	27	60	0	0	0	0	5.5775
66	27	60	0	0	0	0	5.58
66	27	60	0	0	0	0	5.5825
66	27	60	0	0	0	0	5.585
66	27	60	0	0	0	0	5.5875
66	27	60	0	0	0	0	5.59
66	27	60	0	0	0	0	5.5925
66	27	60	0	0	0	0	5.595
66	27	60	0	0	0	0	5.5975
66	26	60	0	0	1	0	5.6
67	26	59	0	0	0	0	5.6025
67	26	59	0	0	0	0	5.605
66	27	58	0	1	0	0	5.6075
67	27	57	0	0	0	0	5.61
67	27	57	0	0	0	0	5.6125
67	27	57	0	0	0	0	5.615
67	27	57	0	0	0	0	5.6175
66	28	57	0	0	0	0	5.62
66	28	57	0	0	0	0	5.6225
66	28	57	0	0	0	0	5.625
66	28	57	0	0	0	0	5.6275
66	28	57	0	0	0	0	5.63
66	28	57	0	0	0	0	5.6325
67	29	55	0	0	0	0	5.635
67	29	55	0	0	0	0	5.6375
67	29	55	0	0	0	0	5.64
67	29	55	0	0	0	0	5.6425
67	29	55	0	0	0	0	5.645
67	29	55	0	0	0	0	5.6475
67	28	56	0	0	0	0	5.65
67	28	56	0	0	0	0	5.6525
67	27	57	0	0	0	0	5.655
67	27	57	0	0	0	0	5.6575
67	27	57	0	0	0	0	5.66
67	27	57	0	0	0	0	5.6625
68	27	56	0	0	0	0	5.665
68	27	56	0	0	0	0	5.6675
68	27	56	0	0	0	0	5.67
68	27	56	0	0	0	0	5.6725
67	28	56	0	0	0	0	5.675
67	28	56	0	0	0	0	5.6775
67	28	56	0	0	0	0	5.68
67	28	56	0	0	0	0	5.6825
67	28	56	0	0	0	0	5.685
66	29	56	0	0	0	0	5.6875
66	29	56	0	0	0	0	5.69
66	29	56	0	0	0	0	5.6925
66	29	56	0	0	0	0	5.695
66	29	56	0	0	0	0	5.6975
66	29	56	0	0	0	0	5.7
67	28	55	0	0	1	0	5.7025
67	28	55	0	0	0	0	5.705
67	28	55	0	0	0	0	5.7075
67	28	55	0	0	0	0	5.71
67	28	55	0	0	0	0	5.7125
67	28	55	0	0	0	0	5.715
67	27	56	0	0	0	0	5.7175
67	27	56	0	0	0	0	5.72
67	27	56	0	0	0	0	5.7225
67	27	56	0	0	0	0	5.725
67	27	56	0	0	0	0	5.7275
68	27	56	1	0	0	0	5.73
68	27	56	0	0	0	0	5.7325
68	27	56	0	0	0	0	5.735
68	26	56	0	0	1	0	5.7375
69	26	55	0	0	0	0	5.74
69	26	55	0	0	0	0	5.7425
68	27	55	0	0	0	0	5.745
68	27	55	0	0	0	0	5.7475
68	26	55	0	0	1	0	5.75
67	27	55	0	0	0	0	5.7525
67	27	55	0	0	0	0	5.755
67	27	55	0	0	0	0	5.7575
67	27	55	0	0	0	0	5.76
67	27	55	0	0	0	0	5.7625
67	27	55	0	0	0	0	5.765
67	27	55	0	0	0	0	5.7675
67	27	55	0	0	0	0	5.77
67	27	55	0	0	0	0	5.7725
67	27	55	0	0	0	0	5.775
67	27	55	0	0	0	0	5.7775
67	27	55	0	0	0	0	5.78
67	27	55	0	0	0	0	5.7825
67	27	55	0	0	0	0	5.785
67	27	55	0	0	0	0	5.7875
67	28	54	0	0	0	0	5.79
68	28	53	0	0	0	0	5.7925
68	28	53	0	0	0	0	5.795
68	28	53	0	0	0	0	5.7975
68	28	53	0	0	0	0	5.8
68	28	53	0	0	0	0	5.8025
68	28	53	0	0	0	0	5.805
67	29	53	0	0	0	0	5.8075
67	29	53	0	0	0	0	5.81
67	29	53	0	0	0	0	5.8125
67	29	53	0	0	0	0	5.815
66	30	53	0	0	0	0	5.8175
66	30	53	0	0	0	0	5.82
66	30	53	0	0	0	0	5.8225
66	30	53	0	0	0	0	5.825
66	30	53	0	0	0	0	5.8275
66	30	53	0	0	0	0	5.83
66	30	53	0	0	0	0	5.8325
66	30	53	0	0	0	0	5.835
66	30	53	0	0	0	0	5.8375
66	30	53	0	0	0	0	5.84
66	30	53	0	0	0	0	5.8425
66	30	53	0	0	0	0	5.845
66	30	53	0	0	0	0	5.8475
66	30	53	0	0	0	0	5.85
66	28	54	0	0	1	0	5.8525
66	28	54	0	0	0	0	5.855
66	28	54	0	0	0	0	5.8575
66	28	54	0	0	0	0	5.86
66	28	54	0	0	0	0	5.8625
66	28	54	0	0	0	0	5.865
66	28	54	0	0	0	0	5.8675
66	27	55	0	0	0	0	5.87
66	27	55	0	0	0	0	5.8725
66	27	55	0	0	0	0	5.875
66	27	55	0	0	0	0	5.8775
66	27	55	0	0	0	0	5.88
66	27	55	0	0	0	0	5.8825
66	27	55	0	0	0	0	5.885
66	27	55	0	0	0	0	5.8875
66	27	55	0	0	0	0	5.89
66	27	55	0	0	0	0	5.8925
66	27	55	0	0	0	0	5.895
66	27	55	0	0	0	0	5.8975
66	27	55	0	0	0	0	5.9
66	26	56	0	0	0	0	5.9025
67	26	55	0	0	0	0	5.905
67	26	55	0	0	0	0	5.9075
67	26	55	0	0	0	0	5.91
67	25	55	0	0	1	0	5.9125
67	25	55	0	0	0	0	5.915
67	25	55	0	0	0	0	5.9175
67	25	55	0	0	0	0	5.92
67	25	55	0	0	0	0	5.9225
67	25	55	0	0	0	0	5.925
67	25	55	0	0	0	0	5.9275
67	24	55	0	0	1	0	5.93
67	24	55	0	0	0	0	5.9325
67	23	55	0	0	1	0	5.935
67	23	55	0	0	0	0	5.9375
67	23	55	0	0	0	0	5.94
67	23	55	0	0	0	0	5.9425
67	23	55	0	0	0	0	5.945
67	23	55	0	0	0	0	5.9475
67	22	56	0	0	0	0	5.95
67	22	56	0	0	0	0	5.9525
67	22	56	0	0	0	0	5.955
67	22	56	0	0	0	0	5.9575
67	22	56	0	0	0	0	5.96
67	22	56	0	0	0	0	5.9625
67	22	56	0	0	0	0	5.965
67	22	56	0	0	0	0	5.9675
67	22	56	0	0	0	0	5.97
67	22	56	0	0	0	0	5.9725
67	22	56	0	0	0	0	5.975
67	22	56	0	0	0	0	5.9775
67	22	56	0	0	0	0	5.98
68	22	55	0	0	0	0	5.9825
68	21	55	0	0	1	0	5.985
68	21	55	0	0	0	0	5.9875
68	21	55	0	0	0	0	5.99
68	21	55	0	0	0	0	5.9925
68	21	55	0	0	0	0	5.995
68	21	55	0	0	0	0	5.9975
68	21	55	0	0	0	0	6
68	21	55	0	0	0	0	6.0025
68	21	55	0	0	0	0	6.005
68	20	56	0	0	0	0	6.0075
68	20	56	0	0	0	0	6.01
69	20	55	0	0	0	0	6.0125
69	20	55	0	0	0	0	6.015
69	20	55	0	0	0	0	6.0175
69	20	55	0	0	0	0	6.02
68	20	56	0	0	0	0	6.0225
68	20	56	0	0	0	0	6.025
68	20	56	0	0	0	0	6.0275
68	20	56	0	0	0	0	6.03
68	20	56	0	0	0	0	6.0325
68	20	56	0	0	0	0	6.035
68	19	56	0	0	1	0	6.0375
68	19	56	0	0	0	0	6.04
68	19	56	0	0	0	0	6.0425
68	19	56	0	0	0	0	6.045
68	19	56	0	0	0	0	6.0475
68	19	56	0	0	0	0	6.05
69	19	55	0	0	0	0	6.0525
69	19	55	0	0	0	0	6.055
68	20	55	0	0	0	0	6.0575
68	20	55	0	0	0	0	6.06
68	20	55	0	0	0	0	6.0625
69	20	54	0	0	0	0	6.065
70	20	53	0	0	0	0	6.0675
70	20	53	0	0	0	0	6.07
70	20	53	0	0	0	0	6.0725
70	20	53	0	0	0	0	6.075
70	20	53	0	0	0	0	6.0775
71	20	52	0	0	0	0	6.08
71	20	52	0	0	0	0	6.0825
71	20	52	0	0	0	0	6.085
71	20	52	0	0	0	0	6.0875
71	19	52	0	0	1	0	6.09
71	19	52	0	0	0	0	6.0925
71	19	52	0	0	0	0	6.095
71	19	52	0	0	0	0	6.0975
71	19	52	0	0	0	0	6.1
71	19	52	0	0	0	0	6.1025
71	19	52	0	0	0	0	6.105
71	19	52	0	0	0	0	6.1075
71	19	52	0	0	0	0	6.11
71	19	52	0	0	0	0	6.1125
71	19	52	0	0	0	0	6.115
71	18	52	0	0	1	0	6.1175
72	17	52	0	0	0	0	6.12
72	17	52	0	0	0	0	6.1225
71	18	52	0	0	0	0	6.125
71	18	52	0	0	0	0	6.1275
70	19	52	0	0	0	0	6.13
70	19	52	0	0	0	0	6.1325
70	19	52	0	0	0	0	6.135
70	19	52	0	0	0	0	6.1375
70	20	51	0	0	0	0	6.14
69	20	51	0	0	1	0	6.1425
70	20	50	0	0	0	0	6.145
70	20	50	0	0	0	0	6.1475
70	20	50	0	0	0	0	6.15
70	20	50	0	0	0	0	6.1525
70	20	50	0	0	0	0	6.155
70	20	50	0	0	0	0	6.1575
70	20	50	0	0	0	0	6.16
70	20	50	0	0	0	0	6.1625
69	21	50	0	0	0	0	6.165
69	21	50	0	0	0	0	6.1675
69	20	51	0	0	0	0	6.17
69	20	51	0	0	0	0	6.1725
70	20	50	0	0	0	0	6.175
70	20	50	0	0	0	0	6.1775
70	20	50	0	0	0	0	6.18
70	20	50	0	0	0	0	6.1825
70	20	50	0	0	0	0	6.185
70	20	50	0	0	0	0	6.1875
70	20	50	0	0	0	0	6.19
70	20	50	0	0	0	0	6.1925
70	20	50	0	0	0	0	6.195
70	20	50	0	0	0	0	6.1975
70	20	50	0	0	0	0	6.2
70	20	50	0	0	0	0	6.2025
70	20	50	0	0	0	0	6.205
70	20	50	0	0	0	0	6.2075
70	20	50	0	0	0	0	6.21
70	20	50	0	0	0	0	6.2125
70	20	50	0	0	0	0	6.215
70	20	50	0	0	0	0	6.2175
70	20	50	0	0	0	0	6.22
70	20	50	0	0	0	0	6.2225
70	20	50	0	0	0	0	6.225
70	20	50	0	0	0	0	6.2275
70	20	50	0	0	0	0	6.23
70	20	50	0	0	0	0	6.2325
70	20	50	0	0	0	0	6.235
70	20	50	0	0	0	0	6.2375
70	20	50	0	0	0	0	6.24
70	20	50	0	0	0	0	6.2425
70	20	50	0	0	0	0	6.245
70	19	51	0	0	0	0	6.2475
70	19	51	0	0	0	0	6.25
70	19	51	0	0	0	0	6.2525
70	19	51	0	0	0	0	6.255
71	19	50	0	0	0	0	6.2575
71	19	50	0	0	0	0	6.26
71	19	50	0	0	0	0	6.2625
71	19	50	0	0	0	0	6.265
71	19	50	0	0	0	0	6.2675
70	20	50	0	0	0	0	6.27
70	20	50	0	0	0	0	6.2725
70	20	50	0	0	0	0	6.275
70	20	50	0	0	0	0	6.2775
70	20	50	0	0	0	0	6.28
70	20	50	0	0	0	0	6.2825
70	20	50	0	0	0	0	6.285
70	20	50	0	0	0	0	6.2875
70	20	50	0	0	0	0	6.29
70	20	50	0	0	0	0	6.2925
70	20	50	0	0	0	0	6.295
70	20	50	0	0	0	0	6.2975
70	20	50	0	0	0	0	6.3
71	20	49	0	0	0	0	6.3025
71	20	49	0	0	0	0	6.305
71	20	49	0	0	0	0	6.3075
71	20	49	0	0	0	0	6.31
71	20	49	0	0	0	0	6.3125
71	20	49	0	0	0	0	6.315
71	20	49	0	0	0	0	6.3175
72	20	48	0	0	0	0	6.32
73	20	47	0	0	0	0	6.3225
73	20	47	0	0	0	0	6.325
73	20	47	0	0	0	0	6.3275
73	20	47	0	0	0	0	6.33
73	20	47	0	0	0	0	6.3325
73	20	47	0	0	0	0	6.335
73	20	47	0	0	0	0	6.3375
73	20	47	0	0	0	0	6.34
73	20	47	0	0	0	0	6.3425
73	20	47	0	0	0	0	6.345
73	20	47	0	0	0	0	6.3475
73	19	47	0	0	1	0	6.35
73	18	47	0	0	1	0	6.3525
73	17	48	0	0	0	0	6.355
73	17	48	0	0	0	0	6.3575
72	18	48	0	0	0	0	6.36
72	18	48	0	0	0	0	6.3625
72	17	49	0	0	0	0	6.365
73	17	48	0	0	0	0	6.3675
73	17	48	0	0	0	0	6.37
73	17	48	0	0	0	0	6.3725
73	17	48	0	0	0	0	6.375
73	17	48	0	0	0	0	6.3775
73	17	48	0	0	0	0	6.38
72	18	48	0	0	0	0	6.3825
72	18	48	0	0	0	0	6.385
72	18	48	0	0	0	0	6.3875
72	17	48	0	0	1	0	6.39
72	17	48	0	0	0	0	6.3925
73	17	47	0	0	0	0	6.395
73	17	47	0	0	0	0	6.3975
73	17	47	0	0	0	0	6.4
73	17	47	0	0	0	0	6.4025
73	17	47	0	0	0	0	6.405
73	17	47	0	0	0	0	6.4075
73	17	47	0	0	0	0	6.41
73	17	47	0	0	0	0	6.4125
73	17	47	0	0	0	0	6.415
73	17	47	0	0	0	0	6.4175
73	17	47	0	0	0	0	6.42
73	17	47	0	0	0	0	6.4225
73	17	47	0	0	0	0	6.425
73	17	47	0	0	0	0	6.4275
72	18	47	0	0	0	0	6.43
72	18	47	0	0	0	0	6.4325
73	18	46	0	0	0	0	6.435
73	18	46	0	0	0	0	6.4375
73	18	46	0	0	0	0	6.44
74	18	45	0	0	0	0	6.4425
74	19	44	0	0	0	0	6.445
73	20	44	0	0	0	0	6.4475
73	20	44	0	0	0	0	6.45
73	19	44	0	0	1	0	6.4525
73	19	44	0	0	0	0	6.455
73	19	44	0	0	0	0	6.4575
73	19	44	0	0	0	0	6.46
73	19	44	0	0	0	0	6.4625
73	19	44	0	0	0	0	6.465
72	20	44	0	0	0	0	6.4675
72	20	44	0	0	0	0	6.47
72	20	44	0	0	0	0	6.4725
72	20	44	0	0	0	0	6.475
71	21	44	0	0	0	0	6.4775
71	21	44	0	0	0	0	6.48
71	21	44	0	0	0	0	6.4825
71	21	44	0	0	0	0	6.485
70	22	44	0	0	0	0	6.4875
70	22	44	0	0	0	0	6.49
70	22	44	0	0	0	0	6.4925
69	23	44	0	0	0	0	6.495
68	24	44	0	0	0	0	6.4975
67	25	44	0	0	0	0	6.5
67	25	44	0	0	0	0	6.5025
67	25	44	0	0	0	0	6.505
67	25	44	0	0	0	0	6.5075
67	25	44	0	0	0	0	6.51
67	25	44	0	0	0	0	6.5125
67	25	44	0	0	0	0	6.515
67	25	44	0	0	0	0	6.5175
67	25	44	0	0	0	0	6.52
67	25	44	0	0	0	0	6.5225
67	25	44	0	0	0	0	6.525
68	25	43	0	0	0	0	6.5275
68	25	43	0	0	0	0	6.53
68	25	43	0	0	0	0	6.5325
68	25	43	0	0	0	0	6.535
68	24	43	0	0	1	0	6.5375
69	24	42	0	0	0	0	6.54
69	24	42	0	0	0	0	6.5425
68	25	42	0	0	0	0	6.545
68	25	42	0	0	0	0	6.5475
68	25	42	0	0	0	0	6.55
68	25	42	0	0	0	0	6.5525
68	25	42	0	0	0	0	6.555
68	25	42	0	0	0	0	6.5575
68	25	42	0	0	0	0	6.56
68	25	42	0	0	0	0	6.5625
68	25	42	0	0	0	0	6.565
68	25	42	0	0	0	0	6.5675
68	25	42	0	0	0	0	6.57
67	25	43	0	0	0	0	6.5725
67	25	43	0	0	0	0	6.575
67	25	43	0	0	0	0	6.5775
67	25	43	0	0	0	0	6.58
67	25	43	0	0	0	0	6.5825
67	25	43	0	0	0	0	6.585
67	25	43	0	0	0	0	6.5875
67	25	43	0	0	0	0	6.59
67	25	43	0	0	0	0	6.5925
67	25	43	0	0	0	0	6.595
67	25	43	0	0	0	0	6.5975
67	25	43	0	0	0	0	6.6
67	25	43	0	0	0	0	6.6025
68	25	42	0	0	0	0	6.605
68	25	42	0	0	0	0	6.6075
68	25	42	0	0	0	0	6.61
68	25	42	0	0	0	0	6.6125
68	25	42	0	0	0	0	6.615
68	24	43	0	0	0	0	6.6175
68	24	43	0	0	0	0	6.62
68	23	43	0	0	1	0	6.6225
68	22	43	0	0	1	0	6.625
68	22	43	0	0	0	0	6.6275
68	22	43	0	0	0	0	6.63
68	22	43	0	0	0	0	6.6325
68	22	43	0	0	0	0	6.635
66	24	43	0	0	0	0	6.6375
66	24	43	0	0	0	0	6.64
66	24	43	0	0	0	0	6.6425
66	24	43	0	0	0	0	6.645
66	23	43	0	0	1	0	6.6475
66	23	43	0	0	0	0	6.65
66	23	43	0	0	0	0	6.6525
66	23	43	0	0	0	0	6.655
66	23	43	0	0	0	0	6.6575
66	23	43	0	0	0	0	6.66
66	23	43	0	0	0	0	6.6625
66	23	43	0	0	0	0	6.665
66	23	43	0	0	0	0	6.6675
66	23	43	0	0	0	0	6.67
66	23	43	0	0	0	0	6.6725
66	23	43	0	0	0	0	6.675
66	23	43	0	0	0	0	6.6775
68	23	41	0	0	0	0	6.68
68	23	41	0	0	0	0	6.6825
68	23	41	0	0	0	0	6.685
68	22	42	0	0	0	0	6.6875
68	22	42	0	0	0	0	6.69
68	22	42	0	0	0	0	6.6925
68	22	42	0	0	0	0	6.695
67	22	42	0	0	1	0	6.6975
67	22	42	0	0	0	0	6.7
67	22	42	0	0	0	0	6.7025
66	23	42	0	0	0	0	6.705
66	23	42	0	0	0	0	6.7075
66	23	42	0	0	0	0	6.71
66	23	42	0	0	0	0	6.7125
66	23	42	0	0	0	0	6.715
66	23	42	0	0	0	0	6.7175
66	23	42	0	0	0	0	6.72
66	22	42	0	0	1	0	6.7225
66	22	42	0	0	0	0	6.725
66	22	42	0	0	0	0	6.7275
66	22	42	0	0	0	0	6.73
66	22	42	0	0	0	0	6.7325
66	22	42	0	0	0	0	6.735
66	22	42	0	0	0	0	6.7375
66	22	42	0	0	0	0	6.74
66	22	42	0	0	0	0	6.7425
67	22	41	0	0	0	0	6.745
67	22	41	0	0	0	0	6.7475
67	22	41	0	0	0	0	6.75
67	21	42	0	0	0	0	6.7525
68	20	42	0	0	0	0	6.755
68	20	42	0	0	0	0	6.7575
68	20	42	0	0	0	0	6.76
68	20	42	0	0	0	0	6.7625
67	21	42	0	0	0	0	6.765
67	21	42	0	0	0	0	6.7675
67	19	42	0	0	2	0	6.77
67	19	42	0	0	0	0	6.7725
67	19	42	0	0	0	0	6.775
67	19	42	0	0	0	0	6.7775
67	19	42	0	0	0	0	6.78
67	19	42	0	0	0	0	6.7825
67	19	42	0	0	0	0	6.785
67	19	42	0	0	0	0	6.7875
67	19	42	0	0	0	0	6.79
67	19	42	0	0	0	0	6.7925
67	19	42	0	0	0	0	6.795
67	19	42	0	0	0	0	6.7975
67	18	42	0	0	1	0	6.8
67	18	42	0	0	0	0	6.8025
67	18	42	0	0	0	0	6.805
67	18	42	0	0	0	0	6.8075
67	18	42	0	0	0	0	6.81
67	18	42	0	0	0	0	6.8125
67	18	42	0	0	0	0	6.815
67	18	42	0	0	0	0	6.8175
67	18	42	0	0	0	0	6.82
67	18	42	0	0	0	0	6.8225
67	18	42	0	0	0	0	6.825
67	17	42	0	0	1	0	6.8275
67	17	42	0	0	0	0	6.83
67	17	42	0	0	0	0	6.8325
66	16	43	0	1	0	0	6.835
66	16	43	0	0	0	0	6.8375
66	16	43	0	0	0	0	6.84
66	16	43	0	0	0	0	6.8425
66	16	43	0	0	0	0	6.845
65	17	43	0	0	0	0	6.8475
65	17	43	0	0	0	0	6.85
65	17	43	0	0	0	0	6.8525
65	17	43	0	0	0	0	6.855
64	18	43	0	0	0	0	6.8575
64	17	44	0	0	0	0	6.86
64	17	44	0	0	0	0	6.8625
64	17	44	0	0	0	0	6.865
63	18	44	0	0	0	0	6.8675
63	18	44	0	0	0	0	6.87
63	18	44	0	0	0	0	6.8725
63	18	44	0	0	0	0	6.875
63	18	44	0	0	0	0	6.8775
63	18	44	0	0	0	0	6.88
63	18	44	0	0	0	0	6.8825
63	18	44	0	0	0	0	6.885
63	18	44	0	0	0	0	6.8875
63	18	44	0	0	0	0	6.89
63	18	44	0	0	0	0	6.8925
63	18	44	0	0	0	0	6.895
63	18	44	0	0	0	0	6.8975
63	18	44	0	0	0	0	6.9
62	19	44	0	0	0	0	6.9025
62	19	44	0	0	0	0	6.905
62	19	44	0	0	0	0	6.9075
62	18	44	0	0	1	0	6.91
62	18	44	0	0	0	0	6.9125
62	18	44	0	0	0	0	6.915
62	18	44	0	0	0	0	6.9175
63	18	43	0	0	0	0	6.92
63	18	43	0	0	0	0	6.9225
63	18	43	0	0	0	0	6.925
63	18	43	0	0	0	0	6.9275
63	18	43	0	0	0	0	6.93
63	18	43	0	0	0	0	6.9325
63	18	43	0	0	0	0	6.935
63	18	43	0	0	0	0	6.9375
63	18	43	0	0	0	0	6.94
63	18	43	0	0	0	0	6.9425
64	18	42	0	0	0	0	6.945
64	18	42	0	0	0	0	6.9475
64	18	42	0	0	0	0	6.95
64	18	42	0	0	0	0	6.9525
64	18	42	0	0	0	0	6.955
64	18	42	0	0	0	0	6.9575
64	18	42	0	0	0	0	6.96
64	17	42	0	0	1	0	6.9625
64	17	42	0	0	0	0	6.965
64	17	42	0	0	0	0	6.9675
63	18	42	0	0	0	0	6.97
63	18	42	0	0	0	0	6.9725
63	18	42	0	0	0	0	6.975
63	18	42	0	0	0	0	6.9775
63	18	42	0	0	0	0	6.98
63	18	42	0	0	0	0	6.9825
63	18	42	0	0	0	0	6.985
63	18	42	0	0	0	0	6.9875
62	19	42	0	0	0	0	6.99
62	19	42	0	0	0	0	6.9925
62	19	42	0	0	0	0	6.995
61	20	42	0	0	0	0	6.9975
62	20	41	0	0	0	0	7
62	20	41	0	0	0	0	7.0025
62	20	41	0	0	0	0	7.005
62	20	41	0	0	0	0	7.0075
62	20	41	0	0	0	0	7.01
62	20	41	0	0	0	0	7.0125
62	20	41	0	0	0	0	7.015
62	20	41	0	0	0	0	7.0175
62	20	41	0	0	0	0	7.02
62	18	43	0	0	0	0	7.0225
62	18	43	0	0	0	0	7.025
62	17	43	0	0	1	0	7.0275
62	17	43	0	0	0	0	7.03
62	17	43	0	0	0	0	7.0325
62	17	43	0	0	0	0	7.035
62	17	43	0	0	0	0	7.0375
62	16	43	0	0	1	0	7.04
62	16	43	0	0	0	0	7.0425
62	15	43	0	0	1	0	7.045
61	16	43	0	0	0	0	7.0475
61	16	43	0	0	0	0	7.05
62	16	42	0	0	0	0	7.0525
62	16	42	0	0	0	0	7.055
62	16	42	0	0	0	0	7.0575
62	16	42	0	0	0	0	7.06
62	16	42	0	0	0	0	7.0625
62	15	42	0	0	1	0	7.065
62	15	42	0	0	0	0	7.0675
61	15	43	0	0	0	0	7.07
61	15	43	0	0	0	0	7.0725
61	15	43	0	0	0	0	7.075
60	15	44	0	0	0	0	7.0775
60	15	44	0	0	0	0	7.08
60	15	44	0	0	0	0	7.0825
60	15	44	0	0	0	0	7.085
59	16	44	0	0	0	0	7.0875
59	16	44	0	0	0	0	7.09
59	16	44	0	0	0	0	7.0925
59	16	44	0	0	0	0	7.095
60	16	43	0	0	0	0	7.0975
60	16	43	0	0	0	0	7.1
59	17	43	0	0	0	0	7.1025
59	17	43	0	0	0	0	7.105
59	17	43	0	0	0	0	7.1075
59	17	43	0	0	0	0	7.11
59	17	43	0	0	0	0	7.1125
59	17	43	0	0	0	0	7.115
59	16	44	0	0	0	0	7.1175
59	16	44	0	0	0	0	7.12
59	16	44	0	0	0	0	7.1225
59	16	44	0	0	0	0	7.125
59	16	44	0	0	0	0	7.1275
59	16	44	0	0	0	0	7.13
60	16	43	0	0	0	0	7.1325
60	16	43	0	0	0	0	7.135
60	16	43	0	0	0	0	7.1375
60	16	43	0	0	0	0	7.14
60	16	43	0	0	0	0	7.1425
60	16	43	0	0	0	0	7.145
60	16	43	0	0	0	0	7.1475
59	16	43	0	1	0	0	7.15
59	16	43	0	0	0	0	7.1525
61	15	42	0	0	0	0	7.155
61	15	42	0	0	0	0	7.1575
61	15	42	0	0	0	0	7.16
61	15	42	0	0	0	0	7.1625
62	14	41	0	0	1	0	7.165
62	14	41	0	0	0	0	7.1675
62	14	41	0	0	0	0	7.17
62	14	41	0	0	0	0	7.1725
61	15	41	0	0	0	0	7.175
62	15	40	0	0	0	0	7.1775
62	15	40	0	0	0	0	7.18
62	15	40	0	0	0	0	7.1825
62	15	40	0	0	0	0	7.185
62	15	40	0	0	0	0	7.1875
62	15	40	0	0	0	0	7.19
62	15	40	0	0	0	0	7.1925
62	15	40	0	0	0	0	7.195
62	15	40	0	0	0	0	7.1975
62	15	40	0	0	0	0	7.2
62	15	40	0	0	0	0	7.2025
61	16	40	0	0	0	0	7.205
61	16	40	0	0	0	0	7.2075
61	16	40	0	0	0	0	7.21
61	16	40	0	0	0	0	7.2125
61	16	40	0	0	0	0	7.215
61	16	40	0	0	0	0	7.2175
61	16	40	0	0	0	0	7.22
61	15	41	0	0	0	0	7.2225
61	14	41	0	0	1	0	7.225
61	14	41	0	0	0	0	7.2275
61	14	41	0	0	0	0	7.23
61	14	41	0	0	0	0	7.2325
61	14	41	0	0	0	0	7.235
60	15	41	0	0	0	0	7.2375
60	15	41	0	0	0	0	7.24
60	15	41	0	0	0	0	7.2425
60	15	41	0	0	0	0	7.245
60	15	41	0	0	0	0	7.2475
60	15	41	0	0	0	0	7.25
60	15	41	0	0	0	0	7.2525
60	16	40	0	0	0	0	7.255
59	17	40	0	0	0	0	7.2575
59	17	40	0	0	0	0	7.26
59	17	40	0	0	0	0	7.2625
59	17	40	0	0	0	0	7.265
60	16	39	0	0	1	0	7.2675
60	16	39	0	0	0	0	7.27
61	16	38	0	0	0	0	7.2725
61	16	38	0	0	0	0	7.275
61	16	38	0	0	0	0	7.2775
61	16	38	0	0	0	0	7.28
61	16	38	0	0	0	0	7.2825
61	16	38	0	0	0	0	7.285
61	16	38	0	0	0	0	7.2875
62	16	37	0	0	0	0	7.29
62	16	37	0	0	0	0	7.2925
62	16	37	0	0	0	0	7.295
62	16	37	0	0	0	0	7.2975
62	16	37	0	0	0	0	7.3
62	16	37	0	0	0	0	7.3025
62	16	37	0	0	0	0	7.305
62	16	37	0	0	0	0	7.3075
62	16	37	0	0	0	0	7.31
62	16	37	0	0	0	0	7.3125
62	16	37	0	0	0	0	7.315
62	16	37	0	0	0	0	7.3175
63	16	36	0	0	0	0	7.32
63	16	36	0	0	0	0	7.3225
63	16	36	0	0	0	0	7.325
63	16	36	0	0	0	0	7.3275
63	16	36	0	0	0	0	7.33
63	15	36	0	0	1	0	7.3325
63	15	36	0	0	0	0	7.335
63	15	36	0	0	0	0	7.3375
63	15	36	0	0	0	0	7.34
63	15	36	0	0	0	0	7.3425
65	15	34	0	0	0	0	7.345
65	15	34	0	0	0	0	7.3475
65	14	34	0	0	1	0	7.35
65	14	34	0	0	0	0	7.3525
65	14	34	0	0	0	0	7.355
65	13	34	0	0	1	0	7.3575
65	13	34	0	0	0	0	7.36
65	13	34	0	0	0	0	7.3625
65	13	34	0	0	0	0	7.365
65	13	34	0	0	0	0	7.3675
65	13	34	0	0	0	0	7.37
65	12	34	0	0	1	0	7.3725
65	12	34	0	0	0	0	7.375
66	12	33	0	0	0	0	7.3775
66	12	33	0	0	0	0	7.38
65	13	33	0	0	0	0	7.3825
65	13	33	0	0	0	0	7.385
65	13	33	0	0	0	0	7.3875
65	13	33	0	0	0	0	7.39
65	13	33	0	0	0	0	7.3925
65	13	33	0	0	0	0	7.395
65	13	33	0	0	0	0	7.3975
64	14	33	0	0	0	0	7.4
64	14	33	0	0	0	0	7.4025
64	14	33	0	0	0	0	7.405
64	13	34	0	0	0	0	7.4075
64	13	34	0	0	0	0	7.41
64	12	35	0	0	0	0	7.4125
64	12	35	0	0	0	0	7.415
63	13	35	0	0	0	0	7.4175
63	12	36	0	0	0	0	7.42
63	11	36	0	0	1	0	7.4225
63	10	36	0	1	0	0	7.425
63	10	36	0	0	0	0	7.4275
63	10	36	0	0	0	0	7.43
63	10	36	0	0	0	0	7.4325
63	10	36	0	0	0	0	7.435
63	10	36	0	0	0	0	7.4375
63	10	36	0	0	0	0	7.44
63	10	36	0	0	0	0	7.4425
63	10	36	0	0	0	0	7.445
63	10	36	0	0	0	0	7.4475
63	10	36	0	0	0	0	7.45
63	10	36	0	0	0	0	7.4525
63	10	36	0	0	0	0	7.455
63	10	36	0	0	0	0	7.4575
63	10	36	0	0	0	0	7.46
63	10	36	0	0	0	0	7.4625
64	10	35	0	0	0	0	7.465
64	10	35	0	0	0	0	7.4675
64	10	35	0	0	0	0	7.47
64	10	35	0	0	0	0	7.4725
65	10	34	0	0	0	0	7.475
65	10	34	0	0	0	0	7.4775
65	10	34	0	0	0	0	7.48
65	10	34	0	0	0	0	7.4825
65	10	34	0	0	0	0	7.485
65	10	34	0	0	0	0	7.4875
65	10	34	0	0	0	0	7.49
65	10	34	0	0	0	0	7.4925
65	10	34	0	0	0	0	7.495
65	8	35	0	0	1	0	7.4975
65	8	35	0	0	0	0	7.5
65	8	35	0	0	0	0	7.5025
65	8	35	0	0	0	0	7.505
65	7	35	0	0	1	0	7.5075
65	7	35	0	0	0	0	7.51
65	7	35	0	0	0	0	7.5125
65	7	35	0	0	0	0	7.515
65	7	35	0	0	0	0	7.5175
65	7	35	0	0	0	0	7.52
65	7	35	0	0	0	0	7.5225
64	8	35	0	0	0	0	7.525
64	8	35	0	0	0	0	7.5275
64	8	35	0	0	0	0	7.53
64	8	35	0	0	0	0	7.5325
64	8	35	0	0	0	0	7.535
64	8	35	0	0	0	0	7.5375
64	8	35	0	0	0	0	7.54
64	8	35	0	0	0	0	7.5425
63	9	35	0	0	0	0	7.545
63	9	35	0	0	0	0	7.5475
64	9	34	0	0	0	0	7.55
63	9	35	0	0	0	0	7.5525
63	9	35	0	0	0	0	7.555
63	9	35	0	0	0	0	7.5575
63	9	35	0	0	0	0	7.56
63	9	35	0	0	0	0	7.5625
63	9	35	0	0	0	0	7.565
63	9	35	0	0	0	0	7.5675
63	9	35	0	0	0	0	7.57
63	9	35	0	0	0	0	7.5725
63	9	35	0	0	0	0	7.575
62	10	35	0	0	0	0	7.5775
62	10	35	0	0	0	0	7.58
62	10	35	0	0	0	0	7.5825
63	10	34	0	0	0	0	7.585
63	10	34	0	0	0	0	7.5875
63	10	34	0	0	0	0	7.59
63	10	34	0	0	0	0	7.5925
62	11	34	0	0	0	0	7.595
62	11	34	0	0	0	0	7.5975
62	11	34	0	0	0	0	7.6
62	11	34	0	0	0	0	7.6025
62	11	34	0	0	0	0	7.605
62	11	34	0	0	0	0	7.6075
62	11	34	0	0	0	0	7.61
62	11	34	0	0	0	0	7.6125
63	11	33	0	0	0	0	7.615
63	11	33	0	0	0	0	7.6175
63	11	33	0	0	0	0	7.62
63	11	33	0	0	0	0	7.6225
63	11	33	0	0	0	0	7.625
63	11	33	0	0	0	0	7.6275
63	11	33	0	0	0	0	7.63
63	11	33	0	0	0	0	7.6325
63	11	33	0	0	0	0	7.635
63	11	33	0	0	0	0	7.6375
63	11	33	0	0	0	0	7.64
63	11	33	0	0	0	0	7.6425
63	11	33	0	0	0	0	7.645
63	11	33	0	0	0	0	7.6475
63	11	33	0	0	0	0	7.65
63	11	33	0	0	0	0	7.6525
63	11	33	0	0	0	0	7.655
63	11	33	0	0	0	0	7.6575
63	11	33	0	0	0	0	7.66
63	11	33	0	0	0	0	7.6625
63	11	33	0	0	0	0	7.665
63	11	33	0	0	0	0	7.6675
63	11	33	0	0	0	0	7.67
63	11	33	0	0	0	0	7.6725
62	12	33	0	0	0	0	7.675
62	12	33	0	0	0	0	7.6775
62	12	33	0	0	0	0	7.68
62	12	33	0	0	0	0	7.6825
62	12	33	0	0	0	0	7.685
62	12	33	0	0	0	0	7.6875
62	12	33	0	0	0	0	7.69
61	13	33	0	0	0	0	7.6925
60	14	33	0	0	0	0	7.695
60	14	33	0	0	0	0	7.6975
60	14	33	0	0	0	0	7.7
60	14	33	0	0	0	0	7.7025
60	14	33	0	0	0	0	7.705
60	14	33	0	0	0	0	7.7075
60	14	33	0	0	0	0	7.71
60	14	33	0	0	0	0	7.7125
60	14	33	0	0	0	0	7.715
60	14	33	0	0	0	0	7.7175
60	14	33	0	0	0	0	7.72
59	14	33	0	0	1	0	7.7225
59	14	33	0	0	0	0	7.725
59	14	33	0	0	0	0	7.7275
58	14	34	0	0	0	0	7.73
58	14	34	0	0	0	0	7.7325
58	14	34	0	0	0	0	7.735
58	14	34	0	0	0	0	7.7375
58	13	35	0	0	0	0	7.74
58	13	35	0	0	0	0	7.7425
58	13	35	0	0	0	0	7.745
58	13	35	0	0	0	0	7.7475
58	13	35	0	0	0	0	7.75
58	13	35	0	0	0	0	7.7525
58	13	35	0	0	0	0	7.755
58	12	35	0	0	1	0	7.7575
58	12	35	0	0	0	0	7.76
58	12	35	0	0	0	0	7.7625
58	12	35	0	0	0	0	7.765
58	12	35	0	0	0	0	7.7675
58	12	35	0	0	0	0	7.77
58	12	35	0	0	0	0	7.7725
58	12	35	0	0	0	0	7.775
58	12	35	0	0	0	0	7.7775
58	12	35	0	0	0	0	7.78
58	12	35	0	0	0	0	7.7825
58	12	35	0	0	0	0	7.785
58	12	35	0	0	0	0	7.7875
58	12	35	0	0	0	0	7.79
58	12	35	0	0	0	0	7.7925
58	12	35	0	0	0	0	7.795
58	12	35	0	0	0	0	7.7975
58	12	35	0	0	0	0	7.8
58	12	35	0	0	0	0	7.8025
58	12	35	0	0	0	0	7.805
58	11	35	0	0	1	0	7.8075
57	12	35	0	0	0	0	7.81
57	12	35	0	0	0	0	7.8125
58	12	34	0	0	0	0	7.815
58	12	34	0	0	0	0	7.8175
57	12	35	0	0	0	0	7.82
57	11	36	0	0	0	0	7.8225
57	11	36	0	0	0	0	7.825
57	11	36	0	0	0	0	7.8275
57	10	36	0	0	1	0	7.83
57	10	36	0	0	0	0	7.8325
57	10	36	0	0	0	0	7.835
57	10	36	0	0	0	0	7.8375
57	10	36	0	0	0	0	7.84
57	10	36	0	0	0	0	7.8425
57	10	36	0	0	0	0	7.845
57	10	36	0	0	0	0	7.8475
57	10	36	0	0	0	0	7.85
57	10	36	0	0	0	0	7.8525
57	10	36	0	0	0	0	7.855
57	10	36	0	0	0	0	7.8575
57	10	36	0	0	0	0	7.86
57	10	36	0	0	0	0	7.8625
57	10	36	0	0	0	0	7.865
57	10	36	0	0	0	0	7.8675
56	11	36	0	0	0	0	7.87
56	11	36	0	0	0	0	7.8725
56	11	36	0	0	0	0	7.875
56	11	36	0	0	0	0	7.8775
56	11	36	0	0	0	0	7.88
57	11	35	0	0	0	0	7.8825
57	11	35	0	0	0	0	7.885
57	11	35	0	0	0	0	7.8875
57	11	35	0	0	0	0	7.89
57	11	35	0	0	0	0	7.8925
57	11	35	0	0	0	0	7.895
57	11	35	0	0	0	0	7.8975
56	12	35	0	0	0	0	7.9
55	13	35	0	0	0	0	7.9025
55	13	35	0	0	0	0	7.905
55	13	35	0	0	0	0	7.9075
55	13	35	0	0	0	0	7.91
55	13	35	0	0	0	0	7.9125
55	13	35	0	0	0	0	7.915
55	13	35	0	0	0	0	7.9175
55	13	35	0	0	0	0	7.92
55	13	35	0	0	0	0	7.9225
55	13	35	0	0	0	0	7.925
55	13	35	0	0	0	0	7.9275
55	13	35	0	0	0	0	7.93
55	13	35	0	0	0	0	7.9325
55	13	35	0	0	0	0	7.935
55	13	35	0	0	0	0	7.9375
55	13	35	0	0	0	0	7.94
55	13	35	0	0	0	0	7.9425
55	13	35	0	0	0	0	7.945
55	13	35	0	0	0	0	7.9475
55	13	35	0	0	0	0	7.95
55	13	35	0	0	0	0	7.9525
55	13	35	0	0	0	0	7.955
55	13	35	0	0	0	0	7.9575
55	13	35	0	0	0	0	7.96
53	15	35	0	0	0	0	7.9625
53	15	35	0	0	0	0	7.965
53	15	35	0	0	0	0	7.9675
53	15	35	0	0	0	0	7.97
53	15	35	0	0	0	0	7.9725
53	16	34	0	0	0	0	7.975
53	16	34	0	0	0	0	7.9775
53	16	34	0	0	0	0	7.98
53	16	34	0	0	0	0	7.9825
53	16	34	0	0	0	0	7.985
53	16	34	0	0	0	0	7.9875
53	16	34	0	0	0	0	7.99
53	16	34	0	0	0	0	7.9925
53	16	34	0	0	0	0	7.995
53	16	34	0	0	0	0	7.9975
53	15	35	0	0	0	0	8
53	15	35	0	0	0	0	8.0025
53	15	35	0	0	0	0	8.005
53	15	35	0	0	0	0	8.0075
53	15	35	0	0	0	0	8.01
53	15	35	0	0	0	0	8.0125
53	15	35	0	0	0	0	8.015
53	15	35	0	0	0	0	8.0175
53	15	35	0	0	0	0	8.02
53	15	35	0	0	0	0	8.0225
53	15	35	0	0	0	0	8.025
53	15	35	0	0	0	0	8.0275
53	14	35	0	0	1	0	8.03
53	14	35	0	0	0	0	8.0325
53	14	35	0	0	0	0	8.035
52	15	35	0	0	0	0	8.0375
53	15	34	0	0	0	0	8.04
53	15	34	0	0	0	0	8.0425
53	15	34	0	0	0	0	8.045
53	15	34	0	0	0	0	8.0475
53	15	34	0	0	0	0	8.05
53	15	34	0	0	0	0	8.0525
53	14	34	0	0	1	0	8.055
53	14	34	0	0	0	0	8.0575
54	14	33	0	0	0	0	8.06
54	14	33	0	0	0	0	8.0625
55	14	32	0	0	0	0	8.065
55	14	32	0	0	0	0	8.0675
55	14	32	0	0	0	0	8.07
55	14	32	0	0	0	0	8.0725
55	14	32	0	0	0	0	8.075
55	14	32	0	0	0	0	8.0775
55	13	33	0	0	0	0	8.08
55	13	33	0	0	0	0	8.0825
55	13	33	0	0	0	0	8.085
55	13	33	0	0	0	0	8.0875
55	13	33	0	0	0	0	8.09
54	14	33	0	0	0	0	8.0925
54	14	33	0	0	0	0	8.095
54	14	33	0	0	0	0	8.0975
54	14	33	0	0	0	0	8.1
54	14	33	0	0	0	0	8.1025
54	14	33	0	0	0	0	8.105
54	13	34	0	0	0	0	8.1075
54	13	34	0	0	0	0	8.11
54	13	34	0	0	0	0	8.1125
54	13	34	0	0	0	0	8.115
54	13	34	0	0	0	0	8.1175
55	13	33	0	0	0	0	8.12
55	13	33	0	0	0	0	8.1225
55	13	33	0	0	0	0	8.125
55	13	33	0	0	0	0	8.1275
55	13	33	0	0	0	0	8.13
55	13	33	0	0	0	0	8.1325
55	13	33	0	0	0	0	8.135
55	13	33	0	0	0	0	8.1375
55	13	33	0	0	0	0	8.14
54	14	33	0	0	0	0	8.1425
54	14	33	0	0	0	0	8.145
54	14	33	0	0	0	0	8.1475
54	14	33	0	0	0	0	8.15
55	14	32	0	0	0	0	8.1525
55	14	32	0	0	0	0	8.155
55	14	32	0	0	0	0	8.1575
55	14	32	0	0	0	0	8.16
55	14	32	0	0	0	0	8.1625
55	14	32	0	0	0	0	8.165
55	14	32	0	0	0	0	8.1675
55	14	32	0	0	0	0	8.17
55	14	32	0	0	0	0	8.1725
55	13	32	0	0	1	0	8.175
55	13	32	0	0	0	0	8.1775
55	13	32	0	0	0	0	8.18
55	13	32	0	0	0	0	8.1825
55	13	32	0	0	0	0	8.185
55	12	33	0	0	0	0	8.1875
55	12	33	0	0	0	0	8.19
55	12	33	0	0	0	0	8.1925
55	12	33	0	0	0	0	8.195
56	12	32	0	0	0	0	8.1975
56	12	32	0	0	0	0	8.2
56	12	32	0	0	0	0	8.2025
56	12	32	0	0	0	0	8.205
56	12	32	0	0	0	0	8.2075
56	11	33	0	0	0	0	8.21
56	11	33	0	0	0	0	8.2125
56	10	34	0	0	0	0	8.215
56	10	34	0	0	0	0	8.2175
56	10	34	0	0	0	0	8.22
56	10	34	0	0	0	0	8.2225
56	10	34	0	0	0	0	8.225
56	10	34	0	0	0	0	8.2275
57	10	33	0	0	0	0	8.23
57	10	33	0	0	0	0	8.2325
57	10	33	0	0	0	0	8.235
59	10	32	1	0	0	0	8.2375
59	10	32	0	0	0	0	8.24
59	10	32	0	0	0	0	8.2425
59	10	32	0	0	0	0	8.245
59	10	32	0	0	0	0	8.2475
59	10	32	0	0	0	0	8.25
59	10	32	0	0	0	0	8.2525
59	10	32	0	0	0	0	8.255
59	10	32	0	0	0	0	8.2575
59	10	32	0	0	0	0	8.26
59	10	32	0	0	0	0	8.2625
59	10	32	0	0	0	0	8.265
59	10	32	0	0	0	0	8.2675
59	10	32	0	0	0	0	8.27
59	10	32	0	0	0	0	8.2725
59	10	32	0	0	0	0	8.275
59	10	32	0	0	0	0	8.2775
59	10	32	0	0	0	0	8.28
59	10	32	0	0	0	0	8.2825
59	10	32	0	0	0	0	8.285
59	10	32	0	0	0	0	8.2875
59	10	32	0	0	0	0	8.29
59	10	32	0	0	0	0	8.2925
59	10	32	0	0	0	0	8.295
59	10	32	0	0	0	0	8.2975
59	10	32	0	0	0	0	8.3
58	11	32	0	0	0	0	8.3025
58	11	32	0	0	0	0	8.305
58	11	32	0	0	0	0	8.3075
58	11	32	0	0	0	0	8.31
58	11	32	0	0	0	0	8.3125
58	11	32	0	0	0	0	8.315
58	11	32	0	0	0	0	8.3175
58	11	32	0	0	0	0	8.32
58	11	32	0	0	0	0	8.3225
58	11	32	0	0	0	0	8.325
59	11	31	0	0	0	0	8.3275
59	11	31	0	0	0	0	8.33
59	11	31	0	0	0	0	8.3325
59	11	31	0	0	0	0	8.335
59	11	31	0	0	0	0	8.3375
59	11	31	0	0	0	0	8.34
59	11	31	0	0	0	0	8.3425
59	10	32	0	0	0	0	8.345
59	10	32	0	0	0	0	8.3475
59	10	32	0	0	0	0	8.35
59	10	32	0	0	0	0	8.3525
59	10	32	0	0	0	0	8.355
59	10	32	0	0	0	0	8.3575
59	10	32	0	0	0	0	8.36
59	10	32	0	0	0	0	8.3625
59	10	32	0	0	0	0	8.365
59	10	32	0	0	0	0	8.3675
59	10	32	0	0	0	0	8.37
59	10	32	0	0	0	0	8.3725
60	10	31	0	0	0	0	8.375
60	10	31	0	0	0	0	8.3775
60	10	31	0	0	0	0	8.38
60	10	31	0	0	0	0	8.3825
60	10	31	0	0	0	0	8.385
60	10	31	0	0	0	0	8.3875
60	9	32	0	0	0	0	8.39
60	9	32	0	0	0	0	8.3925
60	9	32	0	0	0	0	8.395
60	9	32	0	0	0	0	8.3975
60	9	32	0	0	0	0	8.4
61	9	31	0	0	0	0	8.4025
61	9	31	0	0	0	0	8.405
61	9	31	0	0	0	0	8.4075
61	8	31	0	0	1	0	8.41
61	7	31	0	0	1	0	8.4125
61	7	31	0	0	0	0	8.415
61	7	31	0	0	0	0	8.4175
61	7	31	0	0	0	0	8.42
61	7	31	0	0	0	0	8.4225
61	7	31	0	0	0	0	8.425
61	7	31	0	0	0	0	8.4275
61	7	31	0	0	0	0	8.43
61	7	31	0	0	0	0	8.4325
61	7	31	0	0	0	0	8.435
61	7	31	0	0	0	0	8.4375
61	7	31	0	0	0	0	8.44
61	7	31	0	0	0	0	8.4425
61	7	31	0	0	0	0	8.445
61	7	31	0	0	0	0	8.4475
61	7	31	0	0	0	0	8.45
61	7	31	0	0	0	0	8.4525
61	7	31	0	0	0	0	8.455
61	7	31	0	0	0	0	8.4575
61	7	31	0	0	0	0	8.46
61	7	31	0	0	0	0	8.4625
61	7	31	0	0	0	0	8.465
61	7	31	0	0	0	0	8.4675
61	7	31	0	0	0	0	8.47
61	7	31	0	0	0	0	8.4725
61	7	31	0	0	0	0	8.475
61	7	31	0	0	0	0	8.4775
61	6	31	0	0	1	0	8.48
61	6	31	0	0	0	0	8.4825
62	6	30	0	0	0	0	8.485
62	6	30	0	0	0	0	8.4875
62	6	30	0	0	0	0	8.49
62	6	30	0	0	0	0	8.4925
62	6	30	0	0	0	0	8.495
63	6	29	0	0	0	0	8.4975
63	6	29	0	0	0	0	8.5
63	6	29	0	0	0	0	8.5025
63	6	29	0	0	0	0	8.505
63	6	29	0	0	0	0	8.5075
63	6	29	0	0	0	0	8.51
63	6	29	0	0	0	0	8.5125
63	6	29	0	0	0	0	8.515
63	6	29	0	0	0	0	8.5175
63	6	29	0	0	0	0	8.52
63	6	29	0	0	0	0	8.5225
63	6	29	0	0	0	0	8.525
64	6	28	0	0	0	0	8.5275
64	6	28	0	0	0	0	8.53
64	6	28	0	0	0	0	8.5325
65	6	27	0	0	0	0	8.535
65	6	27	0	0	0	0	8.5375
65	6	27	0	0	0	0	8.54
65	5	27	0	0	1	0	8.5425
65	5	27	0	0	0	0	8.545
65	5	27	0	0	0	0	8.5475
65	5	27	0	0	0	0	8.55
65	5	27	0	0	0	0	8.5525
65	5	27	0	0	0	0	8.555
65	5	27	0	0	0	0	8.5575
65	5	27	0	0	0	0	8.56
65	5	27	0	0	0	0	8.5625
65	5	27	0	0	0	0	8.565
65	5	27	0	0	0	0	8.5675
65	5	27	0	0	0	0	8.57
65	5	27	0	0	0	0	8.5725
65	5	27	0	0	0	0	8.575
65	5	27	0	0	0	0	8.5775
65	5	27	0	0	0	0	8.58
65	5	27	0	0	0	0	8.5825
65	5	27	0	0	0	0	8.585
65	5	27	0	0	0	0	8.5875
65	5	27	0	0	0	0	8.59
65	5	27	0	0	0	0	8.5925
65	5	27	0	0	0	0	8.595
65	5	27	0	0	0	0	8.5975
65	5	27	0	0	0	0	8.6
65	5	27	0	0	0	0	8.6025
65	5	27	0	0	0	0	8.605
65	5	27	0	0	0	0	8.6075
65	5	27	0	0	0	0	8.61
65	5	27	0	0	0	0	8.6125
65	5	27	0	0	0	0	8.615
65	5	27	0	0	0	0	8.6175
65	5	27	0	0	0	0	8.62
65	5	27	0	0	0	0	8.6225
65	5	27	0	0	0	0	8.625
65	5	27	0	0	0	0	8.6275
66	5	26	0	0	0	0	8.63
66	5	26	0	0	0	0	8.6325
66	5	26	0	0	0	0	8.635
66	5	26	0	0	0	0	8.6375
66	5	26	0	0	0	0	8.64
66	5	26	0	0	0	0	8.6425
65	6	26	0	0	0	0	8.645
65	6	26	0	0	0	0	8.6475
64	7	26	0	0	0	0	8.65
64	7	26	0	0	0	0	8.6525
64	7	26	0	0	0	0	8.655
64	7	26	0	0	0	0	8.6575
64	7	26	0	0	0	0	8.66
64	7	26	0	0	0	0	8.6625
64	7	26	0	0	0	0	8.665
64	7	26	0	0	0	0	8.6675
63	8	26	0	0	0	0	8.67
63	8	26	0	0	0	0	8.6725
63	8	26	0	0	0	0	8.675
63	8	26	0	0	0	0	8.6775
63	8	26	0	0	0	0	8.68
63	8	26	0	0	0	0	8.6825
63	8	26	0	0	0	0	8.685
63	8	26	0	0	0	0	8.6875
64	8	25	0	0	0	0	8.69
64	8	25	0	0	0	0	8.6925
64	8	25	0	0	0	0	8.695
64	8	25	0	0	0	0	8.6975
64	8	25	0	0	0	0	8.7
64	8	25	0	0	0	0	8.7025
64	8	25	0	0	0	0	8.705
64	8	25	0	0	0	0	8.7075
64	8	25	0	0	0	0	8.71
64	8	25	0	0	0	0	8.7125
65	8	24	0	0	0	0	8.715
63	10	24	0	0	0	0	8.7175
63	10	24	0	0	0	0	8.72
63	10	24	0	0	0	0	8.7225
63	10	24	0	0	0	0	8.725
63	10	24	0	0	0	0	8.7275
63	10	24	0	0	0	0	8.73
64	10	24	1	0	0	0	8.7325
64	10	24	0	0	0	0	8.735
65	10	23	0	0	0	0	8.7375
65	10	23	0	0	0	0	8.74
65	10	23	0	0	0	0	8.7425
65	10	23	0	0	0	0	8.745
64	11	23	0	0	0	0	8.7475
64	11	23	0	0	0	0	8.75
64	11	23	0	0	0	0	8.7525
64	11	23	0	0	0	0	8.755
63	12	23	0	0	0	0	8.7575
63	12	23	0	0	0	0	8.76
63	12	23	0	0	0	0	8.7625
63	11	23	0	0	1	0	8.765
63	11	23	0	0	0	0	8.7675
63	11	23	0	0	0	0	8.77
63	10	24	0	0	0	0	8.7725
63	10	24	0	0	0	0	8.775
63	10	24	0	0	0	0	8.7775
63	10	24	0	0	0	0	8.78
63	10	24	0	0	0	0	8.7825
63	8	24	0	0	2	0	8.785
63	8	24	0	0	0	0	8.7875
63	8	24	0	0	0	0	8.79
63	8	24	0	0	0	0	8.7925
63	8	24	0	0	0	0	8.795
63	8	24	0	0	0	0	8.7975
63	8	24	0	0	0	0	8.8
63	8	24	0	0	0	0	8.8025
63	8	24	0	0	0	0	8.805
63	8	24	0	0	0	0	8.8075
63	8	24	0	0	0	0	8.81
63	8	24	0	0	0	0	8.8125
63	8	24	0	0	0	0	8.815
63	8	24	0	0	0	0	8.8175
63	8	24	0	0	0	0	8.82
63	8	24	0	0	0	0	8.8225
63	8	24	0	0	0	0	8.825
63	8	24	0	0	0	0	8.8275
63	8	24	0	0	0	0	8.83
64	8	23	0	0	0	0	8.8325
64	8	23	0	0	0	0	8.835
64	8	23	0	0	0	0	8.8375
64	8	23	0	0	0	0	8.84
63	9	23	0	0	0	0	8.8425
63	9	23	0	0	0	0	8.845
63	9	23	0	0	0	0	8.8475
63	9	23	0	0	0	0	8.85
63	9	23	0	0	0	0	8.8525
63	9	23	0	0	0	0	8.855
63	9	23	0	0	0	0	8.8575
63	9	23	0	0	0	0	8.86
64	9	22	0	0	0	0	8.8625
64	9	22	0	0	0	0	8.865
64	9	22	0	0	0	0	8.8675
64	9	22	0	0	0	0	8.87
64	8	23	0	0	0	0	8.8725
64	8	23	0	0	0	0	8.875
64	8	23	0	0	0	0	8.8775
64	8	23	0	0	0	0	8.88
64	8	23	0	0	0	0	8.8825
64	8	23	0	0	0	0	8.885
64	8	23	0	0	0	0	8.8875
64	8	23	0	0	0	0	8.89
64	8	23	0	0	0	0	8.8925
63	9	23	0	0	0	0	8.895
63	9	23	0	0	0	0	8.8975
63	9	23	0	0	0	0	8.9
63	9	23	0	0	0	0	8.9025
63	9	23	0	0	0	0	8.905
63	9	23	0	0	0	0	8.9075
63	9	23	0	0	0	0	8.91
63	9	23	0	0	0	0	8.9125
63	9	23	0	0	0	0	8.915
63	9	23	0	0	0	0	8.9175
63	9	23	0	0	0	0	8.92
63	9	23	0	0	0	0	8.9225
63	9	23	0	0	0	0	8.925
63	9	23	0	0	0	0	8.9275
63	8	24	0	0	0	0	8.93
63	8	24	0	0	0	0	8.9325
63	8	24	0	0	0	0	8.935
63	8	24	0	0	0	0	8.9375
63	8	24	0	0	0	0	8.94
62	9	24	0	0	0	0	8.9425
62	9	24	0	0	0	0	8.945
62	9	24	0	0	0	0	8.9475
62	9	24	0	0	0	0	8.95
62	9	24	0	0	0	0	8.9525
62	9	24	0	0	0	0	8.955
62	9	24	0	0	0	0	8.9575
62	9	24	0	0	0	0	8.96
62	9	24	0	0	0	0	8.9625
61	10	24	0	0	0	0	8.965
61	10	24	0	0	0	0	8.9675
61	10	24	0	0	0	0	8.97
61	10	24	0	0	0	0	8.9725
61	10	24	0	0	0	0	8.975
60	11	24	0	0	0	0	8.9775
60	11	24	0	0	0	0	8.98
60	11	24	0	0	0	0	8.9825
60	11	24	0	0	0	0	8.985
60	11	24	0	0	0	0	8.9875
60	11	24	0	0	0	0	8.99
60	11	24	0	0	0	0	8.9925
60	11	24	0	0	0	0	8.995
60	11	24	0	0	0	0	8.9975
60	11	24	0	0	0	0	9
60	11	24	0	0	0	0	9.0025
60	11	24	0	0	0	0	9.005
60	11	24	0	0	0	0	9.0075
60	11	24	0	0	0	0	9.01
61	11	22	0	1	0	0	9.0125
61	11	22	0	0	0	0	9.015
61	11	22	0	0	0	0	9.0175
61	11	22	0	0	0	0	9.02
61	11	22	0	0	0	0	9.0225
60	12	22	0	0	0	0	9.025
60	12	22	0	0	0	0	9.0275
60	12	22	0	0	0	0	9.03
60	12	22	0	0	0	0	9.0325
60	12	22	0	0	0	0	9.035
60	12	22	0	0	0	0	9.0375
59	13	22	0	0	0	0	9.04
59	13	22	0	0	0	0	9.0425
59	13	22	0	0	0	0	9.045
59	13	22	0	0	0	0	9.0475
60	13	21	0	0	0	0	9.05
60	13	21	0	0	0	0	9.0525
60	13	21	0	0	0	0	9.055
60	13	21	0	0	0	0	9.0575
60	13	21	0	0	0	0	9.06
60	12	21	0	0	1	0	9.0625
60	12	21	0	0	0	0	9.065
60	12	21	0	0	0	0	9.0675
60	12	21	0	0	0	0	9.07
60	12	21	0	0	0	0	9.0725
60	12	21	0	0	0	0	9.075
59	13	21	0	0	0	0	9.0775
58	14	21	0	0	0	0	9.08
58	14	21	0	0	0	0	9.0825
58	14	21	0	0	0	0	9.085
58	14	21	0	0	0	0	9.0875
58	14	21	0	0	0	0	9.09
58	14	21	0	0	0	0	9.0925
58	14	21	0	0	0	0	9.095
57	14	21	0	0	1	0	9.0975
57	14	21	0	0	0	0	9.1
57	14	21	0	0	0	0	9.1025
57	14	21	0	0	0	0	9.105
57	14	21	0	0	0	0	9.1075
57	14	21	0	0	0	0	9.11
57	14	21	0	0	0	0	9.1125
57	14	21	0	0	0	0	9.115
57	14	21	0	0	0	0	9.1175
57	14	21	0	0	0	0	9.12
57	14	21	0	0	0	0	9.1225
57	14	21	0	0	0	0	9.125
57	14	21	0	0	0	0	9.1275
57	14	21	0	0	0	0	9.13
57	14	21	0	0	0	0	9.1325
57	14	21	0	0	0	0	9.135
57	14	21	0	0	0	0	9.1375
57	14	21	0	0	0	0	9.14
57	14	21	0	0	0	0	9.1425
57	14	21	0	0	0	0	9.145
57	14	21	0	0	0	0	9.1475
57	14	21	0	0	0	0	9.15
57	14	21	0	0	0	0	9.1525
57	14	21	0	0	0	0	9.155
57	14	21	0	0	0	0	9.1575
57	14	21	0	0	0	0	9.16
57	14	21	0	0	0	0	9.1625
57	14	21	0	0	0	0	9.165
57	14	21	0	0	0	0	9.1675
57	14	21	0	0	0	0	9.17
57	14	21	0	0	0	0	9.1725
57	14	21	0	0	0	0	9.175
57	14	21	0	0	0	0	9.1775
57	13	21	0	0	1	0	9.18
57	13	21	0	0	0	0	9.1825
57	13	21	0	0	0	0	9.185
57	13	21	0	0	0	0	9.1875
57	13	21	0	0	0	0	9.19
57	13	21	0	0	0	0	9.1925
56	14	21	0	0	0	0	9.195
55	15	21	0	0	0	0	9.1975
55	15	21	0	0	0	0	9.2
55	15	21	0	0	0	0	9.2025
54	16	21	0	0	0	0	9.205
54	16	21	0	0	0	0	9.2075
54	16	21	0	0	0	0	9.21
54	16	21	0	0	0	0	9.2125
54	16	21	0	0	0	0	9.215
54	16	21	0	0	0	0	9.2175
54	16	21	0	0	0	0	9.22
54	16	21	0	0	0	0	9.2225
54	16	21	0	0	0	0	9.225
54	16	21	0	0	0	0	9.2275
54	16	21	0	0	0	0	9.23
54	16	21	0	0	0	0	9.2325
54	16	21	0	0	0	0	9.235
54	16	21	0	0	0	0	9.2375
54	16	21	0	0	0	0	9.24
54	16	21	0	0	0	0	9.2425
54	16	21	0	0	0	0	9.245
54	16	21	0	0	0	0	9.2475
54	16	21	0	0	0	0	9.25
54	16	21	0	0	0	0	9.2525
54	16	21	0	0	0	0	9.255
54	16	21	0	0	0	0	9.2575
54	16	21	0	0	0	0	9.26
54	15	21	0	0	1	0	9.2625
54	15	21	0	0	0	0	9.265
54	15	21	0	0	0	0	9.2675
53	15	21	0	1	0	0	9.27
53	15	21	0	0	0	0	9.2725
53	15	21	0	0	0	0	9.275
53	15	21	0	0	0	0	9.2775
53	15	21	0	0	0	0	9.28
52	15	22	0	0	0	0	9.2825
52	14	23	0	0	0	0	9.285
52	14	23	0	0	0	0	9.2875
52	14	23	0	0	0	0	9.29
52	14	23	0	0	0	0	9.2925
53	14	22	0	0	0	0	9.295
53	14	22	0	0	0	0	9.2975
53	14	22	0	0	0	0	9.3
52	15	22	0	0	0	0	9.3025
52	15	22	0	0	0	0	9.305
52	15	22	0	0	0	0	9.3075
52	15	22	0	0	0	0	9.31
52	15	22	0	0	0	0	9.3125
52	15	22	0	0	0	0	9.315
52	15	22	0	0	0	0	9.3175
52	15	22	0	0	0	0	9.32
52	15	22	0	0	0	0	9.3225
52	15	22	0	0	0	0	9.325
52	15	22	0	0	0	0	9.3275
53	15	21	0	0	0	0	9.33
53	15	21	0	0	0	0	9.3325
52	16	21	0	0	0	0	9.335
52	16	21	0	0	0	0	9.3375
52	16	21	0	0	0	0	9.34
52	16	21	0	0	0	0	9.3425
52	16	21	0	0	0	0	9.345
52	16	21	0	0	0	0	9.3475
52	16	21	0	0	0	0	9.35
52	14	21	0	0	2	0	9.3525
52	14	21	0	0	0	0	9.355
52	14	21	0	0	0	0	9.3575
52	14	21	0	0	0	0	9.36
52	14	21	0	0	0	0	9.3625
52	14	21	0	0	0	0	9.365
52	14	21	0	0	0	0	9.3675
52	14	21	0	0	0	0	9.37
52	14	21	0	0	0	0	9.3725
52	14	21	0	0	0	0	9.375
51	15	21	0	0	0	0	9.3775
52	15	20	0	0	0	0	9.38
52	15	20	0	0	0	0	9.3825
52	15	20	0	0	0	0	9.385
52	15	20	0	0	0	0	9.3875
52	15	20	0	0	0	0	9.39
52	15	20	0	0	0	0	9.3925
52	14	20	0	0	1	0	9.395
52	14	20	0	0	0	0	9.3975
52	14	20	0	0	0	0	9.4
52	14	20	0	0	0	0	9.4025
52	14	20	0	0	0	0	9.405
52	14	20	0	0	0	0	9.4075
50	16	20	0	0	0	0	9.41
50	16	20	0	0	0	0	9.4125
50	16	20	0	0	0	0	9.415
50	16	20	0	0	0	0	9.4175
49	17	20	0	0	0	0	9.42
49	17	20	0	0	0	0	9.4225
49	17	20	0	0	0	0	9.425
49	17	20	0	0	0	0	9.4275
49	17	20	0	0	0	0	9.43
49	17	20	0	0	0	0	9.4325
49	17	20	0	0	0	0	9.435
49	17	20	0	0	0	0	9.4375
49	17	20	0	0	0	0	9.44
49	17	20	0	0	0	0	9.4425
49	17	20	0	0	0	0	9.445
49	17	20	0	0	0	0	9.4475
49	17	20	0	0	0	0	9.45
49	17	20	0	0	0	0	9.4525
49	17	20	0	0	0	0	9.455
49	16	20	0	0	1	0	9.4575
48	17	20	0	0	0	0	9.46
48	17	20	0	0	0	0	9.4625
48	17	20	0	0	0	0	9.465
48	17	20	0	0	0	0	9.4675
48	17	20	0	0	0	0	9.47
48	17	20	0	0	0	0	9.4725
48	17	20	0	0	0	0	9.475
48	17	20	0	0	0	0	9.4775
48	15	22	0	0	0	0	9.48
48	14	21	0	1	1	0	9.4825
48	14	21	0	0	0	0	9.485
48	14	21	0	0	0	0	9.4875
48	14	21	0	0	0	0	9.49
48	14	21	0	0	0	0	9.4925
48	14	21	0	0	0	0	9.495
48	14	21	0	0	0	0	9.4975
48	14	21	0	0	0	0	9.5
48	14	21	0	0	0	0	9.5025
48	14	21	0	0	0	0	9.505
48	14	21	0	0	0	0	9.5075
48	14	21	0	0	0	0	9.51
48	14	21	0	0	0	0	9.5125
48	14	21	0	0	0	0	9.515
48	14	21	0	0	0	0	9.5175
47	15	21	0	0	0	0	9.52
46	16	21	0	0	0	0	9.5225
44	18	21	0	0	0	0	9.525
44	18	21	0	0	0	0	9.5275
44	18	21	0	0	0	0	9.53
44	18	21	0	0	0	0	9.5325
44	18	21	0	0	0	0	9.535
44	18	21	0	0	0	0	9.5375
44	18	21	0	0	0	0	9.54
43	19	21	0	0	0	0	9.5425
43	19	21	0	0	0	0	9.545
43	19	21	0	0	0	0	9.5475
43	19	21	0	0	0	0	9.55
43	19	21	0	0	0	0	9.5525
43	19	21	0	0	0	0	9.555
43	19	21	0	0	0	0	9.5575
42	20	21	0	0	0	0	9.56
42	20	21	0	0	0	0	9.5625
42	20	21	0	0	0	0	9.565
42	20	21	0	0	0	0	9.5675
41	21	21	0	0	0	0	9.57
41	20	21	0	0	1	0	9.5725
41	20	21	0	0	0	0	9.575
41	20	21	0	0	0	0	9.5775
41	20	21	0	0	0	0	9.58
41	20	21	0	0	0	0	9.5825
41	20	21	0	0	0	0	9.585
41	20	21	0	0	0	0	9.5875
41	20	21	0	0	0	0	9.59
41	20	21	0	0	0	0	9.5925
41	20	21	0	0	0	0	9.595
40	21	21	0	0	0	0	9.5975
40	21	21	0	0	0	0	9.6
40	21	21	0	0	0	0	9.6025
40	21	21	0	0	0	0	9.605
40	21	21	0	0	0	0	9.6075
39	22	21	0	0	0	0	9.61
37	24	21	0	0	0	0	9.6125
37	24	21	0	0	0	0	9.615
37	24	21	0	0	0	0	9.6175
37	24	21	0	0	0	0	9.62
36	25	21	0	0	0	0	9.6225
36	25	21	0	0	0	0	9.625
36	25	21	0	0	0	0	9.6275
36	25	21	0	0	0	0	9.63
36	24	22	0	0	0	0	9.6325
36	24	22	0	0	0	0	9.635
36	24	22	0	0	0	0	9.6375
36	23	22	0	0	1	0	9.64
36	23	22	0	0	0	0	9.6425
36	23	22	0	0	0	0	9.645
37	23	22	1	0	0	0	9.6475
37	23	22	0	0	0	0	9.65
37	23	22	0	0	0	0	9.6525
37	23	22	0	0	0	0	9.655
37	23	22	0	0	0	0	9.6575
37	23	22	0	0	0	0	9.66
36	24	22	0	0	0	0	9.6625
36	24	22	0	0	0	0	9.665
36	24	22	0	0	0	0	9.6675
36	23	22	0	0	1	0	9.67
36	22	22	0	0	1	0	9.6725
36	22	22	0	0	0	0	9.675
36	22	22	0	0	0	0	9.6775
36	22	22	0	0	0	0	9.68
36	22	22	0	0	0	0	9.6825
36	22	22	0	0	0	0	9.685
36	22	22	0	0	0	0	9.6875
36	21	22	0	0	1	0	9.69
36	21	22	0	0	0	0	9.6925
36	21	22	0	0	0	0	9.695
36	21	22	0	0	0	0	9.6975
36	21	22	0	0	0	0	9.7
36	21	22	0	0	0	0	9.7025
36	21	22	0	0	0	0	9.705
36	21	22	0	0	0	0	9.7075
36	21	22	0	0	0	0	9.71
36	21	22	0	0	0	0	9.7125
36	21	22	0	0	0	0	9.715
36	21	22	0	0	0	0	9.7175
36	21	22	0	0	0	0	9.72
36	21	22	0	0	0	0	9.7225
37	21	21	0	0	0	0	9.725
36	22	21	0	0	0	0	9.7275
36	21	22	0	0	0	0	9.73
36	21	22	0	0	0	0	9.7325
36	21	22	0	0	0	0	9.735
36	21	22	0	0	0	0	9.7375
36	21	22	0	0	0	0	9.74
36	21	22	0	0	0	0	9.7425
36	21	22	0	0	0	0	9.745
36	21	22	0	0	0	0	9.7475
36	20	22	0	0	1	0	9.75
36	20	22	0	0	0	0	9.7525
36	20	22	0	0	0	0	9.755
35	20	22	0	0	1	0	9.7575
35	20	22	0	0	0	0	9.76
35	20	22	0	0	0	0	9.7625
35	20	22	0	0	0	0	9.765
35	20	22	0	0	0	0	9.7675
36	20	21	0	0	0	0	9.77
36	20	21	0	0	0	0	9.7725
36	20	21	0	0	0	0	9.775
36	20	21	0	0	0	0	9.7775
36	20	21	0	0	0	0	9.78
36	19	22	0	0	0	0	9.7825
36	19	22	0	0	0	0	9.785
35	20	22	0	0	0	0	9.7875
35	20	22	0	0	0	0	9.79
35	20	22	0	0	0	0	9.7925
35	20	22	0	0	0	0	9.795
35	20	22	0	0	0	0	9.7975
35	19	23	0	0	0	0	9.8
35	19	23	0	0	0	0	9.8025
35	19	23	0	0	0	0	9.805
35	19	23	0	0	0	0	9.8075
35	19	23	0	0	0	0	9.81
35	19	23	0	0	0	0	9.8125
35	19	23	0	0	0	0	9.815
35	19	23	0	0	0	0	9.8175
35	19	23	0	0	0	0	9.82
35	19	23	0	0	0	0	9.8225
35	19	23	0	0	0	0	9.825
35	18	23	0	0	1	0	9.8275
35	18	23	0	0	0	0	9.83
35	17	24	0	0	0	0	9.8325
35	17	24	0	0	0	0	9.835
35	17	24	0	0	0	0	9.8375
35	17	24	0	0	0	0	9.84
35	17	24	0	0	0	0	9.8425
35	17	24	0	0	0	0	9.845
35	17	24	0	0	0	0	9.8475
35	17	24	0	0	0	0	9.85
35	17	24	0	0	0	0	9.8525
35	17	24	0	0	0	0	9.855
35	17	24	0	0	0	0	9.8575
35	17	24	0	0	0	0	9.86
35	17	24	0	0	0	0	9.8625
35	17	24	0	0	0	0	9.865
35	17	24	0	0	0	0	9.8675
35	17	24	0	0	0	0	9.87
35	17	24	0	0	0	0	9.8725
35	17	24	0	0	0	0	9.875
35	17	24	0	0	0	0	9.8775
35	17	24	0	0	0	0	9.88
35	17	24	0	0	0	0	9.8825
35	17	24	0	0	0	0	9.885
35	17	24	0	0	0	0	9.8875
35	17	24	0	0	0	0	9.89
35	17	24	0	0	0	0	9.8925
35	17	24	0	0	0	0	9.895
35	17	24	0	0	0	0	9.8975
35	17	24	0	0	0	0	9.9
34	18	24	0	0	0	0	9.9025
34	18	24	0	0	0	0	9.905
34	18	24	0	0	0	0	9.9075
34	18	24	0	0	0	0	9.91
34	18	24	0	0	0	0	9.9125
34	18	24	0	0	0	0	9.915
34	18	24	0	0	0	0	9.9175
34	18	24	0	0	0	0	9.92
34	18	24	0	0	0	0	9.9225
34	18	24	0	0	0	0	9.925
34	18	24	0	0	0	0	9.9275
33	19	24	0	0	0	0	9.93
33	19	24	0	0	0	0	9.9325
33	19	24	0	0	0	0	9.935
33	19	24	0	0	0	0	9.9375
33	19	24	0	0	0	0	9.94
33	18	24	0	0	1	0	9.9425
33	18	24	0	0	0	0	9.945
33	17	24	0	0	1	0	9.9475
35	17	22	0	0	0	0	9.95
35	17	22	0	0	0	0	9.9525
35	17	22	0	0	0	0	9.955
35	17	22	0	0	0	0	9.9575
35	17	22	0	0	0	0	9.96
36	16	22	0	0	0	0	9.9625
36	16	22	0	0	0	0	9.965
36	16	22	0	0	0	0	9.9675
35	17	22	0	0	0	0	9.97
35	17	22	0	0	0	0	9.9725
35	17	22	0	0	0	0	9.975
35	17	22	0	0	0	0	9.9775
35	17	22	0	0	0	0	9.98
35	16	23	0	0	0	0	9.9825
35	16	23	0	0	0	0	9.985
35	16	23	0	0	0	0	9.9875
35	16	23	0	0	0	0	9.99
35	16	23	0	0	0	0	9.9925
35	16	23	0	0	0	0	9.995
35	16	23	0	0	0	0	9.9975
