S	I	R	e	d	dI	f	t
300	100	0	0	0	0	0	0
243	100	58	1	0	0	58	0.0025
179	100	120	0	2	0	63	0.005
139	99	160	0	1	0	39	0.0075
105	100	194	1	0	0	34	0.01
101	100	199	1	0	0	6	0.0125
101	100	198	0	1	0	0	0.015
100	101	199	1	0	0	0	0.0175
101	100	200	1	0	0	0	0.02
101	99	200	0	1	0	0	0.0225
102	99	199	0	0	0	0	0.025
104	99	198	1	0	0	0	0.0275
106	99	197	1	0	0	0	0.03
106	99	197	0	0	0	0	0.0325
106	99	197	1	1	0	0	0.035
105	100	197	0	0	0	0	0.0375
106	99	196	0	0	1	0	0.04
106	99	195	0	1	0	0	0.0425
106	98	196	0	0	0	0	0.045
107	97	196	1	0	1	0	0.0475
108	96	196	1	1	0	0	0.05
107	97	196	1	0	1	0	0.0525
110	97	195	2	0	0	0	0.055
110	97	195	0	0	0	0	0.0575
110	97	195	0	0	0	0	0.06
110	97	195	0	0	0	0	0.0625
110	97	195	0	0	0	0	0.065
109	97	195	0	1	0	0	0.0675
109	98	195	1	0	0	0	0.07
109	98	195	0	0	0	0	0.0725
110	98	194	0	0	0	0	0.075
109	98	194	0	1	0	0	0.0775
109	98	193	0	1	0	0	0.08
109	97	194	0	0	0	0	0.0825
109	97	194	0	0	0	0	0.085
109	97	193	0	1	0	0	0.0875
110	97	193	1	0	0	0	0.09
109	97	193	0	1	0	0	0.0925
109	97	193	0	0	0	0	0.095
108	98	193	0	0	0	0	0.0975
108	99	193	2	1	0	0	0.1
109	99	193	1	0	0	0	0.1025
112	98	193	2	0	0	0	0.105
112	97	194	0	0	0	0	0.1075
111	97	195	0	0	0	0	0.11
112	97	194	0	0	0	0	0.1125
112	96	194	0	0	1	0	0.115
112	96	192	0	2	0	0	0.1175
113	95	191	1	1	1	0	0.12
113	95	191	0	0	0	0	0.1225
113	95	191	0	0	0	0	0.125
115	95	190	1	0	0	0	0.1275
115	94	191	0	0	0	0	0.13
114	95	190	0	1	0	0	0.1325
115	95	190	1	0	0	0	0.135
115	95	190	0	0	0	0	0.1375
115	95	190	0	0	0	0	0.14
116	96	189	1	0	0	0	0.1425
115	97	189	0	0	0	0	0.145
115	96	189	0	1	0	0	0.1475
118	95	189	2	0	0	0	0.15
118	95	188	0	1	0	0	0.1525
117	96	187	0	1	0	0	0.155
118	96	186	0	0	0	0	0.1575
118	97	186	1	0	0	0	0.16
118	96	186	0	1	0	0	0.1625
120	96	186	2	0	0	0	0.165
121	95	187	1	0	0	0	0.1675
121	96	187	1	0	0	0	0.17
122	96	187	1	0	0	0	0.1725
123	96	187	1	0	0	0	0.175
122	96	188	0	0	0	0	0.1775
121	97	188	0	0	0	0	0.18
121	96	189	0	0	0	0	0.1825
121	95	189	0	0	1	0	0.185
123	95	188	1	0	0	0	0.1875
124	95	188	1	0	0	0	0.19
124	95	188	0	0	0	0	0.1925
123	94	189	0	1	0	0	0.195
123	93	189	0	0	1	0	0.1975
122	93	189	0	1	0	0	0.2
122	93	189	0	0	0	0	0.2025
123	92	187	0	2	0	0	0.205
123	91	189	1	0	0	0	0.2075
124	90	188	0	0	1	0	0.21
124	90	187	0	1	0	0	0.2125
124	90	187	0	0	0	0	0.215
125	91	186	1	0	0	0	0.2175
127	90	186	2	1	0	0	0.22
127	90	187	1	0	0	0	0.2225
128	89	187	0	0	0	0	0.225
131	89	187	3	0	0	0	0.2275
131	89	187	0	0	0	0	0.23
130	90	187	0	0	0	0	0.2325
129	91	187	0	0	0	0	0.235
130	91	186	1	1	0	0	0.2375
130	92	185	0	0	0	0	0.24
130	93	185	1	0	0	0	0.2425
130	93	185	0	0	0	0	0.245
129	94	185	0	0	0	0	0.2475
128	94	185	0	1	0	0	0.25
128	94	185	0	0	0	0	0.2525
129	94	183	0	1	0	0	0.255
127	96	183	0	0	0	0	0.2575
127	97	182	1	1	0	0	0.26
128	97	182	1	0	0	0	0.2625
128	96	182	0	1	0	0	0.265
127	97	182	1	1	0	0	0.2675
127	97	182	0	0	0	0	0.27
127	96	183	0	0	0	0	0.2725
128	95	184	1	0	0	0	0.275
128	95	183	0	1	0	0	0.2775
127	96	182	0	1	0	0	0.28
127	96	182	0	0	0	0	0.2825
127	95	182	0	0	1	0	0.285
129	95	182	2	0	0	0	0.2875
129	94	183	0	0	0	0	0.29
126	97	183	0	0	0	0	0.2925
127	96	183	1	1	0	0	0.295
127	96	182	0	1	0	0	0.2975
129	96	181	1	0	0	0	0.3
127	98	181	0	0	0	0	0.3025
127	95	182	0	2	0	0	0.305
126	94	182	0	1	1	0	0.3075
127	94	181	0	0	0	0	0.31
127	93	181	0	1	0	0	0.3125
128	93	180	1	1	0	0	0.315
128	94	179	0	0	0	0	0.3175
127	94	180	0	0	0	0	0.32
127	94	180	0	0	0	0	0.3225
128	94	180	2	1	0	0	0.325
130	94	179	1	0	0	0	0.3275
130	94	179	0	0	0	0	0.33
129	94	179	0	1	0	0	0.3325
130	94	178	1	1	0	0	0.335
130	94	178	0	0	0	0	0.3375
129	95	178	0	0	0	0	0.34
130	95	177	0	0	0	0	0.3425
130	94	178	0	0	0	0	0.345
130	94	178	0	0	0	0	0.3475
131	94	177	0	0	0	0	0.35
130	94	177	0	0	1	0	0.3525
129	94	177	0	1	0	0	0.355
130	94	177	1	0	0	0	0.3575
129	95	177	0	0	0	0	0.36
129	95	177	0	0	0	0	0.3625
130	95	177	1	0	0	0	0.365
131	93	178	0	0	0	0	0.3675
131	92	178	1	2	0	0	0.37
131	92	178	0	0	0	0	0.3725
130	92	178	0	1	0	0	0.375
130	92	178	0	0	0	0	0.3775
131	92	178	1	0	0	0	0.38
132	93	176	2	2	0	0	0.3825
132	92	176	0	1	0	0	0.385
132	91	177	0	0	0	0	0.3875
133	91	177	1	0	0	0	0.39
133	91	176	0	1	0	0	0.3925
134	91	175	0	0	0	0	0.395
134	90	176	0	0	0	0	0.3975
135	90	176	1	0	0	0	0.4
134	90	175	0	2	0	0	0.4025
135	90	174	0	0	0	0	0.405
135	90	174	0	0	0	0	0.4075
134	91	174	0	0	0	0	0.41
134	91	173	0	1	0	0	0.4125
134	90	173	0	1	0	0	0.415
132	90	173	0	2	0	0	0.4175
132	90	173	0	0	0	0	0.42
133	89	172	0	1	0	0	0.4225
133	90	172	2	1	0	0	0.425
136	90	170	1	0	0	0	0.4275
137	90	169	0	0	0	0	0.43
137	89	169	1	1	1	0	0.4325
138	89	168	0	0	0	0	0.435
137	89	169	0	0	0	0	0.4375
136	89	169	0	1	0	0	0.44
137	88	169	1	1	0	0	0.4425
140	88	167	1	0	0	0	0.445
140	88	166	0	1	0	0	0.4475
140	88	166	0	0	0	0	0.45
140	86	166	0	0	2	0	0.4525
140	86	166	0	0	0	0	0.455
139	86	166	0	0	1	0	0.4575
140	86	166	1	0	0	0	0.46
142	86	164	0	0	0	0	0.4625
143	85	163	1	1	1	0	0.465
143	84	163	0	1	0	0	0.4675
143	83	163	0	1	0	0	0.47
142	84	163	0	0	0	0	0.4725
143	84	163	1	0	0	0	0.475
144	84	163	1	0	0	0	0.4775
144	85	161	0	1	0	0	0.48
143	86	160	0	1	0	0	0.4825
144	86	160	1	0	0	0	0.485
144	85	160	0	1	0	0	0.4875
144	85	160	0	0	0	0	0.49
144	85	160	0	0	0	0	0.4925
145	85	160	1	0	0	0	0.495
144	87	159	0	0	0	0	0.4975
144	87	159	0	0	0	0	0.5
144	87	159	0	0	0	0	0.5025
143	87	159	0	1	0	0	0.505
144	87	158	0	0	0	0	0.5075
144	87	158	0	0	0	0	0.51
145	87	157	0	0	0	0	0.5125
144	87	157	0	1	0	0	0.515
144	87	156	0	1	0	0	0.5175
144	86	156	0	1	0	0	0.52
143	86	156	0	1	0	0	0.5225
144	86	155	0	0	0	0	0.525
145	86	154	1	1	0	0	0.5275
144	87	154	0	0	0	0	0.53
144	86	155	0	0	0	0	0.5325
143	87	155	0	0	0	0	0.535
143	86	155	0	0	1	0	0.5375
142	86	156	0	0	0	0	0.54
141	86	156	0	0	1	0	0.5425
142	86	155	0	0	0	0	0.545
143	86	153	0	1	0	0	0.5475
144	86	153	1	0	0	0	0.55
147	86	152	2	0	0	0	0.5525
147	85	153	0	0	0	0	0.555
149	85	152	1	0	0	0	0.5575
149	85	151	1	2	0	0	0.56
149	85	150	0	1	0	0	0.5625
149	85	150	0	0	0	0	0.565
150	85	150	1	0	0	0	0.5675
151	85	150	1	0	0	0	0.57
150	85	150	0	1	0	0	0.5725
150	85	150	0	0	0	0	0.575
152	84	149	1	0	1	0	0.5775
152	84	150	1	0	0	0	0.58
152	83	150	0	0	1	0	0.5825
152	82	150	0	0	1	0	0.585
152	82	151	1	0	0	0	0.5875
151	83	151	1	1	0	0	0.59
151	83	151	0	0	0	0	0.5925
151	82	151	0	1	0	0	0.595
153	82	149	0	0	0	0	0.5975
154	81	150	1	0	0	0	0.6
154	80	150	0	0	1	0	0.6025
152	82	150	0	0	0	0	0.605
155	82	147	1	1	0	0	0.6075
155	80	148	0	0	1	0	0.61
157	79	149	2	0	0	0	0.6125
156	79	150	0	0	0	0	0.615
156	78	151	0	0	0	0	0.6175
156	77	152	1	1	0	0	0.62
156	77	152	0	0	0	0	0.6225
157	77	152	1	0	0	0	0.625
158	76	153	1	0	0	0	0.6275
158	76	152	0	1	0	0	0.63
158	76	152	0	0	0	0	0.6325
161	76	151	2	0	0	0	0.635
159	77	151	0	1	0	0	0.6375
160	78	150	1	0	0	0	0.64
159	80	150	1	0	0	0	0.6425
159	79	149	0	2	0	0	0.645
160	79	149	1	0	0	0	0.6475
160	78	150	0	0	0	0	0.65
160	78	150	0	0	0	0	0.6525
159	79	149	0	1	0	0	0.655
160	79	147	0	1	0	0	0.6575
160	80	146	0	0	0	0	0.66
159	80	146	0	1	0	0	0.6625
158	80	147	0	0	0	0	0.665
158	79	147	0	1	0	0	0.6675
157	80	147	0	0	0	0	0.67
156	80	147	0	1	0	0	0.6725
156	81	146	0	0	0	0	0.675
156	81	145	0	1	0	0	0.6775
156	82	144	0	0	0	0	0.68
156	82	144	0	0	0	0	0.6825
154	83	144	0	1	0	0	0.685
154	83	144	0	0	0	0	0.6875
154	83	144	0	0	0	0	0.69
154	83	144	0	0	0	0	0.6925
154	83	144	0	0	0	0	0.695
154	82	145	0	0	0	0	0.6975
154	82	144	0	1	0	0	0.7
154	82	144	0	0	0	0	0.7025
153	82	144	0	1	0	0	0.705
154	80	145	1	0	1	0	0.7075
154	81	144	0	0	0	0	0.71
153	82	144	0	0	0	0	0.7125
153	83	144	1	0	0	0	0.715
153	82	145	0	0	0	0	0.7175
154	82	145	1	0	0	0	0.72
154	83	144	0	0	0	0	0.7225
155	82	144	1	1	0	0	0.725
154	82	144	0	1	0	0	0.7275
155	81	143	0	1	0	0	0.73
156	81	142	1	1	0	0	0.7325
156	80	142	0	1	0	0	0.735
155	81	142	0	0	0	0	0.7375
155	81	142	0	0	0	0	0.74
154	82	142	0	0	0	0	0.7425
153	81	142	0	1	1	0	0.745
154	80	142	0	0	0	0	0.7475
154	80	142	0	0	0	0	0.75
155	80	142	2	1	0	0	0.7525
155	80	142	0	0	0	0	0.755
156	77	143	1	1	1	0	0.7575
156	77	142	0	0	1	0	0.76
155	77	142	0	1	0	0	0.7625
156	76	139	0	3	0	0	0.765
156	76	139	0	0	0	0	0.7675
156	76	139	0	0	0	0	0.77
158	75	139	1	0	0	0	0.7725
157	76	139	0	0	0	0	0.775
157	76	139	0	0	0	0	0.7775
156	76	139	0	1	0	0	0.78
159	75	140	3	0	0	0	0.7825
159	75	140	0	0	0	0	0.785
158	75	140	0	1	0	0	0.7875
158	76	140	1	0	0	0	0.79
158	76	140	0	0	0	0	0.7925
158	76	140	0	0	0	0	0.795
160	76	139	1	0	0	0	0.7975
161	76	138	1	1	0	0	0.8
160	73	138	0	4	0	0	0.8025
159	75	138	1	0	0	0	0.805
157	76	138	1	2	0	0	0.8075
155	76	138	0	2	0	0	0.81
153	75	139	0	2	0	0	0.8125
153	75	139	0	0	0	0	0.815
154	75	139	1	0	0	0	0.8175
153	75	140	0	0	0	0	0.82
153	75	140	0	0	0	0	0.8225
152	76	140	0	0	0	0	0.825
153	77	139	1	0	0	0	0.8275
153	77	139	0	0	0	0	0.83
153	77	138	0	1	0	0	0.8325
153	76	139	0	0	0	0	0.835
153	76	139	0	0	0	0	0.8375
153	75	140	0	0	0	0	0.84
154	74	141	1	0	0	0	0.8425
154	75	141	1	0	0	0	0.845
154	75	141	0	0	0	0	0.8475
154	75	141	0	0	0	0	0.85
153	76	141	1	1	0	0	0.8525
153	76	140	0	1	0	0	0.855
154	76	139	0	0	0	0	0.8575
153	78	139	1	0	0	0	0.86
154	78	138	0	0	0	0	0.8625
153	78	138	0	1	0	0	0.865
154	78	137	1	1	0	0	0.8675
153	78	137	0	1	0	0	0.87
153	77	137	1	1	1	0	0.8725
154	76	137	0	0	0	0	0.875
154	75	137	0	1	0	0	0.8775
153	75	137	0	1	0	0	0.88
154	75	137	1	0	0	0	0.8825
154	74	137	0	1	0	0	0.885
154	73	136	0	2	0	0	0.8875
154	73	136	0	0	0	0	0.89
153	74	136	0	0	0	0	0.8925
154	72	136	0	0	1	0	0.895
155	72	135	0	0	0	0	0.8975
157	72	133	0	0	0	0	0.9
158	72	132	1	1	0	0	0.9025
159	72	132	1	0	0	0	0.905
160	72	132	1	0	0	0	0.9075
161	72	131	0	0	0	0	0.91
161	72	130	0	1	0	0	0.9125
161	72	130	0	0	0	0	0.915
161	72	130	0	0	0	0	0.9175
161	71	131	0	0	0	0	0.92
161	71	131	0	0	0	0	0.9225
161	71	131	0	0	0	0	0.925
161	70	131	0	0	1	0	0.9275
161	70	131	1	0	1	0	0.93
162	70	131	1	0	0	0	0.9325
162	70	131	0	0	0	0	0.935
162	69	132	0	0	0	0	0.9375
161	69	133	0	0	0	0	0.94
162	69	133	1	0	0	0	0.9425
160	71	133	0	0	0	0	0.945
160	71	133	0	0	0	0	0.9475
160	70	133	0	0	1	0	0.95
159	71	133	0	0	0	0	0.9525
160	71	132	0	0	0	0	0.955
161	71	130	1	2	0	0	0.9575
161	71	130	0	0	0	0	0.96
161	71	130	1	1	0	0	0.9625
162	71	128	0	1	0	0	0.965
161	72	127	0	1	0	0	0.9675
159	72	127	0	2	0	0	0.97
158	72	127	0	1	0	0	0.9725
157	73	127	0	0	0	0	0.975
156	74	127	0	0	0	0	0.9775
157	73	127	0	0	0	0	0.98
158	72	126	0	0	1	0	0.9825
158	72	126	0	0	0	0	0.985
158	72	126	0	0	0	0	0.9875
158	71	127	0	0	0	0	0.99
158	70	126	1	3	0	0	0.9925
159	70	126	1	0	0	0	0.995
159	71	126	1	0	0	0	0.9975
160	71	125	0	0	0	0	1
159	72	125	0	0	0	0	1.0025
158	72	125	0	1	0	0	1.005
158	71	125	0	1	0	0	1.0075
159	70	126	1	0	0	0	1.01
159	70	126	0	0	0	0	1.0125
159	70	125	0	1	0	0	1.015
159	70	125	0	0	0	0	1.0175
160	69	125	0	0	0	0	1.02
160	68	126	0	0	0	0	1.0225
160	68	126	1	1	0	0	1.025
160	69	126	1	0	0	0	1.0275
161	69	126	1	0	0	0	1.03
162	69	126	1	0	0	0	1.0325
161	70	125	1	2	0	0	1.035
160	71	125	0	0	0	0	1.0375
160	69	126	0	1	0	0	1.04
160	67	128	0	0	0	0	1.0425
161	67	126	0	1	0	0	1.045
162	67	125	1	1	0	0	1.0475
162	67	125	0	0	0	0	1.05
162	66	126	0	0	0	0	1.0525
164	67	124	1	0	0	0	1.055
164	67	124	1	1	0	0	1.0575
164	66	124	0	1	0	0	1.06
163	66	124	0	1	0	0	1.0625
162	66	124	0	1	0	0	1.065
163	66	122	0	1	0	0	1.0675
164	66	122	1	0	0	0	1.07
163	69	121	1	0	0	0	1.0725
165	68	120	1	1	0	0	1.075
165	67	120	0	1	0	0	1.0775
166	67	120	2	1	0	0	1.08
167	67	120	1	0	0	0	1.0825
166	68	119	0	1	0	0	1.085
167	68	119	1	0	0	0	1.0875
170	68	114	0	2	0	0	1.09
169	68	114	0	1	0	0	1.0925
169	67	115	0	0	0	0	1.095
168	68	115	0	0	0	0	1.0975
165	69	115	0	2	0	0	1.1
165	69	115	0	0	0	0	1.1025
163	70	116	0	0	0	0	1.105
163	70	116	0	0	0	0	1.1075
163	71	116	1	0	0	0	1.11
163	72	115	0	0	0	0	1.1125
162	72	115	0	1	0	0	1.115
161	72	116	0	0	0	0	1.1175
162	72	115	0	0	0	0	1.12
162	72	114	0	1	0	0	1.1225
161	73	114	0	0	0	0	1.125
161	73	114	0	0	0	0	1.1275
161	73	114	0	0	0	0	1.13
161	73	114	0	0	0	0	1.1325
161	74	114	1	0	0	0	1.135
162	74	113	0	0	0	0	1.1375
161	74	113	0	1	0	0	1.14
161	74	113	0	0	0	0	1.1425
163	74	113	2	0	0	0	1.145
165	74	113	2	0	0	0	1.1475
165	74	113	0	0	0	0	1.15
166	73	113	1	1	0	0	1.1525
166	73	113	1	1	0	0	1.155
167	73	113	1	0	0	0	1.1575
166	74	113	0	0	0	0	1.16
167	74	112	0	0	0	0	1.1625
167	74	112	0	0	0	0	1.165
167	74	112	0	0	0	0	1.1675
168	74	112	1	0	0	0	1.17
169	74	111	0	0	0	0	1.1725
169	75	111	1	0	0	0	1.175
169	75	111	0	0	0	0	1.1775
169	75	111	0	0	0	0	1.18
169	74	111	0	1	0	0	1.1825
168	74	111	1	2	0	0	1.185
167	74	111	0	1	0	0	1.1875
166	73	113	0	0	0	0	1.19
166	73	113	0	0	0	0	1.1925
164	75	113	0	0	0	0	1.195
163	74	114	0	1	0	0	1.1975
163	74	113	1	2	0	0	1.2
163	73	114	0	0	0	0	1.2025
163	72	114	0	1	0	0	1.205
163	73	113	0	0	0	0	1.2075
160	75	113	0	1	0	0	1.21
160	75	113	0	0	0	0	1.2125
160	75	113	0	0	0	0	1.215
161	75	112	0	0	0	0	1.2175
162	75	112	1	0	0	0	1.22
162	75	112	0	0	0	0	1.2225
164	74	112	1	0	0	0	1.225
165	74	111	0	0	0	0	1.2275
164	73	111	0	1	1	0	1.23
165	72	111	0	0	0	0	1.2325
165	71	112	0	0	0	0	1.235
164	71	111	0	2	0	0	1.2375
166	71	109	0	0	0	0	1.24
166	71	109	0	0	0	0	1.2425
167	70	110	1	0	0	0	1.245
166	71	110	0	0	0	0	1.2475
166	72	109	0	0	0	0	1.25
167	72	109	1	0	0	0	1.2525
166	72	109	0	1	0	0	1.255
167	72	108	0	0	0	0	1.2575
165	74	108	0	0	0	0	1.26
166	74	107	0	0	0	0	1.2625
168	74	106	1	0	0	0	1.265
167	74	106	0	1	0	0	1.2675
166	74	107	0	0	0	0	1.27
166	74	107	0	0	0	0	1.2725
165	75	106	0	1	0	0	1.275
164	76	105	0	1	0	0	1.2775
164	75	106	0	0	0	0	1.28
164	76	106	1	0	0	0	1.2825
163	77	106	0	0	0	0	1.285
164	77	106	1	0	0	0	1.2875
163	77	106	0	1	0	0	1.29
163	77	106	0	0	0	0	1.2925
165	77	106	2	0	0	0	1.295
167	76	106	2	1	0	0	1.2975
166	76	106	1	2	0	0	1.3
166	76	106	0	0	0	0	1.3025
166	75	107	0	0	0	0	1.305
165	76	107	0	0	0	0	1.3075
167	76	107	2	0	0	0	1.31
167	77	107	1	0	0	0	1.3125
169	77	107	2	0	0	0	1.315
169	77	107	0	0	0	0	1.3175
169	77	107	0	0	0	0	1.32
169	77	107	1	1	0	0	1.3225
169	77	107	0	0	0	0	1.325
169	77	107	0	0	0	0	1.3275
167	78	108	0	0	0	0	1.33
167	79	107	0	0	0	0	1.3325
167	79	107	1	1	0	0	1.335
169	79	106	1	0	0	0	1.3375
169	79	106	0	0	0	0	1.34
171	79	105	1	0	0	0	1.3425
172	79	104	0	0	0	0	1.345
171	80	104	0	0	0	0	1.3475
171	80	104	1	1	0	0	1.35
171	80	104	0	0	0	0	1.3525
171	80	104	0	0	0	0	1.355
172	79	104	1	1	0	0	1.3575
172	78	104	0	1	0	0	1.36
170	79	104	0	1	0	0	1.3625
170	80	102	0	1	0	0	1.365
170	80	102	0	0	0	0	1.3675
169	81	102	0	0	0	0	1.37
171	81	102	2	0	0	0	1.3725
171	81	102	0	0	0	0	1.375
172	81	103	2	0	0	0	1.3775
172	82	102	0	0	0	0	1.38
171	83	102	0	0	0	0	1.3825
170	84	102	0	0	0	0	1.385
171	84	102	1	0	0	0	1.3875
171	84	102	0	0	0	0	1.39
171	84	102	0	0	0	0	1.3925
171	83	102	0	0	1	0	1.395
171	84	101	0	0	0	0	1.3975
171	83	102	0	0	0	0	1.4
170	83	103	0	0	0	0	1.4025
174	84	102	4	0	0	0	1.405
174	83	102	0	1	0	0	1.4075
173	83	102	0	1	0	0	1.41
175	83	102	2	0	0	0	1.4125
174	84	102	0	0	0	0	1.415
177	84	102	3	0	0	0	1.4175
177	84	103	1	0	0	0	1.42
177	84	103	0	0	0	0	1.4225
178	83	104	1	0	0	0	1.425
178	83	104	0	0	0	0	1.4275
179	82	104	1	1	0	0	1.43
178	83	103	0	1	0	0	1.4325
178	83	102	0	1	0	0	1.435
177	84	102	0	0	0	0	1.4375
177	85	102	1	0	0	0	1.44
176	86	102	0	0	0	0	1.4425
176	86	102	0	0	0	0	1.445
175	86	102	0	0	1	0	1.4475
174	88	101	0	0	0	0	1.45
175	87	100	0	1	0	0	1.4525
176	87	100	1	0	0	0	1.455
175	89	100	1	0	0	0	1.4575
174	90	100	0	0	0	0	1.46
174	89	100	0	1	0	0	1.4625
174	89	100	0	0	0	0	1.465
174	89	101	1	0	0	0	1.4675
174	87	102	0	1	0	0	1.47
174	87	102	0	0	0	0	1.4725
174	87	102	0	0	0	0	1.475
174	87	102	0	0	0	0	1.4775
173	88	102	0	0	0	0	1.48
174	88	102	1	0	0	0	1.4825
174	87	103	0	0	0	0	1.485
173	86	105	0	0	0	0	1.4875
172	87	105	0	0	0	0	1.49
170	88	105	0	1	0	0	1.4925
173	87	105	3	0	1	0	1.495
173	86	106	1	0	1	0	1.4975
173	86	106	0	0	0	0	1.5
173	85	107	0	0	0	0	1.5025
174	85	107	1	0	0	0	1.505
174	83	107	0	2	0	0	1.5075
173	84	107	0	0	0	0	1.51
173	85	106	0	0	0	0	1.5125
172	85	106	0	1	0	0	1.515
171	86	106	0	0	0	0	1.5175
171	86	106	0	0	0	0	1.52
171	85	107	0	0	0	0	1.5225
170	85	108	0	0	0	0	1.525
169	85	108	0	1	0	0	1.5275
167	86	108	0	1	0	0	1.53
166	86	108	0	1	0	0	1.5325
166	86	108	0	0	0	0	1.535
167	85	109	1	0	0	0	1.5375
168	85	109	1	0	0	0	1.54
167	85	110	0	0	0	0	1.5425
168	85	109	0	0	0	0	1.545
168	86	108	0	0	0	0	1.5475
170	85	106	1	2	0	0	1.55
170	83	107	1	1	1	0	1.5525
169	84	107	0	0	0	0	1.555
169	83	107	1	1	1	0	1.5575
168	84	107	0	0	0	0	1.56
168	84	107	0	0	0	0	1.5625
168	84	107	0	0	0	0	1.565
167	84	106	0	2	0	0	1.5675
167	84	105	0	1	0	0	1.57
166	83	105	0	2	0	0	1.5725
166	83	104	0	1	0	0	1.575
166	81	104	0	1	1	0	1.5775
166	81	103	2	3	0	0	1.58
166	81	103	0	0	0	0	1.5825
166	81	103	0	0	0	0	1.585
167	81	101	0	1	0	0	1.5875
168	80	100	0	1	0	0	1.59
169	80	100	1	0	0	0	1.5925
168	81	100	0	0	0	0	1.595
167	80	100	0	2	0	0	1.5975
167	80	100	0	0	0	0	1.6
169	80	99	1	0	0	0	1.6025
170	81	99	2	0	0	0	1.605
168	81	99	0	2	0	0	1.6075
168	81	100	1	0	0	0	1.61
169	80	100	1	1	0	0	1.6125
168	81	100	0	0	0	0	1.615
168	81	100	0	0	0	0	1.6175
168	82	99	0	0	0	0	1.62
167	83	99	0	0	0	0	1.6225
165	85	99	0	0	0	0	1.625
164	85	100	0	0	0	0	1.6275
163	86	100	1	1	0	0	1.63
161	88	100	0	0	0	0	1.6325
161	88	100	0	0	0	0	1.635
160	89	100	0	0	0	0	1.6375
158	91	100	0	0	0	0	1.64
160	91	98	1	1	0	0	1.6425
159	92	98	0	0	0	0	1.645
157	94	98	0	0	0	0	1.6475
157	95	98	1	0	0	0	1.65
155	97	98	0	0	0	0	1.6525
155	96	99	0	0	0	0	1.655
153	97	99	0	1	0	0	1.6575
153	97	99	0	0	0	0	1.66
151	99	99	0	0	0	0	1.6625
151	98	99	0	1	0	0	1.665
149	100	99	0	0	0	0	1.6675
150	101	98	1	0	0	0	1.67
151	100	99	1	0	0	0	1.6725
150	100	99	0	0	1	0	1.675
150	99	98	0	1	1	0	1.6775
148	101	97	0	1	0	0	1.68
150	100	96	1	0	1	0	1.6825
149	101	96	0	0	0	0	1.685
148	101	97	0	0	0	0	1.6875
148	101	97	1	1	0	0	1.69
146	103	96	0	1	0	0	1.6925
147	103	96	1	0	0	0	1.695
147	103	96	0	0	0	0	1.6975
148	103	96	1	0	0	0	1.7
148	103	96	0	0	0	0	1.7025
148	103	96	0	0	0	0	1.705
147	102	97	0	1	0	0	1.7075
145	104	97	0	0	0	0	1.71
146	103	98	1	0	0	0	1.7125
146	103	98	0	0	0	0	1.715
146	103	98	0	0	0	0	1.7175
146	101	99	0	1	0	0	1.72
147	103	99	3	0	0	0	1.7225
147	103	99	0	0	0	0	1.725
149	103	98	1	0	0	0	1.7275
148	104	98	0	0	0	0	1.73
150	103	97	1	1	0	0	1.7325
149	103	97	0	1	0	0	1.735
150	101	98	1	0	1	0	1.7375
150	101	98	0	0	0	0	1.74
150	99	99	0	1	0	0	1.7425
150	99	99	0	0	0	0	1.745
151	99	99	1	0	0	0	1.7475
151	99	98	0	1	0	0	1.75
153	99	98	2	0	0	0	1.7525
153	99	99	1	0	0	0	1.755
153	99	99	0	0	0	0	1.7575
154	98	100	1	0	0	0	1.76
153	99	100	0	0	0	0	1.7625
153	99	100	0	0	0	0	1.765
152	100	100	1	1	0	0	1.7675
152	100	100	0	0	0	0	1.77
154	100	100	2	0	0	0	1.7725
154	101	100	2	1	0	0	1.775
152	102	100	0	1	0	0	1.7775
152	102	99	0	1	0	0	1.78
153	101	100	1	0	0	0	1.7825
153	101	100	1	1	0	0	1.785
153	101	100	0	0	0	0	1.7875
155	101	99	1	0	0	0	1.79
154	101	99	0	0	1	0	1.7925
154	101	98	0	1	0	0	1.795
153	102	98	0	0	0	0	1.7975
154	100	99	0	0	0	0	1.8
153	99	99	0	1	1	0	1.8025
153	98	100	0	0	0	0	1.805
153	98	100	0	0	0	0	1.8075
152	98	101	0	0	0	0	1.81
155	98	100	2	0	0	0	1.8125
157	97	101	2	0	0	0	1.815
159	96	101	2	1	0	0	1.8175
159	97	101	1	0	0	0	1.82
159	98	101	1	0	0	0	1.8225
159	98	101	0	0	0	0	1.825
158	98	102	0	0	0	0	1.8275
159	98	102	1	0	0	0	1.83
159	99	101	0	0	0	0	1.8325
159	99	101	1	0	1	0	1.835
160	98	101	1	0	1	0	1.8375
160	98	101	0	0	0	0	1.84
162	98	99	0	0	0	0	1.8425
161	98	100	1	0	1	0	1.845
163	98	98	0	0	0	0	1.8475
165	98	97	1	0	0	0	1.85
165	98	96	1	2	0	0	1.8525
165	98	96	0	0	0	0	1.855
165	97	97	1	0	1	0	1.8575
165	97	97	0	0	0	0	1.86
165	95	98	0	0	1	0	1.8625
164	95	97	0	1	1	0	1.865
164	94	97	0	1	0	0	1.8675
164	94	97	0	0	0	0	1.87
162	95	97	0	1	0	0	1.8725
162	96	97	1	0	0	0	1.875
161	97	97	0	0	0	0	1.8775
161	98	97	1	0	0	0	1.88
161	98	97	0	0	0	0	1.8825
161	98	96	0	1	0	0	1.885
162	98	94	0	1	0	0	1.8875
161	98	94	0	1	0	0	1.89
161	99	93	1	1	0	0	1.8925
158	102	93	0	0	0	0	1.895
158	103	93	1	0	0	0	1.8975
160	103	93	2	0	0	0	1.9
159	104	93	0	0	0	0	1.9025
160	103	94	1	0	0	0	1.905
159	102	94	0	1	1	0	1.9075
159	102	95	1	0	0	0	1.91
157	102	96	0	1	0	0	1.9125
159	103	95	3	1	0	0	1.915
159	102	94	1	2	1	0	1.9175
160	101	95	1	0	0	0	1.92
160	102	95	1	0	0	0	1.9225
160	102	96	1	0	0	0	1.925
160	101	96	0	1	0	0	1.9275
160	101	96	0	0	0	0	1.93
160	101	96	0	0	0	0	1.9325
161	101	96	1	0	0	0	1.935
160	102	96	0	0	0	0	1.9375
161	100	96	0	1	0	0	1.94
162	100	96	1	0	0	0	1.9425
162	100	96	0	0	0	0	1.945
162	98	95	0	2	1	0	1.9475
160	100	94	0	1	0	0	1.95
159	101	94	0	0	0	0	1.9525
159	100	95	0	0	0	0	1.955
159	100	95	0	0	0	0	1.9575
158	100	96	0	0	0	0	1.96
158	99	95	0	2	0	0	1.9625
158	99	95	0	0	0	0	1.965
159	98	95	1	1	0	0	1.9675
159	98	95	0	0	0	0	1.97
159	97	95	0	1	0	0	1.9725
160	98	95	2	0	0	0	1.975
160	98	96	1	0	0	0	1.9775
159	99	96	0	0	0	0	1.98
157	100	96	0	1	0	0	1.9825
160	100	96	3	0	0	0	1.985
159	101	97	1	0	0	0	1.9875
158	102	97	0	0	0	0	1.99
157	103	97	0	0	0	0	1.9925
157	102	98	0	0	0	0	1.995
159	102	97	1	0	0	0	1.9975
159	103	97	1	0	0	0	2
156	104	97	1	3	0	0	2.0025
157	105	97	2	0	0	0	2.005
160	105	95	2	1	0	0	2.0075
159	105	96	0	0	0	0	2.01
158	106	96	0	0	0	0	2.0125
158	106	96	0	0	0	0	2.015
157	106	96	0	1	0	0	2.0175
158	106	96	1	0	0	0	2.02
159	106	95	0	0	0	0	2.0225
159	105	96	0	0	0	0	2.025
158	106	97	1	0	0	0	2.0275
158	104	99	0	0	0	0	2.03
157	104	100	0	0	0	0	2.0325
156	104	100	0	0	1	0	2.035
157	103	101	1	0	0	0	2.0375
158	103	101	1	0	0	0	2.04
160	102	100	0	0	0	0	2.0425
161	102	100	1	0	0	0	2.045
161	102	100	0	0	0	0	2.0475
160	103	99	0	1	0	0	2.05
160	103	99	0	0	0	0	2.0525
162	103	98	1	0	0	0	2.055
163	103	98	1	0	0	0	2.0575
163	103	98	0	0	0	0	2.06
165	103	97	1	0	0	0	2.0625
163	104	97	0	1	0	0	2.065
163	103	98	0	0	0	0	2.0675
163	103	98	0	0	0	0	2.07
163	103	98	0	0	0	0	2.0725
164	103	97	1	1	0	0	2.075
164	103	97	0	0	0	0	2.0775
164	102	98	0	0	0	0	2.08
165	103	95	1	2	0	0	2.0825
165	103	95	0	0	0	0	2.085
165	103	95	0	0	0	0	2.0875
167	102	96	2	0	0	0	2.09
167	101	97	0	0	0	0	2.0925
167	101	96	0	1	0	0	2.095
165	103	96	0	0	0	0	2.0975
166	103	95	0	0	0	0	2.1
166	104	94	0	0	0	0	2.1025
167	103	94	1	1	0	0	2.105
167	103	94	0	0	0	0	2.1075
167	102	95	0	0	0	0	2.11
168	101	95	1	1	0	0	2.1125
166	103	95	0	0	0	0	2.115
167	103	95	1	0	0	0	2.1175
167	103	95	0	0	0	0	2.12
167	104	95	1	0	0	0	2.1225
166	104	95	0	1	0	0	2.125
163	105	95	0	1	1	0	2.1275
163	105	95	0	0	0	0	2.13
163	105	95	0	0	0	0	2.1325
162	105	96	0	0	0	0	2.135
162	105	96	0	0	0	0	2.1375
160	106	97	0	0	0	0	2.14
160	106	97	0	0	0	0	2.1425
160	105	97	0	0	1	0	2.145
159	106	97	0	0	0	0	2.1475
160	106	97	1	0	0	0	2.15
158	107	97	0	1	0	0	2.1525
158	107	97	1	1	0	0	2.155
158	107	97	0	0	0	0	2.1575
159	107	97	1	0	0	0	2.16
159	107	97	1	1	0	0	2.1625
158	107	97	0	1	0	0	2.165
158	106	97	1	1	1	0	2.1675
157	107	97	0	0	0	0	2.17
158	109	97	3	0	0	0	2.1725
158	109	97	0	0	0	0	2.175
156	111	97	0	0	0	0	2.1775
156	112	96	0	0	0	0	2.18
156	111	97	0	0	0	0	2.1825
157	109	97	0	1	0	0	2.185
157	109	97	1	1	0	0	2.1875
155	110	98	0	0	0	0	2.19
156	110	98	1	0	0	0	2.1925
156	109	100	1	0	0	0	2.195
154	110	100	0	1	0	0	2.1975
151	112	100	0	1	0	0	2.2
152	111	101	1	0	0	0	2.2025
152	108	103	0	1	0	0	2.205
150	109	104	0	0	0	0	2.2075
151	109	103	0	0	0	0	2.21
151	109	103	0	0	0	0	2.2125
154	108	102	2	0	1	0	2.215
153	105	101	0	5	0	0	2.2175
155	105	101	2	0	0	0	2.22
154	105	101	0	0	1	0	2.2225
153	106	101	0	0	0	0	2.225
155	106	99	0	0	0	0	2.2275
154	107	99	0	0	0	0	2.23
154	106	100	0	0	0	0	2.2325
154	106	100	0	0	0	0	2.235
154	105	101	0	0	0	0	2.2375
154	104	102	0	0	0	0	2.24
153	103	103	0	0	1	0	2.2425
152	103	103	0	1	0	0	2.245
152	103	103	0	0	0	0	2.2475
153	103	103	1	0	0	0	2.25
152	105	103	1	0	0	0	2.2525
152	105	103	0	0	0	0	2.255
154	105	102	1	0	0	0	2.2575
153	106	103	1	0	0	0	2.26
153	106	103	1	1	0	0	2.2625
154	105	102	1	2	0	0	2.265
152	106	102	0	1	0	0	2.2675
152	106	102	0	0	0	0	2.27
151	108	101	0	0	0	0	2.2725
150	109	101	0	0	0	0	2.275
149	111	100	0	0	0	0	2.2775
150	110	100	1	0	1	0	2.28
150	110	100	0	0	0	0	2.2825
150	110	100	0	0	0	0	2.285
150	109	100	0	1	0	0	2.2875
149	110	99	1	2	0	0	2.29
149	108	100	0	0	1	0	2.2925
148	108	100	0	1	0	0	2.295
147	109	99	0	1	0	0	2.2975
146	110	98	0	1	0	0	2.3
147	110	98	1	0	0	0	2.3025
146	110	98	0	0	1	0	2.305
147	110	98	1	0	0	0	2.3075
147	109	98	0	0	1	0	2.31
147	110	98	1	0	0	0	2.3125
147	111	97	0	0	0	0	2.315
146	112	97	0	0	0	0	2.3175
145	113	96	0	1	0	0	2.32
145	112	97	1	1	0	0	2.3225
145	112	97	0	0	0	0	2.325
145	112	97	0	0	0	0	2.3275
145	112	97	0	0	0	0	2.33
145	112	97	0	0	0	0	2.3325
145	112	97	0	0	0	0	2.335
145	112	97	1	1	0	0	2.3375
144	114	97	1	0	0	0	2.34
143	115	97	0	0	0	0	2.3425
143	115	97	0	0	0	0	2.345
143	113	97	0	2	0	0	2.3475
143	112	98	1	1	0	0	2.35
143	110	99	0	1	0	0	2.3525
143	109	98	0	1	1	0	2.355
143	108	98	0	1	0	0	2.3575
143	109	97	1	1	0	0	2.36
142	110	97	0	0	0	0	2.3625
141	112	96	0	0	0	0	2.365
141	112	96	0	0	0	0	2.3675
140	112	96	0	1	0	0	2.37
141	112	96	1	0	0	0	2.3725
140	112	96	0	1	0	0	2.375
140	113	95	1	1	0	0	2.3775
142	113	94	1	0	0	0	2.38
142	113	94	0	0	0	0	2.3825
144	113	94	2	0	0	0	2.385
142	115	94	0	0	0	0	2.3875
142	114	94	0	1	0	0	2.39
142	114	94	0	0	0	0	2.3925
142	115	93	0	0	0	0	2.395
142	115	93	0	0	0	0	2.3975
142	116	93	1	0	0	0	2.4
139	119	93	0	0	0	0	2.4025
137	120	93	0	1	0	0	2.405
137	120	94	1	0	0	0	2.4075
139	120	94	2	0	0	0	2.41
141	120	94	2	0	0	0	2.4125
141	119	94	0	1	0	0	2.415
140	119	95	0	0	0	0	2.4175
142	119	95	2	0	0	0	2.42
143	117	96	1	1	0	0	2.4225
142	117	96	0	1	0	0	2.425
142	117	96	1	1	0	0	2.4275
141	118	96	1	1	0	0	2.43
141	118	96	1	0	1	0	2.4325
140	119	96	0	0	0	0	2.435
140	119	96	0	0	0	0	2.4375
141	118	95	0	0	1	0	2.44
140	116	98	0	0	0	0	2.4425
139	117	98	0	0	0	0	2.445
137	118	98	0	1	0	0	2.4475
137	117	99	0	0	0	0	2.45
138	115	100	1	1	0	0	2.4525
137	116	100	0	0	0	0	2.455
136	115	100	0	2	0	0	2.4575
136	112	103	0	0	0	0	2.46
138	112	102	1	0	0	0	2.4625
137	114	102	1	0	0	0	2.465
137	113	102	0	1	0	0	2.4675
136	113	101	0	2	0	0	2.47
135	113	101	0	0	1	0	2.4725
134	113	102	0	0	0	0	2.475
134	113	102	0	0	0	0	2.4775
134	112	102	0	0	1	0	2.48
134	112	102	0	0	0	0	2.4825
133	112	102	0	0	1	0	2.485
134	112	101	1	1	0	0	2.4875
134	113	101	1	0	0	0	2.49
134	111	101	0	0	2	0	2.4925
133	111	101	0	1	0	0	2.495
134	111	100	0	0	0	0	2.4975
134	110	99	0	2	0	0	2.5
134	108	100	0	1	0	0	2.5025
134	108	99	0	1	0	0	2.505
135	106	101	1	0	0	0	2.5075
135	106	100	0	0	1	0	2.51
136	106	100	1	0	0	0	2.5125
136	106	99	0	1	0	0	2.515
136	106	99	0	0	0	0	2.5175
136	105	99	0	1	0	0	2.52
136	105	99	0	0	0	0	2.5225
138	105	99	2	0	0	0	2.525
140	105	99	2	0	0	0	2.5275
140	106	99	1	0	0	0	2.53
140	107	99	1	0	0	0	2.5325
141	107	98	1	0	1	0	2.535
141	106	98	0	0	1	0	2.5375
141	107	98	1	0	0	0	2.54
143	106	98	2	0	1	0	2.5425
142	106	99	0	0	0	0	2.545
141	105	100	0	1	0	0	2.5475
142	104	99	0	0	1	0	2.55
141	103	101	0	0	0	0	2.5525
141	103	101	0	0	0	0	2.555
142	103	101	1	0	0	0	2.5575
141	103	101	0	0	1	0	2.56
140	103	101	0	0	1	0	2.5625
139	104	101	1	0	1	0	2.565
138	103	102	0	1	0	0	2.5675
138	102	102	0	0	1	0	2.57
138	102	102	0	0	0	0	2.5725
138	102	101	0	1	0	0	2.575
139	101	100	1	2	0	0	2.5775
139	101	100	0	0	0	0	2.58
139	100	101	2	1	1	0	2.5825
139	101	100	0	0	0	0	2.585
140	101	100	1	0	0	0	2.5875
140	102	99	0	0	0	0	2.59
140	104	99	2	0	0	0	2.5925
138	106	99	0	0	0	0	2.595
139	106	98	0	0	0	0	2.5975
140	105	97	0	1	0	0	2.6
139	106	97	0	0	0	0	2.6025
140	103	99	1	1	0	0	2.605
140	103	99	0	0	0	0	2.6075
140	102	100	0	0	0	0	2.61
139	102	100	0	0	1	0	2.6125
139	102	100	0	0	0	0	2.615
140	101	99	0	0	1	0	2.6175
140	101	99	0	0	0	0	2.62
140	101	99	0	0	0	0	2.6225
137	105	99	1	0	0	0	2.625
137	104	100	0	0	0	0	2.6275
137	104	100	0	0	0	0	2.63
137	104	99	0	1	0	0	2.6325
135	105	99	0	1	0	0	2.635
135	105	99	0	0	0	0	2.6375
136	104	99	1	1	0	0	2.64
134	104	100	1	2	0	0	2.6425
134	104	100	0	0	0	0	2.645
135	104	99	0	0	0	0	2.6475
135	104	99	0	0	0	0	2.65
135	102	100	0	1	0	0	2.6525
135	103	100	1	0	0	0	2.655
136	103	100	1	0	0	0	2.6575
137	103	98	0	1	0	0	2.66
138	101	99	1	0	1	0	2.6625
138	102	99	1	0	0	0	2.665
139	101	98	0	1	0	0	2.6675
139	100	98	0	0	1	0	2.67
137	102	98	0	0	0	0	2.6725
137	102	98	0	0	0	0	2.675
137	101	98	0	1	0	0	2.6775
135	102	98	0	1	0	0	2.68
135	101	99	0	0	0	0	2.6825
135	101	99	0	0	0	0	2.685
134	102	99	0	0	0	0	2.6875
133	103	99	0	0	0	0	2.69
133	103	99	0	0	0	0	2.6925
132	102	99	0	0	2	0	2.695
133	102	98	0	0	0	0	2.6975
133	102	98	0	0	0	0	2.7
134	101	100	2	0	0	0	2.7025
135	101	100	1	0	0	0	2.705
135	101	100	0	0	0	0	2.7075
136	100	99	0	1	0	0	2.71
137	99	100	1	0	0	0	2.7125
136	99	100	0	1	0	0	2.715
137	99	100	1	0	0	0	2.7175
137	99	100	0	0	0	0	2.72
137	99	100	0	0	0	0	2.7225
137	99	100	0	0	0	0	2.725
137	99	100	0	0	0	0	2.7275
136	99	101	0	0	0	0	2.73
136	98	101	0	0	1	0	2.7325
136	98	101	0	0	0	0	2.735
137	98	101	1	0	0	0	2.7375
137	97	101	0	1	0	0	2.74
137	98	100	0	0	0	0	2.7425
137	98	100	0	0	0	0	2.745
138	98	100	1	0	0	0	2.7475
139	98	100	1	0	0	0	2.75
137	100	100	0	0	0	0	2.7525
138	100	99	0	0	0	0	2.755
138	101	99	1	0	0	0	2.7575
138	101	98	1	1	1	0	2.76
137	102	98	0	0	0	0	2.7625
137	100	98	0	1	1	0	2.765
137	100	98	0	0	0	0	2.7675
137	100	98	0	0	0	0	2.77
139	100	98	3	1	0	0	2.7725
138	101	98	0	0	0	0	2.775
137	102	98	0	0	0	0	2.7775
137	102	98	0	0	0	0	2.78
136	103	98	0	0	0	0	2.7825
136	103	98	0	0	0	0	2.785
137	103	98	1	0	0	0	2.7875
137	102	98	0	0	1	0	2.79
136	102	99	0	0	0	0	2.7925
133	105	99	0	0	0	0	2.795
131	105	100	0	0	1	0	2.7975
130	107	99	0	0	0	0	2.8
130	107	99	0	0	0	0	2.8025
129	108	99	0	0	0	0	2.805
129	108	99	0	0	0	0	2.8075
129	107	99	0	0	1	0	2.81
129	108	99	1	0	0	0	2.8125
129	107	99	0	1	0	0	2.815
131	106	100	2	0	0	0	2.8175
130	107	100	0	0	0	0	2.82
130	108	99	1	1	0	0	2.8225
131	108	99	2	1	0	0	2.825
132	108	98	0	0	0	0	2.8275
132	107	98	0	1	0	0	2.83
131	107	98	0	1	0	0	2.8325
130	109	98	1	0	0	0	2.835
129	110	98	0	0	0	0	2.8375
129	110	98	0	0	0	0	2.84
129	110	99	1	0	0	0	2.8425
130	110	99	1	0	0	0	2.845
130	109	99	0	0	1	0	2.8475
130	109	99	0	0	0	0	2.85
129	109	98	0	2	0	0	2.8525
129	109	97	0	1	0	0	2.855
129	110	97	1	0	0	0	2.8575
131	110	96	2	1	0	0	2.86
132	111	95	1	0	0	0	2.8625
132	111	95	0	0	0	0	2.865
131	111	95	0	1	0	0	2.8675
131	111	95	0	0	0	0	2.87
132	112	95	2	0	0	0	2.8725
132	110	96	0	1	0	0	2.875
134	110	96	2	0	0	0	2.8775
135	110	96	1	0	0	0	2.88
135	110	96	0	0	0	0	2.8825
135	109	96	0	1	0	0	2.885
133	109	96	0	1	1	0	2.8875
133	109	96	1	0	1	0	2.89
133	109	96	0	0	0	0	2.8925
133	109	96	0	0	0	0	2.895
133	109	95	0	1	0	0	2.8975
132	108	96	0	1	0	0	2.9
132	107	97	0	0	0	0	2.9025
134	107	97	2	0	0	0	2.905
134	107	97	0	0	0	0	2.9075
133	105	98	0	1	1	0	2.91
133	105	98	0	0	0	0	2.9125
132	106	98	0	0	0	0	2.915
133	106	98	1	0	0	0	2.9175
133	105	98	0	1	0	0	2.92
133	105	98	0	0	0	0	2.9225
131	107	98	0	0	0	0	2.925
130	107	99	0	0	0	0	2.9275
131	106	99	1	1	0	0	2.93
132	106	97	0	1	0	0	2.9325
132	106	97	0	0	0	0	2.935
132	106	97	0	0	0	0	2.9375
132	106	98	1	0	0	0	2.94
132	107	97	0	0	0	0	2.9425
132	106	98	0	0	0	0	2.945
132	106	98	1	1	0	0	2.9475
132	105	98	0	0	1	0	2.95
130	106	98	1	2	0	0	2.9525
129	104	100	0	1	0	0	2.955
129	104	100	0	0	0	0	2.9575
129	103	101	0	0	0	0	2.96
129	103	101	1	1	0	0	2.9625
129	104	100	0	0	0	0	2.965
130	104	100	1	0	0	0	2.9675
130	105	100	1	0	0	0	2.97
131	104	100	0	0	0	0	2.9725
131	104	100	0	0	0	0	2.975
131	105	100	1	0	0	0	2.9775
131	104	102	1	0	0	0	2.98
132	104	102	1	0	0	0	2.9825
133	104	102	1	0	0	0	2.985
132	104	102	0	1	0	0	2.9875
132	103	102	0	1	0	0	2.99
133	103	102	1	0	0	0	2.9925
133	103	102	0	0	0	0	2.995
133	103	101	0	1	0	0	2.9975
133	102	101	0	1	0	0	3
134	101	102	1	0	0	0	3.0025
133	102	102	0	0	0	0	3.005
134	103	101	2	1	0	0	3.0075
131	105	101	0	1	0	0	3.01
130	105	101	0	1	0	0	3.0125
130	105	101	0	0	0	0	3.015
129	106	101	0	0	0	0	3.0175
129	107	101	1	0	0	0	3.02
129	107	100	0	1	0	0	3.0225
129	107	100	0	0	0	0	3.025
129	106	100	0	1	0	0	3.0275
130	106	100	1	0	0	0	3.03
129	106	100	0	0	1	0	3.0325
129	106	100	0	0	0	0	3.035
130	105	100	1	0	1	0	3.0375
129	105	100	0	1	0	0	3.04
129	105	100	0	0	0	0	3.0425
129	106	99	0	0	0	0	3.045
129	106	99	1	1	0	0	3.0475
131	106	99	2	0	0	0	3.05
130	107	99	0	0	0	0	3.0525
131	107	99	1	0	0	0	3.055
132	106	100	1	0	0	0	3.0575
132	106	100	0	0	0	0	3.06
133	107	100	2	0	0	0	3.0625
131	105	102	0	2	0	0	3.065
131	107	102	2	0	0	0	3.0675
131	107	102	0	0	0	0	3.07
132	106	103	1	0	0	0	3.0725
131	106	103	0	1	0	0	3.075
131	106	103	0	0	0	0	3.0775
132	105	102	1	2	0	0	3.08
132	105	102	0	0	0	0	3.0825
131	105	101	0	2	0	0	3.085
130	106	100	0	1	0	0	3.0875
129	107	100	1	1	0	0	3.09
129	104	100	1	3	1	0	3.0925
127	105	100	0	1	0	0	3.095
126	106	99	0	1	0	0	3.0975
125	106	100	0	0	0	0	3.1
125	106	100	0	0	0	0	3.1025
125	106	101	1	0	0	0	3.105
125	106	101	0	0	0	0	3.1075
124	106	102	0	0	0	0	3.11
124	106	103	1	0	0	0	3.1125
124	105	104	0	0	0	0	3.115
125	104	105	1	0	0	0	3.1175
126	104	105	1	0	0	0	3.12
125	104	106	0	0	0	0	3.1225
125	105	105	0	0	0	0	3.125
125	106	104	0	0	0	0	3.1275
124	107	104	1	1	0	0	3.13
124	107	104	0	0	0	0	3.1325
125	107	104	1	0	0	0	3.135
125	108	102	0	1	0	0	3.1375
125	107	102	1	2	0	0	3.14
124	108	102	0	0	0	0	3.1425
124	108	102	0	0	0	0	3.145
124	106	104	1	0	1	0	3.1475
126	106	104	2	0	0	0	3.15
125	106	104	0	1	0	0	3.1525
125	106	104	0	0	0	0	3.155
125	105	105	0	0	0	0	3.1575
124	106	105	0	0	0	0	3.16
123	106	105	0	1	0	0	3.1625
124	106	105	1	0	0	0	3.165
124	106	105	0	0	0	0	3.1675
124	107	105	2	1	0	0	3.17
125	106	104	1	1	1	0	3.1725
125	106	104	0	0	0	0	3.175
126	106	103	0	0	0	0	3.1775
124	106	105	0	0	0	0	3.18
124	105	106	0	0	0	0	3.1825
124	105	106	0	0	0	0	3.185
124	107	106	2	0	0	0	3.1875
125	106	105	0	1	0	0	3.19
125	106	105	0	0	0	0	3.1925
126	106	105	1	0	0	0	3.195
127	105	104	0	0	1	0	3.1975
123	108	105	0	0	0	0	3.2
123	107	105	0	1	0	0	3.2025
123	105	106	0	1	0	0	3.205
123	105	105	0	1	0	0	3.2075
125	105	105	2	0	0	0	3.21
126	105	105	1	0	0	0	3.2125
127	105	105	1	0	0	0	3.215
127	105	105	0	0	0	0	3.2175
126	105	105	0	0	1	0	3.22
124	106	105	0	1	0	0	3.2225
123	106	106	0	0	0	0	3.225
123	106	106	0	0	0	0	3.2275
123	104	107	0	1	0	0	3.23
122	104	107	0	1	0	0	3.2325
121	104	106	0	2	0	0	3.235
120	104	107	1	0	1	0	3.2375
120	105	106	0	0	0	0	3.24
120	104	106	0	1	0	0	3.2425
120	104	106	0	0	0	0	3.245
121	103	107	1	0	0	0	3.2475
121	103	107	0	0	0	0	3.25
120	102	108	0	1	0	0	3.2525
120	103	107	0	0	0	0	3.255
118	105	107	0	0	0	0	3.2575
118	106	106	0	0	0	0	3.26
117	107	106	0	0	0	0	3.2625
117	107	106	0	0	0	0	3.265
117	107	106	0	0	0	0	3.2675
116	108	105	0	1	0	0	3.27
115	107	106	0	1	0	0	3.2725
117	107	106	2	0	0	0	3.275
117	107	106	0	0	0	0	3.2775
117	106	106	0	0	1	0	3.28
117	104	107	0	0	1	0	3.2825
118	104	107	1	0	0	0	3.285
119	103	107	0	0	0	0	3.2875
119	103	107	0	0	0	0	3.29
120	102	106	1	2	0	0	3.2925
120	102	106	0	0	0	0	3.295
120	103	105	1	1	0	0	3.2975
119	99	106	0	4	0	0	3.3
118	99	106	0	1	0	0	3.3025
118	98	106	1	2	0	0	3.305
118	98	106	0	0	0	0	3.3075
120	98	105	1	0	0	0	3.31
120	99	105	1	0	0	0	3.3125
120	99	105	0	0	0	0	3.315
119	99	105	0	1	0	0	3.3175
118	100	105	0	0	0	0	3.32
118	99	105	0	1	0	0	3.3225
118	97	107	0	0	0	0	3.325
117	98	107	0	0	0	0	3.3275
118	98	107	1	0	0	0	3.33
118	98	107	0	0	0	0	3.3325
118	96	108	0	0	1	0	3.335
116	98	108	0	0	0	0	3.3375
114	99	108	0	1	0	0	3.34
113	101	107	0	0	0	0	3.3425
113	103	105	0	0	0	0	3.345
113	103	105	0	0	0	0	3.3475
113	103	105	0	0	0	0	3.35
112	104	103	0	2	0	0	3.3525
112	102	103	0	1	1	0	3.355
112	102	103	0	0	0	0	3.3575
112	103	103	1	0	0	0	3.36
113	103	102	0	0	0	0	3.3625
114	103	102	1	0	0	0	3.365
114	103	102	0	0	0	0	3.3675
115	103	101	0	0	0	0	3.37
114	103	101	0	1	0	0	3.3725
114	103	101	0	0	0	0	3.375
114	104	100	0	0	0	0	3.3775
113	105	100	0	0	0	0	3.38
114	103	102	1	0	0	0	3.3825
114	101	103	0	0	1	0	3.385
114	102	103	1	0	0	0	3.3875
112	103	103	0	1	0	0	3.39
112	101	105	0	0	0	0	3.3925
112	101	105	0	0	0	0	3.395
111	102	105	0	0	0	0	3.3975
111	102	105	0	0	0	0	3.4
111	102	105	0	0	0	0	3.4025
111	102	104	0	1	0	0	3.405
110	102	104	0	1	0	0	3.4075
110	101	105	0	0	0	0	3.41
111	101	105	1	0	0	0	3.4125
111	101	105	0	0	0	0	3.415
111	101	105	0	0	0	0	3.4175
110	99	107	0	1	0	0	3.42
111	99	107	1	0	0	0	3.4225
111	99	107	0	0	0	0	3.425
111	98	108	0	0	0	0	3.4275
110	99	108	0	0	0	0	3.43
109	100	108	0	0	0	0	3.4325
110	100	109	2	0	0	0	3.435
111	100	109	1	0	0	0	3.4375
112	99	108	0	0	1	0	3.44
111	100	107	0	1	0	0	3.4425
111	99	108	0	0	0	0	3.445
112	99	108	1	0	0	0	3.4475
110	101	108	0	0	0	0	3.45
110	102	107	1	1	0	0	3.4525
108	104	107	0	0	0	0	3.455
107	104	107	0	1	0	0	3.4575
107	104	107	0	0	0	0	3.46
108	104	107	1	0	0	0	3.4625
107	104	108	0	0	0	0	3.465
107	104	108	0	0	0	0	3.4675
106	104	109	1	1	0	0	3.47
105	105	109	0	0	0	0	3.4725
105	105	108	0	1	0	0	3.475
103	107	108	1	1	0	0	3.4775
103	107	108	0	0	0	0	3.48
103	106	108	0	0	1	0	3.4825
105	105	108	2	1	0	0	3.485
105	103	108	0	0	2	0	3.4875
106	102	109	1	0	0	0	3.49
106	102	110	1	0	0	0	3.4925
106	100	111	0	1	0	0	3.495
104	102	111	0	0	0	0	3.4975
104	102	111	0	0	0	0	3.5
103	102	112	0	0	0	0	3.5025
104	102	111	0	0	0	0	3.505
105	102	111	1	0	0	0	3.5075
105	102	111	0	0	0	0	3.51
106	101	111	1	1	0	0	3.5125
107	100	112	1	0	0	0	3.515
108	99	111	1	2	0	0	3.5175
108	97	111	0	2	0	0	3.52
109	97	111	1	0	0	0	3.5225
107	98	111	0	1	0	0	3.525
108	97	111	0	0	0	0	3.5275
107	98	110	0	1	0	0	3.53
107	98	110	0	0	0	0	3.5325
109	97	111	2	0	0	0	3.535
108	96	111	0	2	0	0	3.5375
109	96	111	1	0	0	0	3.54
109	96	111	0	0	0	0	3.5425
108	97	111	0	0	0	0	3.545
105	99	111	0	1	0	0	3.5475
105	99	111	1	1	0	0	3.55
105	99	111	1	0	1	0	3.5525
106	98	111	0	0	0	0	3.555
107	98	111	1	0	0	0	3.5575
107	97	111	0	1	0	0	3.56
109	96	111	1	0	0	0	3.5625
109	96	111	0	0	0	0	3.565
110	96	110	0	0	0	0	3.5675
111	96	110	1	0	0	0	3.57
111	95	111	0	0	0	0	3.5725
111	95	111	0	0	0	0	3.575
111	94	110	0	2	0	0	3.5775
111	94	110	0	0	0	0	3.58
111	94	110	1	1	0	0	3.5825
111	94	109	0	1	0	0	3.585
112	92	111	1	0	0	0	3.5875
111	93	111	0	0	0	0	3.59
110	94	110	0	1	0	0	3.5925
111	93	110	0	0	0	0	3.595
109	95	110	0	0	0	0	3.5975
108	96	110	0	0	0	0	3.6
106	96	111	0	1	0	0	3.6025
105	97	111	0	0	0	0	3.605
105	97	111	0	0	0	0	3.6075
106	96	111	0	0	0	0	3.61
105	96	111	0	1	0	0	3.6125
105	94	113	0	0	0	0	3.615
105	93	112	0	1	1	0	3.6175
106	93	112	1	0	0	0	3.62
107	92	111	0	1	0	0	3.6225
109	92	110	1	0	0	0	3.625
109	93	110	1	0	0	0	3.6275
109	93	110	0	0	0	0	3.63
109	92	110	0	1	0	0	3.6325
110	91	110	1	0	1	0	3.635
110	91	110	0	0	0	0	3.6375
111	90	110	0	0	0	0	3.64
109	91	110	0	1	0	0	3.6425
110	91	110	1	0	0	0	3.645
110	91	110	0	0	0	0	3.6475
110	90	110	0	1	0	0	3.65
108	91	110	0	0	1	0	3.6525
108	90	111	0	0	0	0	3.655
108	90	110	0	1	0	0	3.6575
108	90	110	0	0	0	0	3.66
107	91	110	0	0	0	0	3.6625
107	91	109	0	1	0	0	3.665
108	91	108	0	0	0	0	3.6675
108	90	109	0	0	0	0	3.67
109	90	109	1	0	0	0	3.6725
110	90	108	1	1	0	0	3.675
110	91	108	1	0	0	0	3.6775
109	92	108	0	0	0	0	3.68
110	92	107	1	1	0	0	3.6825
111	90	107	1	1	1	0	3.685
112	90	107	1	0	0	0	3.6875
111	91	107	0	0	0	0	3.69
111	92	107	1	0	0	0	3.6925
111	92	107	0	0	0	0	3.695
110	91	108	0	0	1	0	3.6975
112	91	108	2	0	0	0	3.7
111	92	108	0	0	0	0	3.7025
113	91	107	1	1	0	0	3.705
113	91	107	0	0	0	0	3.7075
113	89	109	0	0	0	0	3.71
113	88	109	0	1	0	0	3.7125
115	87	110	2	0	0	0	3.715
114	88	110	0	0	0	0	3.7175
114	88	110	0	0	0	0	3.72
115	88	109	0	0	0	0	3.7225
113	88	111	0	0	0	0	3.725
113	88	110	0	1	0	0	3.7275
113	88	110	0	0	0	0	3.73
112	89	110	0	0	0	0	3.7325
111	90	110	0	0	0	0	3.735
112	90	110	1	0	0	0	3.7375
111	89	111	0	1	0	0	3.74
113	89	110	1	0	0	0	3.7425
112	89	110	0	1	0	0	3.745
113	89	109	0	0	0	0	3.7475
113	89	109	1	1	0	0	3.75
113	89	109	0	0	0	0	3.7525
113	88	109	0	0	1	0	3.755
114	88	109	1	0	0	0	3.7575
115	88	109	1	0	0	0	3.76
115	87	110	0	0	0	0	3.7625
115	87	110	0	0	0	0	3.765
117	87	108	0	0	0	0	3.7675
116	88	108	0	0	0	0	3.77
115	88	108	0	0	1	0	3.7725
115	88	108	0	0	0	0	3.775
116	88	108	1	0	0	0	3.7775
115	87	109	0	1	0	0	3.78
115	87	109	0	0	0	0	3.7825
115	86	109	1	0	2	0	3.785
115	85	110	0	0	0	0	3.7875
116	85	110	1	0	0	0	3.79
115	85	110	0	1	0	0	3.7925
116	84	110	1	0	1	0	3.795
115	85	110	0	0	0	0	3.7975
116	85	110	1	0	0	0	3.8
113	86	111	0	1	0	0	3.8025
114	86	111	1	0	0	0	3.805
117	85	110	2	1	0	0	3.8075
117	85	110	0	0	0	0	3.81
117	84	111	0	0	0	0	3.8125
117	83	111	0	1	0	0	3.815
118	82	111	0	0	0	0	3.8175
118	82	111	0	0	0	0	3.82
118	82	110	0	1	0	0	3.8225
119	82	109	0	0	0	0	3.825
119	82	109	0	0	0	0	3.8275
119	82	109	0	0	0	0	3.83
118	83	109	0	0	0	0	3.8325
117	83	109	0	1	0	0	3.835
117	83	109	0	0	0	0	3.8375
117	82	109	0	1	0	0	3.84
116	83	108	0	1	0	0	3.8425
115	84	108	0	0	0	0	3.845
115	85	108	1	0	0	0	3.8475
113	86	108	0	1	0	0	3.85
113	86	108	0	0	0	0	3.8525
114	86	108	1	0	0	0	3.855
116	86	106	1	1	0	0	3.8575
118	86	106	2	0	0	0	3.86
118	85	107	0	0	0	0	3.8625
117	85	108	0	0	0	0	3.865
120	85	105	1	1	0	0	3.8675
121	83	107	1	0	0	0	3.87
121	83	106	0	1	0	0	3.8725
121	83	106	0	0	0	0	3.875
121	82	107	0	0	0	0	3.8775
121	82	107	0	0	0	0	3.88
120	83	107	0	0	0	0	3.8825
118	84	108	0	0	0	0	3.885
119	83	109	1	0	0	0	3.8875
119	84	109	1	0	0	0	3.89
120	83	108	1	1	1	0	3.8925
120	83	108	0	0	0	0	3.895
120	83	108	0	0	0	0	3.8975
121	82	109	1	0	0	0	3.9
121	80	109	0	1	1	0	3.9025
121	80	109	0	0	0	0	3.905
120	81	109	0	0	0	0	3.9075
120	81	109	0	0	0	0	3.91
120	80	109	1	1	1	0	3.9125
121	79	108	1	2	0	0	3.915
121	78	108	0	1	0	0	3.9175
121	78	107	1	1	1	0	3.92
121	79	107	1	0	0	0	3.9225
122	79	107	1	0	0	0	3.925
122	79	106	0	1	0	0	3.9275
122	79	106	0	0	0	0	3.93
121	80	106	0	0	0	0	3.9325
121	79	107	1	1	0	0	3.935
122	79	107	1	0	0	0	3.9375
122	79	107	0	0	0	0	3.94
123	79	107	1	0	0	0	3.9425
123	78	107	0	1	0	0	3.945
123	79	106	0	0	0	0	3.9475
123	79	106	0	0	0	0	3.95
123	79	106	0	0	0	0	3.9525
122	80	106	0	0	0	0	3.955
121	81	105	0	1	0	0	3.9575
120	81	105	0	1	0	0	3.96
120	80	105	0	1	0	0	3.9625
120	80	105	0	0	0	0	3.965
121	81	104	1	0	0	0	3.9675
120	82	104	0	0	0	0	3.97
120	80	105	0	1	0	0	3.9725
118	82	105	0	0	0	0	3.975
118	82	105	0	0	0	0	3.9775
119	82	104	1	1	0	0	3.98
120	82	104	1	0	0	0	3.9825
120	81	105	0	0	0	0	3.985
122	81	104	1	0	0	0	3.9875
123	81	103	0	0	0	0	3.99
122	82	103	0	0	0	0	3.9925
121	83	103	0	0	0	0	3.995
121	83	103	0	0	0	0	3.9975
121	84	103	1	0	0	0	4
121	85	103	1	0	0	0	4.0025
122	85	103	1	0	0	0	4.005
121	87	103	1	0	0	0	4.0075
121	87	103	0	0	0	0	4.01
124	87	103	3	0	0	0	4.0125
123	87	103	0	1	0	0	4.015
125	87	101	0	0	0	0	4.0175
125	87	100	0	1	0	0	4.02
124	88	100	0	0	0	0	4.0225
123	89	100	0	0	0	0	4.025
123	89	100	0	0	0	0	4.0275
123	89	100	0	0	0	0	4.03
123	89	100	0	0	0	0	4.0325
122	90	100	0	0	0	0	4.035
122	90	100	0	0	0	0	4.0375
122	88	101	0	0	1	0	4.04
121	86	103	0	1	0	0	4.0425
121	85	101	0	2	1	0	4.045
121	86	100	0	0	0	0	4.0475
121	86	100	0	0	0	0	4.05
121	86	99	0	1	0	0	4.0525
122	86	98	0	0	0	0	4.055
123	86	98	1	0	0	0	4.0575
122	85	98	0	2	0	0	4.06
122	84	98	0	0	1	0	4.0625
122	84	98	0	0	0	0	4.065
121	85	98	0	0	0	0	4.0675
120	85	98	0	1	0	0	4.07
118	87	98	0	0	0	0	4.0725
118	88	98	1	0	0	0	4.075
118	89	98	1	0	0	0	4.0775
118	89	98	0	0	0	0	4.08
117	91	97	0	0	0	0	4.0825
116	92	97	0	0	0	0	4.085
117	92	97	1	0	0	0	4.0875
118	92	97	1	0	0	0	4.09
119	92	96	1	1	0	0	4.0925
119	92	96	0	0	0	0	4.095
120	92	96	1	0	0	0	4.0975
118	93	96	0	1	0	0	4.1
118	94	96	1	0	0	0	4.1025
118	95	95	0	0	0	0	4.105
119	95	95	1	0	0	0	4.1075
119	95	95	1	1	0	0	4.11
120	95	94	1	1	0	0	4.1125
120	95	94	0	0	0	0	4.115
121	94	93	0	1	0	0	4.1175
122	94	93	1	0	0	0	4.12
123	96	92	2	0	0	0	4.1225
123	96	92	0	0	0	0	4.125
123	96	92	0	0	0	0	4.1275
123	96	92	0	0	0	0	4.13
123	94	92	0	1	1	0	4.1325
123	94	92	0	0	0	0	4.135
122	95	91	0	1	0	0	4.1375
121	95	90	0	2	0	0	4.14
122	95	90	1	0	0	0	4.1425
122	95	90	0	0	0	0	4.145
120	95	90	0	2	0	0	4.1475
120	95	90	0	0	0	0	4.15
120	95	90	0	0	0	0	4.1525
120	95	90	0	0	0	0	4.155
118	97	90	0	0	0	0	4.1575
118	98	90	1	0	0	0	4.16
118	98	90	0	0	0	0	4.1625
116	99	90	0	1	0	0	4.165
116	98	90	0	1	0	0	4.1675
116	99	90	1	0	0	0	4.17
118	98	91	2	0	0	0	4.1725
117	99	91	0	0	0	0	4.175
117	100	91	1	0	0	0	4.1775
116	100	91	0	0	1	0	4.18
117	100	90	1	1	0	0	4.1825
118	100	90	1	0	0	0	4.185
118	99	91	0	0	0	0	4.1875
119	99	90	0	0	0	0	4.19
119	99	90	0	0	0	0	4.1925
118	99	91	0	0	0	0	4.195
118	99	91	0	0	0	0	4.1975
118	99	90	0	1	0	0	4.2
118	99	90	0	0	0	0	4.2025
118	99	90	0	0	0	0	4.205
118	100	90	1	0	0	0	4.2075
117	98	90	0	2	1	0	4.21
117	97	91	0	0	0	0	4.2125
116	98	91	0	0	0	0	4.215
115	99	91	0	0	0	0	4.2175
115	97	93	0	0	0	0	4.22
114	95	93	0	1	2	0	4.2225
114	94	94	0	0	0	0	4.225
113	95	94	0	0	0	0	4.2275
112	97	94	1	0	0	0	4.23
112	96	94	0	1	0	0	4.2325
112	96	94	0	0	0	0	4.235
112	97	93	0	0	0	0	4.2375
112	97	93	0	0	0	0	4.24
113	97	92	0	0	0	0	4.2425
114	96	93	1	0	0	0	4.245
115	96	93	1	0	0	0	4.2475
116	96	91	0	1	0	0	4.25
117	95	91	0	0	0	0	4.2525
116	95	90	0	1	1	0	4.255
114	98	89	0	0	0	0	4.2575
114	98	89	0	0	0	0	4.26
113	98	89	0	0	1	0	4.2625
112	99	89	0	0	0	0	4.265
114	99	88	2	1	0	0	4.2675
114	99	89	1	0	0	0	4.27
114	97	89	0	1	1	0	4.2725
114	96	90	0	0	0	0	4.275
114	96	89	0	1	0	0	4.2775
113	96	89	0	1	0	0	4.28
113	96	89	0	0	0	0	4.2825
112	97	89	0	0	0	0	4.285
111	96	90	0	1	0	0	4.2875
111	95	91	1	1	0	0	4.29
111	95	91	0	0	0	0	4.2925
111	94	92	0	0	0	0	4.295
112	94	92	1	0	0	0	4.2975
109	95	92	0	2	0	0	4.3
110	93	93	1	1	0	0	4.3025
110	93	93	0	0	0	0	4.305
109	93	94	0	0	0	0	4.3075
110	93	93	2	2	0	0	4.31
110	93	92	0	1	0	0	4.3125
111	91	92	1	1	1	0	4.315
110	91	92	0	1	0	0	4.3175
110	89	94	0	0	0	0	4.32
110	88	95	0	0	0	0	4.3225
110	88	95	0	0	0	0	4.325
110	87	95	0	0	1	0	4.3275
110	87	95	0	0	0	0	4.33
111	88	95	2	0	0	0	4.3325
111	87	96	0	0	0	0	4.335
112	87	96	1	0	0	0	4.3375
112	87	96	0	0	0	0	4.34
112	87	96	0	0	0	0	4.3425
112	87	96	0	0	0	0	4.345
110	88	96	0	1	0	0	4.3475
111	88	96	1	0	0	0	4.35
112	88	96	1	0	0	0	4.3525
112	88	96	0	0	0	0	4.355
111	89	96	0	0	0	0	4.3575
110	90	96	0	0	0	0	4.36
111	90	96	1	0	0	0	4.3625
110	91	96	1	1	0	0	4.365
109	90	96	1	2	1	0	4.3675
108	90	96	0	1	0	0	4.37
108	88	97	0	1	0	0	4.3725
107	89	97	0	0	0	0	4.375
107	88	97	0	0	1	0	4.3775
106	88	96	0	2	0	0	4.38
105	88	96	0	0	1	0	4.3825
105	88	95	0	1	0	0	4.385
105	88	95	0	0	0	0	4.3875
105	88	95	0	0	0	0	4.39
105	88	94	0	1	0	0	4.3925
105	87	95	0	0	0	0	4.395
105	87	95	0	0	0	0	4.3975
106	87	95	1	0	0	0	4.4
106	87	95	0	0	0	0	4.4025
105	88	95	0	0	0	0	4.405
105	88	95	0	0	0	0	4.4075
105	88	95	0	0	0	0	4.41
105	88	96	2	1	0	0	4.4125
105	88	95	0	1	0	0	4.415
106	88	95	1	0	0	0	4.4175
107	89	95	2	0	0	0	4.42
108	89	95	1	0	0	0	4.4225
108	89	95	0	0	0	0	4.425
108	89	95	0	0	0	0	4.4275
108	90	94	1	1	0	0	4.43
110	90	94	2	0	0	0	4.4325
110	89	94	0	0	1	0	4.435
111	89	94	1	0	0	0	4.4375
111	89	94	0	0	0	0	4.44
112	89	93	1	1	0	0	4.4425
110	90	93	0	1	0	0	4.445
111	90	92	0	0	0	0	4.4475
111	89	91	0	2	0	0	4.45
110	90	91	0	0	0	0	4.4525
111	90	90	0	0	0	0	4.455
111	90	90	0	0	0	0	4.4575
111	88	91	0	0	1	0	4.46
111	87	92	0	0	0	0	4.4625
112	87	92	1	0	0	0	4.465
113	87	92	1	0	0	0	4.4675
114	87	92	1	0	0	0	4.47
114	85	93	0	0	1	0	4.4725
114	83	95	0	0	0	0	4.475
114	81	96	0	1	0	0	4.4775
114	81	96	0	0	0	0	4.48
115	80	95	0	1	0	0	4.4825
114	79	96	0	1	0	0	4.485
115	79	96	1	0	0	0	4.4875
115	79	96	0	0	0	0	4.49
115	79	96	0	0	0	0	4.4925
114	80	95	0	1	0	0	4.495
114	80	95	0	0	0	0	4.4975
114	81	95	1	0	0	0	4.5
115	81	94	0	0	0	0	4.5025
114	82	93	0	1	0	0	4.505
114	82	93	0	0	0	0	4.5075
114	80	93	0	1	1	0	4.51
113	82	93	1	0	0	0	4.5125
113	82	93	0	0	0	0	4.515
113	82	93	0	0	0	0	4.5175
113	82	93	0	0	0	0	4.52
114	82	92	1	1	0	0	4.5225
114	82	90	0	2	0	0	4.525
113	83	90	0	0	0	0	4.5275
114	82	89	1	2	0	0	4.53
114	82	89	0	0	0	0	4.5325
114	82	89	0	0	0	0	4.535
113	83	88	0	1	0	0	4.5375
113	83	88	0	0	0	0	4.54
115	83	86	1	1	0	0	4.5425
115	83	84	0	1	1	0	4.545
115	83	84	0	0	0	0	4.5475
114	83	84	0	1	0	0	4.55
116	83	84	2	0	0	0	4.5525
116	83	84	0	0	0	0	4.555
115	84	84	0	0	0	0	4.5575
115	84	84	0	0	0	0	4.56
115	84	83	0	1	0	0	4.5625
115	83	84	0	0	0	0	4.565
117	82	83	1	0	1	0	4.5675
117	82	83	0	0	0	0	4.57
117	81	84	0	0	0	0	4.5725
116	81	84	0	1	0	0	4.575
117	82	83	1	0	0	0	4.5775
116	81	83	0	1	1	0	4.58
118	81	82	1	0	0	0	4.5825
117	82	82	0	0	0	0	4.585
118	82	82	1	0	0	0	4.5875
119	83	81	1	0	0	0	4.59
118	84	81	0	0	0	0	4.5925
119	84	81	1	0	0	0	4.595
119	84	81	0	0	0	0	4.5975
119	85	81	1	0	0	0	4.6
120	84	81	1	0	1	0	4.6025
121	84	81	1	0	0	0	4.605
120	86	80	0	0	0	0	4.6075
120	85	80	0	1	0	0	4.61
120	84	81	0	0	0	0	4.6125
121	85	81	2	0	0	0	4.615
121	86	80	0	0	0	0	4.6175
121	86	80	0	0	0	0	4.62
121	87	79	0	0	0	0	4.6225
119	88	80	0	0	0	0	4.625
120	88	80	1	0	0	0	4.6275
120	87	80	0	0	1	0	4.63
120	87	80	0	0	0	0	4.6325
120	87	80	0	0	0	0	4.635
120	86	80	0	1	0	0	4.6375
119	87	80	0	0	0	0	4.64
117	89	80	0	0	0	0	4.6425
116	89	81	0	0	0	0	4.645
116	88	82	0	0	0	0	4.6475
116	88	82	0	0	0	0	4.65
116	88	82	0	0	0	0	4.6525
115	88	82	0	1	0	0	4.655
115	88	82	0	0	0	0	4.6575
116	88	81	0	0	0	0	4.66
115	89	81	0	0	0	0	4.6625
115	88	82	0	0	0	0	4.665
115	88	82	0	0	0	0	4.6675
114	89	82	0	0	0	0	4.67
114	88	82	0	1	0	0	4.6725
113	89	82	0	0	0	0	4.675
113	89	82	0	0	0	0	4.6775
113	89	82	0	0	0	0	4.68
112	90	82	0	0	0	0	4.6825
112	90	82	0	0	0	0	4.685
112	90	82	1	0	1	0	4.6875
112	91	81	0	0	0	0	4.69
112	91	81	0	0	0	0	4.6925
112	91	81	0	0	0	0	4.695
112	91	81	0	0	0	0	4.6975
112	91	81	0	0	0	0	4.7
111	92	81	0	0	0	0	4.7025
111	92	82	1	0	0	0	4.705
113	91	82	2	1	0	0	4.7075
112	92	82	0	0	0	0	4.71
112	93	81	0	0	0	0	4.7125
111	93	82	0	0	0	0	4.715
111	93	82	0	0	0	0	4.7175
111	93	82	0	0	0	0	4.72
108	94	82	0	2	0	0	4.7225
108	94	82	0	0	0	0	4.725
107	94	82	0	1	0	0	4.7275
107	94	82	0	0	0	0	4.73
106	95	81	0	1	0	0	4.7325
106	92	83	0	1	0	0	4.735
106	90	84	0	0	1	0	4.7375
107	91	83	2	1	0	0	4.74
106	90	84	0	1	0	0	4.7425
106	88	86	0	0	0	0	4.745
107	88	85	0	0	0	0	4.7475
108	88	85	1	0	0	0	4.75
110	89	85	3	0	0	0	4.7525
111	89	85	1	0	0	0	4.755
110	89	86	0	0	0	0	4.7575
111	89	86	1	0	0	0	4.76
111	89	86	0	0	0	0	4.7625
109	90	86	0	1	0	0	4.765
110	89	85	0	1	0	0	4.7675
111	88	85	1	0	1	0	4.77
111	88	85	0	0	0	0	4.7725
110	88	85	0	1	0	0	4.775
111	88	85	1	0	0	0	4.7775
111	88	85	0	0	0	0	4.78
111	88	85	0	0	0	0	4.7825
111	86	85	0	1	1	0	4.785
111	86	85	1	1	0	0	4.7875
111	84	86	0	1	0	0	4.79
113	84	85	1	0	0	0	4.7925
113	85	85	1	0	0	0	4.795
113	84	85	0	1	0	0	4.7975
114	83	85	1	1	0	0	4.8
114	82	85	0	1	0	0	4.8025
114	82	85	0	0	0	0	4.805
114	81	85	0	0	1	0	4.8075
113	81	85	0	1	0	0	4.81
111	81	85	0	0	2	0	4.8125
110	81	85	1	2	0	0	4.815
110	81	84	0	1	0	0	4.8175
109	82	85	1	0	0	0	4.82
109	82	85	0	0	0	0	4.8225
108	83	85	0	0	0	0	4.825
109	83	85	1	0	0	0	4.8275
108	84	85	0	0	0	0	4.83
107	85	85	0	0	0	0	4.8325
108	85	85	1	0	0	0	4.835
110	85	85	2	0	0	0	4.8375
112	85	84	1	0	0	0	4.84
113	85	84	1	0	0	0	4.8425
112	86	84	0	0	0	0	4.845
114	85	85	2	0	0	0	4.8475
114	85	85	0	0	0	0	4.85
114	86	84	0	0	0	0	4.8525
112	87	85	0	0	0	0	4.855
112	86	85	0	1	0	0	4.8575
112	86	85	0	0	0	0	4.86
111	87	85	0	0	0	0	4.8625
112	87	85	1	0	0	0	4.865
111	88	85	0	0	0	0	4.8675
111	89	84	0	0	0	0	4.87
111	89	84	0	0	0	0	4.8725
112	90	84	2	0	0	0	4.875
110	90	84	0	2	0	0	4.8775
110	90	84	0	0	0	0	4.88
110	89	85	0	0	0	0	4.8825
110	88	86	0	0	0	0	4.885
108	89	87	0	0	0	0	4.8875
108	89	87	0	0	0	0	4.89
110	88	86	1	1	0	0	4.8925
110	89	86	1	0	0	0	4.895
110	89	86	0	0	0	0	4.8975
110	89	86	0	0	0	0	4.9
109	90	86	0	0	0	0	4.9025
109	90	86	0	0	0	0	4.905
107	90	86	0	2	0	0	4.9075
106	90	87	0	0	0	0	4.91
105	91	87	0	0	0	0	4.9125
107	91	87	2	0	0	0	4.915
106	92	87	1	1	0	0	4.9175
106	92	87	0	0	0	0	4.92
105	93	87	0	0	0	0	4.9225
106	93	87	1	0	0	0	4.925
106	93	87	0	0	0	0	4.9275
106	93	87	0	0	0	0	4.93
105	93	87	0	1	0	0	4.9325
105	92	88	0	0	0	0	4.935
106	92	88	1	0	0	0	4.9375
105	92	88	0	1	0	0	4.94
105	93	87	1	1	0	0	4.9425
106	93	87	1	0	0	0	4.945
107	93	86	0	0	0	0	4.9475
107	94	85	0	0	0	0	4.95
107	94	84	0	1	0	0	4.9525
107	93	85	0	0	0	0	4.955
107	93	85	0	0	0	0	4.9575
106	94	85	0	0	0	0	4.96
105	95	85	0	0	0	0	4.9625
104	95	85	0	1	0	0	4.965
106	95	85	2	0	0	0	4.9675
105	96	85	0	0	0	0	4.97
105	96	85	0	0	0	0	4.9725
105	96	85	0	0	0	0	4.975
105	95	85	0	1	0	0	4.9775
105	95	84	0	1	0	0	4.98
105	95	84	0	0	0	0	4.9825
104	95	84	0	1	0	0	4.985
104	94	85	0	0	0	0	4.9875
104	95	84	0	0	0	0	4.99
105	95	84	1	0	0	0	4.9925
104	96	84	1	1	0	0	4.995
103	96	83	0	1	1	0	4.9975
