S	I	R	e	d	dI	f	t
300	100	0	0	0	0	0	0
299	101	0	0	0	0	0	0.0025
298	102	0	0	0	0	0	0.005
291	105	4	0	0	0	3	0.0075
290	105	5	0	0	0	1	0.01
286	108	6	0	0	0	1	0.0125
285	106	9	0	0	0	1	0.015
283	106	11	0	0	0	2	0.0175
283	106	11	0	0	0	0	0.02
283	106	11	0	0	0	0	0.0225
281	107	12	0	0	0	0	0.025
278	109	13	0	0	0	1	0.0275
277	109	14	0	0	0	0	0.03
277	108	15	0	0	0	0	0.0325
275	108	17	0	0	0	2	0.035
275	107	18	0	0	0	0	0.0375
274	107	19	0	0	0	1	0.04
272	109	19	0	0	0	0	0.0425
272	109	19	0	0	0	0	0.045
270	111	19	0	0	0	0	0.0475
269	112	19	0	0	0	0	0.05
266	113	21	0	0	0	2	0.0525
266	112	22	0	0	0	0	0.055
264	113	23	0	0	0	1	0.0575
262	115	23	0	0	0	0	0.06
261	114	25	0	0	0	1	0.0625
258	116	26	0	0	0	1	0.065
256	118	26	0	0	0	0	0.0675
254	119	27	0	0	0	1	0.07
251	121	28	0	0	0	1	0.0725
250	122	28	0	0	0	0	0.075
249	122	29	0	0	0	1	0.0775
248	122	30	0	0	0	1	0.08
248	121	31	0	0	0	0	0.0825
247	122	31	0	0	0	0	0.085
247	123	30	0	0	0	0	0.0875
246	124	30	0	0	0	0	0.09
246	124	30	0	0	0	0	0.0925
243	127	30	0	0	0	1	0.095
243	127	30	0	0	0	0	0.0975
241	127	32	0	0	0	2	0.1
237	129	34	0	0	0	2	0.1025
237	128	35	0	0	0	0	0.105
237	128	35	0	0	0	0	0.1075
236	127	37	0	0	0	1	0.11
234	128	38	0	0	0	1	0.1125
231	131	38	0	0	0	0	0.115
230	131	39	0	0	0	0	0.1175
230	130	40	0	0	0	0	0.12
228	132	40	0	0	0	0	0.1225
227	132	41	0	0	0	1	0.125
227	132	41	0	0	0	0	0.1275
224	133	43	0	0	0	1	0.13
223	133	44	0	0	0	1	0.1325
223	133	44	0	0	0	0	0.135
222	133	45	0	0	0	0	0.1375
220	134	46	0	0	0	1	0.14
218	135	47	0	0	0	1	0.1425
217	135	48	0	0	0	1	0.145
217	135	48	0	0	0	0	0.1475
215	136	49	0	0	0	1	0.15
215	136	49	0	0	0	0	0.1525
214	137	49	0	0	0	0	0.155
214	137	49	0	0	0	0	0.1575
214	134	52	0	0	0	0	0.16
211	137	52	0	0	0	0	0.1625
209	138	53	0	0	0	1	0.165
207	137	56	0	0	0	2	0.1675
204	139	57	0	0	0	1	0.17
203	140	57	0	0	0	0	0.1725
203	140	57	0	0	0	0	0.175
202	142	56	0	0	0	0	0.1775
201	142	57	0	0	0	1	0.18
198	142	60	0	0	0	3	0.1825
197	143	60	0	0	0	0	0.185
197	142	61	0	0	0	0	0.1875
197	142	61	0	0	0	0	0.19
195	141	64	0	0	0	2	0.1925
194	142	64	0	0	0	0	0.195
194	142	64	0	0	0	0	0.1975
194	142	64	0	0	0	0	0.2
192	142	66	0	0	0	2	0.2025
192	142	66	0	0	0	0	0.205
192	142	66	0	0	0	0	0.2075
192	142	66	0	0	0	0	0.21
194	142	64	0	0	0	0	0.2125
193	143	64	0	0	0	0	0.215
193	143	64	0	0	0	0	0.2175
192	144	64	0	0	0	0	0.22
192	143	65	0	0	0	0	0.2225
192	143	65	0	0	0	0	0.225
189	144	67	0	0	0	2	0.2275
189	144	67	0	0	0	0	0.23
188	144	68	0	0	0	1	0.2325
187	144	69	0	0	0	1	0.235
184	145	71	0	0	0	2	0.2375
183	145	72	0	0	0	1	0.24
180	146	74	0	0	0	2	0.2425
180	146	74	0	0	0	0	0.245
178	148	74	0	0	0	0	0.2475
178	148	74	0	0	0	0	0.25
177	148	75	0	0	0	1	0.2525
177	148	75	0	0	0	0	0.255
175	148	77	0	0	0	2	0.2575
172	148	80	0	0	0	2	0.26
172	148	80	0	0	0	0	0.2625
171	148	81	0	0	0	1	0.265
170	148	82	0	0	0	1	0.2675
169	148	83	0	0	0	1	0.27
168	148	84	0	0	0	1	0.2725
166	150	84	0	0	0	0	0.275
166	150	84	0	0	0	0	0.2775
165	150	85	0	0	0	1	0.28
164	150	86	0	0	0	0	0.2825
161	150	89	0	0	0	3	0.285
158	151	91	0	0	0	2	0.2875
158	151	91	0	0	0	0	0.29
158	150	92	0	0	0	0	0.2925
158	150	92	0	0	0	0	0.295
157	151	92	0	0	0	0	0.2975
155	150	95	0	0	0	2	0.3
155	150	95	0	0	0	0	0.3025
153	150	97	0	0	0	2	0.305
153	150	97	0	0	0	0	0.3075
152	150	98	0	0	0	1	0.31
151	150	99	0	0	0	1	0.3125
150	151	99	0	0	0	0	0.315
150	151	99	0	0	0	0	0.3175
149	151	100	0	0	0	1	0.32
148	150	102	0	0	0	1	0.3225
148	150	102	0	0	0	0	0.325
148	149	103	0	0	0	0	0.3275
148	149	103	0	0	0	0	0.33
146	151	103	0	0	0	1	0.3325
143	153	104	0	0	0	1	0.335
142	154	104	0	0	0	0	0.3375
140	154	106	0	0	0	1	0.34
140	154	106	0	0	0	0	0.3425
140	154	106	0	0	0	0	0.345
139	154	107	0	0	0	1	0.3475
140	154	106	0	0	0	0	0.35
140	151	109	0	0	0	0	0.3525
137	153	110	0	0	0	0	0.355
135	155	110	0	0	0	0	0.3575
135	155	110	0	0	0	0	0.36
134	155	111	0	0	0	0	0.3625
134	155	111	0	0	0	1	0.365
133	156	111	0	0	0	0	0.3675
132	157	111	0	0	0	0	0.37
131	157	112	0	0	0	1	0.3725
130	158	112	0	0	0	0	0.375
129	159	112	0	0	0	0	0.3775
128	160	112	0	0	0	0	0.38
128	159	113	0	0	0	0	0.3825
129	159	112	0	0	0	0	0.385
129	159	112	0	0	0	1	0.3875
129	160	111	0	0	0	0	0.39
128	161	111	0	0	0	0	0.3925
126	161	113	0	0	0	1	0.395
126	160	114	0	0	0	0	0.3975
126	161	113	0	0	0	0	0.4
126	161	113	0	0	0	1	0.4025
125	161	114	0	0	0	1	0.405
124	160	116	0	0	0	1	0.4075
123	160	117	0	0	0	0	0.41
123	160	117	0	0	0	0	0.4125
122	159	119	0	0	0	0	0.415
122	159	119	0	0	0	0	0.4175
122	159	119	0	0	0	0	0.42
121	159	120	0	0	0	0	0.4225
121	158	121	0	0	0	0	0.425
121	158	121	0	0	0	0	0.4275
121	158	121	0	0	0	0	0.43
120	158	122	0	0	0	1	0.4325
120	158	122	0	0	0	0	0.435
120	157	123	0	0	0	0	0.4375
118	157	125	0	0	0	1	0.44
119	156	125	0	0	0	0	0.4425
119	156	125	0	0	0	0	0.445
116	158	126	0	0	0	1	0.4475
113	159	128	0	0	0	2	0.45
113	159	128	0	0	0	0	0.4525
112	157	131	0	0	0	1	0.455
112	157	131	0	0	0	0	0.4575
112	157	131	0	0	0	0	0.46
112	156	132	0	0	0	0	0.4625
111	156	133	0	0	0	0	0.465
111	155	134	0	0	0	0	0.4675
110	154	136	0	0	0	0	0.47
109	155	136	0	0	0	0	0.4725
106	157	137	0	0	0	1	0.475
107	155	138	0	0	0	0	0.4775
106	155	139	0	0	0	1	0.48
106	155	139	0	0	0	0	0.4825
105	156	139	0	0	0	0	0.485
105	155	140	0	0	0	0	0.4875
104	155	141	0	0	0	1	0.49
103	155	142	0	0	0	0	0.4925
101	156	143	0	0	0	1	0.495
100	154	146	0	0	0	1	0.4975
101	154	145	0	0	0	0	0.5
100	155	145	0	0	0	0	0.5025
100	154	146	0	0	0	0	0.505
100	154	146	0	0	0	0	0.5075
100	154	146	0	0	0	0	0.51
99	155	146	0	0	0	0	0.5125
99	156	145	0	0	0	0	0.515
99	155	146	0	0	0	0	0.5175
99	155	146	0	0	0	0	0.52
99	154	147	0	0	0	0	0.5225
98	155	147	0	0	0	0	0.525
98	154	148	0	0	0	0	0.5275
97	154	149	0	0	0	0	0.53
98	154	148	0	0	0	0	0.5325
98	153	149	0	0	0	0	0.535
97	154	149	0	0	0	0	0.5375
97	153	150	0	0	0	0	0.54
97	152	151	0	0	0	0	0.5425
94	153	153	0	0	0	1	0.545
93	152	155	0	0	0	1	0.5475
92	153	155	0	0	0	0	0.55
92	153	155	0	0	0	0	0.5525
92	154	154	0	0	0	0	0.555
92	153	155	0	0	0	0	0.5575
91	153	156	0	0	0	1	0.56
91	153	156	0	0	0	0	0.5625
91	152	157	0	0	0	0	0.565
90	152	158	0	0	0	1	0.5675
90	152	158	0	0	0	0	0.57
90	152	158	0	0	0	0	0.5725
89	152	159	0	0	0	1	0.575
89	152	159	0	0	0	0	0.5775
89	151	160	0	0	0	0	0.58
89	149	162	0	0	0	0	0.5825
88	148	164	0	0	0	1	0.585
89	148	163	0	0	0	0	0.5875
89	148	163	0	0	0	0	0.59
89	147	164	0	0	0	0	0.5925
88	147	165	0	0	0	1	0.595
87	146	167	0	0	0	1	0.5975
87	146	167	0	0	0	0	0.6
88	146	166	0	0	0	0	0.6025
88	146	166	0	0	0	0	0.605
88	144	168	0	0	0	0	0.6075
87	143	170	0	0	0	1	0.61
85	143	172	0	0	0	1	0.6125
84	143	173	0	0	0	0	0.615
83	143	174	0	0	0	1	0.6175
83	143	174	0	0	0	0	0.62
83	143	174	0	0	0	0	0.6225
83	143	174	0	0	0	0	0.625
84	143	173	0	0	0	0	0.6275
83	144	173	0	0	0	0	0.63
83	144	173	0	0	0	0	0.6325
82	144	174	0	0	0	1	0.635
82	144	174	0	0	0	0	0.6375
82	144	174	0	0	0	0	0.64
81	144	175	0	0	0	1	0.6425
80	144	176	0	0	0	0	0.645
80	143	177	0	0	0	0	0.6475
79	144	177	0	0	0	0	0.65
78	145	177	0	0	0	0	0.6525
77	144	179	0	0	0	1	0.655
75	146	179	0	0	0	0	0.6575
72	148	180	0	0	0	1	0.66
71	149	180	0	0	0	0	0.6625
71	149	180	0	0	0	0	0.665
70	149	181	0	0	0	1	0.6675
70	149	181	0	0	0	0	0.67
69	149	182	0	0	0	1	0.6725
68	149	183	0	0	0	1	0.675
68	149	183	0	0	0	0	0.6775
68	148	184	0	0	0	0	0.68
67	148	185	0	0	0	1	0.6825
67	148	185	0	0	0	0	0.685
67	147	186	0	0	0	0	0.6875
67	147	186	0	0	0	0	0.69
67	147	186	0	0	0	0	0.6925
65	149	186	0	0	0	0	0.695
65	149	186	0	0	0	0	0.6975
64	149	187	0	0	0	1	0.7
64	148	188	0	0	0	0	0.7025
63	149	188	0	0	0	0	0.705
63	148	189	0	0	0	1	0.7075
64	148	188	0	0	0	0	0.71
63	149	188	0	0	0	0	0.7125
63	149	188	0	0	0	0	0.715
63	149	188	0	0	0	0	0.7175
62	150	188	0	0	0	0	0.72
62	150	188	0	0	0	0	0.7225
61	151	188	0	0	0	0	0.725
61	151	188	0	0	0	0	0.7275
60	150	190	0	0	0	1	0.73
61	150	189	0	0	0	0	0.7325
62	150	188	0	0	0	0	0.735
61	151	188	0	0	0	0	0.7375
60	152	188	0	0	0	0	0.74
59	153	188	0	0	0	0	0.7425
59	153	188	0	0	0	0	0.745
59	153	188	0	0	0	0	0.7475
58	154	188	0	0	0	0	0.75
58	153	189	0	0	0	0	0.7525
58	153	189	0	0	0	0	0.755
57	153	190	0	0	0	1	0.7575
56	152	192	0	0	0	1	0.76
56	152	192	0	0	0	0	0.7625
55	152	193	0	0	0	1	0.765
57	149	194	0	0	0	0	0.7675
56	150	194	0	0	0	0	0.77
56	150	194	0	0	0	0	0.7725
55	149	196	0	0	0	0	0.775
55	149	196	0	0	0	0	0.7775
55	149	196	0	0	0	0	0.78
54	147	199	0	0	0	1	0.7825
52	147	201	0	0	0	2	0.785
52	147	201	0	0	0	0	0.7875
50	149	201	0	0	0	0	0.79
50	149	201	0	0	0	0	0.7925
51	149	200	0	0	0	0	0.795
51	149	200	0	0	0	0	0.7975
51	149	200	0	0	0	0	0.8
51	149	200	0	0	0	0	0.8025
51	149	200	0	0	0	0	0.805
50	148	202	0	0	0	0	0.8075
49	148	203	0	0	0	0	0.81
50	148	202	0	0	0	1	0.8125
51	148	201	0	0	0	0	0.815
51	148	201	0	0	0	0	0.8175
51	148	201	0	0	0	0	0.82
50	149	201	0	0	0	0	0.8225
50	149	201	0	0	0	0	0.825
50	148	202	0	0	0	0	0.8275
50	147	203	0	0	0	0	0.83
49	148	203	0	0	0	0	0.8325
48	147	205	0	0	0	1	0.835
49	147	204	0	0	0	0	0.8375
49	144	207	0	0	0	0	0.84
48	144	208	0	0	0	1	0.8425
49	144	207	0	0	0	0	0.845
50	144	206	0	0	0	0	0.8475
51	143	206	0	0	0	0	0.85
51	143	206	0	0	0	0	0.8525
51	143	206	0	0	0	0	0.855
51	143	206	0	0	0	0	0.8575
51	142	207	0	0	0	0	0.86
49	143	208	0	0	0	0	0.8625
47	143	210	0	0	0	1	0.865
47	141	212	0	0	0	0	0.8675
47	142	211	0	0	0	0	0.87
47	142	211	0	0	0	0	0.8725
47	142	211	0	0	0	0	0.875
46	142	212	0	0	0	0	0.8775
46	139	215	0	0	0	0	0.88
46	139	215	0	0	0	0	0.8825
46	138	216	0	0	0	0	0.885
48	137	215	0	0	0	0	0.8875
48	135	217	0	0	0	0	0.89
48	134	218	0	0	0	0	0.8925
49	134	217	0	0	0	0	0.895
48	134	218	0	0	0	1	0.8975
48	134	218	0	0	0	0	0.9
48	133	219	0	0	0	0	0.9025
48	133	219	0	0	0	0	0.905
48	132	220	0	0	0	0	0.9075
49	132	219	0	0	0	0	0.91
49	132	219	0	0	0	0	0.9125
48	132	220	0	0	0	1	0.915
49	132	219	0	0	0	0	0.9175
49	133	218	0	0	0	0	0.92
49	133	218	0	0	0	0	0.9225
50	133	217	0	0	0	0	0.925
50	133	217	0	0	0	0	0.9275
50	132	218	0	0	0	1	0.93
51	132	217	0	0	0	0	0.9325
52	132	216	0	0	0	0	0.935
52	132	216	0	0	0	0	0.9375
52	132	216	0	0	0	0	0.94
52	132	216	0	0	0	0	0.9425
51	133	216	0	0	0	0	0.945
51	133	216	0	0	0	0	0.9475
51	132	217	0	0	0	0	0.95
50	132	218	0	0	0	1	0.9525
50	131	219	0	0	0	0	0.955
51	131	218	0	0	0	0	0.9575
51	130	219	0	0	0	0	0.96
52	130	218	0	0	0	1	0.9625
51	130	219	0	0	0	0	0.965
50	131	219	0	0	0	0	0.9675
49	132	219	0	0	0	0	0.97
49	130	221	0	0	0	0	0.9725
49	129	222	0	0	0	0	0.975
48	130	222	0	0	0	0	0.9775
48	130	222	0	0	0	0	0.98
48	130	222	0	0	0	0	0.9825
48	130	222	0	0	0	0	0.985
48	130	222	0	0	0	1	0.9875
48	130	222	0	0	0	1	0.99
48	130	222	0	0	0	0	0.9925
49	130	221	0	0	0	0	0.995
49	130	221	0	0	0	0	0.9975
48	130	222	0	0	0	1	1
48	127	225	0	0	0	0	1.0025
47	127	226	0	0	0	1	1.005
47	127	226	0	0	0	0	1.0075
47	127	226	0	0	0	0	1.01
45	128	227	0	0	0	1	1.0125
44	129	227	0	0	0	0	1.015
44	129	227	0	0	0	0	1.0175
44	129	227	0	0	0	0	1.02
44	129	227	0	0	0	0	1.0225
44	129	227	0	0	0	0	1.025
44	129	227	0	0	0	0	1.0275
44	129	227	0	0	0	0	1.03
44	128	228	0	0	0	0	1.0325
44	128	228	0	0	0	0	1.035
43	129	228	0	0	0	0	1.0375
42	129	229	0	0	0	1	1.04
42	129	229	0	0	0	0	1.0425
41	130	229	0	0	0	0	1.045
40	130	230	0	0	0	1	1.0475
39	129	232	0	0	0	1	1.05
36	131	233	0	0	0	1	1.0525
36	131	233	0	0	0	0	1.055
36	131	233	0	0	0	0	1.0575
36	131	233	0	0	0	0	1.06
36	131	233	0	0	0	0	1.0625
35	131	234	0	0	0	1	1.065
35	131	234	0	0	0	0	1.0675
35	131	234	0	0	0	0	1.07
35	130	235	0	0	0	0	1.0725
35	129	236	0	0	0	0	1.075
35	128	237	0	0	0	0	1.0775
35	127	238	0	0	0	0	1.08
36	127	237	0	0	0	0	1.0825
36	127	237	0	0	0	0	1.085
37	127	236	0	0	0	0	1.0875
38	127	235	0	0	0	0	1.09
38	126	236	0	0	0	0	1.0925
38	126	236	0	0	0	1	1.095
38	126	236	0	0	0	0	1.0975
38	128	234	0	0	0	0	1.1
38	128	234	0	0	0	0	1.1025
39	127	234	0	0	0	0	1.105
38	128	234	0	0	0	0	1.1075
37	127	236	0	0	0	1	1.11
37	126	237	0	0	0	0	1.1125
37	125	238	0	0	0	0	1.115
36	125	239	0	0	0	0	1.1175
34	125	241	0	0	0	2	1.12
35	123	242	0	0	0	0	1.1225
34	123	243	0	0	0	0	1.125
35	123	242	0	0	0	0	1.1275
35	123	242	0	0	0	0	1.13
35	123	242	0	0	0	0	1.1325
35	123	242	0	0	0	0	1.135
35	123	242	0	0	0	0	1.1375
36	123	241	0	0	0	0	1.14
35	123	242	0	0	0	0	1.1425
34	124	242	0	0	0	0	1.145
34	124	242	0	0	0	0	1.1475
34	124	242	0	0	0	0	1.15
33	123	244	0	0	0	1	1.1525
33	122	245	0	0	0	0	1.155
33	122	245	0	0	0	0	1.1575
33	121	246	0	0	0	0	1.16
33	121	246	0	0	0	0	1.1625
34	121	245	0	0	0	0	1.165
33	120	247	0	0	0	1	1.1675
33	120	247	0	0	0	0	1.17
33	120	247	0	0	0	0	1.1725
33	120	247	0	0	0	0	1.175
33	120	247	0	0	0	0	1.1775
34	119	247	0	0	0	0	1.18
35	119	246	0	0	0	0	1.1825
35	118	247	0	0	0	0	1.185
35	117	248	0	0	0	0	1.1875
35	116	249	0	0	0	0	1.19
36	114	250	0	0	0	0	1.1925
36	113	251	0	0	0	0	1.195
36	113	251	0	0	0	1	1.1975
36	112	252	0	0	0	0	1.2
37	112	251	0	0	0	0	1.2025
37	111	252	0	0	0	0	1.205
37	110	253	0	0	0	0	1.2075
38	110	252	0	0	0	0	1.21
38	110	252	0	0	0	0	1.2125
38	110	252	0	0	0	0	1.215
39	110	251	0	0	0	0	1.2175
39	108	253	0	0	0	1	1.22
39	107	254	0	0	0	0	1.2225
39	106	255	0	0	0	0	1.225
40	106	254	0	0	0	0	1.2275
40	106	254	0	0	0	0	1.23
40	106	254	0	0	0	0	1.2325
40	105	255	0	0	0	0	1.235
40	104	256	0	0	0	0	1.2375
41	104	255	0	0	0	0	1.24
40	105	255	0	0	0	0	1.2425
40	104	256	0	0	0	0	1.245
39	104	257	0	0	0	1	1.2475
39	104	257	0	0	0	0	1.25
39	104	257	0	0	0	0	1.2525
40	103	257	0	0	0	0	1.255
39	102	259	0	0	0	1	1.2575
37	103	260	0	0	0	1	1.26
37	103	260	0	0	0	0	1.2625
37	103	260	0	0	0	0	1.265
37	101	262	0	0	0	0	1.2675
37	101	262	0	0	0	0	1.27
37	101	262	0	0	0	0	1.2725
37	101	262	0	0	0	0	1.275
37	101	262	0	0	0	0	1.2775
37	101	262	0	0	0	0	1.28
38	101	261	0	0	0	0	1.2825
38	101	261	0	0	0	0	1.285
38	101	261	0	0	0	0	1.2875
38	101	261	0	0	0	0	1.29
38	102	260	0	0	0	0	1.2925
39	102	259	0	0	0	0	1.295
38	102	260	0	0	0	1	1.2975
37	102	261	0	0	0	1	1.3
37	102	261	0	0	0	0	1.3025
37	102	261	0	0	0	0	1.305
36	103	261	0	0	0	0	1.3075
36	102	262	0	0	0	0	1.31
37	102	261	0	0	0	0	1.3125
36	102	262	0	0	0	1	1.315
37	102	261	0	0	0	0	1.3175
37	102	261	0	0	0	0	1.32
37	103	260	0	0	0	0	1.3225
37	103	260	0	0	0	0	1.325
38	103	259	0	0	0	0	1.3275
40	102	258	0	0	0	0	1.33
41	102	257	0	0	0	0	1.3325
41	102	257	0	0	0	0	1.335
40	103	257	0	0	0	0	1.3375
40	103	257	0	0	0	0	1.34
41	103	256	0	0	0	0	1.3425
40	102	258	0	0	0	1	1.345
40	101	259	0	0	0	1	1.3475
40	101	259	0	0	0	0	1.35
40	101	259	0	0	0	0	1.3525
43	100	257	0	0	0	0	1.355
43	100	257	0	0	0	0	1.3575
43	99	258	0	0	0	0	1.36
43	97	260	0	0	0	0	1.3625
43	97	260	0	0	0	0	1.365
43	97	260	0	0	0	0	1.3675
43	97	260	0	0	0	0	1.37
42	97	261	0	0	0	1	1.3725
42	97	261	0	0	0	1	1.375
42	97	261	0	0	0	0	1.3775
42	97	261	0	0	0	0	1.38
42	97	261	0	0	0	0	1.3825
42	97	261	0	0	0	0	1.385
41	98	261	0	0	0	0	1.3875
41	98	261	0	0	0	0	1.39
41	98	261	0	0	0	0	1.3925
41	98	261	0	0	0	0	1.395
41	98	261	0	0	0	0	1.3975
40	98	262	0	0	0	1	1.4
40	98	262	0	0	0	0	1.4025
40	98	262	0	0	0	0	1.405
40	98	262	0	0	0	0	1.4075
40	98	262	0	0	0	0	1.41
40	98	262	0	0	0	0	1.4125
41	98	261	0	0	0	0	1.415
42	98	260	0	0	0	0	1.4175
42	98	260	0	0	0	0	1.42
42	98	260	0	0	0	0	1.4225
43	98	259	0	0	0	0	1.425
44	98	258	0	0	0	0	1.4275
43	99	258	0	0	0	0	1.43
43	98	259	0	0	0	0	1.4325
43	98	259	0	0	0	0	1.435
44	99	257	0	0	0	0	1.4375
44	99	257	0	0	0	0	1.44
43	98	259	0	0	0	0	1.4425
42	98	260	0	0	0	0	1.445
42	98	260	0	0	0	0	1.4475
42	98	260	0	0	0	0	1.45
43	98	259	0	0	0	0	1.4525
43	98	259	0	0	0	0	1.455
43	96	261	0	0	0	0	1.4575
42	96	262	0	0	0	1	1.46
42	96	262	0	0	0	0	1.4625
42	96	262	0	0	0	0	1.465
42	95	263	0	0	0	0	1.4675
43	95	262	0	0	0	0	1.47
43	95	262	0	0	0	0	1.4725
43	94	263	0	0	0	0	1.475
43	94	263	0	0	0	0	1.4775
43	94	263	0	0	0	1	1.48
43	94	263	0	0	0	0	1.4825
44	94	262	0	0	0	0	1.485
45	94	261	0	0	0	0	1.4875
46	93	261	0	0	0	0	1.49
47	93	260	0	0	0	0	1.4925
47	93	260	0	0	0	0	1.495
47	93	260	0	0	0	0	1.4975
47	93	260	0	0	0	0	1.5
48	93	259	0	0	0	0	1.5025
47	93	260	0	0	0	1	1.505
48	93	259	0	0	0	0	1.5075
48	93	259	0	0	0	0	1.51
48	92	260	0	0	0	0	1.5125
47	93	260	0	0	0	0	1.515
46	93	261	0	0	0	1	1.5175
46	93	261	0	0	0	0	1.52
46	93	261	0	0	0	0	1.5225
47	93	260	0	0	0	0	1.525
48	93	259	0	0	0	1	1.5275
48	93	259	0	0	0	0	1.53
49	90	261	0	0	0	0	1.5325
49	90	261	0	0	0	0	1.535
48	91	261	0	0	0	0	1.5375
48	91	261	0	0	0	0	1.54
49	91	260	0	0	0	0	1.5425
48	91	261	0	0	0	1	1.545
48	90	262	0	0	0	0	1.5475
48	90	262	0	0	0	0	1.55
47	90	263	0	0	0	1	1.5525
46	91	263	0	0	0	0	1.555
46	90	264	0	0	0	0	1.5575
47	90	263	0	0	0	0	1.56
47	90	263	0	0	0	0	1.5625
47	91	262	0	0	0	0	1.565
47	91	262	0	0	0	0	1.5675
47	91	262	0	0	0	0	1.57
47	90	263	0	0	0	0	1.5725
48	90	262	0	0	0	0	1.575
49	89	262	0	0	0	0	1.5775
48	90	262	0	0	0	0	1.58
48	90	262	0	0	0	0	1.5825
49	89	262	0	0	0	0	1.585
50	89	261	0	0	0	0	1.5875
50	89	261	0	0	0	0	1.59
50	89	261	0	0	0	0	1.5925
50	89	261	0	0	0	0	1.595
50	89	261	0	0	0	1	1.5975
50	88	262	0	0	0	0	1.6
49	89	262	0	0	0	0	1.6025
50	89	261	0	0	0	0	1.605
50	88	262	0	0	0	0	1.6075
50	88	262	0	0	0	0	1.61
50	88	262	0	0	0	0	1.6125
51	88	261	0	0	0	0	1.615
52	88	260	0	0	0	0	1.6175
52	85	263	0	0	0	0	1.62
52	85	263	0	0	0	0	1.6225
52	85	263	0	0	0	0	1.625
52	85	263	0	0	0	0	1.6275
52	85	263	0	0	0	1	1.63
50	86	264	0	0	0	1	1.6325
50	85	265	0	0	0	0	1.635
49	86	265	0	0	0	0	1.6375
49	86	265	0	0	0	0	1.64
50	86	264	0	0	0	0	1.6425
49	87	264	0	0	0	0	1.645
49	87	264	0	0	0	0	1.6475
48	87	265	0	0	0	1	1.65
47	87	266	0	0	0	1	1.6525
47	87	266	0	0	0	0	1.655
47	87	266	0	0	0	0	1.6575
47	87	266	0	0	0	0	1.66
47	87	266	0	0	0	1	1.6625
47	87	266	0	0	0	0	1.665
47	87	266	0	0	0	0	1.6675
47	87	266	0	0	0	0	1.67
47	87	266	0	0	0	0	1.6725
47	88	265	0	0	0	0	1.675
46	89	265	0	0	0	0	1.6775
46	89	265	0	0	0	0	1.68
46	88	266	0	0	0	0	1.6825
46	87	267	0	0	0	0	1.685
46	87	267	0	0	0	0	1.6875
46	87	267	0	0	0	0	1.69
46	87	267	0	0	0	0	1.6925
48	87	265	0	0	0	0	1.695
48	87	265	0	0	0	0	1.6975
48	87	265	0	0	0	0	1.7
48	86	266	0	0	0	0	1.7025
48	86	266	0	0	0	0	1.705
46	87	267	0	0	0	2	1.7075
46	87	267	0	0	0	0	1.71
46	87	267	0	0	0	0	1.7125
46	85	269	0	0	0	0	1.715
45	86	269	0	0	0	0	1.7175
44	87	269	0	0	0	0	1.72
44	87	269	0	0	0	0	1.7225
44	87	269	0	0	0	0	1.725
44	87	269	0	0	0	0	1.7275
45	87	268	0	0	0	0	1.73
45	87	268	0	0	0	0	1.7325
45	87	268	0	0	0	1	1.735
45	87	268	0	0	0	0	1.7375
46	87	267	0	0	0	0	1.74
46	88	266	0	0	0	0	1.7425
47	88	265	0	0	0	0	1.745
48	88	264	0	0	0	0	1.7475
48	88	264	0	0	0	0	1.75
48	88	264	0	0	0	1	1.7525
49	88	263	0	0	0	0	1.755
49	88	263	0	0	0	0	1.7575
49	87	264	0	0	0	0	1.76
49	87	264	0	0	0	0	1.7625
49	86	265	0	0	0	0	1.765
49	86	265	0	0	0	0	1.7675
49	85	266	0	0	0	0	1.77
49	85	266	0	0	0	0	1.7725
49	85	266	0	0	0	0	1.775
49	84	267	0	0	0	0	1.7775
49	84	267	0	0	0	0	1.78
51	84	265	0	0	0	0	1.7825
53	82	265	0	0	0	0	1.785
53	82	265	0	0	0	0	1.7875
53	82	265	0	0	0	0	1.79
53	81	266	0	0	0	0	1.7925
53	81	266	0	0	0	0	1.795
52	81	267	0	0	0	1	1.7975
51	81	268	0	0	0	1	1.8
51	81	268	0	0	0	0	1.8025
51	81	268	0	0	0	0	1.805
52	81	267	0	0	0	0	1.8075
52	80	268	0	0	0	0	1.81
52	79	269	0	0	0	0	1.8125
52	78	270	0	0	0	0	1.815
52	78	270	0	0	0	0	1.8175
52	77	271	0	0	0	0	1.82
53	77	270	0	0	0	0	1.8225
53	75	272	0	0	0	0	1.825
53	75	272	0	0	0	0	1.8275
53	75	272	0	0	0	0	1.83
53	75	272	0	0	0	0	1.8325
53	75	272	0	0	0	0	1.835
52	75	273	0	0	0	0	1.8375
52	75	273	0	0	0	0	1.84
52	75	273	0	0	0	0	1.8425
52	75	273	0	0	0	0	1.845
53	75	272	0	0	0	0	1.8475
53	75	272	0	0	0	0	1.85
54	75	271	0	0	0	0	1.8525
56	74	270	0	0	0	0	1.855
56	74	270	0	0	0	0	1.8575
56	74	270	0	0	0	0	1.86
56	73	271	0	0	0	1	1.8625
56	72	272	0	0	0	0	1.865
56	72	272	0	0	0	0	1.8675
57	72	271	0	0	0	0	1.87
57	72	271	0	0	0	0	1.8725
57	73	270	0	0	0	0	1.875
57	72	271	0	0	0	0	1.8775
57	72	271	0	0	0	0	1.88
56	73	271	0	0	0	1	1.8825
57	73	270	0	0	0	0	1.885
57	73	270	0	0	0	0	1.8875
57	73	270	0	0	0	0	1.89
58	73	269	0	0	0	0	1.8925
58	73	269	0	0	0	0	1.895
58	73	269	0	0	0	0	1.8975
58	72	270	0	0	0	0	1.9
59	72	269	0	0	0	0	1.9025
59	71	270	0	0	0	0	1.905
62	71	267	0	0	0	0	1.9075
62	71	267	0	0	0	0	1.91
62	71	267	0	0	0	0	1.9125
61	71	268	0	0	0	1	1.915
61	71	268	0	0	0	0	1.9175
61	71	268	0	0	0	0	1.92
61	71	268	0	0	0	0	1.9225
61	71	268	0	0	0	0	1.925
61	71	268	0	0	0	0	1.9275
61	71	268	0	0	0	0	1.93
61	71	268	0	0	0	0	1.9325
60	71	269	0	0	0	1	1.935
61	71	268	0	0	0	0	1.9375
60	72	268	0	0	0	0	1.94
60	72	268	0	0	0	0	1.9425
60	72	268	0	0	0	0	1.945
59	72	269	0	0	0	1	1.9475
59	72	269	0	0	0	0	1.95
59	72	269	0	0	0	0	1.9525
59	72	269	0	0	0	0	1.955
59	72	269	0	0	0	0	1.9575
61	72	267	0	0	0	0	1.96
61	72	267	0	0	0	0	1.9625
62	72	266	0	0	0	0	1.965
62	72	266	0	0	0	0	1.9675
62	71	267	0	0	0	0	1.97
62	72	266	0	0	0	0	1.9725
62	72	266	0	0	0	0	1.975
62	72	266	0	0	0	0	1.9775
62	72	266	0	0	0	0	1.98
61	73	266	0	0	0	0	1.9825
61	73	266	0	0	0	0	1.985
61	72	267	0	0	0	0	1.9875
63	72	265	0	0	0	0	1.99
62	73	265	0	0	0	0	1.9925
62	72	266	0	0	0	0	1.995
62	72	266	0	0	0	0	1.9975
62	71	267	0	0	0	0	2
62	71	267	0	0	0	0	2.0025
62	70	268	0	0	0	0	2.005
62	71	267	0	0	0	0	2.0075
63	70	267	0	0	0	0	2.01
63	69	268	0	0	0	0	2.0125
62	69	269	0	0	0	0	2.015
62	69	269	0	0	0	0	2.0175
62	69	269	0	0	0	0	2.02
62	69	269	0	0	0	0	2.0225
64	68	268	0	0	0	0	2.025
64	67	269	0	0	0	0	2.0275
66	67	267	0	0	0	0	2.03
67	67	266	0	0	0	0	2.0325
67	67	266	0	0	0	0	2.035
67	67	266	0	0	0	0	2.0375
67	66	267	0	0	0	0	2.04
68	66	266	0	0	0	0	2.0425
68	66	266	0	0	0	0	2.045
68	66	266	0	0	0	0	2.0475
68	66	266	0	0	0	0	2.05
68	65	267	0	0	0	0	2.0525
68	65	267	0	0	0	0	2.055
66	67	267	0	0	0	0	2.0575
65	68	267	0	0	0	0	2.06
65	68	267	0	0	0	0	2.0625
65	68	267	0	0	0	0	2.065
66	68	266	0	0	0	0	2.0675
65	67	268	0	0	0	1	2.07
65	67	268	0	0	0	0	2.0725
66	67	267	0	0	0	0	2.075
66	65	269	0	0	0	1	2.0775
65	65	270	0	0	0	1	2.08
65	65	270	0	0	0	0	2.0825
65	65	270	0	0	0	0	2.085
65	64	271	0	0	0	0	2.0875
64	65	271	0	0	0	0	2.09
63	66	271	0	0	0	0	2.0925
63	66	271	0	0	0	0	2.095
64	66	270	0	0	0	0	2.0975
64	66	270	0	0	0	0	2.1
63	66	271	0	0	0	1	2.1025
64	66	270	0	0	0	0	2.105
63	66	271	0	0	0	1	2.1075
64	66	270	0	0	0	0	2.11
64	66	270	0	0	0	0	2.1125
64	66	270	0	0	0	0	2.115
64	65	271	0	0	0	0	2.1175
64	65	271	0	0	0	0	2.12
63	66	271	0	0	0	0	2.1225
63	66	271	0	0	0	0	2.125
63	66	271	0	0	0	0	2.1275
63	66	271	0	0	0	0	2.13
63	66	271	0	0	0	1	2.1325
63	66	271	0	0	0	0	2.135
64	65	271	0	0	0	0	2.1375
65	66	269	0	0	0	0	2.14
65	67	268	0	0	0	0	2.1425
65	67	268	0	0	0	0	2.145
65	66	269	0	0	0	0	2.1475
65	64	271	0	0	0	0	2.15
65	64	271	0	0	0	0	2.1525
64	64	272	0	0	0	1	2.155
64	63	273	0	0	0	0	2.1575
64	63	273	0	0	0	0	2.16
63	64	273	0	0	0	0	2.1625
63	64	273	0	0	0	0	2.165
62	64	274	0	0	0	0	2.1675
62	64	274	0	0	0	0	2.17
62	64	274	0	0	0	0	2.1725
63	64	273	0	0	0	0	2.175
64	64	272	0	0	0	0	2.1775
63	64	273	0	0	0	1	2.18
62	64	274	0	0	0	1	2.1825
62	64	274	0	0	0	0	2.185
62	64	274	0	0	0	0	2.1875
62	64	274	0	0	0	0	2.19
62	64	274	0	0	0	0	2.1925
62	64	274	0	0	0	0	2.195
62	64	274	0	0	0	0	2.1975
62	64	274	0	0	0	0	2.2
62	64	274	0	0	0	0	2.2025
63	64	273	0	0	0	0	2.205
64	64	272	0	0	0	0	2.2075
64	64	272	0	0	0	0	2.21
63	64	273	0	0	0	1	2.2125
63	64	273	0	0	0	0	2.215
63	64	273	0	0	0	0	2.2175
64	64	272	0	0	0	0	2.22
63	64	273	0	0	0	1	2.2225
64	63	273	0	0	0	0	2.225
64	63	273	0	0	0	0	2.2275
64	62	274	0	0	0	0	2.23
65	62	273	0	0	0	0	2.2325
65	61	274	0	0	0	0	2.235
66	60	274	0	0	0	0	2.2375
65	60	275	0	0	0	1	2.24
65	60	275	0	0	0	0	2.2425
65	60	275	0	0	0	0	2.245
65	59	276	0	0	0	0	2.2475
66	59	275	0	0	0	0	2.25
66	59	275	0	0	0	0	2.2525
66	59	275	0	0	0	0	2.255
68	59	273	0	0	0	0	2.2575
69	59	272	0	0	0	0	2.26
69	59	272	0	0	0	0	2.2625
67	60	273	0	0	0	1	2.265
67	60	273	0	0	0	0	2.2675
67	60	273	0	0	0	0	2.27
67	60	273	0	0	0	0	2.2725
68	60	272	0	0	0	0	2.275
68	60	272	0	0	0	0	2.2775
68	60	272	0	0	0	0	2.28
68	60	272	0	0	0	0	2.2825
68	60	272	0	0	0	0	2.285
68	60	272	0	0	0	0	2.2875
67	61	272	0	0	0	0	2.29
67	61	272	0	0	0	0	2.2925
67	61	272	0	0	0	0	2.295
68	61	271	0	0	0	0	2.2975
69	61	270	0	0	0	0	2.3
69	58	273	0	0	0	0	2.3025
69	58	273	0	0	0	0	2.305
69	58	273	0	0	0	0	2.3075
69	58	273	0	0	0	0	2.31
68	59	273	0	0	0	0	2.3125
71	59	270	0	0	0	0	2.315
71	60	269	0	0	0	0	2.3175
71	60	269	0	0	0	0	2.32
70	60	270	0	0	0	1	2.3225
71	60	269	0	0	0	0	2.325
73	60	267	0	0	0	0	2.3275
73	60	267	0	0	0	0	2.33
73	60	267	0	0	0	0	2.3325
73	60	267	0	0	0	0	2.335
72	61	267	0	0	0	0	2.3375
72	59	269	0	0	0	0	2.34
72	59	269	0	0	0	0	2.3425
72	59	269	0	0	0	0	2.345
72	59	269	0	0	0	0	2.3475
73	57	270	0	0	0	0	2.35
74	56	270	0	0	0	0	2.3525
74	56	270	0	0	0	0	2.355
73	56	271	0	0	0	1	2.3575
72	56	272	0	0	0	1	2.36
72	56	272	0	0	0	0	2.3625
72	56	272	0	0	0	1	2.365
72	56	272	0	0	0	0	2.3675
71	56	273	0	0	0	0	2.37
72	56	272	0	0	0	0	2.3725
72	56	272	0	0	0	0	2.375
71	57	272	0	0	0	0	2.3775
70	58	272	0	0	0	0	2.38
70	58	272	0	0	0	0	2.3825
72	58	270	0	0	0	0	2.385
72	58	270	0	0	0	0	2.3875
71	59	270	0	0	0	0	2.39
71	59	270	0	0	0	0	2.3925
71	58	271	0	0	0	0	2.395
72	58	270	0	0	0	0	2.3975
72	58	270	0	0	0	0	2.4
72	58	270	0	0	0	0	2.4025
72	58	270	0	0	0	0	2.405
71	59	270	0	0	0	0	2.4075
71	59	270	0	0	0	0	2.41
71	59	270	0	0	0	1	2.4125
71	59	270	0	0	0	0	2.415
71	59	270	0	0	0	0	2.4175
70	60	270	0	0	0	0	2.42
69	60	271	0	0	0	1	2.4225
69	60	271	0	0	0	0	2.425
69	60	271	0	0	0	0	2.4275
69	60	271	0	0	0	0	2.43
69	60	271	0	0	0	0	2.4325
69	60	271	0	0	0	0	2.435
69	59	272	0	0	0	1	2.4375
69	59	272	0	0	0	0	2.44
68	59	273	0	0	0	1	2.4425
68	59	273	0	0	0	0	2.445
68	59	273	0	0	0	0	2.4475
68	59	273	0	0	0	0	2.45
68	59	273	0	0	0	0	2.4525
66	60	274	0	0	0	1	2.455
67	60	273	0	0	0	0	2.4575
67	60	273	0	0	0	1	2.46
66	60	274	0	0	0	1	2.4625
66	60	274	0	0	0	0	2.465
65	61	274	0	0	0	0	2.4675
65	60	275	0	0	0	0	2.47
65	60	275	0	0	0	0	2.4725
65	60	275	0	0	0	0	2.475
64	60	276	0	0	0	1	2.4775
63	60	277	0	0	0	1	2.48
63	59	278	0	0	0	0	2.4825
63	59	278	0	0	0	0	2.485
63	59	278	0	0	0	0	2.4875
63	59	278	0	0	0	0	2.49
63	59	278	0	0	0	0	2.4925
64	59	277	0	0	0	0	2.495
64	60	276	0	0	0	0	2.4975
63	60	277	0	0	0	1	2.5
61	62	277	0	0	0	0	2.5025
60	62	278	0	0	0	1	2.505
61	61	278	0	0	0	0	2.5075
60	60	280	0	0	0	1	2.51
60	60	280	0	0	0	0	2.5125
60	60	280	0	0	0	0	2.515
59	60	281	0	0	0	1	2.5175
60	60	280	0	0	0	0	2.52
59	61	280	0	0	0	0	2.5225
59	60	281	0	0	0	1	2.525
59	60	281	0	0	0	0	2.5275
59	60	281	0	0	0	0	2.53
59	59	282	0	0	0	0	2.5325
58	59	283	0	0	0	1	2.535
56	60	284	0	0	0	1	2.5375
57	60	283	0	0	0	0	2.54
57	59	284	0	0	0	0	2.5425
58	59	283	0	0	0	0	2.545
57	59	284	0	0	0	1	2.5475
57	59	284	0	0	0	0	2.55
57	59	284	0	0	0	0	2.5525
57	59	284	0	0	0	0	2.555
56	59	285	0	0	0	1	2.5575
56	59	285	0	0	0	1	2.56
58	59	283	0	0	0	0	2.5625
57	60	283	0	0	0	0	2.565
56	60	284	0	0	0	1	2.5675
56	60	284	0	0	0	0	2.57
57	60	283	0	0	0	0	2.5725
57	59	284	0	0	0	1	2.575
57	59	284	0	0	0	0	2.5775
58	59	283	0	0	0	0	2.58
59	59	282	0	0	0	0	2.5825
59	58	283	0	0	0	0	2.585
59	58	283	0	0	0	0	2.5875
60	58	282	0	0	0	0	2.59
60	58	282	0	0	0	0	2.5925
59	58	283	0	0	0	1	2.595
59	59	282	0	0	0	0	2.5975
60	59	281	0	0	0	0	2.6
61	59	280	0	0	0	0	2.6025
62	59	279	0	0	0	0	2.605
62	59	279	0	0	0	0	2.6075
62	59	279	0	0	0	0	2.61
64	59	277	0	0	0	0	2.6125
64	59	277	0	0	0	0	2.615
64	59	277	0	0	0	1	2.6175
64	59	277	0	0	0	0	2.62
65	58	277	0	0	0	0	2.6225
65	57	278	0	0	0	0	2.625
66	57	277	0	0	0	0	2.6275
66	56	278	0	0	0	0	2.63
66	55	279	0	0	0	0	2.6325
67	55	278	0	0	0	0	2.635
67	55	278	0	0	0	0	2.6375
69	55	276	0	0	0	0	2.64
69	54	277	0	0	0	0	2.6425
70	54	276	0	0	0	0	2.645
70	54	276	0	0	0	0	2.6475
70	54	276	0	0	0	0	2.65
71	53	276	0	0	0	0	2.6525
72	53	275	0	0	0	0	2.655
73	53	274	0	0	0	0	2.6575
73	53	274	0	0	0	0	2.66
73	53	274	0	0	0	0	2.6625
73	53	274	0	0	0	0	2.665
73	53	274	0	0	0	0	2.6675
73	53	274	0	0	0	0	2.67
74	53	273	0	0	0	0	2.6725
74	53	273	0	0	0	0	2.675
74	53	273	0	0	0	0	2.6775
75	52	273	0	0	0	0	2.68
75	52	273	0	0	0	0	2.6825
75	52	273	0	0	0	0	2.685
74	53	273	0	0	0	0	2.6875
74	53	273	0	0	0	0	2.69
74	54	272	0	0	0	0	2.6925
73	54	273	0	0	0	1	2.695
72	55	273	0	0	0	0	2.6975
72	55	273	0	0	0	0	2.7
72	55	273	0	0	0	0	2.7025
72	55	273	0	0	0	0	2.705
73	55	272	0	0	0	0	2.7075
71	55	274	0	0	0	2	2.71
71	55	274	0	0	0	0	2.7125
70	55	275	0	0	0	1	2.715
70	55	275	0	0	0	0	2.7175
70	56	274	0	0	0	0	2.72
70	56	274	0	0	0	0	2.7225
70	56	274	0	0	0	0	2.725
71	56	273	0	0	0	0	2.7275
71	56	273	0	0	0	0	2.73
71	56	273	0	0	0	0	2.7325
72	56	272	0	0	0	0	2.735
72	56	272	0	0	0	0	2.7375
72	56	272	0	0	0	0	2.74
71	56	273	0	0	0	1	2.7425
71	55	274	0	0	0	0	2.745
71	54	275	0	0	0	0	2.7475
72	54	274	0	0	0	0	2.75
73	54	273	0	0	0	0	2.7525
73	54	273	0	0	0	1	2.755
73	54	273	0	0	0	0	2.7575
73	54	273	0	0	0	0	2.76
73	54	273	0	0	0	0	2.7625
74	54	272	0	0	0	0	2.765
73	53	274	0	0	0	1	2.7675
72	53	275	0	0	0	1	2.77
74	53	273	0	0	0	0	2.7725
74	53	273	0	0	0	0	2.775
74	53	273	0	0	0	0	2.7775
74	53	273	0	0	0	0	2.78
74	53	273	0	0	0	0	2.7825
74	52	274	0	0	0	1	2.785
75	52	273	0	0	0	0	2.7875
74	52	274	0	0	0	1	2.79
73	52	275	0	0	0	1	2.7925
74	51	275	0	0	0	0	2.795
74	51	275	0	0	0	1	2.7975
74	51	275	0	0	0	0	2.8
73	52	275	0	0	0	0	2.8025
72	52	276	0	0	0	1	2.805
72	52	276	0	0	0	1	2.8075
72	52	276	0	0	0	0	2.81
73	52	275	0	0	0	0	2.8125
73	52	275	0	0	0	0	2.815
74	52	274	0	0	0	0	2.8175
74	50	276	0	0	0	0	2.82
74	50	276	0	0	0	0	2.8225
74	50	276	0	0	0	0	2.825
74	50	276	0	0	0	0	2.8275
73	50	277	0	0	0	1	2.83
72	50	278	0	0	0	1	2.8325
72	50	278	0	0	0	0	2.835
74	48	278	0	0	0	0	2.8375
74	48	278	0	0	0	0	2.84
75	48	277	0	0	0	0	2.8425
73	49	278	0	0	0	1	2.845
74	49	277	0	0	0	0	2.8475
73	50	277	0	0	0	0	2.85
73	50	277	0	0	0	0	2.8525
73	50	277	0	0	0	0	2.855
75	50	275	0	0	0	0	2.8575
75	50	275	0	0	0	0	2.86
75	49	276	0	0	0	0	2.8625
74	49	277	0	0	0	1	2.865
74	49	277	0	0	0	0	2.8675
75	49	276	0	0	0	0	2.87
75	49	276	0	0	0	0	2.8725
74	50	276	0	0	0	0	2.875
76	49	275	0	0	0	0	2.8775
76	49	275	0	0	0	0	2.88
76	49	275	0	0	0	0	2.8825
76	49	275	0	0	0	0	2.885
76	49	275	0	0	0	0	2.8875
76	49	275	0	0	0	0	2.89
76	49	275	0	0	0	0	2.8925
77	49	274	0	0	0	0	2.895
77	49	274	0	0	0	0	2.8975
78	49	273	0	0	0	0	2.9
78	49	273	0	0	0	0	2.9025
78	49	273	0	0	0	0	2.905
77	49	274	0	0	0	1	2.9075
77	49	274	0	0	0	0	2.91
77	48	275	0	0	0	1	2.9125
77	48	275	0	0	0	1	2.915
78	48	274	0	0	0	0	2.9175
78	48	274	0	0	0	0	2.92
78	48	274	0	0	0	0	2.9225
79	48	273	0	0	0	0	2.925
78	48	274	0	0	0	1	2.9275
78	48	274	0	0	0	0	2.93
80	48	272	0	0	0	0	2.9325
81	48	271	0	0	0	0	2.935
81	48	271	0	0	0	0	2.9375
81	48	271	0	0	0	0	2.94
81	48	271	0	0	0	0	2.9425
81	48	271	0	0	0	0	2.945
84	48	268	0	0	0	0	2.9475
84	48	268	0	0	0	0	2.95
84	48	268	0	0	0	0	2.9525
84	49	267	0	0	0	0	2.955
83	50	267	0	0	0	0	2.9575
83	50	267	0	0	0	0	2.96
83	51	266	0	0	0	0	2.9625
83	51	266	0	0	0	0	2.965
82	51	267	0	0	0	1	2.9675
82	51	267	0	0	0	0	2.97
80	53	267	0	0	0	0	2.9725
80	53	267	0	0	0	0	2.975
80	52	268	0	0	0	0	2.9775
81	52	267	0	0	0	0	2.98
81	52	267	0	0	0	0	2.9825
80	52	268	0	0	0	1	2.985
80	53	267	0	0	0	0	2.9875
80	53	267	0	0	0	0	2.99
79	53	268	0	0	0	1	2.9925
80	53	267	0	0	0	0	2.995
80	54	266	0	0	0	0	2.9975
80	54	266	0	0	0	0	3
83	54	263	0	0	0	0	3.0025
83	54	263	0	0	0	0	3.005
84	54	262	0	0	0	0	3.0075
84	55	261	0	0	0	0	3.01
84	55	261	0	0	0	0	3.0125
84	55	261	0	0	0	0	3.015
84	55	261	0	0	0	0	3.0175
84	55	261	0	0	0	0	3.02
84	54	262	0	0	0	0	3.0225
84	54	262	0	0	0	0	3.025
84	54	262	0	0	0	0	3.0275
83	54	263	0	0	0	1	3.03
83	54	263	0	0	0	0	3.0325
82	54	264	0	0	0	1	3.035
82	54	264	0	0	0	0	3.0375
82	53	265	0	0	0	0	3.04
83	53	264	0	0	0	1	3.0425
83	53	264	0	0	0	0	3.045
83	53	264	0	0	0	0	3.0475
83	53	264	0	0	0	0	3.05
82	54	264	0	0	0	0	3.0525
82	54	264	0	0	0	0	3.055
82	54	264	0	0	0	0	3.0575
83	54	263	0	0	0	0	3.06
83	54	263	0	0	0	0	3.0625
82	55	263	0	0	0	0	3.065
82	55	263	0	0	0	0	3.0675
82	55	263	0	0	0	0	3.07
82	55	263	0	0	0	0	3.0725
82	55	263	0	0	0	0	3.075
83	55	262	0	0	0	0	3.0775
84	55	261	0	0	0	0	3.08
85	55	260	0	0	0	0	3.0825
85	55	260	0	0	0	0	3.085
85	55	260	0	0	0	0	3.0875
83	56	261	0	0	0	1	3.09
83	56	261	0	0	0	0	3.0925
82	56	262	0	0	0	1	3.095
82	56	262	0	0	0	0	3.0975
82	56	262	0	0	0	0	3.1
84	56	260	0	0	0	0	3.1025
84	57	259	0	0	0	0	3.105
84	57	259	0	0	0	0	3.1075
83	57	260	0	0	0	1	3.11
83	57	260	0	0	0	0	3.1125
81	57	262	0	0	0	2	3.115
82	57	261	0	0	0	0	3.1175
82	57	261	0	0	0	0	3.12
82	57	261	0	0	0	0	3.1225
82	57	261	0	0	0	0	3.125
82	57	261	0	0	0	0	3.1275
82	57	261	0	0	0	0	3.13
82	57	261	0	0	0	0	3.1325
84	57	259	0	0	0	0	3.135
85	57	258	0	0	0	0	3.1375
86	57	257	0	0	0	0	3.14
86	57	257	0	0	0	1	3.1425
85	57	258	0	0	0	1	3.145
85	58	257	0	0	0	0	3.1475
85	58	257	0	0	0	0	3.15
85	58	257	0	0	0	0	3.1525
84	58	258	0	0	0	0	3.155
84	58	258	0	0	0	1	3.1575
83	58	259	0	0	0	1	3.16
82	58	260	0	0	0	1	3.1625
83	57	260	0	0	0	0	3.165
82	55	263	0	0	0	1	3.1675
83	55	262	0	0	0	0	3.17
83	55	262	0	0	0	0	3.1725
83	54	263	0	0	0	0	3.175
83	54	263	0	0	0	0	3.1775
84	53	263	0	0	0	0	3.18
85	53	262	0	0	0	0	3.1825
85	53	262	0	0	0	0	3.185
86	53	261	0	0	0	0	3.1875
86	53	261	0	0	0	0	3.19
86	51	263	0	0	0	0	3.1925
86	51	263	0	0	0	0	3.195
86	51	263	0	0	0	0	3.1975
86	51	263	0	0	0	0	3.2
87	51	262	0	0	0	0	3.2025
88	51	261	0	0	0	0	3.205
89	51	260	0	0	0	0	3.2075
89	51	260	0	0	0	0	3.21
89	51	260	0	0	0	0	3.2125
89	50	261	0	0	0	0	3.215
89	50	261	0	0	0	0	3.2175
87	50	263	0	0	0	1	3.22
87	50	263	0	0	0	0	3.2225
86	50	264	0	0	0	1	3.225
86	50	264	0	0	0	0	3.2275
86	49	265	0	0	0	0	3.23
86	49	265	0	0	0	0	3.2325
86	49	265	0	0	0	0	3.235
87	49	264	0	0	0	0	3.2375
87	49	264	0	0	0	0	3.24
88	49	263	0	0	0	0	3.2425
88	49	263	0	0	0	0	3.245
89	49	262	0	0	0	0	3.2475
89	49	262	0	0	0	0	3.25
89	49	262	0	0	0	0	3.2525
88	50	262	0	0	0	0	3.255
88	50	262	0	0	0	0	3.2575
89	48	263	0	0	0	0	3.26
90	48	262	0	0	0	0	3.2625
91	48	261	0	0	0	0	3.265
91	49	260	0	0	0	0	3.2675
91	48	261	0	0	0	0	3.27
91	48	261	0	0	0	0	3.2725
91	48	261	0	0	0	0	3.275
91	48	261	0	0	0	0	3.2775
92	48	260	0	0	0	0	3.28
93	49	258	0	0	0	0	3.2825
92	49	259	0	0	0	1	3.285
90	50	260	0	0	0	0	3.2875
91	50	259	0	0	0	0	3.29
91	49	260	0	0	0	0	3.2925
92	49	259	0	0	0	0	3.295
92	49	259	0	0	0	0	3.2975
92	49	259	0	0	0	0	3.3
92	49	259	0	0	0	0	3.3025
92	49	259	0	0	0	0	3.305
92	50	258	0	0	0	0	3.3075
93	50	257	0	0	0	0	3.31
93	50	257	0	0	0	0	3.3125
93	50	257	0	0	0	0	3.315
93	50	257	0	0	0	0	3.3175
92	50	258	0	0	0	1	3.32
93	50	257	0	0	0	0	3.3225
93	50	257	0	0	0	0	3.325
93	49	258	0	0	0	0	3.3275
93	49	258	0	0	0	0	3.33
93	49	258	0	0	0	0	3.3325
93	48	259	0	0	0	1	3.335
93	48	259	0	0	0	0	3.3375
92	47	261	0	0	0	1	3.34
92	46	262	0	0	0	0	3.3425
91	46	263	0	0	0	1	3.345
93	46	261	0	0	0	0	3.3475
93	46	261	0	0	0	0	3.35
93	46	261	0	0	0	0	3.3525
93	46	261	0	0	0	0	3.355
93	46	261	0	0	0	0	3.3575
93	46	261	0	0	0	0	3.36
93	46	261	0	0	0	0	3.3625
92	46	262	0	0	0	1	3.365
93	46	261	0	0	0	0	3.3675
92	47	261	0	0	0	0	3.37
92	47	261	0	0	0	0	3.3725
93	47	260	0	0	0	0	3.375
93	47	260	0	0	0	0	3.3775
91	48	261	0	0	0	1	3.38
90	48	262	0	0	0	1	3.3825
92	47	261	0	0	0	0	3.385
91	47	262	0	0	0	1	3.3875
91	46	263	0	0	0	0	3.39
91	46	263	0	0	0	0	3.3925
91	46	263	0	0	0	0	3.395
91	46	263	0	0	0	0	3.3975
91	46	263	0	0	0	0	3.4
92	46	262	0	0	0	0	3.4025
92	46	262	0	0	0	0	3.405
90	46	264	0	0	0	2	3.4075
88	48	264	0	0	0	0	3.41
88	47	265	0	0	0	0	3.4125
88	47	265	0	0	0	0	3.415
88	47	265	0	0	0	0	3.4175
87	47	266	0	0	0	1	3.42
88	47	265	0	0	0	0	3.4225
89	47	264	0	0	0	0	3.425
89	47	264	0	0	0	0	3.4275
88	47	265	0	0	0	1	3.43
88	47	265	0	0	0	0	3.4325
86	47	267	0	0	0	1	3.435
86	47	267	0	0	0	1	3.4375
86	47	267	0	0	0	0	3.44
87	47	266	0	0	0	0	3.4425
88	47	265	0	0	0	0	3.445
89	47	264	0	0	0	0	3.4475
89	46	265	0	0	0	0	3.45
89	46	265	0	0	0	1	3.4525
89	46	265	0	0	0	0	3.455
89	46	265	0	0	0	0	3.4575
89	46	265	0	0	0	0	3.46
89	46	265	0	0	0	0	3.4625
90	46	264	0	0	0	0	3.465
90	46	264	0	0	0	0	3.4675
90	46	264	0	0	0	0	3.47
91	46	263	0	0	0	0	3.4725
91	46	263	0	0	0	0	3.475
91	46	263	0	0	0	0	3.4775
91	46	263	0	0	0	0	3.48
92	46	262	0	0	0	0	3.4825
92	46	262	0	0	0	0	3.485
91	47	262	0	0	0	1	3.4875
92	47	261	0	0	0	0	3.49
92	47	261	0	0	0	0	3.4925
92	47	261	0	0	0	0	3.495
93	47	260	0	0	0	0	3.4975
92	47	261	0	0	0	1	3.5
93	47	260	0	0	0	0	3.5025
93	47	260	0	0	0	0	3.505
93	47	260	0	0	0	0	3.5075
93	46	261	0	0	0	1	3.51
93	46	261	0	0	0	0	3.5125
92	47	261	0	0	0	1	3.515
93	47	260	0	0	0	0	3.5175
92	47	261	0	0	0	1	3.52
92	46	262	0	0	0	0	3.5225
92	46	262	0	0	0	0	3.525
92	46	262	0	0	0	0	3.5275
91	46	263	0	0	0	1	3.53
91	46	263	0	0	0	0	3.5325
90	46	264	0	0	0	1	3.535
90	46	264	0	0	0	0	3.5375
90	46	264	0	0	0	0	3.54
90	46	264	0	0	0	0	3.5425
90	45	265	0	0	0	0	3.545
91	44	265	0	0	0	1	3.5475
91	44	265	0	0	0	0	3.55
91	44	265	0	0	0	0	3.5525
90	44	266	0	0	0	1	3.555
90	44	266	0	0	0	0	3.5575
91	44	265	0	0	0	0	3.56
91	44	265	0	0	0	0	3.5625
91	44	265	0	0	0	0	3.565
90	44	266	0	0	0	1	3.5675
90	44	266	0	0	0	0	3.57
89	44	267	0	0	0	1	3.5725
90	44	266	0	0	0	0	3.575
90	44	266	0	0	0	0	3.5775
91	45	264	0	0	0	0	3.58
91	45	264	0	0	0	0	3.5825
90	46	264	0	0	0	0	3.585
90	46	264	0	0	0	0	3.5875
91	46	263	0	0	0	0	3.59
91	46	263	0	0	0	0	3.5925
92	46	262	0	0	0	0	3.595
92	46	262	0	0	0	0	3.5975
94	46	260	0	0	0	0	3.6
93	47	260	0	0	0	0	3.6025
93	47	260	0	0	0	0	3.605
92	47	261	0	0	0	2	3.6075
94	46	260	0	0	0	0	3.61
94	46	260	0	0	0	0	3.6125
94	46	260	0	0	0	1	3.615
93	46	261	0	0	0	1	3.6175
92	46	262	0	0	0	1	3.62
92	46	262	0	0	0	0	3.6225
92	47	261	0	0	0	0	3.625
92	47	261	0	0	0	0	3.6275
91	47	262	0	0	0	1	3.63
90	47	263	0	0	0	1	3.6325
90	47	263	0	0	0	0	3.635
90	47	263	0	0	0	0	3.6375
90	47	263	0	0	0	0	3.64
90	47	263	0	0	0	0	3.6425
90	47	263	0	0	0	0	3.645
90	47	263	0	0	0	0	3.6475
90	47	263	0	0	0	0	3.65
90	47	263	0	0	0	0	3.6525
92	47	261	0	0	0	0	3.655
92	47	261	0	0	0	0	3.6575
92	47	261	0	0	0	0	3.66
92	47	261	0	0	0	0	3.6625
91	47	262	0	0	0	1	3.665
91	47	262	0	0	0	0	3.6675
92	47	261	0	0	0	0	3.67
93	47	260	0	0	0	0	3.6725
93	47	260	0	0	0	0	3.675
94	47	259	0	0	0	0	3.6775
95	47	258	0	0	0	0	3.68
96	47	257	0	0	0	0	3.6825
96	47	257	0	0	0	0	3.685
97	47	256	0	0	0	0	3.6875
98	47	255	0	0	0	0	3.69
97	47	256	0	0	0	1	3.6925
98	47	255	0	0	0	0	3.695
97	47	256	0	0	0	1	3.6975
97	46	257	0	0	0	0	3.7
98	46	256	0	0	0	0	3.7025
98	46	256	0	0	0	0	3.705
98	46	256	0	0	0	0	3.7075
99	46	255	0	0	0	0	3.71
98	46	256	0	0	0	1	3.7125
99	45	256	0	0	0	0	3.715
99	45	256	0	0	0	0	3.7175
99	45	256	0	0	0	0	3.72
98	46	256	0	0	0	0	3.7225
98	45	257	0	0	0	0	3.725
97	46	257	0	0	0	0	3.7275
97	46	257	0	0	0	1	3.73
96	46	258	0	0	0	1	3.7325
95	46	259	0	0	0	1	3.735
95	46	259	0	0	0	0	3.7375
96	46	258	0	0	0	0	3.74
96	46	258	0	0	0	0	3.7425
96	46	258	0	0	0	0	3.745
97	46	257	0	0	0	0	3.7475
96	47	257	0	0	0	0	3.75
96	47	257	0	0	0	0	3.7525
96	47	257	0	0	0	0	3.755
97	47	256	0	0	0	0	3.7575
97	46	257	0	0	0	0	3.76
97	46	257	0	0	0	0	3.7625
97	46	257	0	0	0	0	3.765
97	46	257	0	0	0	1	3.7675
98	46	256	0	0	0	0	3.77
96	47	257	0	0	0	1	3.7725
97	47	256	0	0	0	0	3.775
96	48	256	0	0	0	0	3.7775
96	48	256	0	0	0	0	3.78
97	48	255	0	0	0	0	3.7825
98	48	254	0	0	0	0	3.785
97	49	254	0	0	0	0	3.7875
97	47	256	0	0	0	0	3.79
96	47	257	0	0	0	0	3.7925
96	47	257	0	0	0	0	3.795
96	47	257	0	0	0	0	3.7975
96	46	258	0	0	0	1	3.8
96	46	258	0	0	0	0	3.8025
96	46	258	0	0	0	0	3.805
97	45	258	0	0	0	0	3.8075
97	45	258	0	0	0	0	3.81
98	45	257	0	0	0	0	3.8125
97	46	257	0	0	0	0	3.815
97	46	257	0	0	0	0	3.8175
97	46	257	0	0	0	0	3.82
97	46	257	0	0	0	0	3.8225
97	46	257	0	0	0	0	3.825
97	46	257	0	0	0	0	3.8275
97	46	257	0	0	0	0	3.83
96	46	258	0	0	0	1	3.8325
96	46	258	0	0	0	0	3.835
97	46	257	0	0	0	0	3.8375
97	46	257	0	0	0	0	3.84
98	46	256	0	0	0	0	3.8425
99	46	255	0	0	0	0	3.845
99	46	255	0	0	0	0	3.8475
101	46	253	0	0	0	0	3.85
101	46	253	0	0	0	0	3.8525
101	45	254	0	0	0	1	3.855
101	45	254	0	0	0	0	3.8575
102	45	253	0	0	0	0	3.86
103	44	253	0	0	0	0	3.8625
103	44	253	0	0	0	0	3.865
103	44	253	0	0	0	0	3.8675
103	43	254	0	0	0	0	3.87
103	43	254	0	0	0	0	3.8725
102	43	255	0	0	0	1	3.875
103	43	254	0	0	0	0	3.8775
100	42	258	0	0	0	3	3.88
100	41	259	0	0	0	1	3.8825
99	42	259	0	0	0	0	3.885
100	42	258	0	0	0	0	3.8875
100	42	258	0	0	0	1	3.89
99	41	260	0	0	0	1	3.8925
99	41	260	0	0	0	1	3.895
98	40	262	0	0	0	1	3.8975
98	40	262	0	0	0	0	3.9
98	40	262	0	0	0	0	3.9025
99	40	261	0	0	0	0	3.905
98	40	262	0	0	0	1	3.9075
97	40	263	0	0	0	1	3.91
97	40	263	0	0	0	0	3.9125
97	40	263	0	0	0	0	3.915
98	40	262	0	0	0	0	3.9175
99	40	261	0	0	0	0	3.92
98	40	262	0	0	0	1	3.9225
99	40	261	0	0	0	0	3.925
99	39	262	0	0	0	0	3.9275
99	39	262	0	0	0	0	3.93
99	38	263	0	0	0	0	3.9325
99	38	263	0	0	0	0	3.935
99	38	263	0	0	0	0	3.9375
97	39	264	0	0	0	1	3.94
95	39	266	0	0	0	2	3.9425
95	39	266	0	0	0	0	3.945
95	39	266	0	0	0	0	3.9475
95	39	266	0	0	0	0	3.95
95	39	266	0	0	0	0	3.9525
95	39	266	0	0	0	0	3.955
95	38	267	0	0	0	0	3.9575
95	38	267	0	0	0	0	3.96
94	39	267	0	0	0	0	3.9625
91	39	270	0	0	0	3	3.965
92	38	270	0	0	0	0	3.9675
91	38	271	0	0	0	1	3.97
92	38	270	0	0	0	0	3.9725
91	39	270	0	0	0	0	3.975
88	41	271	0	0	0	1	3.9775
87	41	272	0	0	0	1	3.98
87	41	272	0	0	0	0	3.9825
89	41	270	0	0	0	0	3.985
89	41	270	0	0	0	0	3.9875
88	41	271	0	0	0	2	3.99
89	41	270	0	0	0	0	3.9925
88	41	271	0	0	0	1	3.995
89	41	270	0	0	0	0	3.9975
90	41	269	0	0	0	0	4
90	41	269	0	0	0	0	4.0025
89	42	269	0	0	0	0	4.005
89	42	269	0	0	0	0	4.0075
89	42	269	0	0	0	0	4.01
88	43	269	0	0	0	0	4.0125
88	43	269	0	0	0	0	4.015
88	43	269	0	0	0	0	4.0175
88	43	269	0	0	0	0	4.02
89	41	270	0	0	0	0	4.0225
88	41	271	0	0	0	1	4.025
88	41	271	0	0	0	0	4.0275
88	41	271	0	0	0	0	4.03
88	42	270	0	0	0	0	4.0325
89	42	269	0	0	0	0	4.035
91	42	267	0	0	0	0	4.0375
91	42	267	0	0	0	0	4.04
92	42	266	0	0	0	0	4.0425
91	43	266	0	0	0	0	4.045
91	43	266	0	0	0	0	4.0475
91	43	266	0	0	0	0	4.05
91	43	266	0	0	0	0	4.0525
91	43	266	0	0	0	0	4.055
91	43	266	0	0	0	0	4.0575
91	43	266	0	0	0	0	4.06
89	44	267	0	0	0	1	4.0625
89	44	267	0	0	0	0	4.065
89	44	267	0	0	0	0	4.0675
89	42	269	0	0	0	0	4.07
90	42	268	0	0	0	0	4.0725
91	42	267	0	0	0	0	4.075
92	42	266	0	0	0	0	4.0775
92	42	266	0	0	0	0	4.08
92	42	266	0	0	0	0	4.0825
92	41	267	0	0	0	0	4.085
94	41	265	0	0	0	0	4.0875
94	41	265	0	0	0	0	4.09
94	41	265	0	0	0	0	4.0925
94	41	265	0	0	0	0	4.095
94	41	265	0	0	0	0	4.0975
94	41	265	0	0	0	0	4.1
94	41	265	0	0	0	0	4.1025
94	41	265	0	0	0	0	4.105
94	41	265	0	0	0	0	4.1075
93	41	266	0	0	0	1	4.11
93	41	266	0	0	0	1	4.1125
93	41	266	0	0	0	0	4.115
92	41	267	0	0	0	1	4.1175
92	41	267	0	0	0	0	4.12
93	41	266	0	0	0	0	4.1225
93	41	266	0	0	0	0	4.125
94	41	265	0	0	0	0	4.1275
94	41	265	0	0	0	0	4.13
93	41	266	0	0	0	1	4.1325
90	40	270	0	0	0	3	4.135
92	40	268	0	0	0	0	4.1375
92	40	268	0	0	0	0	4.14
91	40	269	0	0	0	1	4.1425
91	41	268	0	0	0	0	4.145
91	42	267	0	0	0	0	4.1475
91	42	267	0	0	0	0	4.15
92	42	266	0	0	0	0	4.1525
92	41	267	0	0	0	0	4.155
92	41	267	0	0	0	0	4.1575
92	41	267	0	0	0	0	4.16
91	41	268	0	0	0	1	4.1625
92	41	267	0	0	0	0	4.165
92	41	267	0	0	0	0	4.1675
91	41	268	0	0	0	1	4.17
93	41	266	0	0	0	0	4.1725
91	41	268	0	0	0	2	4.175
91	41	268	0	0	0	0	4.1775
92	41	267	0	0	0	0	4.18
93	41	266	0	0	0	0	4.1825
93	41	266	0	0	0	0	4.185
94	41	265	0	0	0	0	4.1875
93	42	265	0	0	0	0	4.19
93	42	265	0	0	0	0	4.1925
91	43	266	0	0	0	1	4.195
90	43	267	0	0	0	1	4.1975
90	43	267	0	0	0	0	4.2
90	43	267	0	0	0	0	4.2025
89	44	267	0	0	0	0	4.205
89	44	267	0	0	0	0	4.2075
89	44	267	0	0	0	0	4.21
91	43	266	0	0	0	0	4.2125
92	43	265	0	0	0	0	4.215
92	42	266	0	0	0	0	4.2175
93	42	265	0	0	0	0	4.22
93	42	265	0	0	0	0	4.2225
90	43	267	0	0	0	2	4.225
92	43	265	0	0	0	0	4.2275
92	43	265	0	0	0	0	4.23
92	43	265	0	0	0	0	4.2325
93	43	264	0	0	0	0	4.235
91	44	265	0	0	0	1	4.2375
90	45	265	0	0	0	0	4.24
90	45	265	0	0	0	0	4.2425
90	45	265	0	0	0	0	4.245
90	45	265	0	0	0	0	4.2475
91	45	264	0	0	0	0	4.25
90	45	265	0	0	0	1	4.2525
89	45	266	0	0	0	1	4.255
89	44	267	0	0	0	0	4.2575
89	43	268	0	0	0	0	4.26
89	43	268	0	0	0	1	4.2625
89	43	268	0	0	0	1	4.265
89	43	268	0	0	0	0	4.2675
89	43	268	0	0	0	0	4.27
86	44	270	0	0	0	2	4.2725
85	45	270	0	0	0	0	4.275
85	45	270	0	0	0	0	4.2775
85	45	270	0	0	0	0	4.28
85	45	270	0	0	0	0	4.2825
85	44	271	0	0	0	0	4.285
85	44	271	0	0	0	0	4.2875
85	44	271	0	0	0	0	4.29
83	44	273	0	0	0	2	4.2925
82	43	275	0	0	0	1	4.295
82	43	275	0	0	0	0	4.2975
82	43	275	0	0	0	0	4.3
83	42	275	0	0	0	0	4.3025
83	42	275	0	0	0	0	4.305
83	42	275	0	0	0	0	4.3075
83	42	275	0	0	0	0	4.31
82	42	276	0	0	0	1	4.3125
83	42	275	0	0	0	0	4.315
84	42	274	0	0	0	0	4.3175
84	42	274	0	0	0	0	4.32
83	42	275	0	0	0	1	4.3225
83	42	275	0	0	0	0	4.325
83	42	275	0	0	0	1	4.3275
83	41	276	0	0	0	0	4.33
84	41	275	0	0	0	0	4.3325
84	41	275	0	0	0	0	4.335
84	41	275	0	0	0	0	4.3375
84	42	274	0	0	0	0	4.34
84	42	274	0	0	0	0	4.3425
84	42	274	0	0	0	0	4.345
83	41	276	0	0	0	1	4.3475
83	41	276	0	0	0	0	4.35
83	41	276	0	0	0	0	4.3525
83	41	276	0	0	0	0	4.355
83	41	276	0	0	0	0	4.3575
83	41	276	0	0	0	0	4.36
83	41	276	0	0	0	0	4.3625
83	41	276	0	0	0	0	4.365
83	41	276	0	0	0	0	4.3675
82	41	277	0	0	0	1	4.37
83	41	276	0	0	0	0	4.3725
82	42	276	0	0	0	0	4.375
83	41	276	0	0	0	0	4.3775
83	41	276	0	0	0	0	4.38
83	41	276	0	0	0	0	4.3825
83	41	276	0	0	0	0	4.385
83	41	276	0	0	0	0	4.3875
83	41	276	0	0	0	0	4.39
83	41	276	0	0	0	0	4.3925
83	41	276	0	0	0	0	4.395
82	41	277	0	0	0	1	4.3975
82	40	278	0	0	0	0	4.4
82	40	278	0	0	0	1	4.4025
82	40	278	0	0	0	0	4.405
82	40	278	0	0	0	0	4.4075
83	40	277	0	0	0	0	4.41
83	40	277	0	0	0	0	4.4125
82	40	278	0	0	0	1	4.415
82	40	278	0	0	0	0	4.4175
81	40	279	0	0	0	1	4.42
83	40	277	0	0	0	0	4.4225
83	40	277	0	0	0	0	4.425
82	40	278	0	0	0	1	4.4275
82	40	278	0	0	0	0	4.43
82	40	278	0	0	0	0	4.4325
79	39	282	0	0	0	3	4.435
80	39	281	0	0	0	0	4.4375
80	39	281	0	0	0	0	4.44
80	39	281	0	0	0	0	4.4425
81	39	280	0	0	0	0	4.445
81	39	280	0	0	0	0	4.4475
81	39	280	0	0	0	0	4.45
81	39	280	0	0	0	0	4.4525
82	39	279	0	0	0	0	4.455
82	38	280	0	0	0	0	4.4575
82	38	280	0	0	0	0	4.46
83	38	279	0	0	0	0	4.4625
83	38	279	0	0	0	0	4.465
84	38	278	0	0	0	0	4.4675
83	38	279	0	0	0	1	4.47
83	38	279	0	0	0	0	4.4725
82	39	279	0	0	0	0	4.475
82	39	279	0	0	0	0	4.4775
83	39	278	0	0	0	0	4.48
82	39	279	0	0	0	1	4.4825
82	39	279	0	0	0	1	4.485
82	39	279	0	0	0	0	4.4875
82	39	279	0	0	0	0	4.49
82	39	279	0	0	0	1	4.4925
81	40	279	0	0	0	0	4.495
82	40	278	0	0	0	0	4.4975
81	40	279	0	0	0	1	4.5
82	40	278	0	0	0	0	4.5025
83	40	277	0	0	0	0	4.505
83	40	277	0	0	0	0	4.5075
83	40	277	0	0	0	0	4.51
84	40	276	0	0	0	0	4.5125
85	40	275	0	0	0	0	4.515
85	39	276	0	0	0	0	4.5175
83	39	278	0	0	0	2	4.52
83	39	278	0	0	0	0	4.5225
83	39	278	0	0	0	0	4.525
83	39	278	0	0	0	0	4.5275
83	39	278	0	0	0	0	4.53
83	40	277	0	0	0	0	4.5325
83	40	277	0	0	0	0	4.535
82	41	277	0	0	0	0	4.5375
81	41	278	0	0	0	2	4.54
82	41	277	0	0	0	0	4.5425
82	41	277	0	0	0	0	4.545
84	41	275	0	0	0	0	4.5475
85	41	274	0	0	0	0	4.55
85	41	274	0	0	0	0	4.5525
85	40	275	0	0	0	0	4.555
84	40	276	0	0	0	1	4.5575
83	40	277	0	0	0	1	4.56
83	39	278	0	0	0	0	4.5625
84	39	277	0	0	0	0	4.565
84	39	277	0	0	0	0	4.5675
83	39	278	0	0	0	2	4.57
83	39	278	0	0	0	0	4.5725
83	39	278	0	0	0	0	4.575
82	39	279	0	0	0	1	4.5775
82	39	279	0	0	0	0	4.58
80	39	281	0	0	0	2	4.5825
78	39	283	0	0	0	2	4.585
77	39	284	0	0	0	1	4.5875
75	41	284	0	0	0	0	4.59
76	41	283	0	0	0	0	4.5925
76	41	283	0	0	0	0	4.595
75	41	284	0	0	0	1	4.5975
76	41	283	0	0	0	0	4.6
77	41	282	0	0	0	0	4.6025
77	41	282	0	0	0	0	4.605
75	41	284	0	0	0	2	4.6075
75	41	284	0	0	0	0	4.61
75	41	284	0	0	0	0	4.6125
75	42	283	0	0	0	0	4.615
76	42	282	0	0	0	0	4.6175
78	42	280	0	0	0	0	4.62
78	41	281	0	0	0	0	4.6225
78	41	281	0	0	0	0	4.625
77	41	282	0	0	0	1	4.6275
77	41	282	0	0	0	0	4.63
75	41	284	0	0	0	2	4.6325
75	41	284	0	0	0	0	4.635
76	41	283	0	0	0	0	4.6375
77	41	282	0	0	0	0	4.64
76	41	283	0	0	0	1	4.6425
75	41	284	0	0	0	1	4.645
76	41	283	0	0	0	0	4.6475
76	41	283	0	0	0	0	4.65
76	41	283	0	0	0	0	4.6525
76	40	284	0	0	0	0	4.655
75	40	285	0	0	0	1	4.6575
77	40	283	0	0	0	0	4.66
77	40	283	0	0	0	0	4.6625
76	40	284	0	0	0	1	4.665
76	40	284	0	0	0	0	4.6675
76	39	285	0	0	0	0	4.67
76	39	285	0	0	0	0	4.6725
76	39	285	0	0	0	0	4.675
76	39	285	0	0	0	1	4.6775
76	39	285	0	0	0	0	4.68
76	39	285	0	0	0	0	4.6825
75	38	287	0	0	0	1	4.685
75	38	287	0	0	0	0	4.6875
73	39	288	0	0	0	1	4.69
72	39	289	0	0	0	1	4.6925
73	39	288	0	0	0	0	4.695
73	39	288	0	0	0	0	4.6975
72	39	289	0	0	0	1	4.7
72	39	289	0	0	0	0	4.7025
72	39	289	0	0	0	0	4.705
73	39	288	0	0	0	0	4.7075
73	39	288	0	0	0	0	4.71
72	39	289	0	0	0	1	4.7125
71	39	290	0	0	0	1	4.715
71	39	290	0	0	0	0	4.7175
71	39	290	0	0	0	0	4.72
70	39	291	0	0	0	1	4.7225
70	39	291	0	0	0	0	4.725
70	39	291	0	0	0	0	4.7275
70	39	291	0	0	0	0	4.73
70	40	290	0	0	0	0	4.7325
70	40	290	0	0	0	0	4.735
71	40	289	0	0	0	0	4.7375
71	40	289	0	0	0	0	4.74
71	40	289	0	0	0	0	4.7425
71	40	289	0	0	0	0	4.745
71	40	289	0	0	0	0	4.7475
72	40	288	0	0	0	0	4.75
74	40	286	0	0	0	0	4.7525
75	40	285	0	0	0	0	4.755
74	40	286	0	0	0	2	4.7575
74	39	287	0	0	0	0	4.76
74	38	288	0	0	0	1	4.7625
74	39	287	0	0	0	0	4.765
73	40	287	0	0	0	0	4.7675
72	39	289	0	0	0	1	4.77
72	39	289	0	0	0	0	4.7725
71	39	290	0	0	0	1	4.775
71	39	290	0	0	0	0	4.7775
70	39	291	0	0	0	1	4.78
70	38	292	0	0	0	0	4.7825
70	37	293	0	0	0	0	4.785
70	37	293	0	0	0	1	4.7875
70	37	293	0	0	0	0	4.79
71	37	292	0	0	0	0	4.7925
70	37	293	0	0	0	1	4.795
68	37	295	0	0	0	2	4.7975
67	37	296	0	0	0	1	4.8
67	37	296	0	0	0	0	4.8025
67	37	296	0	0	0	0	4.805
67	37	296	0	0	0	0	4.8075
68	37	295	0	0	0	0	4.81
68	37	295	0	0	0	0	4.8125
68	37	295	0	0	0	0	4.815
68	37	295	0	0	0	0	4.8175
68	37	295	0	0	0	0	4.82
69	37	294	0	0	0	0	4.8225
69	36	295	0	0	0	0	4.825
69	36	295	0	0	0	0	4.8275
69	35	296	0	0	0	0	4.83
70	34	296	0	0	0	0	4.8325
70	34	296	0	0	0	0	4.835
69	35	296	0	0	0	0	4.8375
70	35	295	0	0	0	0	4.84
70	34	296	0	0	0	0	4.8425
69	34	297	0	0	0	1	4.845
68	35	297	0	0	0	0	4.8475
69	35	296	0	0	0	0	4.85
69	35	296	0	0	0	0	4.8525
69	35	296	0	0	0	0	4.855
68	35	297	0	0	0	1	4.8575
68	35	297	0	0	0	0	4.86
70	35	295	0	0	0	0	4.8625
71	35	294	0	0	0	0	4.865
71	35	294	0	0	0	0	4.8675
71	35	294	0	0	0	0	4.87
71	35	294	0	0	0	0	4.8725
72	35	293	0	0	0	0	4.875
71	35	294	0	0	0	1	4.8775
71	35	294	0	0	0	0	4.88
72	35	293	0	0	0	0	4.8825
72	35	293	0	0	0	0	4.885
73	35	292	0	0	0	0	4.8875
73	35	292	0	0	0	0	4.89
73	35	292	0	0	0	0	4.8925
74	35	291	0	0	0	0	4.895
75	35	290	0	0	0	0	4.8975
76	35	289	0	0	0	0	4.9
76	35	289	0	0	0	0	4.9025
76	35	289	0	0	0	0	4.905
76	35	289	0	0	0	0	4.9075
76	35	289	0	0	0	0	4.91
76	35	289	0	0	0	0	4.9125
76	35	289	0	0	0	0	4.915
76	35	289	0	0	0	0	4.9175
77	35	288	0	0	0	0	4.92
77	35	288	0	0	0	0	4.9225
75	35	290	0	0	0	2	4.925
75	35	290	0	0	0	0	4.9275
75	35	290	0	0	0	0	4.93
75	35	290	0	0	0	0	4.9325
76	35	289	0	0	0	0	4.935
77	35	288	0	0	0	0	4.9375
77	35	288	0	0	0	0	4.94
76	36	288	0	0	0	0	4.9425
78	36	286	0	0	0	0	4.945
78	36	286	0	0	0	0	4.9475
78	36	286	0	0	0	0	4.95
79	34	287	0	0	0	0	4.9525
79	34	287	0	0	0	0	4.955
79	34	287	0	0	0	0	4.9575
79	34	287	0	0	0	0	4.96
77	35	288	0	0	0	1	4.9625
78	35	287	0	0	0	0	4.965
79	35	286	0	0	0	0	4.9675
80	35	285	0	0	0	0	4.97
80	35	285	0	0	0	0	4.9725
81	35	284	0	0	0	0	4.975
82	35	283	0	0	0	0	4.9775
83	35	282	0	0	0	0	4.98
82	35	283	0	0	0	1	4.9825
82	34	284	0	0	0	0	4.985
81	35	284	0	0	0	0	4.9875
82	34	284	0	0	0	0	4.99
82	34	284	0	0	0	0	4.9925
82	34	284	0	0	0	1	4.995
83	34	283	0	0	0	0	4.9975
83	34	283	0	0	0	0	5
83	34	283	0	0	0	1	5.0025
83	35	282	0	0	0	0	5.005
82	35	283	0	0	0	1	5.0075
82	35	283	0	0	0	0	5.01
83	35	282	0	0	0	0	5.0125
84	34	282	0	0	0	0	5.015
83	35	282	0	0	0	0	5.0175
83	35	282	0	0	0	0	5.02
83	35	282	0	0	0	0	5.0225
83	36	281	0	0	0	0	5.025
83	36	281	0	0	0	0	5.0275
84	36	280	0	0	0	0	5.03
84	36	280	0	0	0	0	5.0325
84	36	280	0	0	0	0	5.035
84	36	280	0	0	0	0	5.0375
83	36	281	0	0	0	1	5.04
84	36	280	0	0	0	0	5.0425
84	36	280	0	0	0	1	5.045
84	36	280	0	0	0	0	5.0475
84	36	280	0	0	0	0	5.05
84	36	280	0	0	0	0	5.0525
84	36	280	0	0	0	0	5.055
84	36	280	0	0	0	0	5.0575
84	36	280	0	0	0	0	5.06
85	36	279	0	0	0	0	5.0625
85	36	279	0	0	0	0	5.065
86	36	278	0	0	0	0	5.0675
86	36	278	0	0	0	0	5.07
85	36	279	0	0	0	1	5.0725
86	36	278	0	0	0	0	5.075
86	35	279	0	0	0	1	5.0775
86	35	279	0	0	0	0	5.08
86	34	280	0	0	0	0	5.0825
86	34	280	0	0	0	0	5.085
87	34	279	0	0	0	0	5.0875
87	34	279	0	0	0	0	5.09
86	34	280	0	0	0	2	5.0925
86	34	280	0	0	0	0	5.095
85	34	281	0	0	0	1	5.0975
85	34	281	0	0	0	0	5.1
86	34	280	0	0	0	0	5.1025
87	33	280	0	0	0	0	5.105
87	33	280	0	0	0	0	5.1075
88	33	279	0	0	0	0	5.11
88	32	280	0	0	0	0	5.1125
88	32	280	0	0	0	0	5.115
86	31	283	0	0	0	2	5.1175
85	31	284	0	0	0	1	5.12
85	31	284	0	0	0	0	5.1225
84	31	285	0	0	0	1	5.125
85	31	284	0	0	0	0	5.1275
86	30	284	0	0	0	0	5.13
87	30	283	0	0	0	0	5.1325
88	30	282	0	0	0	0	5.135
89	30	281	0	0	0	0	5.1375
89	30	281	0	0	0	0	5.14
89	30	281	0	0	0	0	5.1425
90	30	280	0	0	0	0	5.145
90	30	280	0	0	0	0	5.1475
90	30	280	0	0	0	0	5.15
90	30	280	0	0	0	0	5.1525
91	30	279	0	0	0	0	5.155
91	30	279	0	0	0	0	5.1575
91	30	279	0	0	0	0	5.16
90	30	280	0	0	0	1	5.1625
90	30	280	0	0	0	0	5.165
90	30	280	0	0	0	0	5.1675
90	30	280	0	0	0	0	5.17
90	30	280	0	0	0	0	5.1725
90	30	280	0	0	0	0	5.175
92	30	278	0	0	0	0	5.1775
91	31	278	0	0	0	1	5.18
90	31	279	0	0	0	1	5.1825
91	31	278	0	0	0	0	5.185
92	31	277	0	0	0	1	5.1875
93	31	276	0	0	0	0	5.19
93	32	275	0	0	0	0	5.1925
92	32	276	0	0	0	1	5.195
92	32	276	0	0	0	0	5.1975
92	32	276	0	0	0	0	5.2
94	32	274	0	0	0	0	5.2025
93	32	275	0	0	0	1	5.205
91	32	277	0	0	0	2	5.2075
92	32	276	0	0	0	0	5.21
91	33	276	0	0	0	0	5.2125
91	33	276	0	0	0	0	5.215
91	33	276	0	0	0	0	5.2175
92	33	275	0	0	0	1	5.22
93	33	274	0	0	0	0	5.2225
94	33	273	0	0	0	0	5.225
94	33	273	0	0	0	0	5.2275
94	33	273	0	0	0	0	5.23
94	33	273	0	0	0	0	5.2325
95	33	272	0	0	0	0	5.235
94	34	272	0	0	0	0	5.2375
95	34	271	0	0	0	0	5.24
95	34	271	0	0	0	0	5.2425
95	34	271	0	0	0	0	5.245
94	35	271	0	0	0	0	5.2475
92	35	273	0	0	0	2	5.25
92	35	273	0	0	0	0	5.2525
91	36	273	0	0	0	0	5.255
90	36	274	0	0	0	1	5.2575
91	36	273	0	0	0	0	5.26
90	36	274	0	0	0	1	5.2625
90	36	274	0	0	0	0	5.265
91	36	273	0	0	0	0	5.2675
91	36	273	0	0	0	1	5.27
91	36	273	0	0	0	0	5.2725
90	36	274	0	0	0	1	5.275
89	37	274	0	0	0	0	5.2775
89	37	274	0	0	0	0	5.28
88	37	275	0	0	0	0	5.2825
88	37	275	0	0	0	0	5.285
88	37	275	0	0	0	0	5.2875
88	36	276	0	0	0	0	5.29
88	36	276	0	0	0	1	5.2925
88	35	277	0	0	0	0	5.295
88	35	277	0	0	0	0	5.2975
86	36	278	0	0	0	1	5.3
86	35	279	0	0	0	0	5.3025
86	35	279	0	0	0	1	5.305
88	35	277	0	0	0	0	5.3075
89	35	276	0	0	0	0	5.31
88	35	277	0	0	0	1	5.3125
88	35	277	0	0	0	0	5.315
89	35	276	0	0	0	0	5.3175
89	35	276	0	0	0	0	5.32
89	35	276	0	0	0	0	5.3225
89	35	276	0	0	0	0	5.325
89	35	276	0	0	0	0	5.3275
89	35	276	0	0	0	0	5.33
88	35	277	0	0	0	2	5.3325
90	35	275	0	0	0	0	5.335
90	34	276	0	0	0	0	5.3375
91	34	275	0	0	0	0	5.34
90	34	276	0	0	0	1	5.3425
90	34	276	0	0	0	0	5.345
92	34	274	0	0	0	0	5.3475
93	33	274	0	0	0	0	5.35
94	33	273	0	0	0	0	5.3525
94	33	273	0	0	0	0	5.355
95	33	272	0	0	0	0	5.3575
93	33	274	0	0	0	2	5.36
92	33	275	0	0	0	1	5.3625
92	33	275	0	0	0	0	5.365
91	33	276	0	0	0	1	5.3675
90	33	277	0	0	0	1	5.37
90	33	277	0	0	0	0	5.3725
91	33	276	0	0	0	1	5.375
91	34	275	0	0	0	0	5.3775
91	34	275	0	0	0	0	5.38
94	35	271	0	0	0	0	5.3825
93	35	272	0	0	0	1	5.385
94	35	271	0	0	0	0	5.3875
93	35	272	0	0	0	1	5.39
91	36	273	0	0	0	1	5.3925
90	36	274	0	0	0	1	5.395
90	35	275	0	0	0	0	5.3975
90	35	275	0	0	0	0	5.4
89	35	276	0	0	0	1	5.4025
89	35	276	0	0	0	0	5.405
89	35	276	0	0	0	0	5.4075
90	36	274	0	0	0	0	5.41
90	36	274	0	0	0	0	5.4125
90	36	274	0	0	0	0	5.415
90	35	275	0	0	0	0	5.4175
91	35	274	0	0	0	0	5.42
91	34	275	0	0	0	0	5.4225
92	34	274	0	0	0	0	5.425
92	34	274	0	0	0	0	5.4275
92	34	274	0	0	0	0	5.43
93	34	273	0	0	0	0	5.4325
92	34	274	0	0	0	1	5.435
93	34	273	0	0	0	0	5.4375
93	34	273	0	0	0	0	5.44
92	34	274	0	0	0	1	5.4425
91	34	275	0	0	0	1	5.445
91	34	275	0	0	0	0	5.4475
91	34	275	0	0	0	0	5.45
92	34	274	0	0	0	0	5.4525
94	34	272	0	0	0	0	5.455
94	34	272	0	0	0	0	5.4575
94	35	271	0	0	0	0	5.46
94	35	271	0	0	0	0	5.4625
95	34	271	0	0	0	0	5.465
92	35	273	0	0	0	2	5.4675
92	34	274	0	0	0	0	5.47
93	34	273	0	0	0	0	5.4725
95	34	271	0	0	0	0	5.475
95	34	271	0	0	0	0	5.4775
94	34	272	0	0	0	1	5.48
94	34	272	0	0	0	0	5.4825
94	34	272	0	0	0	0	5.485
94	34	272	0	0	0	0	5.4875
94	34	272	0	0	0	0	5.49
95	34	271	0	0	0	0	5.4925
96	34	270	0	0	0	0	5.495
96	34	270	0	0	0	0	5.4975
96	34	270	0	0	0	0	5.5
96	34	270	0	0	0	0	5.5025
97	34	269	0	0	0	0	5.505
98	34	268	0	0	0	0	5.5075
97	34	269	0	0	0	1	5.51
98	34	268	0	0	0	0	5.5125
99	34	267	0	0	0	0	5.515
98	34	268	0	0	0	1	5.5175
97	34	269	0	0	0	0	5.52
97	34	269	0	0	0	0	5.5225
96	34	270	0	0	0	1	5.525
97	34	269	0	0	0	0	5.5275
98	34	268	0	0	0	0	5.53
98	34	268	0	0	0	0	5.5325
98	34	268	0	0	0	0	5.535
98	34	268	0	0	0	0	5.5375
98	34	268	0	0	0	0	5.54
97	34	269	0	0	0	1	5.5425
97	34	269	0	0	0	0	5.545
97	34	269	0	0	0	0	5.5475
97	34	269	0	0	0	0	5.55
96	34	270	0	0	0	0	5.5525
96	34	270	0	0	0	0	5.555
96	33	271	0	0	0	0	5.5575
95	33	272	0	0	0	1	5.56
95	33	272	0	0	0	0	5.5625
96	33	271	0	0	0	0	5.565
96	33	271	0	0	0	1	5.5675
96	33	271	0	0	0	0	5.57
96	34	270	0	0	0	0	5.5725
96	34	270	0	0	0	0	5.575
96	34	270	0	0	0	0	5.5775
96	34	270	0	0	0	0	5.58
96	34	270	0	0	0	0	5.5825
96	34	270	0	0	0	0	5.585
97	34	269	0	0	0	0	5.5875
98	34	268	0	0	0	0	5.59
97	34	269	0	0	0	1	5.5925
97	34	269	0	0	0	0	5.595
97	34	269	0	0	0	0	5.5975
97	34	269	0	0	0	0	5.6
96	34	270	0	0	0	1	5.6025
95	34	271	0	0	0	1	5.605
94	34	272	0	0	0	1	5.6075
94	34	272	0	0	0	0	5.61
94	34	272	0	0	0	0	5.6125
92	34	274	0	0	0	2	5.615
93	34	273	0	0	0	0	5.6175
93	34	273	0	0	0	0	5.62
95	34	271	0	0	0	0	5.6225
94	34	272	0	0	0	1	5.625
94	34	272	0	0	0	0	5.6275
95	34	271	0	0	0	1	5.63
95	34	271	0	0	0	0	5.6325
95	34	271	0	0	0	0	5.635
94	36	270	0	0	0	0	5.6375
94	36	270	0	0	0	0	5.64
95	36	269	0	0	0	0	5.6425
96	36	268	0	0	0	0	5.645
95	36	269	0	0	0	1	5.6475
96	36	268	0	0	0	0	5.65
95	36	269	0	0	0	1	5.6525
96	36	268	0	0	0	0	5.655
96	36	268	0	0	0	0	5.6575
96	36	268	0	0	0	0	5.66
94	38	268	0	0	0	0	5.6625
97	38	265	0	0	0	0	5.665
96	38	266	0	0	0	1	5.6675
96	38	266	0	0	0	0	5.67
95	38	267	0	0	0	1	5.6725
95	38	267	0	0	0	0	5.675
99	38	263	0	0	0	0	5.6775
99	38	263	0	0	0	0	5.68
100	38	262	0	0	0	0	5.6825
100	38	262	0	0	0	0	5.685
100	38	262	0	0	0	0	5.6875
100	38	262	0	0	0	0	5.69
99	39	262	0	0	0	0	5.6925
99	39	262	0	0	0	0	5.695
98	40	262	0	0	0	0	5.6975
97	40	263	0	0	0	1	5.7
97	40	263	0	0	0	0	5.7025
97	40	263	0	0	0	0	5.705
97	40	263	0	0	0	0	5.7075
97	40	263	0	0	0	0	5.71
97	40	263	0	0	0	0	5.7125
97	39	264	0	0	0	0	5.715
97	39	264	0	0	0	0	5.7175
97	39	264	0	0	0	0	5.72
97	39	264	0	0	0	0	5.7225
98	39	263	0	0	0	0	5.725
98	39	263	0	0	0	0	5.7275
98	38	264	0	0	0	0	5.73
98	37	265	0	0	0	0	5.7325
98	37	265	0	0	0	0	5.735
98	36	266	0	0	0	0	5.7375
99	36	265	0	0	0	0	5.74
99	36	265	0	0	0	0	5.7425
98	36	266	0	0	0	1	5.745
98	36	266	0	0	0	0	5.7475
98	36	266	0	0	0	0	5.75
98	36	266	0	0	0	0	5.7525
98	36	266	0	0	0	0	5.755
97	36	267	0	0	0	1	5.7575
97	36	267	0	0	0	0	5.76
98	36	266	0	0	0	1	5.7625
98	36	266	0	0	0	0	5.765
98	35	267	0	0	0	0	5.7675
99	35	266	0	0	0	0	5.77
99	35	266	0	0	0	0	5.7725
100	35	265	0	0	0	0	5.775
101	35	264	0	0	0	0	5.7775
100	34	266	0	0	0	1	5.78
100	34	266	0	0	0	0	5.7825
100	34	266	0	0	0	0	5.785
100	34	266	0	0	0	0	5.7875
100	34	266	0	0	0	0	5.79
100	34	266	0	0	0	0	5.7925
100	35	265	0	0	0	0	5.795
98	35	267	0	0	0	2	5.7975
98	35	267	0	0	0	0	5.8
97	35	268	0	0	0	1	5.8025
95	35	270	0	0	0	2	5.805
95	35	270	0	0	0	0	5.8075
95	35	270	0	0	0	0	5.81
96	35	269	0	0	0	0	5.8125
98	35	267	0	0	0	0	5.815
99	35	266	0	0	0	0	5.8175
101	35	264	0	0	0	1	5.82
101	35	264	0	0	0	0	5.8225
101	35	264	0	0	0	0	5.825
101	35	264	0	0	0	0	5.8275
100	36	264	0	0	0	0	5.83
101	36	263	0	0	0	0	5.8325
101	36	263	0	0	0	0	5.835
101	34	265	0	0	0	0	5.8375
100	35	265	0	0	0	0	5.84
100	35	265	0	0	0	0	5.8425
100	35	265	0	0	0	0	5.845
98	35	267	0	0	0	2	5.8475
100	34	266	0	0	0	0	5.85
100	34	266	0	0	0	0	5.8525
100	34	266	0	0	0	0	5.855
99	34	267	0	0	0	1	5.8575
99	34	267	0	0	0	0	5.86
99	34	267	0	0	0	0	5.8625
99	34	267	0	0	0	0	5.865
98	34	268	0	0	0	1	5.8675
97	34	269	0	0	0	1	5.87
96	34	270	0	0	0	1	5.8725
96	34	270	0	0	0	0	5.875
95	34	271	0	0	0	1	5.8775
95	34	271	0	0	0	0	5.88
96	33	271	0	0	0	0	5.8825
96	33	271	0	0	0	0	5.885
96	33	271	0	0	0	0	5.8875
96	33	271	0	0	0	0	5.89
97	33	270	0	0	0	0	5.8925
97	33	270	0	0	0	0	5.895
97	33	270	0	0	0	0	5.8975
97	33	270	0	0	0	0	5.9
95	33	272	0	0	0	2	5.9025
94	32	274	0	0	0	1	5.905
95	32	273	0	0	0	0	5.9075
96	32	272	0	0	0	0	5.91
95	31	274	0	0	0	1	5.9125
95	31	274	0	0	0	0	5.915
95	31	274	0	0	0	0	5.9175
95	31	274	0	0	0	0	5.92
95	31	274	0	0	0	0	5.9225
94	31	275	0	0	0	1	5.925
94	31	275	0	0	0	1	5.9275
94	31	275	0	0	0	1	5.93
94	31	275	0	0	0	0	5.9325
94	32	274	0	0	0	0	5.935
94	32	274	0	0	0	0	5.9375
94	31	275	0	0	0	0	5.94
94	31	275	0	0	0	0	5.9425
94	31	275	0	0	0	0	5.945
95	31	274	0	0	0	0	5.9475
95	31	274	0	0	0	0	5.95
95	31	274	0	0	0	0	5.9525
96	31	273	0	0	0	0	5.955
96	31	273	0	0	0	0	5.9575
96	31	273	0	0	0	0	5.96
96	31	273	0	0	0	0	5.9625
97	31	272	0	0	0	0	5.965
97	31	272	0	0	0	0	5.9675
96	32	272	0	0	0	0	5.97
96	32	272	0	0	0	0	5.9725
97	32	271	0	0	0	1	5.975
97	32	271	0	0	0	0	5.9775
98	32	270	0	0	0	0	5.98
99	32	269	0	0	0	0	5.9825
99	32	269	0	0	0	0	5.985
99	32	269	0	0	0	0	5.9875
99	32	269	0	0	0	0	5.99
100	32	268	0	0	0	0	5.9925
100	31	269	0	0	0	0	5.995
99	32	269	0	0	0	0	5.9975
100	32	268	0	0	0	0	6
99	32	269	0	0	0	1	6.0025
98	32	270	0	0	0	1	6.005
99	32	269	0	0	0	0	6.0075
98	33	269	0	0	0	0	6.01
98	32	270	0	0	0	0	6.0125
98	32	270	0	0	0	0	6.015
98	32	270	0	0	0	0	6.0175
98	32	270	0	0	0	0	6.02
98	32	270	0	0	0	0	6.0225
98	32	270	0	0	0	0	6.025
98	30	272	0	0	0	0	6.0275
98	30	272	0	0	0	0	6.03
96	30	274	0	0	0	2	6.0325
96	30	274	0	0	0	0	6.035
96	30	274	0	0	0	0	6.0375
96	30	274	0	0	0	0	6.04
96	30	274	0	0	0	0	6.0425
96	30	274	0	0	0	0	6.045
95	30	275	0	0	0	1	6.0475
93	30	277	0	0	0	2	6.05
94	30	276	0	0	0	0	6.0525
94	30	276	0	0	0	1	6.055
95	30	275	0	0	0	0	6.0575
95	30	275	0	0	0	0	6.06
96	30	274	0	0	0	0	6.0625
96	30	274	0	0	0	0	6.065
97	30	273	0	0	0	0	6.0675
97	30	273	0	0	0	0	6.07
97	30	273	0	0	0	0	6.0725
97	28	275	0	0	0	0	6.075
98	28	274	0	0	0	0	6.0775
98	29	273	0	0	0	0	6.08
98	29	273	0	0	0	0	6.0825
98	29	273	0	0	0	0	6.085
98	29	273	0	0	0	0	6.0875
100	29	271	0	0	0	0	6.09
100	29	271	0	0	0	0	6.0925
100	29	271	0	0	0	0	6.095
99	29	272	0	0	0	1	6.0975
99	29	272	0	0	0	0	6.1
99	28	273	0	0	0	0	6.1025
98	29	273	0	0	0	0	6.105
97	29	274	0	0	0	1	6.1075
98	29	273	0	0	0	0	6.11
98	29	273	0	0	0	0	6.1125
98	29	273	0	0	0	0	6.115
98	29	273	0	0	0	0	6.1175
98	29	273	0	0	0	0	6.12
98	29	273	0	0	0	0	6.1225
99	29	272	0	0	0	1	6.125
99	29	272	0	0	0	0	6.1275
99	29	272	0	0	0	0	6.13
100	29	271	0	0	0	0	6.1325
101	29	270	0	0	0	0	6.135
101	29	270	0	0	0	0	6.1375
102	29	269	0	0	0	0	6.14
102	29	269	0	0	0	0	6.1425
102	29	269	0	0	0	0	6.145
104	29	267	0	0	0	0	6.1475
103	30	267	0	0	0	0	6.15
104	30	266	0	0	0	0	6.1525
104	30	266	0	0	0	0	6.155
104	30	266	0	0	0	0	6.1575
104	30	266	0	0	0	0	6.16
104	29	267	0	0	0	0	6.1625
105	28	267	0	0	0	0	6.165
105	28	267	0	0	0	0	6.1675
105	28	267	0	0	0	0	6.17
105	28	267	0	0	0	0	6.1725
106	28	266	0	0	0	0	6.175
105	28	267	0	0	0	1	6.1775
104	28	268	0	0	0	1	6.18
103	28	269	0	0	0	1	6.1825
104	28	268	0	0	0	0	6.185
104	29	267	0	0	0	0	6.1875
103	29	268	0	0	0	1	6.19
102	30	268	0	0	0	1	6.1925
102	30	268	0	0	0	0	6.195
103	30	267	0	0	0	0	6.1975
103	29	268	0	0	0	0	6.2
103	29	268	0	0	0	0	6.2025
103	29	268	0	0	0	0	6.205
103	29	268	0	0	0	0	6.2075
104	29	267	0	0	0	0	6.21
103	28	269	0	0	0	1	6.2125
103	28	269	0	0	0	1	6.215
103	28	269	0	0	0	0	6.2175
101	28	271	0	0	0	2	6.22
101	27	272	0	0	0	0	6.2225
101	27	272	0	0	0	0	6.225
101	27	272	0	0	0	0	6.2275
100	27	273	0	0	0	1	6.23
101	27	272	0	0	0	0	6.2325
101	27	272	0	0	0	0	6.235
100	27	273	0	0	0	1	6.2375
99	28	273	0	0	0	0	6.24
98	28	274	0	0	0	1	6.2425
98	28	274	0	0	0	0	6.245
98	28	274	0	0	0	0	6.2475
98	28	274	0	0	0	0	6.25
97	28	275	0	0	0	2	6.2525
97	28	275	0	0	0	0	6.255
97	28	275	0	0	0	0	6.2575
97	28	275	0	0	0	0	6.26
97	28	275	0	0	0	0	6.2625
97	27	276	0	0	0	0	6.265
97	27	276	0	0	0	0	6.2675
98	27	275	0	0	0	0	6.27
98	27	275	0	0	0	0	6.2725
97	28	275	0	0	0	0	6.275
98	28	274	0	0	0	0	6.2775
98	28	274	0	0	0	0	6.28
98	28	274	0	0	0	0	6.2825
98	28	274	0	0	0	0	6.285
98	28	274	0	0	0	0	6.2875
99	28	273	0	0	0	0	6.29
99	28	273	0	0	0	0	6.2925
99	28	273	0	0	0	0	6.295
99	28	273	0	0	0	0	6.2975
99	29	272	0	0	0	0	6.3
99	29	272	0	0	0	0	6.3025
99	29	272	0	0	0	1	6.305
100	29	271	0	0	0	0	6.3075
101	29	270	0	0	0	0	6.31
101	29	270	0	0	0	0	6.3125
100	30	270	0	0	0	0	6.315
101	30	269	0	0	0	0	6.3175
101	30	269	0	0	0	0	6.32
102	30	268	0	0	0	0	6.3225
101	30	269	0	0	0	1	6.325
102	30	268	0	0	0	0	6.3275
102	30	268	0	0	0	0	6.33
102	30	268	0	0	0	0	6.3325
102	30	268	0	0	0	0	6.335
103	30	267	0	0	0	0	6.3375
103	30	267	0	0	0	0	6.34
103	30	267	0	0	0	0	6.3425
103	30	267	0	0	0	0	6.345
103	30	267	0	0	0	0	6.3475
103	30	267	0	0	0	0	6.35
102	30	268	0	0	0	1	6.3525
102	30	268	0	0	0	0	6.355
103	29	268	0	0	0	0	6.3575
103	29	268	0	0	0	0	6.36
103	29	268	0	0	0	0	6.3625
103	29	268	0	0	0	0	6.365
103	29	268	0	0	0	0	6.3675
103	29	268	0	0	0	0	6.37
102	29	269	0	0	0	1	6.3725
102	28	270	0	0	0	0	6.375
103	28	269	0	0	0	0	6.3775
103	28	269	0	0	0	0	6.38
103	28	269	0	0	0	0	6.3825
103	28	269	0	0	0	0	6.385
102	28	270	0	0	0	1	6.3875
102	28	270	0	0	0	0	6.39
101	28	271	0	0	0	1	6.3925
101	28	271	0	0	0	0	6.395
101	27	272	0	0	0	0	6.3975
101	28	271	0	0	0	0	6.4
101	28	271	0	0	0	0	6.4025
100	28	272	0	0	0	1	6.405
100	28	272	0	0	0	0	6.4075
100	28	272	0	0	0	0	6.41
101	28	271	0	0	0	0	6.4125
102	28	270	0	0	0	0	6.415
102	28	270	0	0	0	0	6.4175
102	28	270	0	0	0	0	6.42
103	28	269	0	0	0	0	6.4225
103	28	269	0	0	0	0	6.425
104	28	268	0	0	0	0	6.4275
104	28	268	0	0	0	1	6.43
105	28	267	0	0	0	0	6.4325
104	28	268	0	0	0	1	6.435
105	28	267	0	0	0	0	6.4375
104	29	267	0	0	0	0	6.44
105	29	266	0	0	0	0	6.4425
105	29	266	0	0	0	0	6.445
104	30	266	0	0	0	0	6.4475
104	31	265	0	0	0	0	6.45
105	31	264	0	0	0	0	6.4525
104	31	265	0	0	0	1	6.455
104	31	265	0	0	0	0	6.4575
104	31	265	0	0	0	0	6.46
104	31	265	0	0	0	0	6.4625
105	31	264	0	0	0	0	6.465
106	31	263	0	0	0	0	6.4675
106	31	263	0	0	0	0	6.47
106	31	263	0	0	0	0	6.4725
105	31	264	0	0	0	1	6.475
105	31	264	0	0	0	1	6.4775
105	31	264	0	0	0	0	6.48
105	30	265	0	0	0	0	6.4825
106	30	264	0	0	0	0	6.485
106	30	264	0	0	0	0	6.4875
106	30	264	0	0	0	1	6.49
105	30	265	0	0	0	1	6.4925
105	30	265	0	0	0	0	6.495
105	30	265	0	0	0	0	6.4975
105	30	265	0	0	0	0	6.5
105	30	265	0	0	0	0	6.5025
106	30	264	0	0	0	0	6.505
106	30	264	0	0	0	0	6.5075
106	30	264	0	0	0	0	6.51
106	30	264	0	0	0	0	6.5125
106	30	264	0	0	0	0	6.515
104	30	266	0	0	0	2	6.5175
105	30	265	0	0	0	0	6.52
105	30	265	0	0	0	1	6.5225
105	30	265	0	0	0	0	6.525
106	30	264	0	0	0	0	6.5275
105	30	265	0	0	0	2	6.53
105	30	265	0	0	0	0	6.5325
107	30	263	0	0	0	0	6.535
107	30	263	0	0	0	0	6.5375
107	30	263	0	0	0	0	6.54
104	31	265	0	0	0	2	6.5425
104	31	265	0	0	0	0	6.545
104	31	265	0	0	0	0	6.5475
103	31	266	0	0	0	1	6.55
104	31	265	0	0	0	0	6.5525
104	31	265	0	0	0	0	6.555
104	31	265	0	0	0	0	6.5575
104	31	265	0	0	0	0	6.56
103	31	266	0	0	0	1	6.5625
103	31	266	0	0	0	0	6.565
104	30	266	0	0	0	0	6.5675
105	30	265	0	0	0	0	6.57
105	30	265	0	0	0	0	6.5725
105	30	265	0	0	0	0	6.575
104	30	266	0	0	0	1	6.5775
103	31	266	0	0	0	0	6.58
103	31	266	0	0	0	0	6.5825
103	31	266	0	0	0	0	6.585
103	31	266	0	0	0	0	6.5875
103	31	266	0	0	0	0	6.59
103	31	266	0	0	0	0	6.5925
103	30	267	0	0	0	0	6.595
101	31	268	0	0	0	1	6.5975
101	31	268	0	0	0	0	6.6
100	32	268	0	0	0	0	6.6025
99	32	269	0	0	0	2	6.605
100	32	268	0	0	0	0	6.6075
99	32	269	0	0	0	1	6.61
97	33	270	0	0	0	1	6.6125
99	33	268	0	0	0	0	6.615
99	33	268	0	0	0	0	6.6175
98	33	269	0	0	0	1	6.62
98	33	269	0	0	0	0	6.6225
98	33	269	0	0	0	1	6.625
99	33	268	0	0	0	0	6.6275
100	33	267	0	0	0	0	6.63
100	33	267	0	0	0	0	6.6325
99	33	268	0	0	0	1	6.635
99	33	268	0	0	0	0	6.6375
100	33	267	0	0	0	0	6.64
99	33	268	0	0	0	1	6.6425
100	33	267	0	0	0	0	6.645
99	33	268	0	0	0	1	6.6475
100	33	267	0	0	0	0	6.65
101	33	266	0	0	0	0	6.6525
101	33	266	0	0	0	0	6.655
101	33	266	0	0	0	0	6.6575
100	33	267	0	0	0	1	6.66
102	33	265	0	0	0	0	6.6625
103	31	266	0	0	0	0	6.665
101	31	268	0	0	0	2	6.6675
101	31	268	0	0	0	0	6.67
102	31	267	0	0	0	0	6.6725
102	31	267	0	0	0	0	6.675
102	31	267	0	0	0	0	6.6775
101	31	268	0	0	0	1	6.68
101	31	268	0	0	0	0	6.6825
101	31	268	0	0	0	0	6.685
101	30	269	0	0	0	0	6.6875
100	31	269	0	0	0	0	6.69
100	30	270	0	0	0	0	6.6925
100	30	270	0	0	0	0	6.695
99	30	271	0	0	0	1	6.6975
99	30	271	0	0	0	0	6.7
99	30	271	0	0	0	0	6.7025
99	30	271	0	0	0	0	6.705
99	30	271	0	0	0	0	6.7075
99	30	271	0	0	0	0	6.71
100	30	270	0	0	0	0	6.7125
100	30	270	0	0	0	0	6.715
100	30	270	0	0	0	0	6.7175
101	30	269	0	0	0	0	6.72
101	30	269	0	0	0	0	6.7225
101	30	269	0	0	0	1	6.725
101	31	268	0	0	0	0	6.7275
101	31	268	0	0	0	0	6.73
100	32	268	0	0	0	0	6.7325
100	32	268	0	0	0	0	6.735
101	32	267	0	0	0	0	6.7375
98	33	269	0	0	0	2	6.74
98	33	269	0	0	0	0	6.7425
98	34	268	0	0	0	0	6.745
97	34	269	0	0	0	1	6.7475
97	34	269	0	0	0	0	6.75
97	34	269	0	0	0	0	6.7525
97	34	269	0	0	0	0	6.755
97	34	269	0	0	0	0	6.7575
99	34	267	0	0	0	0	6.76
99	34	267	0	0	0	0	6.7625
99	34	267	0	0	0	0	6.765
99	34	267	0	0	0	0	6.7675
99	34	267	0	0	0	0	6.77
98	34	268	0	0	0	1	6.7725
98	34	268	0	0	0	0	6.775
99	34	267	0	0	0	1	6.7775
99	34	267	0	0	0	0	6.78
98	34	268	0	0	0	1	6.7825
99	34	267	0	0	0	0	6.785
100	34	266	0	0	0	0	6.7875
99	34	267	0	0	0	1	6.79
97	35	268	0	0	0	1	6.7925
98	35	267	0	0	0	0	6.795
99	35	266	0	0	0	0	6.7975
99	35	266	0	0	0	0	6.8
99	35	266	0	0	0	0	6.8025
99	35	266	0	0	0	0	6.805
98	35	267	0	0	0	1	6.8075
97	34	269	0	0	0	1	6.81
97	34	269	0	0	0	0	6.8125
97	34	269	0	0	0	0	6.815
97	34	269	0	0	0	0	6.8175
98	34	268	0	0	0	0	6.82
98	34	268	0	0	0	0	6.8225
97	34	269	0	0	0	0	6.825
98	34	268	0	0	0	0	6.8275
97	34	269	0	0	0	1	6.83
97	34	269	0	0	0	0	6.8325
97	34	269	0	0	0	1	6.835
97	34	269	0	0	0	0	6.8375
97	34	269	0	0	0	0	6.84
97	34	269	0	0	0	0	6.8425
96	34	270	0	0	0	1	6.845
98	34	268	0	0	0	0	6.8475
100	34	266	0	0	0	0	6.85
99	34	267	0	0	0	1	6.8525
99	34	267	0	0	0	0	6.855
98	33	269	0	0	0	1	6.8575
100	33	267	0	0	0	0	6.86
100	33	267	0	0	0	0	6.8625
100	33	267	0	0	0	0	6.865
100	33	267	0	0	0	0	6.8675
100	33	267	0	0	0	0	6.87
101	33	266	0	0	0	0	6.8725
102	33	265	0	0	0	0	6.875
102	34	264	0	0	0	0	6.8775
103	33	264	0	0	0	0	6.88
104	33	263	0	0	0	0	6.8825
104	33	263	0	0	0	0	6.885
104	33	263	0	0	0	0	6.8875
104	33	263	0	0	0	0	6.89
104	33	263	0	0	0	0	6.8925
103	33	264	0	0	0	1	6.895
103	33	264	0	0	0	0	6.8975
103	33	264	0	0	0	0	6.9
102	34	264	0	0	0	0	6.9025
102	34	264	0	0	0	0	6.905
102	33	265	0	0	0	0	6.9075
103	33	264	0	0	0	0	6.91
102	33	265	0	0	0	1	6.9125
101	33	266	0	0	0	1	6.915
102	33	265	0	0	0	0	6.9175
102	33	265	0	0	0	0	6.92
102	33	265	0	0	0	0	6.9225
101	33	266	0	0	0	1	6.925
101	33	266	0	0	0	0	6.9275
101	33	266	0	0	0	0	6.93
103	33	264	0	0	0	0	6.9325
104	33	263	0	0	0	0	6.935
104	33	263	0	0	0	0	6.9375
104	33	263	0	0	0	0	6.94
103	33	264	0	0	0	1	6.9425
102	34	264	0	0	0	1	6.945
102	34	264	0	0	0	0	6.9475
101	34	265	0	0	0	1	6.95
102	34	264	0	0	0	0	6.9525
102	34	264	0	0	0	0	6.955
102	34	264	0	0	0	0	6.9575
103	34	263	0	0	0	0	6.96
103	34	263	0	0	0	0	6.9625
101	35	264	0	0	0	1	6.965
103	35	262	0	0	0	0	6.9675
105	35	260	0	0	0	0	6.97
104	37	259	0	0	0	0	6.9725
105	37	258	0	0	0	0	6.975
105	37	258	0	0	0	0	6.9775
105	38	257	0	0	0	0	6.98
105	38	257	0	0	0	0	6.9825
105	38	257	0	0	0	0	6.985
106	38	256	0	0	0	0	6.9875
106	38	256	0	0	0	0	6.99
108	38	254	0	0	0	0	6.9925
109	38	253	0	0	0	0	6.995
109	38	253	0	0	0	0	6.9975
109	38	253	0	0	0	0	7
109	38	253	0	0	0	0	7.0025
109	38	253	0	0	0	0	7.005
110	38	252	0	0	0	0	7.0075
111	38	251	0	0	0	0	7.01
110	38	252	0	0	0	1	7.0125
110	38	252	0	0	0	0	7.015
109	38	253	0	0	0	2	7.0175
110	38	252	0	0	0	0	7.02
110	38	252	0	0	0	0	7.0225
110	39	251	0	0	0	0	7.025
110	39	251	0	0	0	0	7.0275
110	39	251	0	0	0	0	7.03
110	39	251	0	0	0	0	7.0325
109	40	251	0	0	0	0	7.035
109	40	251	0	0	0	0	7.0375
108	40	252	0	0	0	1	7.04
106	40	254	0	0	0	2	7.0425
107	40	253	0	0	0	0	7.045
109	40	251	0	0	0	0	7.0475
108	40	252	0	0	0	1	7.05
108	40	252	0	0	0	0	7.0525
109	40	251	0	0	0	0	7.055
109	40	251	0	0	0	0	7.0575
109	40	251	0	0	0	0	7.06
109	40	251	0	0	0	1	7.0625
109	40	251	0	0	0	0	7.065
109	40	251	0	0	0	0	7.0675
109	39	252	0	0	0	0	7.07
108	40	252	0	0	0	0	7.0725
107	40	253	0	0	0	1	7.075
109	40	251	0	0	0	0	7.0775
108	41	251	0	0	0	0	7.08
107	41	252	0	0	0	1	7.0825
107	41	252	0	0	0	0	7.085
107	40	253	0	0	0	0	7.0875
109	40	251	0	0	0	0	7.09
110	40	250	0	0	0	0	7.0925
109	40	251	0	0	0	1	7.095
111	40	249	0	0	0	0	7.0975
110	40	250	0	0	0	1	7.1
110	40	250	0	0	0	0	7.1025
110	40	250	0	0	0	0	7.105
110	40	250	0	0	0	0	7.1075
109	40	251	0	0	0	1	7.11
109	40	251	0	0	0	0	7.1125
109	40	251	0	0	0	0	7.115
108	40	252	0	0	0	1	7.1175
109	40	251	0	0	0	0	7.12
111	40	249	0	0	0	0	7.1225
112	40	248	0	0	0	0	7.125
112	40	248	0	0	0	0	7.1275
111	40	249	0	0	0	1	7.13
110	39	251	0	0	0	1	7.1325
110	39	251	0	0	0	2	7.135
110	39	251	0	0	0	0	7.1375
109	39	252	0	0	0	1	7.14
109	39	252	0	0	0	0	7.1425
109	39	252	0	0	0	0	7.145
108	39	253	0	0	0	1	7.1475
108	39	253	0	0	0	0	7.15
109	39	252	0	0	0	0	7.1525
109	39	252	0	0	0	0	7.155
109	39	252	0	0	0	0	7.1575
108	40	252	0	0	0	0	7.16
109	40	251	0	0	0	0	7.1625
109	39	252	0	0	0	0	7.165
109	39	252	0	0	0	0	7.1675
109	39	252	0	0	0	0	7.17
109	39	252	0	0	0	0	7.1725
109	39	252	0	0	0	0	7.175
110	38	252	0	0	0	0	7.1775
110	38	252	0	0	0	0	7.18
110	38	252	0	0	0	0	7.1825
110	38	252	0	0	0	0	7.185
109	38	253	0	0	0	1	7.1875
109	38	253	0	0	0	0	7.19
109	38	253	0	0	0	0	7.1925
109	38	253	0	0	0	0	7.195
109	38	253	0	0	0	0	7.1975
110	38	252	0	0	0	0	7.2
110	38	252	0	0	0	0	7.2025
111	38	251	0	0	0	0	7.205
110	38	252	0	0	0	0	7.2075
110	37	253	0	0	0	0	7.21
109	37	254	0	0	0	0	7.2125
108	37	255	0	0	0	1	7.215
108	37	255	0	0	0	0	7.2175
108	37	255	0	0	0	1	7.22
108	36	256	0	0	0	0	7.2225
108	36	256	0	0	0	0	7.225
108	36	256	0	0	0	0	7.2275
108	36	256	0	0	0	0	7.23
107	37	256	0	0	0	0	7.2325
109	37	254	0	0	0	0	7.235
109	37	254	0	0	0	0	7.2375
109	36	255	0	0	0	0	7.24
109	36	255	0	0	0	0	7.2425
108	37	255	0	0	0	0	7.245
109	37	254	0	0	0	0	7.2475
109	37	254	0	0	0	0	7.25
109	37	254	0	0	0	0	7.2525
109	36	255	0	0	0	0	7.255
108	36	256	0	0	0	1	7.2575
108	36	256	0	0	0	0	7.26
108	36	256	0	0	0	0	7.2625
108	36	256	0	0	0	0	7.265
108	36	256	0	0	0	0	7.2675
108	36	256	0	0	0	0	7.27
108	36	256	0	0	0	0	7.2725
108	36	256	0	0	0	0	7.275
106	35	259	0	0	0	2	7.2775
107	35	258	0	0	0	0	7.28
107	35	258	0	0	0	0	7.2825
106	36	258	0	0	0	0	7.285
106	36	258	0	0	0	1	7.2875
106	36	258	0	0	0	0	7.29
107	36	257	0	0	0	0	7.2925
108	36	256	0	0	0	0	7.295
108	36	256	0	0	0	0	7.2975
110	36	254	0	0	0	0	7.3
110	35	255	0	0	0	0	7.3025
110	34	256	0	0	0	0	7.305
110	34	256	0	0	0	0	7.3075
109	34	257	0	0	0	2	7.31
110	34	256	0	0	0	0	7.3125
109	34	257	0	0	0	1	7.315
111	34	255	0	0	0	0	7.3175
111	34	255	0	0	0	0	7.32
112	34	254	0	0	0	0	7.3225
112	34	254	0	0	0	0	7.325
112	34	254	0	0	0	0	7.3275
113	34	253	0	0	0	0	7.33
113	34	253	0	0	0	0	7.3325
113	34	253	0	0	0	0	7.335
112	35	253	0	0	0	0	7.3375
112	35	253	0	0	0	0	7.34
109	36	255	0	0	0	3	7.3425
110	36	254	0	0	0	0	7.345
111	36	253	0	0	0	0	7.3475
111	36	253	0	0	0	0	7.35
111	36	253	0	0	0	0	7.3525
109	36	255	0	0	0	2	7.355
109	36	255	0	0	0	0	7.3575
109	36	255	0	0	0	0	7.36
109	36	255	0	0	0	0	7.3625
109	36	255	0	0	0	0	7.365
107	37	256	0	0	0	1	7.3675
107	37	256	0	0	0	0	7.37
108	37	255	0	0	0	0	7.3725
108	36	256	0	0	0	0	7.375
107	36	257	0	0	0	1	7.3775
108	36	256	0	0	0	0	7.38
108	36	256	0	0	0	0	7.3825
108	36	256	0	0	0	0	7.385
108	35	257	0	0	0	0	7.3875
109	36	255	0	0	0	0	7.39
109	36	255	0	0	0	0	7.3925
109	36	255	0	0	0	0	7.395
109	36	255	0	0	0	0	7.3975
109	36	255	0	0	0	0	7.4
109	36	255	0	0	0	0	7.4025
109	35	256	0	0	0	0	7.405
109	35	256	0	0	0	0	7.4075
111	35	254	0	0	0	1	7.41
112	35	253	0	0	0	0	7.4125
113	35	252	0	0	0	0	7.415
113	35	252	0	0	0	0	7.4175
114	35	251	0	0	0	0	7.42
116	35	249	0	0	0	0	7.4225
116	35	249	0	0	0	0	7.425
117	35	248	0	0	0	0	7.4275
117	35	248	0	0	0	0	7.43
116	35	249	0	0	0	1	7.4325
116	35	249	0	0	0	0	7.435
115	35	250	0	0	0	1	7.4375
117	34	249	0	0	0	0	7.44
117	34	249	0	0	0	0	7.4425
116	35	249	0	0	0	0	7.445
116	35	249	0	0	0	0	7.4475
116	35	249	0	0	0	0	7.45
116	35	249	0	0	0	0	7.4525
117	35	248	0	0	0	0	7.455
117	34	249	0	0	0	0	7.4575
116	34	250	0	0	0	1	7.46
116	33	251	0	0	0	0	7.4625
115	33	252	0	0	0	1	7.465
116	33	251	0	0	0	0	7.4675
116	33	251	0	0	0	0	7.47
116	33	251	0	0	0	0	7.4725
115	33	252	0	0	0	1	7.475
113	34	253	0	0	0	1	7.4775
114	34	252	0	0	0	0	7.48
114	34	252	0	0	0	0	7.4825
114	34	252	0	0	0	0	7.485
114	34	252	0	0	0	0	7.4875
113	34	253	0	0	0	1	7.49
113	34	253	0	0	0	0	7.4925
114	34	252	0	0	0	0	7.495
114	34	252	0	0	0	0	7.4975
114	34	252	0	0	0	0	7.5
114	34	252	0	0	0	0	7.5025
114	34	252	0	0	0	0	7.505
114	34	252	0	0	0	0	7.5075
113	35	252	0	0	0	0	7.51
111	35	254	0	0	0	2	7.5125
110	35	255	0	0	0	1	7.515
112	35	253	0	0	0	0	7.5175
112	35	253	0	0	0	1	7.52
111	36	253	0	0	0	0	7.5225
110	37	253	0	0	0	0	7.525
109	37	254	0	0	0	1	7.5275
112	37	251	0	0	0	0	7.53
112	37	251	0	0	0	0	7.5325
114	37	249	0	0	0	0	7.535
113	37	250	0	0	0	1	7.5375
113	37	250	0	0	0	0	7.54
115	37	248	0	0	0	0	7.5425
113	39	248	0	0	0	0	7.545
114	39	247	0	0	0	0	7.5475
114	39	247	0	0	0	0	7.55
114	39	247	0	0	0	0	7.5525
114	39	247	0	0	0	0	7.555
113	39	248	0	0	0	1	7.5575
114	39	247	0	0	0	0	7.56
114	39	247	0	0	0	0	7.5625
114	39	247	0	0	0	0	7.565
116	39	245	0	0	0	0	7.5675
116	39	245	0	0	0	0	7.57
116	38	246	0	0	0	0	7.5725
116	38	246	0	0	0	0	7.575
116	38	246	0	0	0	0	7.5775
117	38	245	0	0	0	0	7.58
116	39	245	0	0	0	1	7.5825
117	39	244	0	0	0	0	7.585
118	39	243	0	0	0	0	7.5875
118	38	244	0	0	0	0	7.59
118	39	243	0	0	0	0	7.5925
118	39	243	0	0	0	0	7.595
118	39	243	0	0	0	0	7.5975
116	39	245	0	0	0	1	7.6
116	39	245	0	0	0	0	7.6025
116	39	245	0	0	0	0	7.605
116	39	245	0	0	0	0	7.6075
117	39	244	0	0	0	0	7.61
116	40	244	0	0	0	0	7.6125
116	40	244	0	0	0	0	7.615
117	40	243	0	0	0	0	7.6175
116	40	244	0	0	0	1	7.62
117	40	243	0	0	0	1	7.6225
118	40	242	0	0	0	0	7.625
118	40	242	0	0	0	0	7.6275
117	40	243	0	0	0	1	7.63
117	41	242	0	0	0	0	7.6325
117	41	242	0	0	0	0	7.635
116	42	242	0	0	0	1	7.6375
116	42	242	0	0	0	0	7.64
116	43	241	0	0	0	0	7.6425
117	43	240	0	0	0	0	7.645
117	43	240	0	0	0	0	7.6475
116	43	241	0	0	0	1	7.65
115	43	242	0	0	0	1	7.6525
115	43	242	0	0	0	0	7.655
115	41	244	0	0	0	0	7.6575
115	41	244	0	0	0	1	7.66
115	41	244	0	0	0	0	7.6625
116	41	243	0	0	0	0	7.665
116	42	242	0	0	0	0	7.6675
116	42	242	0	0	0	0	7.67
116	41	243	0	0	0	1	7.6725
116	41	243	0	0	0	0	7.675
116	41	243	0	0	0	1	7.6775
116	41	243	0	0	0	0	7.68
116	40	244	0	0	0	0	7.6825
117	40	243	0	0	0	0	7.685
117	40	243	0	0	0	0	7.6875
116	41	243	0	0	0	0	7.69
116	41	243	0	0	0	0	7.6925
116	41	243	0	0	0	0	7.695
117	42	241	0	0	0	0	7.6975
117	43	240	0	0	0	0	7.7
117	43	240	0	0	0	1	7.7025
116	43	241	0	0	0	0	7.705
115	43	242	0	0	0	1	7.7075
115	43	242	0	0	0	0	7.71
115	42	243	0	0	0	1	7.7125
116	42	242	0	0	0	0	7.715
118	42	240	0	0	0	0	7.7175
118	42	240	0	0	0	0	7.72
118	42	240	0	0	0	0	7.7225
119	41	240	0	0	0	0	7.725
118	42	240	0	0	0	1	7.7275
118	42	240	0	0	0	0	7.73
118	42	240	0	0	0	0	7.7325
118	43	239	0	0	0	0	7.735
118	43	239	0	0	0	0	7.7375
119	43	238	0	0	0	0	7.74
119	43	238	0	0	0	0	7.7425
119	43	238	0	0	0	0	7.745
120	43	237	0	0	0	1	7.7475
120	43	237	0	0	0	0	7.75
121	43	236	0	0	0	1	7.7525
122	43	235	0	0	0	0	7.755
123	43	234	0	0	0	0	7.7575
122	43	235	0	0	0	1	7.76
122	42	236	0	0	0	1	7.7625
122	42	236	0	0	0	0	7.765
118	43	239	0	0	0	3	7.7675
118	43	239	0	0	0	0	7.77
118	41	241	0	0	0	0	7.7725
119	41	240	0	0	0	0	7.775
120	41	239	0	0	0	0	7.7775
121	41	238	0	0	0	0	7.78
121	41	238	0	0	0	0	7.7825
118	41	241	0	0	0	3	7.785
117	41	242	0	0	0	1	7.7875
116	41	243	0	0	0	1	7.79
115	41	244	0	0	0	1	7.7925
115	41	244	0	0	0	0	7.795
114	41	245	0	0	0	1	7.7975
114	40	246	0	0	0	0	7.8
114	40	246	0	0	0	0	7.8025
114	39	247	0	0	0	0	7.805
114	39	247	0	0	0	0	7.8075
114	39	247	0	0	0	0	7.81
114	39	247	0	0	0	0	7.8125
115	39	246	0	0	0	0	7.815
114	38	248	0	0	0	1	7.8175
115	38	247	0	0	0	0	7.82
115	38	247	0	0	0	0	7.8225
115	38	247	0	0	0	0	7.825
115	38	247	0	0	0	0	7.8275
114	38	248	0	0	0	1	7.83
115	38	247	0	0	0	0	7.8325
115	38	247	0	0	0	1	7.835
116	38	246	0	0	0	1	7.8375
118	38	244	0	0	0	0	7.84
120	38	242	0	0	0	0	7.8425
120	38	242	0	0	0	0	7.845
119	38	243	0	0	0	1	7.8475
120	38	242	0	0	0	0	7.85
120	38	242	0	0	0	0	7.8525
120	37	243	0	0	0	0	7.855
121	38	241	0	0	0	0	7.8575
121	38	241	0	0	0	0	7.86
121	38	241	0	0	0	0	7.8625
122	38	240	0	0	0	0	7.865
122	38	240	0	0	0	0	7.8675
121	38	241	0	0	0	1	7.87
121	38	241	0	0	0	0	7.8725
120	39	241	0	0	0	0	7.875
119	39	242	0	0	0	1	7.8775
118	39	243	0	0	0	1	7.88
117	39	244	0	0	0	1	7.8825
116	39	245	0	0	0	1	7.885
114	39	247	0	0	0	2	7.8875
113	39	248	0	0	0	1	7.89
114	39	247	0	0	0	0	7.8925
114	39	247	0	0	0	0	7.895
112	40	248	0	0	0	1	7.8975
114	40	246	0	0	0	0	7.9
113	40	247	0	0	0	1	7.9025
113	40	247	0	0	0	0	7.905
113	40	247	0	0	0	0	7.9075
113	40	247	0	0	0	0	7.91
114	40	246	0	0	0	1	7.9125
114	40	246	0	0	0	0	7.915
115	40	245	0	0	0	0	7.9175
114	41	245	0	0	0	0	7.92
114	41	245	0	0	0	0	7.9225
114	41	245	0	0	0	0	7.925
115	41	244	0	0	0	0	7.9275
115	41	244	0	0	0	0	7.93
114	42	244	0	0	0	0	7.9325
115	42	243	0	0	0	0	7.935
114	41	245	0	0	0	1	7.9375
116	41	243	0	0	0	0	7.94
114	41	245	0	0	0	2	7.9425
114	41	245	0	0	0	0	7.945
114	41	245	0	0	0	0	7.9475
114	40	246	0	0	0	0	7.95
114	40	246	0	0	0	0	7.9525
115	40	245	0	0	0	0	7.955
115	40	245	0	0	0	0	7.9575
114	40	246	0	0	0	1	7.96
113	40	247	0	0	0	1	7.9625
114	40	246	0	0	0	0	7.965
114	40	246	0	0	0	0	7.9675
114	41	245	0	0	0	0	7.97
113	41	246	0	0	0	1	7.9725
111	42	247	0	0	0	2	7.975
110	42	248	0	0	0	1	7.9775
112	42	246	0	0	0	0	7.98
112	42	246	0	0	0	0	7.9825
112	42	246	0	0	0	0	7.985
112	42	246	0	0	0	0	7.9875
112	42	246	0	0	0	0	7.99
112	41	247	0	0	0	0	7.9925
112	41	247	0	0	0	0	7.995
112	41	247	0	0	0	0	7.9975
110	41	249	0	0	0	2	8
110	41	249	0	0	0	0	8.0025
110	40	250	0	0	0	0	8.005
111	40	249	0	0	0	0	8.0075
111	40	249	0	0	0	2	8.01
111	40	249	0	0	0	0	8.0125
111	40	249	0	0	0	0	8.015
110	41	249	0	0	0	0	8.0175
109	41	250	0	0	0	1	8.02
109	41	250	0	0	0	0	8.0225
109	41	250	0	0	0	0	8.025
109	41	250	0	0	0	0	8.0275
109	41	250	0	0	0	0	8.03
108	41	251	0	0	0	1	8.0325
108	41	251	0	0	0	0	8.035
108	41	251	0	0	0	0	8.0375
107	42	251	0	0	0	0	8.04
106	40	254	0	0	0	1	8.0425
106	40	254	0	0	0	0	8.045
105	41	254	0	0	0	1	8.0475
105	42	253	0	0	0	0	8.05
104	42	254	0	0	0	1	8.0525
105	42	253	0	0	0	0	8.055
105	43	252	0	0	0	0	8.0575
106	43	251	0	0	0	1	8.06
106	43	251	0	0	0	0	8.0625
106	43	251	0	0	0	0	8.065
106	43	251	0	0	0	0	8.0675
106	43	251	0	0	0	0	8.07
106	43	251	0	0	0	0	8.0725
107	43	250	0	0	0	0	8.075
109	43	248	0	0	0	0	8.0775
108	43	249	0	0	0	1	8.08
108	43	249	0	0	0	1	8.0825
106	44	250	0	0	0	1	8.085
105	44	251	0	0	0	1	8.0875
106	44	250	0	0	0	0	8.09
106	44	250	0	0	0	0	8.0925
106	44	250	0	0	0	0	8.095
107	44	249	0	0	0	0	8.0975
106	45	249	0	0	0	0	8.1
106	44	250	0	0	0	0	8.1025
107	44	249	0	0	0	0	8.105
108	44	248	0	0	0	0	8.1075
108	44	248	0	0	0	0	8.11
106	45	249	0	0	0	2	8.1125
106	45	249	0	0	0	0	8.115
106	45	249	0	0	0	0	8.1175
104	46	250	0	0	0	1	8.12
104	45	251	0	0	0	1	8.1225
103	45	252	0	0	0	1	8.125
102	45	253	0	0	0	1	8.1275
102	45	253	0	0	0	0	8.13
101	46	253	0	0	0	0	8.1325
102	46	252	0	0	0	0	8.135
103	46	251	0	0	0	0	8.1375
103	46	251	0	0	0	0	8.14
102	47	251	0	0	0	0	8.1425
101	47	252	0	0	0	1	8.145
101	47	252	0	0	0	0	8.1475
103	47	250	0	0	0	0	8.15
104	47	249	0	0	0	0	8.1525
104	47	249	0	0	0	0	8.155
102	47	251	0	0	0	2	8.1575
102	47	251	0	0	0	0	8.16
102	47	251	0	0	0	0	8.1625
101	47	252	0	0	0	1	8.165
101	47	252	0	0	0	0	8.1675
101	47	252	0	0	0	0	8.17
101	47	252	0	0	0	0	8.1725
101	47	252	0	0	0	0	8.175
101	47	252	0	0	0	0	8.1775
100	48	252	0	0	0	0	8.18
101	48	251	0	0	0	0	8.1825
101	48	251	0	0	0	0	8.185
101	48	251	0	0	0	0	8.1875
101	48	251	0	0	0	0	8.19
99	49	252	0	0	0	2	8.1925
99	49	252	0	0	0	0	8.195
99	48	253	0	0	0	0	8.1975
99	48	253	0	0	0	0	8.2
99	48	253	0	0	0	0	8.2025
100	48	252	0	0	0	0	8.205
100	48	252	0	0	0	1	8.2075
100	48	252	0	0	0	0	8.21
100	48	252	0	0	0	0	8.2125
97	48	255	0	0	0	3	8.215
95	50	255	0	0	0	0	8.2175
95	50	255	0	0	0	0	8.22
95	50	255	0	0	0	0	8.2225
95	50	255	0	0	0	0	8.225
95	50	255	0	0	0	0	8.2275
95	49	256	0	0	0	0	8.23
95	49	256	0	0	0	1	8.2325
95	49	256	0	0	0	1	8.235
96	48	256	0	0	0	0	8.2375
95	48	257	0	0	0	0	8.24
95	48	257	0	0	0	0	8.2425
95	48	257	0	0	0	0	8.245
96	48	256	0	0	0	0	8.2475
96	48	256	0	0	0	1	8.25
97	48	255	0	0	0	0	8.2525
96	48	256	0	0	0	1	8.255
96	48	256	0	0	0	0	8.2575
95	48	257	0	0	0	1	8.26
95	48	257	0	0	0	0	8.2625
95	48	257	0	0	0	0	8.265
94	49	257	0	0	0	0	8.2675
93	50	257	0	0	0	0	8.27
93	50	257	0	0	0	0	8.2725
93	50	257	0	0	0	0	8.275
93	51	256	0	0	0	0	8.2775
93	50	257	0	0	0	0	8.28
93	50	257	0	0	0	0	8.2825
92	50	258	0	0	0	1	8.285
94	50	256	0	0	0	0	8.2875
95	50	255	0	0	0	0	8.29
94	51	255	0	0	0	0	8.2925
95	51	254	0	0	0	0	8.295
95	51	254	0	0	0	0	8.2975
96	51	253	0	0	0	0	8.3
94	51	255	0	0	0	2	8.3025
94	51	255	0	0	0	1	8.305
93	52	255	0	0	0	0	8.3075
93	52	255	0	0	0	0	8.31
92	52	256	0	0	0	0	8.3125
92	52	256	0	0	0	0	8.315
93	52	255	0	0	0	0	8.3175
92	53	255	0	0	0	0	8.32
94	53	253	0	0	0	0	8.3225
94	53	253	0	0	0	0	8.325
93	52	255	0	0	0	1	8.3275
94	52	254	0	0	0	0	8.33
94	52	254	0	0	0	0	8.3325
93	52	255	0	0	0	1	8.335
93	52	255	0	0	0	0	8.3375
93	52	255	0	0	0	0	8.34
92	52	256	0	0	0	1	8.3425
92	52	256	0	0	0	0	8.345
92	52	256	0	0	0	0	8.3475
92	52	256	0	0	0	0	8.35
92	53	255	0	0	0	0	8.3525
92	53	255	0	0	0	0	8.355
92	53	255	0	0	0	0	8.3575
92	53	255	0	0	0	0	8.36
91	53	256	0	0	0	0	8.3625
90	52	258	0	0	0	1	8.365
90	52	258	0	0	0	0	8.3675
90	52	258	0	0	0	0	8.37
92	52	256	0	0	0	0	8.3725
90	52	258	0	0	0	1	8.375
90	52	258	0	0	0	0	8.3775
89	52	259	0	0	0	1	8.38
88	52	260	0	0	0	1	8.3825
88	52	260	0	0	0	0	8.385
87	53	260	0	0	0	0	8.3875
86	53	261	0	0	0	1	8.39
86	52	262	0	0	0	0	8.3925
86	52	262	0	0	0	0	8.395
86	52	262	0	0	0	0	8.3975
86	52	262	0	0	0	0	8.4
86	52	262	0	0	0	0	8.4025
84	52	264	0	0	0	2	8.405
85	52	263	0	0	0	0	8.4075
85	52	263	0	0	0	0	8.41
85	52	263	0	0	0	0	8.4125
85	52	263	0	0	0	0	8.415
85	52	263	0	0	0	0	8.4175
85	52	263	0	0	0	0	8.42
85	52	263	0	0	0	0	8.4225
85	52	263	0	0	0	0	8.425
85	52	263	0	0	0	0	8.4275
85	52	263	0	0	0	0	8.43
85	52	263	0	0	0	0	8.4325
85	52	263	0	0	0	0	8.435
86	52	262	0	0	0	0	8.4375
86	52	262	0	0	0	0	8.44
88	52	260	0	0	0	0	8.4425
88	52	260	0	0	0	0	8.445
90	52	258	0	0	0	0	8.4475
89	52	259	0	0	0	1	8.45
87	53	260	0	0	0	1	8.4525
86	53	261	0	0	0	1	8.455
88	53	259	0	0	0	0	8.4575
88	53	259	0	0	0	0	8.46
88	53	259	0	0	0	0	8.4625
88	53	259	0	0	0	0	8.465
88	53	259	0	0	0	0	8.4675
88	53	259	0	0	0	0	8.47
88	53	259	0	0	0	0	8.4725
86	55	259	0	0	0	0	8.475
85	55	260	0	0	0	1	8.4775
85	55	260	0	0	0	0	8.48
84	55	261	0	0	0	1	8.4825
84	56	260	0	0	0	0	8.485
82	58	260	0	0	0	0	8.4875
80	60	260	0	0	0	0	8.49
80	60	260	0	0	0	0	8.4925
81	60	259	0	0	0	0	8.495
80	61	259	0	0	0	1	8.4975
80	61	259	0	0	0	0	8.5
81	60	259	0	0	0	0	8.5025
81	59	260	0	0	0	0	8.505
82	59	259	0	0	0	0	8.5075
82	58	260	0	0	0	0	8.51
83	58	259	0	0	0	0	8.5125
83	58	259	0	0	0	0	8.515
83	58	259	0	0	0	0	8.5175
83	58	259	0	0	0	0	8.52
83	58	259	0	0	0	0	8.5225
84	58	258	0	0	0	0	8.525
84	57	259	0	0	0	0	8.5275
83	57	260	0	0	0	1	8.53
83	57	260	0	0	0	0	8.5325
83	57	260	0	0	0	0	8.535
83	57	260	0	0	0	0	8.5375
84	57	259	0	0	0	0	8.54
84	57	259	0	0	0	0	8.5425
84	57	259	0	0	0	0	8.545
84	57	259	0	0	0	0	8.5475
84	57	259	0	0	0	0	8.55
85	57	258	0	0	0	0	8.5525
85	56	259	0	0	0	0	8.555
85	56	259	0	0	0	0	8.5575
86	56	258	0	0	0	0	8.56
86	57	257	0	0	0	0	8.5625
86	57	257	0	0	0	0	8.565
85	57	258	0	0	0	1	8.5675
84	57	259	0	0	0	1	8.57
85	57	258	0	0	0	0	8.5725
85	56	259	0	0	0	0	8.575
85	54	261	0	0	0	0	8.5775
86	53	261	0	0	0	0	8.58
86	53	261	0	0	0	0	8.5825
85	54	261	0	0	0	0	8.585
87	54	259	0	0	0	0	8.5875
85	55	260	0	0	0	1	8.59
83	56	261	0	0	0	1	8.5925
84	56	260	0	0	0	0	8.595
84	56	260	0	0	0	0	8.5975
85	56	259	0	0	0	0	8.6
84	56	260	0	0	0	2	8.6025
85	56	259	0	0	0	0	8.605
85	56	259	0	0	0	0	8.6075
85	56	259	0	0	0	0	8.61
85	56	259	0	0	0	0	8.6125
85	56	259	0	0	0	1	8.615
85	56	259	0	0	0	0	8.6175
85	56	259	0	0	0	0	8.62
85	55	260	0	0	0	0	8.6225
85	55	260	0	0	0	0	8.625
86	55	259	0	0	0	0	8.6275
86	55	259	0	0	0	0	8.63
87	55	258	0	0	0	0	8.6325
87	55	258	0	0	0	0	8.635
87	53	260	0	0	0	0	8.6375
87	53	260	0	0	0	0	8.64
87	53	260	0	0	0	0	8.6425
88	53	259	0	0	0	0	8.645
87	54	259	0	0	0	0	8.6475
87	54	259	0	0	0	0	8.65
86	54	260	0	0	0	1	8.6525
86	54	260	0	0	0	0	8.655
86	54	260	0	0	0	0	8.6575
86	53	261	0	0	0	0	8.66
87	53	260	0	0	0	0	8.6625
88	53	259	0	0	0	0	8.665
89	53	258	0	0	0	0	8.6675
89	53	258	0	0	0	0	8.67
89	53	258	0	0	0	0	8.6725
89	53	258	0	0	0	0	8.675
89	53	258	0	0	0	1	8.6775
88	53	259	0	0	0	0	8.68
89	53	258	0	0	0	0	8.6825
89	53	258	0	0	0	1	8.685
88	53	259	0	0	0	1	8.6875
88	53	259	0	0	0	0	8.69
88	53	259	0	0	0	0	8.6925
88	53	259	0	0	0	0	8.695
88	53	259	0	0	0	0	8.6975
88	53	259	0	0	0	0	8.7
87	54	259	0	0	0	0	8.7025
87	54	259	0	0	0	0	8.705
87	55	258	0	0	0	0	8.7075
87	55	258	0	0	0	0	8.71
87	55	258	0	0	0	0	8.7125
85	57	258	0	0	0	0	8.715
86	57	257	0	0	0	0	8.7175
87	57	256	0	0	0	1	8.72
88	57	255	0	0	0	0	8.7225
88	57	255	0	0	0	0	8.725
90	57	253	0	0	0	0	8.7275
90	57	253	0	0	0	0	8.73
89	57	254	0	0	0	1	8.7325
90	56	254	0	0	0	0	8.735
90	56	254	0	0	0	0	8.7375
91	55	254	0	0	0	0	8.74
91	55	254	0	0	0	1	8.7425
92	55	253	0	0	0	0	8.745
92	55	253	0	0	0	0	8.7475
91	55	254	0	0	0	1	8.75
91	55	254	0	0	0	0	8.7525
91	55	254	0	0	0	0	8.755
90	54	256	0	0	0	1	8.7575
89	54	257	0	0	0	1	8.76
89	54	257	0	0	0	0	8.7625
90	54	256	0	0	0	0	8.765
91	54	255	0	0	0	0	8.7675
90	55	255	0	0	0	0	8.77
91	55	254	0	0	0	0	8.7725
91	55	254	0	0	0	0	8.775
91	55	254	0	0	0	0	8.7775
91	55	254	0	0	0	0	8.78
92	55	253	0	0	0	0	8.7825
93	55	252	0	0	0	0	8.785
93	55	252	0	0	0	0	8.7875
92	54	254	0	0	0	1	8.79
90	55	255	0	0	0	1	8.7925
89	57	254	0	0	0	0	8.795
89	57	254	0	0	0	0	8.7975
89	57	254	0	0	0	0	8.8
89	57	254	0	0	0	1	8.8025
89	56	255	0	0	0	0	8.805
89	56	255	0	0	0	0	8.8075
89	55	256	0	0	0	0	8.81
89	55	256	0	0	0	0	8.8125
89	55	256	0	0	0	0	8.815
89	56	255	0	0	0	0	8.8175
88	55	257	0	0	0	1	8.82
89	55	256	0	0	0	0	8.8225
89	55	256	0	0	0	0	8.825
89	55	256	0	0	0	0	8.8275
90	55	255	0	0	0	0	8.83
90	55	255	0	0	0	0	8.8325
89	55	256	0	0	0	1	8.835
89	54	257	0	0	0	0	8.8375
89	54	257	0	0	0	0	8.84
89	54	257	0	0	0	0	8.8425
88	54	258	0	0	0	1	8.845
90	54	256	0	0	0	0	8.8475
90	54	256	0	0	0	0	8.85
90	53	257	0	0	0	0	8.8525
90	53	257	0	0	0	0	8.855
89	53	258	0	0	0	0	8.8575
89	53	258	0	0	0	0	8.86
90	53	257	0	0	0	0	8.8625
90	54	256	0	0	0	0	8.865
91	54	255	0	0	0	0	8.8675
91	54	255	0	0	0	0	8.87
93	53	254	0	0	0	0	8.8725
93	53	254	0	0	0	0	8.875
93	52	255	0	0	0	1	8.8775
93	52	255	0	0	0	0	8.88
94	52	254	0	0	0	0	8.8825
94	52	254	0	0	0	1	8.885
94	52	254	0	0	0	0	8.8875
95	52	253	0	0	0	0	8.89
95	52	253	0	0	0	1	8.8925
95	51	254	0	0	0	0	8.895
95	51	254	0	0	0	0	8.8975
96	51	253	0	0	0	0	8.9
96	51	253	0	0	0	0	8.9025
96	51	253	0	0	0	0	8.905
96	51	253	0	0	0	0	8.9075
96	51	253	0	0	0	1	8.91
95	52	253	0	0	0	0	8.9125
95	52	253	0	0	0	0	8.915
96	52	252	0	0	0	0	8.9175
96	52	252	0	0	0	0	8.92
96	52	252	0	0	0	0	8.9225
97	52	251	0	0	0	0	8.925
96	52	252	0	0	0	1	8.9275
95	52	253	0	0	0	1	8.93
97	52	251	0	0	0	0	8.9325
97	52	251	0	0	0	0	8.935
97	52	251	0	0	0	0	8.9375
96	52	252	0	0	0	1	8.94
97	52	251	0	0	0	0	8.9425
97	53	250	0	0	0	0	8.945
97	53	250	0	0	0	0	8.9475
97	53	250	0	0	0	0	8.95
97	53	250	0	0	0	0	8.9525
98	53	249	0	0	0	0	8.955
98	53	249	0	0	0	0	8.9575
98	51	251	0	0	0	0	8.96
98	51	251	0	0	0	0	8.9625
98	51	251	0	0	0	0	8.965
98	51	251	0	0	0	0	8.9675
98	51	251	0	0	0	0	8.97
98	51	251	0	0	0	0	8.9725
98	51	251	0	0	0	0	8.975
99	52	249	0	0	0	0	8.9775
99	52	249	0	0	0	0	8.98
99	51	250	0	0	0	0	8.9825
99	51	250	0	0	0	0	8.985
99	51	250	0	0	0	0	8.9875
99	50	251	0	0	0	0	8.99
99	50	251	0	0	0	0	8.9925
99	49	252	0	0	0	0	8.995
99	49	252	0	0	0	0	8.9975
99	49	252	0	0	0	0	9
100	49	251	0	0	0	1	9.0025
100	49	251	0	0	0	0	9.005
100	49	251	0	0	0	0	9.0075
98	49	253	0	0	0	2	9.01
100	49	251	0	0	0	0	9.0125
101	49	250	0	0	0	0	9.015
102	48	250	0	0	0	0	9.0175
102	48	250	0	0	0	0	9.02
101	48	251	0	0	0	1	9.0225
101	48	251	0	0	0	0	9.025
100	48	252	0	0	0	1	9.0275
100	48	252	0	0	0	0	9.03
100	48	252	0	0	0	0	9.0325
100	49	251	0	0	0	0	9.035
99	49	252	0	0	0	1	9.0375
99	49	252	0	0	0	1	9.04
97	51	252	0	0	0	0	9.0425
97	52	251	0	0	0	0	9.045
96	51	253	0	0	0	1	9.0475
96	51	253	0	0	0	0	9.05
96	51	253	0	0	0	0	9.0525
96	50	254	0	0	0	0	9.055
96	50	254	0	0	0	0	9.0575
96	50	254	0	0	0	0	9.06
96	50	254	0	0	0	0	9.0625
95	51	254	0	0	0	0	9.065
95	51	254	0	0	0	0	9.0675
95	51	254	0	0	0	0	9.07
95	51	254	0	0	0	1	9.0725
95	51	254	0	0	0	0	9.075
95	51	254	0	0	0	0	9.0775
95	51	254	0	0	0	0	9.08
95	51	254	0	0	0	0	9.0825
94	51	255	0	0	0	1	9.085
95	51	254	0	0	0	0	9.0875
94	50	256	0	0	0	1	9.09
95	50	255	0	0	0	0	9.0925
95	49	256	0	0	0	0	9.095
96	49	255	0	0	0	0	9.0975
96	49	255	0	0	0	0	9.1
97	49	254	0	0	0	0	9.1025
96	50	254	0	0	0	0	9.105
93	51	256	0	0	0	2	9.1075
93	51	256	0	0	0	0	9.11
92	52	256	0	0	0	1	9.1125
94	51	255	0	0	0	0	9.115
94	51	255	0	0	0	1	9.1175
93	51	256	0	0	0	1	9.12
93	51	256	0	0	0	0	9.1225
92	51	257	0	0	0	1	9.125
90	52	258	0	0	0	1	9.1275
91	52	257	0	0	0	0	9.13
90	51	259	0	0	0	1	9.1325
91	51	258	0	0	0	0	9.135
91	51	258	0	0	0	0	9.1375
92	51	257	0	0	0	0	9.14
92	51	257	0	0	0	0	9.1425
92	51	257	0	0	0	0	9.145
93	51	256	0	0	0	0	9.1475
94	51	255	0	0	0	0	9.15
94	51	255	0	0	0	1	9.1525
94	51	255	0	0	0	0	9.155
95	51	254	0	0	0	0	9.1575
95	51	254	0	0	0	0	9.16
95	50	255	0	0	0	0	9.1625
95	51	254	0	0	0	0	9.165
95	51	254	0	0	0	1	9.1675
95	51	254	0	0	0	0	9.17
96	51	253	0	0	0	0	9.1725
95	50	255	0	0	0	1	9.175
95	50	255	0	0	0	0	9.1775
95	50	255	0	0	0	0	9.18
96	50	254	0	0	0	0	9.1825
97	50	253	0	0	0	0	9.185
96	50	254	0	0	0	1	9.1875
96	50	254	0	0	0	0	9.19
94	51	255	0	0	0	1	9.1925
94	51	255	0	0	0	0	9.195
94	51	255	0	0	0	0	9.1975
94	50	256	0	0	0	0	9.2
94	50	256	0	0	0	0	9.2025
93	51	256	0	0	0	0	9.205
93	51	256	0	0	0	0	9.2075
94	51	255	0	0	0	0	9.21
96	51	253	0	0	0	0	9.2125
95	50	255	0	0	0	1	9.215
95	50	255	0	0	0	0	9.2175
95	50	255	0	0	0	0	9.22
94	50	256	0	0	0	1	9.2225
94	50	256	0	0	0	0	9.225
93	50	257	0	0	0	1	9.2275
93	50	257	0	0	0	0	9.23
93	50	257	0	0	0	0	9.2325
93	50	257	0	0	0	0	9.235
92	50	258	0	0	0	1	9.2375
93	50	257	0	0	0	0	9.24
93	50	257	0	0	0	1	9.2425
92	50	258	0	0	0	1	9.245
92	49	259	0	0	0	0	9.2475
92	49	259	0	0	0	0	9.25
92	49	259	0	0	0	0	9.2525
92	49	259	0	0	0	0	9.255
93	48	259	0	0	0	0	9.2575
92	49	259	0	0	0	0	9.26
92	49	259	0	0	0	0	9.2625
92	49	259	0	0	0	0	9.265
92	49	259	0	0	0	0	9.2675
91	50	259	0	0	0	0	9.27
91	49	260	0	0	0	0	9.2725
91	49	260	0	0	0	1	9.275
90	49	261	0	0	0	1	9.2775
90	49	261	0	0	0	0	9.28
91	49	260	0	0	0	0	9.2825
91	49	260	0	0	0	0	9.285
91	49	260	0	0	0	0	9.2875
91	49	260	0	0	0	0	9.29
91	49	260	0	0	0	0	9.2925
91	49	260	0	0	0	0	9.295
92	48	260	0	0	0	0	9.2975
93	48	259	0	0	0	0	9.3
93	49	258	0	0	0	0	9.3025
94	49	257	0	0	0	0	9.305
94	48	258	0	0	0	0	9.3075
94	49	257	0	0	0	1	9.31
94	49	257	0	0	0	0	9.3125
93	50	257	0	0	0	0	9.315
92	50	258	0	0	0	1	9.3175
91	51	258	0	0	0	0	9.32
91	51	258	0	0	0	0	9.3225
91	50	259	0	0	0	0	9.325
91	50	259	0	0	0	0	9.3275
88	53	259	0	0	0	0	9.33
88	53	259	0	0	0	0	9.3325
88	53	259	0	0	0	1	9.335
89	53	258	0	0	0	0	9.3375
89	52	259	0	0	0	0	9.34
89	52	259	0	0	0	0	9.3425
89	52	259	0	0	0	0	9.345
89	52	259	0	0	0	0	9.3475
89	52	259	0	0	0	0	9.35
89	52	259	0	0	0	0	9.3525
90	52	258	0	0	0	0	9.355
90	52	258	0	0	0	0	9.3575
91	52	257	0	0	0	0	9.36
90	53	257	0	0	0	0	9.3625
90	53	257	0	0	0	0	9.365
91	53	256	0	0	0	0	9.3675
92	53	255	0	0	0	0	9.37
92	53	255	0	0	0	1	9.3725
92	53	255	0	0	0	0	9.375
92	53	255	0	0	0	0	9.3775
91	53	256	0	0	0	2	9.38
91	53	256	0	0	0	0	9.3825
91	53	256	0	0	0	0	9.385
91	53	256	0	0	0	0	9.3875
91	53	256	0	0	0	0	9.39
92	53	255	0	0	0	0	9.3925
92	54	254	0	0	0	0	9.395
92	54	254	0	0	0	0	9.3975
92	54	254	0	0	0	0	9.4
92	54	254	0	0	0	0	9.4025
92	54	254	0	0	0	0	9.405
93	54	253	0	0	0	0	9.4075
94	54	252	0	0	0	0	9.41
93	54	253	0	0	0	1	9.4125
91	54	255	0	0	0	2	9.415
89	54	257	0	0	0	2	9.4175
90	54	256	0	0	0	0	9.42
91	54	255	0	0	0	0	9.4225
90	54	256	0	0	0	2	9.425
89	54	257	0	0	0	1	9.4275
89	54	257	0	0	0	1	9.43
87	55	258	0	0	0	1	9.4325
87	55	258	0	0	0	0	9.435
86	55	259	0	0	0	1	9.4375
86	55	259	0	0	0	0	9.44
86	54	260	0	0	0	0	9.4425
87	53	260	0	0	0	1	9.445
89	53	258	0	0	0	0	9.4475
89	53	258	0	0	0	1	9.45
89	54	257	0	0	0	0	9.4525
89	54	257	0	0	0	0	9.455
89	54	257	0	0	0	0	9.4575
89	54	257	0	0	0	0	9.46
88	54	258	0	0	0	1	9.4625
88	54	258	0	0	0	0	9.465
88	54	258	0	0	0	0	9.4675
89	54	257	0	0	0	0	9.47
90	54	256	0	0	0	0	9.4725
90	54	256	0	0	0	0	9.475
90	54	256	0	0	0	0	9.4775
90	54	256	0	0	0	0	9.48
90	54	256	0	0	0	0	9.4825
91	52	257	0	0	0	0	9.485
91	52	257	0	0	0	1	9.4875
91	52	257	0	0	0	0	9.49
90	53	257	0	0	0	0	9.4925
90	52	258	0	0	0	0	9.495
90	52	258	0	0	0	0	9.4975
91	52	257	0	0	0	0	9.5
90	52	258	0	0	0	1	9.5025
89	53	258	0	0	0	0	9.505
89	53	258	0	0	0	0	9.5075
89	53	258	0	0	0	0	9.51
87	53	260	0	0	0	3	9.5125
87	53	260	0	0	0	0	9.515
88	53	259	0	0	0	0	9.5175
89	53	258	0	0	0	0	9.52
87	55	258	0	0	0	0	9.5225
87	55	258	0	0	0	0	9.525
87	55	258	0	0	0	1	9.5275
87	55	258	0	0	0	0	9.53
87	55	258	0	0	0	0	9.5325
87	55	258	0	0	0	1	9.535
86	56	258	0	0	0	0	9.5375
87	56	257	0	0	0	0	9.54
88	56	256	0	0	0	0	9.5425
88	56	256	0	0	0	0	9.545
89	56	255	0	0	0	0	9.5475
89	56	255	0	0	0	0	9.55
89	57	254	0	0	0	1	9.5525
89	57	254	0	0	0	0	9.555
88	57	255	0	0	0	1	9.5575
88	57	255	0	0	0	0	9.56
88	57	255	0	0	0	0	9.5625
88	57	255	0	0	0	1	9.565
88	56	256	0	0	0	0	9.5675
87	56	257	0	0	0	1	9.57
86	55	259	0	0	0	1	9.5725
86	55	259	0	0	0	0	9.575
86	54	260	0	0	0	0	9.5775
86	54	260	0	0	0	0	9.58
87	54	259	0	0	0	0	9.5825
87	54	259	0	0	0	1	9.585
86	55	259	0	0	0	0	9.5875
87	55	258	0	0	0	0	9.59
87	55	258	0	0	0	0	9.5925
88	55	257	0	0	0	0	9.595
88	55	257	0	0	0	0	9.5975
85	54	261	0	0	0	3	9.6
85	54	261	0	0	0	0	9.6025
85	53	262	0	0	0	0	9.605
85	53	262	0	0	0	0	9.6075
86	53	261	0	0	0	0	9.61
86	53	261	0	0	0	0	9.6125
84	55	261	0	0	0	0	9.615
83	56	261	0	0	0	1	9.6175
83	56	261	0	0	0	0	9.62
83	56	261	0	0	0	0	9.6225
85	56	259	0	0	0	0	9.625
84	56	260	0	0	0	1	9.6275
84	57	259	0	0	0	0	9.63
83	56	261	0	0	0	1	9.6325
83	55	262	0	0	0	0	9.635
83	54	263	0	0	0	0	9.6375
83	54	263	0	0	0	0	9.64
84	54	262	0	0	0	0	9.6425
84	54	262	0	0	0	0	9.645
85	54	261	0	0	0	0	9.6475
85	55	260	0	0	0	0	9.65
86	55	259	0	0	0	0	9.6525
86	55	259	0	0	0	0	9.655
86	55	259	0	0	0	0	9.6575
85	55	260	0	0	0	1	9.66
85	55	260	0	0	0	0	9.6625
86	55	259	0	0	0	0	9.665
86	55	259	0	0	0	1	9.6675
87	55	258	0	0	0	0	9.67
87	55	258	0	0	0	0	9.6725
86	54	260	0	0	0	1	9.675
86	53	261	0	0	0	0	9.6775
86	52	262	0	0	0	0	9.68
87	52	261	0	0	0	0	9.6825
87	52	261	0	0	0	0	9.685
86	53	261	0	0	0	0	9.6875
86	53	261	0	0	0	1	9.69
85	54	261	0	0	0	0	9.6925
84	54	262	0	0	0	1	9.695
84	55	261	0	0	0	0	9.6975
84	55	261	0	0	0	0	9.7
83	56	261	0	0	0	0	9.7025
83	56	261	0	0	0	0	9.705
83	57	260	0	0	0	0	9.7075
83	57	260	0	0	0	0	9.71
83	56	261	0	0	0	0	9.7125
83	56	261	0	0	0	0	9.715
83	56	261	0	0	0	0	9.7175
83	56	261	0	0	0	0	9.72
80	58	262	0	0	0	1	9.7225
82	58	260	0	0	0	0	9.725
82	58	260	0	0	0	0	9.7275
82	58	260	0	0	0	0	9.73
83	58	259	0	0	0	0	9.7325
83	58	259	0	0	0	0	9.735
82	59	259	0	0	0	0	9.7375
81	60	259	0	0	0	0	9.74
83	60	257	0	0	0	0	9.7425
85	60	255	0	0	0	0	9.745
85	60	255	0	0	0	0	9.7475
84	60	256	0	0	0	1	9.75
85	60	255	0	0	0	0	9.7525
86	60	254	0	0	0	0	9.755
85	60	255	0	0	0	1	9.7575
85	60	255	0	0	0	0	9.76
85	59	256	0	0	0	0	9.7625
85	59	256	0	0	0	0	9.765
85	59	256	0	0	0	0	9.7675
85	59	256	0	0	0	0	9.77
86	59	255	0	0	0	0	9.7725
87	59	254	0	0	0	0	9.775
86	59	255	0	0	0	1	9.7775
86	59	255	0	0	0	0	9.78
86	58	256	0	0	0	0	9.7825
85	59	256	0	0	0	0	9.785
86	59	255	0	0	0	0	9.7875
86	59	255	0	0	0	1	9.79
87	59	254	0	0	0	0	9.7925
88	59	253	0	0	0	0	9.795
89	58	253	0	0	0	0	9.7975
90	57	253	0	0	0	0	9.8
89	57	254	0	0	0	1	9.8025
90	57	253	0	0	0	0	9.805
90	57	253	0	0	0	1	9.8075
89	57	254	0	0	0	1	9.81
89	57	254	0	0	0	0	9.8125
90	57	253	0	0	0	0	9.815
90	57	253	0	0	0	0	9.8175
90	57	253	0	0	0	0	9.82
89	58	253	0	0	0	0	9.8225
88	58	254	0	0	0	1	9.825
89	58	253	0	0	0	0	9.8275
89	58	253	0	0	0	0	9.83
90	57	253	0	0	0	0	9.8325
90	57	253	0	0	0	0	9.835
90	57	253	0	0	0	0	9.8375
90	57	253	0	0	0	0	9.84
90	57	253	0	0	0	0	9.8425
91	57	252	0	0	0	0	9.845
92	57	251	0	0	0	0	9.8475
93	57	250	0	0	0	0	9.85
93	57	250	0	0	0	0	9.8525
93	57	250	0	0	0	0	9.855
92	57	251	0	0	0	1	9.8575
93	57	250	0	0	0	0	9.86
94	57	249	0	0	0	0	9.8625
93	57	250	0	0	0	1	9.865
93	57	250	0	0	0	0	9.8675
93	57	250	0	0	0	0	9.87
92	58	250	0	0	0	0	9.8725
93	58	249	0	0	0	0	9.875
94	58	248	0	0	0	0	9.8775
94	57	249	0	0	0	0	9.88
94	58	248	0	0	0	0	9.8825
91	61	248	0	0	0	0	9.885
91	60	249	0	0	0	0	9.8875
92	59	249	0	0	0	0	9.89
92	59	249	0	0	0	0	9.8925
95	59	246	0	0	0	0	9.895
95	59	246	0	0	0	0	9.8975
94	58	248	0	0	0	1	9.9
96	58	246	0	0	0	0	9.9025
96	58	246	0	0	0	0	9.905
96	58	246	0	0	0	0	9.9075
95	59	246	0	0	0	0	9.91
95	59	246	0	0	0	0	9.9125
94	59	247	0	0	0	0	9.915
93	60	247	0	0	0	0	9.9175
94	60	246	0	0	0	0	9.92
93	61	246	0	0	0	0	9.9225
93	61	246	0	0	0	0	9.925
94	61	245	0	0	0	0	9.9275
94	62	244	0	0	0	0	9.93
93	61	246	0	0	0	1	9.9325
93	61	246	0	0	0	1	9.935
93	61	246	0	0	0	0	9.9375
93	61	246	0	0	0	0	9.94
90	62	248	0	0	0	2	9.9425
91	62	247	0	0	0	0	9.945
91	62	247	0	0	0	0	9.9475
91	62	247	0	0	0	0	9.95
91	62	247	0	0	0	0	9.9525
91	62	247	0	0	0	1	9.955
91	62	247	0	0	0	0	9.9575
91	61	248	0	0	0	0	9.96
91	60	249	0	0	0	1	9.9625
92	60	248	0	0	0	0	9.965
90	62	248	0	0	0	0	9.9675
89	62	249	0	0	0	1	9.97
89	62	249	0	0	0	0	9.9725
90	62	248	0	0	0	1	9.975
89	62	249	0	0	0	1	9.9775
88	63	249	0	0	0	0	9.98
88	63	249	0	0	0	0	9.9825
88	63	249	0	0	0	0	9.985
88	63	249	0	0	0	0	9.9875
88	64	248	0	0	0	0	9.99
88	63	249	0	0	0	0	9.9925
89	62	249	0	0	0	0	9.995
89	62	249	0	0	0	0	9.9975
