S	I	R	e	d	dI	f	t
380	20	0	0.132	1.2	0.006	0	0
376.703	21.0185	1.21614	0.131649	1.19681	0.00630555	0	0.03
373.313	22.0822	2.47262	0.131296	1.1936	0.00662467	0	0.06
369.847	23.1833	3.77092	0.130944	1.1904	0.00695498	0	0.09
366.302	24.321	5.11252	0.130593	1.18721	0.00729629	0	0.12
362.68	25.4947	6.49879	0.130242	1.18402	0.0076484	0	0.15
358.979	26.7034	7.93105	0.129893	1.18084	0.00801102	0	0.18
355.2	27.9461	9.41056	0.129544	1.17767	0.00838384	0	0.21
351.341	29.2214	10.9384	0.129195	1.1745	0.00876641	0	0.24
347.405	30.5275	12.5157	0.128848	1.17135	0.00915825	0	0.27
343.393	31.8626	14.1434	0.128501	1.1682	0.00955877	0	0.3
339.304	33.2243	15.8221	0.128156	1.16505	0.0099673	0	0.33
335.142	34.6103	17.5525	0.127811	1.16192	0.0103831	0	0.36
330.909	36.0178	19.335	0.127466	1.15879	0.0108053	0	0.39
326.608	37.4435	21.17	0.127123	1.15566	0.0112331	0	0.42
322.241	38.8843	23.0575	0.12678	1.15255	0.0116653	0	0.45
317.813	40.3365	24.9973	0.126438	1.14944	0.0121009	0	0.48
313.327	41.7961	26.9891	0.126097	1.14634	0.0125388	0	0.51
308.789	43.2593	29.0324	0.125757	1.14324	0.0129778	0	0.54
304.204	44.7215	31.1262	0.125417	1.14015	0.0134165	0	0.57
299.576	46.1785	33.2696	0.125078	1.13707	0.0138535	0	0.6
294.913	47.6254	35.4612	0.12474	1.134	0.0142876	0	0.63
290.22	49.0577	37.6994	0.124402	1.13093	0.0147173	0	0.66
285.504	50.4706	39.9824	0.124066	1.12787	0.0151412	0	0.69
280.771	51.8591	42.3082	0.12373	1.12482	0.0155577	0	0.72
276.03	53.2184	44.6744	0.123394	1.12177	0.0159655	0	0.75
271.287	54.5439	47.0784	0.12306	1.11873	0.0163632	0	0.78
266.55	55.8308	49.5174	0.122726	1.11569	0.0167492	0	0.81
261.826	57.0745	51.9884	0.122393	1.11267	0.0171224	0	0.84
257.123	58.2709	54.4882	0.122061	1.10965	0.0174813	0	0.87
252.449	59.4156	57.0132	0.12173	1.10663	0.0178247	0	0.9
247.81	60.505	59.5599	0.121399	1.10363	0.0181515	0	0.93
243.215	61.5355	62.1245	0.121069	1.10063	0.0184606	0	0.96
238.671	62.5038	64.7031	0.12074	1.09763	0.0187511	0	0.99
234.184	63.4071	67.2917	0.120411	1.09465	0.0190221	0	1.02
229.761	64.2429	69.8862	0.120084	1.09167	0.0192729	0	1.05
225.408	65.0093	72.4823	0.119757	1.0887	0.0195028	0	1.08
221.131	65.7044	75.0759	0.119431	1.08573	0.0197113	0	1.11
216.936	66.3272	77.6628	0.119106	1.08278	0.0198982	0	1.14
212.827	66.8767	80.2387	0.118781	1.07983	0.020063	0	1.17
208.81	67.3526	82.7995	0.118457	1.07689	0.0202058	0	1.2
204.888	67.7548	85.3411	0.118135	1.07395	0.0203264	0	1.23
201.065	68.0837	87.8593	0.117813	1.07102	0.0204251	0	1.26
197.344	68.3402	90.3504	0.117492	1.0681	0.0205021	0	1.29
193.729	68.5252	92.8105	0.117171	1.06519	0.0205576	0	1.32
190.22	68.6403	95.2359	0.116852	1.06229	0.0205921	0	1.35
186.82	68.6871	97.6231	0.116533	1.05939	0.0206061	0	1.38
183.531	68.6677	99.9688	0.116215	1.0565	0.0206003	0	1.41
180.353	68.5842	102.27	0.115898	1.05362	0.0205753	0	1.44
177.287	68.4392	104.523	0.115582	1.05075	0.0205318	0	1.47
174.333	68.2353	106.727	0.115267	1.04788	0.0204706	0	1.5
171.49	67.9752	108.877	0.114953	1.04503	0.0203926	0	1.53
168.759	67.6619	110.972	0.114639	1.04218	0.0202986	0	1.56
166.137	67.2984	113.009	0.114327	1.03934	0.0201895	0	1.59
163.625	66.8876	114.988	0.114015	1.0365	0.0200663	0	1.62
161.221	66.4328	116.905	0.113704	1.03368	0.0199298	0	1.65
158.922	65.9369	118.761	0.113395	1.03086	0.0197811	0	1.68
156.728	65.4032	120.552	0.113086	1.02805	0.019621	0	1.71
154.636	64.8346	122.279	0.112777	1.02525	0.0194504	0	1.74
152.644	64.2343	123.941	0.11247	1.02246	0.0192703	0	1.77
150.75	63.6051	125.536	0.112164	1.01967	0.0190815	0	1.8
148.95	62.95	127.065	0.111858	1.01689	0.018885	0	1.83
147.244	62.2718	128.526	0.111554	1.01413	0.0186815	0	1.86
145.628	61.5732	129.921	0.11125	1.01137	0.0184719	0	1.89
144.099	60.8568	131.249	0.110947	1.00861	0.018257	0	1.92
142.654	60.125	132.51	0.110646	1.00587	0.0180375	0	1.95
141.292	59.3804	133.705	0.110344	1.00313	0.0178141	0	1.98
140.009	58.6252	134.833	0.110044	1.0004	0.0175875	0	2.01
138.803	57.8614	135.897	0.109745	0.997683	0.0173584	0	2.04
137.67	57.0911	136.895	0.109447	0.994971	0.0171273	0	2.07
136.609	56.3163	137.83	0.109149	0.992266	0.0168949	0	2.1
135.616	55.5386	138.702	0.108853	0.98957	0.0166616	0	2.13
134.688	54.7598	139.512	0.108557	0.986881	0.0164279	0	2.16
133.824	53.9814	140.261	0.108262	0.984201	0.0161944	0	2.19
133.02	53.2048	140.951	0.107968	0.981528	0.0159614	0	2.22
132.274	52.4313	141.582	0.107675	0.978863	0.0157294	0	2.25
131.584	51.6621	142.156	0.107383	0.976206	0.0154986	0	2.28
130.947	50.8985	142.674	0.107091	0.973557	0.0152695	0	2.31
130.36	50.1413	143.137	0.106801	0.970915	0.0150424	0	2.34
129.822	49.3914	143.547	0.106511	0.968282	0.0148174	0	2.37
129.33	48.6498	143.906	0.106222	0.965656	0.0145949	0	2.4
128.882	47.9171	144.214	0.105934	0.963038	0.0143751	0	2.43
128.476	47.1941	144.473	0.105647	0.960427	0.0141582	0	2.46
128.109	46.4812	144.684	0.105361	0.957824	0.0139444	0	2.49
127.78	45.7791	144.85	0.105075	0.955229	0.0137337	0	2.52
127.487	45.0881	144.971	0.10479	0.952641	0.0135264	0	2.55
127.229	44.4087	145.05	0.104507	0.950061	0.0133226	0	2.58
127.002	43.7412	145.086	0.104224	0.947488	0.0131223	0	2.61
126.806	43.0858	145.083	0.103941	0.944922	0.0129257	0	2.64
126.638	42.4429	145.041	0.10366	0.942365	0.0127329	0	2.67
126.498	41.8125	144.961	0.10338	0.939814	0.0125438	0	2.7
126.383	41.1949	144.846	0.1031	0.937271	0.0123585	0	2.73
126.292	40.5901	144.697	0.102821	0.934735	0.012177	0	2.76
126.223	39.9982	144.514	0.102543	0.932207	0.0119995	0	2.79
126.176	39.4193	144.3	0.102265	0.929685	0.0118258	0	2.82
126.149	38.8532	144.055	0.101989	0.927171	0.011656	0	2.85
126.14	38.3001	143.782	0.101713	0.924665	0.01149	0	2.88
126.148	37.7599	143.48	0.101438	0.922165	0.011328	0	2.91
126.172	37.2325	143.153	0.101164	0.919673	0.0111698	0	2.94
126.212	36.7178	142.8	0.100891	0.917187	0.0110153	0	2.97
126.265	36.2157	142.422	0.100618	0.914709	0.0108647	0	3
126.331	35.7262	142.023	0.100346	0.912238	0.0107178	0	3.03
126.408	35.2489	141.601	0.100075	0.909774	0.0105747	0	3.06
126.496	34.7839	141.159	0.0998048	0.907316	0.0104352	0	3.09
126.594	34.331	140.697	0.0995353	0.904866	0.0102993	0	3.12
126.701	33.8899	140.217	0.0992665	0.902423	0.010167	0	3.15
126.815	33.4605	139.719	0.0989985	0.899987	0.0100382	0	3.18
126.937	33.0427	139.206	0.0987313	0.897557	0.00991282	0	3.21
127.066	32.6362	138.676	0.0984648	0.895134	0.00979087	0	3.24
127.199	32.2409	138.132	0.098199	0.892718	0.00967227	0	3.27
127.338	31.8565	137.575	0.097934	0.890309	0.00955696	0	3.3
127.481	31.4829	137.005	0.0976698	0.887907	0.00944487	0	3.33
127.627	31.1198	136.423	0.0974063	0.885511	0.00933595	0	3.36
127.777	30.7671	135.83	0.0971435	0.883123	0.00923014	0	3.39
127.928	30.4245	135.227	0.0968814	0.88074	0.00912736	0	3.42
128.081	30.0919	134.615	0.0966201	0.878365	0.00902757	0	3.45
128.235	29.769	133.994	0.0963595	0.875996	0.0089307	0	3.48
128.39	29.4556	133.365	0.0960997	0.873634	0.00883669	0	3.51
128.545	29.1516	132.729	0.0958406	0.871278	0.00874547	0	3.54
128.7	28.8566	132.087	0.0955821	0.868929	0.00865699	0	3.57
128.853	28.5706	131.438	0.0953244	0.866586	0.00857119	0	3.6
129.005	28.2933	130.785	0.0950675	0.86425	0.008488	0	3.63
129.156	28.0246	130.126	0.0948112	0.86192	0.00840738	0	3.66
129.304	27.7642	129.464	0.0945556	0.859597	0.00832925	0	3.69
129.45	27.5119	128.798	0.0943008	0.85728	0.00825356	0	3.72
129.593	27.2675	128.129	0.0940466	0.854969	0.00818026	0	3.75
129.733	27.0309	127.458	0.0937932	0.852665	0.00810928	0	3.78
129.869	26.8019	126.785	0.0935404	0.850367	0.00804058	0	3.81
130.001	26.5803	126.111	0.0932884	0.848076	0.0079741	0	3.84
130.129	26.3659	125.435	0.093037	0.845791	0.00790978	0	3.87
130.253	26.1586	124.759	0.0927863	0.843512	0.00784758	0	3.9
130.372	25.9581	124.083	0.0925363	0.84124	0.00778744	0	3.93
130.486	25.7644	123.407	0.092287	0.838973	0.00772931	0	3.96
130.595	25.5771	122.732	0.0920384	0.836713	0.00767314	0	3.99
130.699	25.3963	122.058	0.0917905	0.834459	0.00761888	0	4.02
130.796	25.2216	121.386	0.0915432	0.832211	0.00756649	0	4.05
130.889	25.053	120.715	0.0912967	0.82997	0.00751591	0	4.08
130.975	24.8904	120.046	0.0910508	0.827734	0.00746711	0	4.11
131.055	24.7334	119.38	0.0908055	0.825505	0.00742003	0	4.14
131.129	24.5821	118.716	0.0905609	0.823281	0.00737463	0	4.17
131.196	24.4363	118.056	0.090317	0.821064	0.00733088	0	4.2
131.257	24.2957	117.398	0.0900738	0.818853	0.00728872	0	4.23
131.311	24.1604	116.744	0.0898312	0.816648	0.00724811	0	4.26
131.359	24.0301	116.094	0.0895893	0.814448	0.00720902	0	4.29
131.399	23.9047	115.448	0.0893481	0.812255	0.0071714	0	4.32
131.433	23.7841	114.806	0.0891075	0.810068	0.00713522	0	4.35
131.459	23.6681	114.168	0.0888675	0.807886	0.00710043	0	4.38
131.478	23.5567	113.535	0.0886282	0.805711	0.007067	0	4.41
131.49	23.4497	112.907	0.0883896	0.803541	0.0070349	0	4.44
131.495	23.3469	112.284	0.0881515	0.801378	0.00700408	0	4.47
131.492	23.2484	111.666	0.0879142	0.79922	0.00697451	0	4.5
131.482	23.1538	111.053	0.0876775	0.797068	0.00694615	0	4.53
131.465	23.0633	110.446	0.0874414	0.794922	0.00691898	0	4.56
131.44	22.9765	109.844	0.0872059	0.792781	0.00689295	0	4.59
131.408	22.8935	109.247	0.0869711	0.790647	0.00686804	0	4.62
131.368	22.8141	108.657	0.086737	0.788518	0.00684422	0	4.65
131.321	22.7381	108.073	0.0865034	0.786395	0.00682144	0	4.68
131.266	22.6656	107.494	0.0862705	0.784278	0.00679969	0	4.71
131.204	22.5964	106.922	0.0860382	0.782166	0.00677892	0	4.74
131.134	22.5304	106.355	0.0858066	0.78006	0.00675911	0	4.77
131.057	22.4675	105.796	0.0855756	0.77796	0.00674024	0	4.8
130.972	22.4075	105.242	0.0853451	0.775865	0.00672226	0	4.83
130.88	22.3505	104.695	0.0851154	0.773776	0.00670516	0	4.86
130.781	22.2963	104.154	0.0848862	0.771693	0.0066889	0	4.89
130.674	22.2449	103.62	0.0846576	0.769615	0.00667346	0	4.92
130.56	22.196	103.092	0.0844297	0.767543	0.00665881	0	4.95
130.438	22.1498	102.571	0.0842024	0.765476	0.00664493	0	4.98
130.309	22.1059	102.056	0.0839756	0.763415	0.00663178	0	5.01
130.174	22.0645	101.548	0.0837495	0.761359	0.00661934	0	5.04
130.031	22.0253	101.047	0.083524	0.759309	0.00660758	0	5.07
129.881	21.9883	100.553	0.0832991	0.757265	0.00659649	0	5.1
129.724	21.9534	100.065	0.0830748	0.755226	0.00658603	0	5.13
129.56	21.9206	99.5836	0.0828511	0.753192	0.00657619	0	5.16
129.389	21.8898	99.1091	0.082628	0.751164	0.00656693	0	5.19
129.212	21.8608	98.6413	0.0824055	0.749141	0.00655823	0	5.22
129.028	21.8336	98.1802	0.0821836	0.747124	0.00655008	0	5.25
128.837	21.8081	97.7258	0.0819623	0.745112	0.00654244	0	5.28
128.64	21.7843	97.278	0.0817416	0.743106	0.0065353	0	5.31
128.436	21.7621	96.8368	0.0815215	0.741104	0.00652863	0	5.34
128.226	21.7414	96.4022	0.081302	0.739109	0.00652241	0	5.37
128.01	21.722	95.9742	0.081083	0.737118	0.00651661	0	5.4
127.788	21.7041	95.5527	0.0808646	0.735133	0.00651123	0	5.43
127.559	21.6874	95.1376	0.0806469	0.733153	0.00650623	0	5.46
127.325	21.672	94.7291	0.0804297	0.731179	0.0065016	0	5.49
127.085	21.6577	94.3269	0.080213	0.72921	0.00649731	0	5.52
126.84	21.6445	93.9312	0.079997	0.727246	0.00649334	0	5.55
126.588	21.6323	93.5417	0.0797815	0.725287	0.00648968	0	5.58
126.332	21.621	93.1585	0.0795667	0.723333	0.00648631	0	5.61
126.07	21.6107	92.7814	0.0793523	0.721385	0.0064832	0	5.64
125.802	21.6011	92.4106	0.0791386	0.719442	0.00648033	0	5.67
125.53	21.5923	92.0457	0.0789254	0.717504	0.0064777	0	5.7
125.253	21.5842	91.687	0.0787128	0.715571	0.00647527	0	5.73
124.97	21.5768	91.3341	0.0785008	0.713644	0.00647303	0	5.76
124.683	21.5699	90.9871	0.0782893	0.711721	0.00647097	0	5.79
124.392	21.5636	90.6459	0.0780784	0.709804	0.00646907	0	5.82
124.096	21.5577	90.3105	0.0778681	0.707892	0.0064673	0	5.85
123.795	21.5522	89.9807	0.0776583	0.705985	0.00646565	0	5.88
123.491	21.547	89.6565	0.0774491	0.704083	0.00646411	0	5.91
123.182	21.5422	89.3378	0.0772404	0.702186	0.00646266	0	5.94
122.869	21.5376	89.0244	0.0770323	0.700294	0.00646128	0	5.97
122.553	21.5332	88.7165	0.0768248	0.698407	0.00645996	0	6
122.232	21.529	88.4137	0.0766178	0.696525	0.00645869	0	6.03
121.909	21.5248	88.1161	0.0764114	0.694649	0.00645743	0	6.06
121.581	21.5207	87.8236	0.0762055	0.692777	0.0064562	0	6.09
121.251	21.5165	87.5361	0.0760001	0.69091	0.00645496	0	6.12
120.917	21.5123	87.2534	0.0757953	0.689048	0.0064537	0	6.15
120.58	21.5081	86.9756	0.0755911	0.687192	0.00645242	0	6.18
120.241	21.5036	86.7024	0.0753874	0.68534	0.00645109	0	6.21
119.898	21.499	86.4339	0.0751842	0.683493	0.00644971	0	6.24
119.553	21.4942	86.1699	0.0749816	0.681651	0.00644826	0	6.27
119.205	21.4891	85.9103	0.0747795	0.679814	0.00644673	0	6.3
118.855	21.4837	85.655	0.074578	0.677982	0.00644511	0	6.33
118.503	21.478	85.404	0.074377	0.676154	0.00644339	0	6.36
118.148	21.4718	85.1571	0.0741765	0.674332	0.00644155	0	6.39
117.792	21.4653	84.9142	0.0739766	0.672515	0.00643959	0	6.42
117.434	21.4583	84.6753	0.0737772	0.670702	0.00643749	0	6.45
117.074	21.4508	84.4402	0.0735783	0.668894	0.00643525	0	6.48
116.712	21.4429	84.2089	0.07338	0.667091	0.00643286	0	6.51
116.349	21.4343	83.9812	0.0731822	0.665293	0.0064303	0	6.54
115.984	21.4253	83.757	0.0729849	0.663499	0.00642758	0	6.57
115.618	21.4156	83.5363	0.0727882	0.661711	0.00642467	0	6.6
115.251	21.4053	83.319	0.072592	0.659927	0.00642158	0	6.63
114.883	21.3943	83.1049	0.0723963	0.658148	0.00641829	0	6.66
114.515	21.3827	82.8939	0.0722011	0.656374	0.0064148	0	6.69
114.145	21.3703	82.686	0.0720065	0.654604	0.0064111	0	6.72
113.775	21.3573	82.4811	0.0718123	0.652839	0.00640718	0	6.75
113.404	21.3435	82.2791	0.0716187	0.651079	0.00640305	0	6.78
113.033	21.3289	82.0798	0.0714256	0.649324	0.00639868	0	6.81
112.661	21.3136	81.8831	0.071233	0.647573	0.00639409	0	6.84
112.289	21.2975	81.6891	0.071041	0.645827	0.00638926	0	6.87
111.917	21.2806	81.4976	0.0708494	0.644086	0.00638419	0	6.9
111.545	21.2629	81.3084	0.0706584	0.642349	0.00637887	0	6.93
111.173	21.2444	81.1216	0.0704679	0.640617	0.00637331	0	6.96
110.801	21.225	80.9369	0.0702778	0.638889	0.0063675	0	6.99
110.43	21.2048	80.7544	0.0700883	0.637167	0.00636143	0	7.02
110.059	21.1837	80.574	0.0698993	0.635448	0.00635511	0	7.05
109.688	21.1617	80.3954	0.0697108	0.633735	0.00634852	0	7.08
109.318	21.1389	80.2188	0.0695228	0.632026	0.00634168	0	7.11
108.948	21.1153	80.0439	0.0693354	0.630321	0.00633458	0	7.14
108.579	21.0907	79.8707	0.0691484	0.628622	0.00632721	0	7.17
108.211	21.0653	79.6991	0.0689619	0.626926	0.00631958	0	7.2
107.844	21.0389	79.529	0.0687759	0.625236	0.00631168	0	7.23
107.478	21.0117	79.3604	0.0685904	0.623549	0.00630352	0	7.26
107.112	20.9837	79.1932	0.0684054	0.621868	0.0062951	0	7.29
106.748	20.9547	79.0272	0.0682209	0.62019	0.00628642	0	7.32
106.385	20.9249	78.8625	0.068037	0.618518	0.00627747	0	7.35
106.023	20.8942	78.6989	0.0678535	0.61685	0.00626826	0	7.38
105.663	20.8626	78.5364	0.0676704	0.615186	0.00625879	0	7.41
105.304	20.8302	78.3749	0.0674879	0.613527	0.00624907	0	7.44
104.946	20.7969	78.2143	0.0673059	0.611872	0.00623908	0	7.47
104.59	20.7628	78.0546	0.0671244	0.610221	0.00622885	0	7.5
104.235	20.7279	77.8957	0.0669433	0.608575	0.00621836	0	7.53
103.882	20.6921	77.7376	0.0667627	0.606934	0.00620763	0	7.56
103.53	20.6555	77.5801	0.0665827	0.605297	0.00619665	0	7.59
103.18	20.6181	77.4232	0.0664031	0.603664	0.00618543	0	7.62
102.832	20.5799	77.2669	0.0662239	0.602036	0.00617396	0	7.65
102.485	20.5409	77.1111	0.0660453	0.600412	0.00616227	0	7.68
102.141	20.5011	76.9557	0.0658672	0.598792	0.00615034	0	7.71
101.798	20.4606	76.8007	0.0656895	0.597177	0.00613818	0	7.74
101.457	20.4194	76.646	0.0655123	0.595566	0.00612581	0	7.77
101.118	20.3774	76.4917	0.0653356	0.59396	0.00611321	0	7.8
100.78	20.3346	76.3375	0.0651593	0.592358	0.00610039	0	7.83
100.445	20.2912	76.1836	0.0649836	0.59076	0.00608737	0	7.86
100.112	20.2471	76.0298	0.0648083	0.589166	0.00607414	0	7.89
99.7804	20.2024	75.8761	0.0646334	0.587577	0.00606071	0	7.92
99.4511	20.157	75.7225	0.0644591	0.585992	0.00604709	0	7.95
99.1238	20.1109	75.5689	0.0642852	0.584411	0.00603327	0	7.98
98.7986	20.0642	75.4153	0.0641118	0.582834	0.00601927	0	8.01
98.4754	20.017	75.2616	0.0639388	0.581262	0.00600509	0	8.04
98.1544	19.9691	75.1079	0.0637664	0.579694	0.00599074	0	8.07
97.8354	19.9207	74.954	0.0635943	0.57813	0.00597621	0	8.1
97.5185	19.8717	74.8	0.0634228	0.576571	0.00596152	0	8.13
97.2037	19.8222	74.6458	0.0632517	0.575015	0.00594667	0	8.16
96.8911	19.7722	74.4914	0.0630811	0.573464	0.00593167	0	8.19
96.5805	19.7217	74.3368	0.0629109	0.571917	0.00591652	0	8.22
96.2721	19.6708	74.1819	0.0627412	0.570374	0.00590123	0	8.25
95.9658	19.6193	74.0268	0.0625719	0.568836	0.0058858	0	8.28
95.6616	19.5675	73.8713	0.0624031	0.567301	0.00587024	0	8.31
95.3595	19.5152	73.7155	0.0622348	0.565771	0.00585456	0	8.34
95.0596	19.4625	73.5594	0.0620669	0.564245	0.00583875	0	8.37
94.7617	19.4095	73.4029	0.0618995	0.562722	0.00582284	0	8.4
94.466	19.356	73.2461	0.0617325	0.561204	0.00580681	0	8.43
94.1724	19.3023	73.0888	0.0615659	0.55969	0.00579068	0	8.46
93.8808	19.2482	72.9312	0.0613999	0.558181	0.00577446	0	8.49
93.5913	19.1938	72.7732	0.0612342	0.556675	0.00575814	0	8.52
93.3039	19.1391	72.6147	0.061069	0.555173	0.00574173	0	8.55
93.0186	19.0842	72.4558	0.0609043	0.553675	0.00572525	0	8.58
92.7352	19.029	72.2964	0.06074	0.552182	0.00570869	0	8.61
92.454	18.9735	72.1366	0.0605762	0.550692	0.00569205	0	8.64
92.1747	18.9179	71.9764	0.0604127	0.549207	0.00567536	0	8.67
91.8974	18.862	71.8157	0.0602498	0.547725	0.0056586	0	8.7
91.6221	18.806	71.6545	0.0600872	0.546248	0.00564179	0	8.73
91.3487	18.7498	71.4929	0.0599252	0.544774	0.00562493	0	8.76
91.0773	18.6934	71.3308	0.0597635	0.543305	0.00560802	0	8.79
90.8078	18.6369	71.1683	0.0596023	0.541839	0.00559107	0	8.82
90.5402	18.5803	71.0052	0.0594415	0.540377	0.00557409	0	8.85
90.2745	18.5236	70.8418	0.0592812	0.53892	0.00555708	0	8.88
90.0107	18.4668	70.6778	0.0591212	0.537466	0.00554004	0	8.91
89.7486	18.4099	70.5135	0.0589618	0.536016	0.00552298	0	8.94
89.4884	18.353	70.3486	0.0588027	0.53457	0.00550591	0	8.97
89.23	18.2961	70.1833	0.0586441	0.533128	0.00548882	0	9
88.9734	18.2391	70.0176	0.0584859	0.53169	0.00547172	0	9.03
88.7184	18.1821	69.8514	0.0583281	0.530256	0.00545462	0	9.06
88.4653	18.1251	69.6849	0.0581708	0.528826	0.00543752	0	9.09
88.2138	18.0681	69.5179	0.0580139	0.527399	0.00542042	0	9.12
87.9639	18.0111	69.3504	0.0578574	0.525976	0.00540333	0	9.15
87.7157	17.9542	69.1826	0.0577013	0.524558	0.00538626	0	9.18
87.4692	17.8973	69.0144	0.0575457	0.523143	0.00536919	0	9.21
87.2242	17.8405	68.8458	0.0573905	0.521732	0.00535215	0	9.24
86.9808	17.7838	68.6769	0.0572357	0.520324	0.00533513	0	9.27
86.7389	17.7271	68.5076	0.0570813	0.518921	0.00531813	0	9.3
86.4986	17.6705	68.3379	0.0569273	0.517521	0.00530116	0	9.33
86.2597	17.6141	68.1679	0.0567738	0.516125	0.00528423	0	9.36
86.0223	17.5578	67.9976	0.0566206	0.514733	0.00526733	0	9.39
85.7864	17.5016	67.827	0.0564679	0.513345	0.00525047	0	9.42
85.5518	17.4455	67.6561	0.0563156	0.51196	0.00523365	0	9.45
85.3186	17.3896	67.4849	0.0561637	0.510579	0.00521687	0	9.48
85.0868	17.3338	67.3134	0.0560122	0.509202	0.00520013	0	9.51
84.8564	17.2782	67.1417	0.0558612	0.507829	0.00518345	0	9.54
84.6272	17.2227	66.9697	0.0557105	0.506459	0.00516682	0	9.57
84.3993	17.1675	66.7975	0.0555602	0.505093	0.00515024	0	9.6
84.1727	17.1124	66.6251	0.0554104	0.503731	0.00513372	0	9.63
83.9473	17.0575	66.4525	0.0552609	0.502372	0.00511725	0	9.66
83.7231	17.0028	66.2798	0.0551119	0.501017	0.00510084	0	9.69
83.5001	16.9483	66.1068	0.0549632	0.499666	0.0050845	0	9.72
83.2782	16.8941	65.9337	0.054815	0.498318	0.00506822	0	9.75
83.0575	16.84	65.7605	0.0546671	0.496974	0.005052	0	9.78
82.8379	16.7862	65.5872	0.0545197	0.495634	0.00503585	0	9.81
82.6193	16.7326	65.4137	0.0543727	0.494297	0.00501977	0	9.84
82.4019	16.6792	65.2402	0.054226	0.492964	0.00500376	0	9.87
82.1854	16.6261	65.0666	0.0540798	0.491634	0.00498782	0	9.9
81.97	16.5732	64.8929	0.0539339	0.490308	0.00497195	0	9.93
81.7556	16.5205	64.7192	0.0537885	0.488986	0.00495616	0	9.96
81.5421	16.4681	64.5455	0.0536434	0.487667	0.00494044	0	9.99
81.3296	16.416	64.3718	0.0534987	0.486352	0.0049248	0	10.02
81.1179	16.3641	64.198	0.0533544	0.48504	0.00490923	0	10.05
80.9072	16.3125	64.0243	0.0532105	0.483732	0.00489374	0	10.08
80.6974	16.2611	63.8507	0.053067	0.482428	0.00487834	0	10.11
80.4885	16.21	63.677	0.0529239	0.481127	0.00486301	0	10.14
80.2803	16.1592	63.5035	0.0527812	0.479829	0.00484776	0	10.17
80.073	16.1086	63.33	0.0526388	0.478535	0.00483259	0	10.2
79.8665	16.0583	63.1566	0.0524969	0.477244	0.0048175	0	10.23
79.6608	16.0083	62.9833	0.0523553	0.475957	0.00480249	0	10.26
79.4558	15.9586	62.8102	0.0522141	0.474674	0.00478757	0	10.29
79.2516	15.9091	62.6372	0.0520733	0.473394	0.00477273	0	10.32
79.0481	15.8599	62.4643	0.0519329	0.472117	0.00475797	0	10.35
78.8454	15.811	62.2916	0.0517928	0.470844	0.00474329	0	10.38
78.6433	15.7623	62.1191	0.0516531	0.469574	0.0047287	0	10.41
78.4418	15.714	61.9468	0.0515138	0.468308	0.00471419	0	10.44
78.2411	15.6659	61.7747	0.0513749	0.467045	0.00469976	0	10.47
78.041	15.6181	61.6028	0.0512364	0.465785	0.00468542	0	10.5
77.8415	15.5705	61.4311	0.0510982	0.464529	0.00467116	0	10.53
77.6426	15.5233	61.2597	0.0509604	0.463276	0.00465698	0	10.56
77.4443	15.4763	61.0885	0.050823	0.462027	0.00464289	0	10.59
77.2466	15.4296	60.9176	0.0506859	0.460781	0.00462888	0	10.62
77.0494	15.3832	60.7469	0.0505492	0.459539	0.00461495	0	10.65
76.8528	15.337	60.5766	0.0504129	0.458299	0.0046011	0	10.68
76.6568	15.2911	60.4066	0.050277	0.457063	0.00458734	0	10.71
76.4613	15.2455	60.2369	0.0501414	0.455831	0.00457365	0	10.74
76.2663	15.2002	60.0675	0.0500062	0.454602	0.00456005	0	10.77
76.0718	15.1551	59.8984	0.0498713	0.453376	0.00454653	0	10.8
75.8778	15.1103	59.7297	0.0497369	0.452153	0.00453309	0	10.83
75.6843	15.0658	59.5613	0.0496027	0.450934	0.00451973	0	10.86
75.4912	15.0215	59.3933	0.049469	0.449718	0.00450644	0	10.89
75.2986	14.9775	59.2256	0.0493356	0.448505	0.00449324	0	10.92
75.1065	14.9337	59.0584	0.0492025	0.447296	0.00448012	0	10.95
74.9148	14.8902	58.8915	0.0490698	0.44609	0.00446707	0	10.98
74.7235	14.847	58.725	0.0489375	0.444887	0.0044541	0	11.01
74.5327	14.804	58.559	0.0488056	0.443687	0.0044412	0	11.04
74.3422	14.7613	58.3933	0.048674	0.44249	0.00442838	0	11.07
74.1522	14.7188	58.2281	0.0485427	0.441297	0.00441564	0	11.1
73.9626	14.6766	58.0633	0.0484118	0.440107	0.00440297	0	11.13
73.7733	14.6346	57.8989	0.0482813	0.43892	0.00439037	0	11.16
73.5845	14.5928	57.735	0.0481511	0.437737	0.00437785	0	11.19
73.396	14.5513	57.5715	0.0480212	0.436557	0.00436539	0	11.22
73.2079	14.51	57.4085	0.0478917	0.435379	0.00435301	0	11.25
73.0201	14.469	57.2459	0.0477626	0.434205	0.0043407	0	11.28
72.8328	14.4282	57.0838	0.0476338	0.433034	0.00432846	0	11.31
72.6457	14.3876	56.9222	0.0475053	0.431867	0.00431628	0	11.34
72.4591	14.3473	56.7611	0.0473772	0.430702	0.00430418	0	11.37
72.2727	14.3071	56.6004	0.0472495	0.429541	0.00429214	0	11.4
72.0867	14.2672	56.4402	0.0471221	0.428382	0.00428016	0	11.43
71.9011	14.2275	56.2805	0.046995	0.427227	0.00426825	0	11.46
71.7157	14.188	56.1213	0.0468683	0.426075	0.00425641	0	11.49
71.5307	14.1488	55.9626	0.0467419	0.424926	0.00424463	0	11.52
71.346	14.1097	55.8044	0.0466159	0.423781	0.00423291	0	11.55
71.1617	14.0708	55.6468	0.0464902	0.422638	0.00422125	0	11.58
70.9776	14.0322	55.4896	0.0463648	0.421498	0.00420965	0	11.61
70.7939	13.9937	55.3329	0.0462398	0.420362	0.00419812	0	11.64
70.6105	13.9555	55.1767	0.0461151	0.419228	0.00418664	0	11.67
70.4273	13.9174	55.0211	0.0459907	0.418098	0.00417522	0	11.7
70.2445	13.8795	54.866	0.0458667	0.41697	0.00416386	0	11.73
70.062	13.8418	54.7114	0.045743	0.415846	0.00415255	0	11.76
69.8799	13.8043	54.5573	0.0456197	0.414724	0.0041413	0	11.79
69.698	13.767	54.4037	0.0454967	0.413606	0.0041301	0	11.82
69.5164	13.7299	54.2507	0.045374	0.412491	0.00411896	0	11.85
69.3351	13.6929	54.0982	0.0452516	0.411378	0.00410786	0	11.88
69.1541	13.6561	53.9462	0.0451296	0.410269	0.00409682	0	11.91
68.9734	13.6195	53.7948	0.0450079	0.409163	0.00408584	0	11.94
68.793	13.583	53.6438	0.0448866	0.40806	0.0040749	0	11.97
68.6129	13.5467	53.4935	0.0447655	0.406959	0.00406401	0	12
68.4331	13.5105	53.3436	0.0446448	0.405862	0.00405316	0	12.03
68.2537	13.4746	53.1943	0.0445244	0.404767	0.00404237	0	12.06
68.0745	13.4387	53.0454	0.0444044	0.403676	0.00403162	0	12.09
67.8956	13.4031	52.8972	0.0442846	0.402587	0.00402092	0	12.12
67.717	13.3675	52.7494	0.0441652	0.401502	0.00401026	0	12.15
67.5387	13.3322	52.6022	0.0440461	0.400419	0.00399965	0	12.18
67.3607	13.2969	52.4555	0.0439273	0.399339	0.00398908	0	12.21
67.183	13.2618	52.3093	0.0438089	0.398263	0.00397855	0	12.24
67.0056	13.2269	52.1637	0.0436908	0.397189	0.00396807	0	12.27
66.8285	13.1921	52.0186	0.0435729	0.396118	0.00395762	0	12.3
66.6518	13.1574	51.874	0.0434554	0.395049	0.00394722	0	12.33
66.4753	13.1228	51.7299	0.0433383	0.393984	0.00393685	0	12.36
66.2991	13.0884	51.5864	0.0432214	0.392922	0.00392653	0	12.39
66.1233	13.0541	51.4433	0.0431048	0.391862	0.00391624	0	12.42
65.9478	13.02	51.3008	0.0429886	0.390806	0.00390599	0	12.45
65.7725	12.9859	51.1588	0.0428727	0.389752	0.00389577	0	12.48
65.5976	12.952	51.0173	0.0427571	0.388701	0.0038856	0	12.51
65.423	12.9182	50.8763	0.0426418	0.387653	0.00387545	0	12.54
65.2488	12.8845	50.7358	0.0425268	0.386607	0.00386534	0	12.57
65.0748	12.8509	50.5959	0.0424121	0.385565	0.00385527	0	12.6
64.9012	12.8174	50.4564	0.0422978	0.384525	0.00384523	0	12.63
64.7279	12.7841	50.3174	0.0421837	0.383488	0.00383522	0	12.66
64.5549	12.7508	50.179	0.0420699	0.382454	0.00382524	0	12.69
64.3823	12.7176	50.041	0.0419565	0.381423	0.00381529	0	12.72
64.2099	12.6846	49.9035	0.0418434	0.380394	0.00380538	0	12.75
64.038	12.6516	49.7665	0.0417305	0.379368	0.00379549	0	12.78
63.8663	12.6188	49.63	0.041618	0.378345	0.00378564	0	12.81
63.695	12.586	49.494	0.0415058	0.377325	0.00377581	0	12.84
63.524	12.5534	49.3585	0.0413938	0.376308	0.00376601	0	12.87
63.3534	12.5208	49.2234	0.0412822	0.375293	0.00375624	0	12.9
63.1831	12.4883	49.0888	0.0411709	0.374281	0.0037465	0	12.93
63.0132	12.456	48.9547	0.0410599	0.373272	0.00373679	0	12.96
62.8436	12.4237	48.8211	0.0409491	0.372265	0.0037271	0	12.99
62.6743	12.3915	48.6879	0.0408387	0.371261	0.00371744	0	13.02
62.5054	12.3593	48.5552	0.0407286	0.37026	0.0037078	0	13.05
62.3369	12.3273	48.423	0.0406188	0.369262	0.00369819	0	13.08
62.1687	12.2953	48.2912	0.0405092	0.368266	0.0036886	0	13.11
62.0009	12.2635	48.1598	0.0404	0.367273	0.00367904	0	13.14
61.8335	12.2317	48.029	0.0402911	0.366282	0.0036695	0	13.17
61.6664	12.2	47.8985	0.0401824	0.365295	0.00365999	0	13.2
61.4996	12.1683	47.7685	0.040074	0.364309	0.0036505	0	13.23
61.3333	12.1368	47.639	0.039966	0.363327	0.00364103	0	13.26
61.1673	12.1053	47.5099	0.0398582	0.362347	0.00363158	0	13.29
61.0017	12.0739	47.3812	0.0397507	0.36137	0.00362216	0	13.32
60.8365	12.0425	47.2529	0.0396435	0.360396	0.00361276	0	13.35
60.6716	12.0113	47.1251	0.0395366	0.359424	0.00360338	0	13.38
60.5071	11.9801	46.9977	0.03943	0.358455	0.00359402	0	13.41
60.343	11.9489	46.8707	0.0393237	0.357488	0.00358468	0	13.44
60.1793	11.9179	46.7441	0.0392176	0.356524	0.00357537	0	13.47
60.0159	11.8869	46.618	0.0391119	0.355563	0.00356607	0	13.5
59.853	11.856	46.4922	0.0390064	0.354604	0.0035568	0	13.53
59.6904	11.8251	46.3669	0.0389012	0.353647	0.00354754	0	13.56
59.5283	11.7944	46.242	0.0387963	0.352694	0.00353831	0	13.59
59.3665	11.7636	46.1174	0.0386917	0.351743	0.00352909	0	13.62
59.2051	11.733	45.9933	0.0385874	0.350794	0.00351989	0	13.65
59.0441	11.7024	45.8696	0.0384833	0.349848	0.00351072	0	13.68
58.8835	11.6719	45.7462	0.0383795	0.348905	0.00350156	0	13.71
58.7233	11.6414	45.6232	0.038276	0.347964	0.00349242	0	13.74
58.5635	11.611	45.5007	0.0381728	0.347025	0.0034833	0	13.77
58.4041	11.5806	45.3785	0.0380699	0.34609	0.00347419	0	13.8
58.2451	11.5504	45.2567	0.0379672	0.345156	0.00346511	0	13.83
58.0865	11.5202	45.1352	0.0378648	0.344226	0.00345605	0	13.86
57.9283	11.49	45.0141	0.0377627	0.343297	0.003447	0	13.89
57.7705	11.4599	44.8934	0.0376609	0.342371	0.00343797	0	13.92
57.6131	11.4299	44.7731	0.0375593	0.341448	0.00342896	0	13.95
57.4562	11.3999	44.6531	0.037458	0.340527	0.00341996	0	13.98
57.2996	11.37	44.5335	0.037357	0.339609	0.00341099	0	14.01
57.1434	11.3401	44.4142	0.0372563	0.338693	0.00340203	0	14.04
56.9877	11.3103	44.2953	0.0371558	0.33778	0.00339309	0	14.07
56.8324	11.2806	44.1768	0.0370556	0.336869	0.00338417	0	14.1
56.6774	11.2509	44.0586	0.0369557	0.335961	0.00337526	0	14.13
56.5229	11.2212	43.9407	0.036856	0.335055	0.00336637	0	14.16
56.3688	11.1917	43.8232	0.0367566	0.334151	0.0033575	0	14.19
56.2151	11.1622	43.706	0.0366575	0.33325	0.00334865	0	14.22
56.0619	11.1327	43.5892	0.0365586	0.332351	0.00333982	0	14.25
55.909	11.1033	43.4727	0.03646	0.331455	0.003331	0	14.28
55.7566	11.074	43.3565	0.0363617	0.330561	0.0033222	0	14.31
55.6046	11.0447	43.2406	0.0362637	0.32967	0.00331341	0	14.34
55.453	11.0155	43.1251	0.0361659	0.328781	0.00330464	0	14.37
55.3018	10.9863	43.0099	0.0360683	0.327894	0.00329589	0	14.4
55.151	10.9572	42.8951	0.0359711	0.32701	0.00328716	0	14.43
55.0006	10.9282	42.7805	0.0358741	0.326128	0.00327845	0	14.46
54.8507	10.8992	42.6663	0.0357773	0.325248	0.00326975	0	14.49
54.7012	10.8702	42.5524	0.0356808	0.324371	0.00326107	0	14.52
54.5521	10.8414	42.4388	0.0355846	0.323497	0.00325241	0	14.55
54.4034	10.8125	42.3255	0.0354887	0.322624	0.00324376	0	14.58
54.2551	10.7838	42.2125	0.035393	0.321754	0.00323513	0	14.61
54.1073	10.7551	42.0998	0.0352975	0.320886	0.00322652	0	14.64
53.9598	10.7264	41.9874	0.0352023	0.320021	0.00321793	0	14.67
53.8128	10.6978	41.8754	0.0351074	0.319158	0.00320935	0	14.7
53.6662	10.6693	41.7636	0.0350127	0.318297	0.00320079	0	14.73
53.52	10.6408	41.6521	0.0349183	0.317439	0.00319225	0	14.76
53.3743	10.6124	41.541	0.0348241	0.316583	0.00318372	0	14.79
53.2289	10.5841	41.4301	0.0347302	0.315729	0.00317522	0	14.82
53.084	10.5558	41.3195	0.0346366	0.314878	0.00316673	0	14.85
52.9395	10.5275	41.2092	0.0345432	0.314029	0.00315826	0	14.88
52.7953	10.4994	41.0992	0.03445	0.313182	0.00314981	0	14.91
52.6516	10.4712	40.9895	0.0343571	0.312337	0.00314137	0	14.94
52.5084	10.4432	40.8801	0.0342644	0.311495	0.00313295	0	14.97
52.3655	10.4152	40.771	0.034172	0.310655	0.00312455	0	15
52.223	10.3872	40.6621	0.0340799	0.309817	0.00311617	0	15.03
52.081	10.3594	40.5536	0.033988	0.308982	0.00310781	0	15.06
51.9393	10.3315	40.4453	0.0338963	0.308148	0.00309946	0	15.09
51.7981	10.3038	40.3373	0.0338049	0.307317	0.00309113	0	15.12
51.6573	10.2761	40.2295	0.0337137	0.306489	0.00308282	0	15.15
51.5169	10.2484	40.1221	0.0336228	0.305662	0.00307453	0	15.18
51.3768	10.2209	40.0149	0.0335322	0.304838	0.00306626	0	15.21
51.2372	10.1934	39.908	0.0334417	0.304016	0.00305801	0	15.24
51.098	10.1659	39.8013	0.0333515	0.303196	0.00304977	0	15.27
50.9592	10.1385	39.695	0.0332616	0.302378	0.00304155	0	15.3
50.8208	10.1112	39.5889	0.0331719	0.301563	0.00303335	0	15.33
50.6829	10.0839	39.4831	0.0330824	0.30075	0.00302517	0	15.36
50.5453	10.0567	39.3775	0.0329932	0.299938	0.00301701	0	15.39
50.4081	10.0296	39.2722	0.0329043	0.29913	0.00300887	0	15.42
50.2713	10.0025	39.1672	0.0328155	0.298323	0.00300075	0	15.45
50.1349	9.97547	39.0625	0.032727	0.297518	0.00299264	0	15.48
49.9989	9.94852	38.958	0.0326388	0.296716	0.00298456	0	15.51
49.8633	9.92163	38.8538	0.0325508	0.295916	0.00297649	0	15.54
49.728	9.8948	38.7498	0.032463	0.295118	0.00296844	0	15.57
49.5932	9.86804	38.6461	0.0323754	0.294322	0.00296041	0	15.6
49.4588	9.84134	38.5426	0.0322881	0.293528	0.0029524	0	15.63
49.3248	9.81471	38.4395	0.032201	0.292737	0.00294441	0	15.66
49.1911	9.78814	38.3365	0.0321142	0.291947	0.00293644	0	15.69
49.0578	9.76163	38.2339	0.0320276	0.29116	0.00292849	0	15.72
48.925	9.73519	38.1315	0.0319412	0.290375	0.00292056	0	15.75
48.7925	9.70881	38.0293	0.0318551	0.289592	0.00291264	0	15.78
48.6603	9.6825	37.9274	0.0317692	0.288811	0.00290475	0	15.81
48.5286	9.65625	37.8258	0.0316835	0.288032	0.00289688	0	15.84
48.3973	9.63007	37.7244	0.0315981	0.287255	0.00288902	0	15.87
48.2663	9.60395	37.6233	0.0315129	0.286481	0.00288119	0	15.9
48.1357	9.5779	37.5224	0.0314279	0.285708	0.00287337	0	15.93
48.0055	9.55192	37.4218	0.0313431	0.284937	0.00286557	0	15.96
47.8757	9.526	37.3214	0.0312586	0.284169	0.0028578	0	15.99
47.7462	9.50014	37.2213	0.0311743	0.283403	0.00285004	0	16.02
47.6171	9.47436	37.1214	0.0310902	0.282638	0.00284231	0	16.05
47.4884	9.44863	37.0218	0.0310064	0.281876	0.00283459	0	16.08
47.36	9.42298	36.9224	0.0309228	0.281116	0.00282689	0	16.11
47.232	9.39739	36.8233	0.0308394	0.280358	0.00281922	0	16.14
47.1044	9.37187	36.7244	0.0307562	0.279602	0.00281156	0	16.17
46.9771	9.34641	36.6258	0.0306733	0.278848	0.00280392	0	16.2
46.8503	9.32102	36.5274	0.0305906	0.278096	0.00279631	0	16.23
46.7237	9.2957	36.4293	0.0305081	0.277346	0.00278871	0	16.26
46.5976	9.27044	36.3314	0.0304258	0.276598	0.00278113	0	16.29
46.4717	9.24525	36.2337	0.0303437	0.275852	0.00277357	0	16.32
46.3463	9.22013	36.1363	0.0302619	0.275108	0.00276604	0	16.35
46.2212	9.19507	36.0392	0.0301803	0.274366	0.00275852	0	16.38
46.0965	9.17008	35.9423	0.0300989	0.273626	0.00275102	0	16.41
45.9721	9.14516	35.8456	0.0300177	0.272889	0.00274355	0	16.44
45.848	9.1203	35.7492	0.0299368	0.272153	0.00273609	0	16.47
45.7244	9.09551	35.653	0.0298561	0.271419	0.00272865	0	16.5
45.601	9.07079	35.5571	0.0297755	0.270687	0.00272124	0	16.53
45.478	9.04614	35.4614	0.0296953	0.269957	0.00271384	0	16.56
45.3554	9.02155	35.366	0.0296152	0.269229	0.00270646	0	16.59
45.2331	8.99703	35.2708	0.0295353	0.268503	0.00269911	0	16.62
45.1111	8.97257	35.1758	0.0294557	0.267779	0.00269177	0	16.65
44.9895	8.94818	35.0811	0.0293762	0.267057	0.00268446	0	16.68
44.8683	8.92386	34.9867	0.029297	0.266336	0.00267716	0	16.71
44.7473	8.89961	34.8924	0.029218	0.265618	0.00266988	0	16.74
44.6267	8.87542	34.7984	0.0291392	0.264902	0.00266263	0	16.77
44.5065	8.8513	34.7047	0.0290606	0.264187	0.00265539	0	16.8
44.3866	8.82725	34.6112	0.0289823	0.263475	0.00264818	0	16.83
44.267	8.80326	34.5179	0.0289041	0.262765	0.00264098	0	16.86
44.1477	8.77934	34.4249	0.0288261	0.262056	0.0026338	0	16.89
44.0288	8.75549	34.3321	0.0287484	0.261349	0.00262665	0	16.92
43.9102	8.7317	34.2395	0.0286709	0.260644	0.00261951	0	16.95
43.792	8.70798	34.1472	0.0285936	0.259942	0.00261239	0	16.98
43.674	8.68433	34.0552	0.0285165	0.259241	0.0026053	0	17.01
43.5564	8.66074	33.9633	0.0284396	0.258541	0.00259822	0	17.04
43.4391	8.63722	33.8717	0.0283629	0.257844	0.00259117	0	17.07
43.3222	8.61376	33.7804	0.0282864	0.257149	0.00258413	0	17.1
43.2055	8.59037	33.6892	0.0282101	0.256455	0.00257711	0	17.13
43.0892	8.56705	33.5983	0.028134	0.255764	0.00257011	0	17.16
42.9732	8.54379	33.5077	0.0280582	0.255074	0.00256314	0	17.19
42.8575	8.5206	33.4173	0.0279825	0.254386	0.00255618	0	17.22
42.7422	8.49747	33.3271	0.027907	0.2537	0.00254924	0	17.25
42.6271	8.47441	33.2372	0.0278318	0.253016	0.00254232	0	17.28
42.5124	8.45141	33.1474	0.0277567	0.252334	0.00253542	0	17.31
42.398	8.42848	33.058	0.0276819	0.251653	0.00252854	0	17.34
42.2839	8.40561	32.9687	0.0276072	0.250975	0.00252168	0	17.37
42.1701	8.38281	32.8797	0.0275328	0.250298	0.00251484	0	17.4
42.0566	8.36007	32.791	0.0274585	0.249623	0.00250802	0	17.43
41.9434	8.3374	32.7024	0.0273845	0.24895	0.00250122	0	17.46
41.8305	8.31479	32.6141	0.0273106	0.248278	0.00249444	0	17.49
41.718	8.29225	32.526	0.027237	0.247609	0.00248767	0	17.52
41.6057	8.26977	32.4382	0.0271635	0.246941	0.00248093	0	17.55
41.4938	8.24735	32.3506	0.0270903	0.246275	0.0024742	0	17.58
41.3821	8.225	32.2632	0.0270172	0.245611	0.0024675	0	17.61
41.2708	8.20271	32.1761	0.0269444	0.244949	0.00246081	0	17.64
41.1597	8.18048	32.0892	0.0268717	0.244288	0.00245414	0	17.67
41.049	8.15832	32.0025	0.0267992	0.243629	0.0024475	0	17.7
40.9385	8.13622	31.916	0.026727	0.242972	0.00244087	0	17.73
40.8284	8.11418	31.8298	0.0266549	0.242317	0.00243426	0	17.76
40.7185	8.09221	31.7438	0.026583	0.241664	0.00242766	0	17.79
40.609	8.0703	31.658	0.0265113	0.241012	0.00242109	0	17.82
40.4997	8.04845	31.5725	0.0264398	0.240362	0.00241453	0	17.85
40.3907	8.02666	31.4872	0.0263685	0.239714	0.002408	0	17.88
40.2821	8.00494	31.4021	0.0262974	0.239067	0.00240148	0	17.91
40.1737	7.98327	31.3173	0.0262265	0.238423	0.00239498	0	17.94
40.0656	7.96167	31.2327	0.0261558	0.23778	0.0023885	0	17.97
39.9578	7.94013	31.1483	0.0260852	0.237138	0.00238204	0	18
39.8502	7.91865	31.0641	0.0260149	0.236499	0.0023756	0	18.03
39.743	7.89723	30.9802	0.0259447	0.235861	0.00236917	0	18.06
39.6361	7.87588	30.8964	0.0258748	0.235225	0.00236276	0	18.09
39.5294	7.85458	30.8129	0.025805	0.234591	0.00235637	0	18.12
39.4231	7.83334	30.7297	0.0257354	0.233958	0.00235	0	18.15
39.317	7.81217	30.6466	0.025666	0.233327	0.00234365	0	18.18
39.2112	7.79105	30.5638	0.0255968	0.232698	0.00233732	0	18.21
39.1056	7.76999	30.4812	0.0255278	0.232071	0.002331	0	18.24
39.0004	7.749	30.3988	0.0254589	0.231445	0.0023247	0	18.27
38.8954	7.72806	30.3167	0.0253903	0.230821	0.00231842	0	18.3
38.7908	7.70718	30.2348	0.0253218	0.230198	0.00231215	0	18.33
38.6864	7.68636	30.1531	0.0252535	0.229577	0.00230591	0	18.36
38.5822	7.6656	30.0716	0.0251854	0.228958	0.00229968	0	18.39
38.4784	7.6449	29.9903	0.0251175	0.228341	0.00229347	0	18.42
38.3748	7.62425	29.9093	0.0250498	0.227725	0.00228728	0	18.45
38.2715	7.60367	29.8285	0.0249822	0.227111	0.0022811	0	18.48
38.1685	7.58314	29.7478	0.0249148	0.226498	0.00227494	0	18.51
38.0658	7.56267	29.6675	0.0248476	0.225888	0.0022688	0	18.54
37.9633	7.54225	29.5873	0.0247806	0.225279	0.00226268	0	18.57
37.8611	7.5219	29.5074	0.0247138	0.224671	0.00225657	0	18.6
37.7592	7.5016	29.4276	0.0246472	0.224065	0.00225048	0	18.63
37.6575	7.48136	29.3481	0.0245807	0.223461	0.00224441	0	18.66
37.5561	7.46117	29.2688	0.0245144	0.222858	0.00223835	0	18.69
37.455	7.44104	29.1897	0.0244483	0.222257	0.00223231	0	18.72
37.3541	7.42097	29.1109	0.0243824	0.221658	0.00222629	0	18.75
37.2536	7.40095	29.0322	0.0243166	0.22106	0.00222029	0	18.78
37.1532	7.38099	28.9538	0.024251	0.220464	0.0022143	0	18.81
37.0532	7.36108	28.8756	0.0241856	0.21987	0.00220833	0	18.84
36.9534	7.34123	28.7975	0.0241204	0.219277	0.00220237	0	18.87
36.8539	7.32144	28.7198	0.0240554	0.218685	0.00219643	0	18.9
36.7546	7.3017	28.6422	0.0239905	0.218096	0.00219051	0	18.93
36.6557	7.28201	28.5648	0.0239258	0.217507	0.0021846	0	18.96
36.5569	7.26238	28.4876	0.0238613	0.216921	0.00217871	0	18.99
36.4585	7.24281	28.4107	0.0237969	0.216336	0.00217284	0	19.02
36.3603	7.22328	28.334	0.0237328	0.215752	0.00216699	0	19.05
36.2623	7.20382	28.2574	0.0236688	0.215171	0.00216114	0	19.08
36.1646	7.1844	28.1811	0.0236049	0.21459	0.00215532	0	19.11
36.0672	7.16504	28.105	0.0235413	0.214012	0.00214951	0	19.14
35.97	7.14573	28.0291	0.0234778	0.213435	0.00214372	0	19.17
35.8731	7.12648	27.9534	0.0234145	0.212859	0.00213794	0	19.2
35.7765	7.10728	27.8779	0.0233513	0.212285	0.00213218	0	19.23
35.6801	7.08813	27.8026	0.0232884	0.211713	0.00212644	0	19.26
35.5839	7.06903	27.7275	0.0232256	0.211142	0.00212071	0	19.29
35.4881	7.04999	27.6527	0.0231629	0.210572	0.002115	0	19.32
35.3924	7.031	27.578	0.0231005	0.210004	0.0021093	0	19.35
35.2971	7.01206	27.5035	0.0230382	0.209438	0.00210362	0	19.38
35.2019	6.99317	27.4293	0.0229761	0.208873	0.00209795	0	19.41
35.1071	6.97434	27.3552	0.0229141	0.20831	0.0020923	0	19.44
35.0125	6.95555	27.2814	0.0228523	0.207748	0.00208667	0	19.47
34.9181	6.93682	27.2077	0.0227907	0.207188	0.00208105	0	19.5
34.824	6.91814	27.1343	0.0227292	0.206629	0.00207544	0	19.53
34.7301	6.89951	27.061	0.0226679	0.206072	0.00206985	0	19.56
34.6365	6.88093	26.988	0.0226068	0.205516	0.00206428	0	19.59
34.5432	6.8624	26.9151	0.0225458	0.204962	0.00205872	0	19.62
34.45	6.84392	26.8425	0.022485	0.204409	0.00205317	0	19.65
34.3572	6.82549	26.77	0.0224244	0.203858	0.00204765	0	19.68
34.2646	6.80711	26.6978	0.0223639	0.203308	0.00204213	0	19.71
34.1722	6.78878	26.6257	0.0223036	0.20276	0.00203663	0	19.74
34.0801	6.7705	26.5539	0.0222435	0.202213	0.00203115	0	19.77
33.9882	6.75227	26.4822	0.0221835	0.201668	0.00202568	0	19.8
33.8965	6.73409	26.4108	0.0221237	0.201124	0.00202023	0	19.83
33.8052	6.71596	26.3395	0.022064	0.200582	0.00201479	0	19.86
33.714	6.69787	26.2684	0.0220045	0.200041	0.00200936	0	19.89
33.6231	6.67984	26.1975	0.0219452	0.199501	0.00200395	0	19.92
33.5324	6.66186	26.1268	0.021886	0.198963	0.00199856	0	19.95
33.442	6.64392	26.0564	0.021827	0.198427	0.00199318	0	19.98
33.3518	6.62603	25.9861	0.0217681	0.197892	0.00198781	0	20.01
33.2619	6.60819	25.9159	0.0217094	0.197358	0.00198246	0	20.04
33.1722	6.5904	25.846	0.0216508	0.196826	0.00197712	0	20.07
33.0828	6.57266	25.7763	0.0215925	0.196295	0.0019718	0	20.1
32.9935	6.55496	25.7068	0.0215342	0.195766	0.00196649	0	20.13
32.9046	6.53731	25.6374	0.0214762	0.195238	0.00196119	0	20.16
32.8158	6.51971	25.5683	0.0214182	0.194711	0.00195591	0	20.19
32.7273	6.50216	25.4993	0.0213605	0.194186	0.00195065	0	20.22
32.639	6.48465	25.4305	0.0213029	0.193663	0.0019454	0	20.25
32.551	6.46719	25.3619	0.0212454	0.19314	0.00194016	0	20.28
32.4632	6.44978	25.2935	0.0211881	0.192619	0.00193493	0	20.31
32.3757	6.43241	25.2253	0.021131	0.1921	0.00192972	0	20.34
32.2883	6.41509	25.1573	0.021074	0.191582	0.00192453	0	20.37
32.2012	6.39782	25.0894	0.0210172	0.191065	0.00191935	0	20.4
32.1144	6.38059	25.0217	0.0209605	0.19055	0.00191418	0	20.43
32.0278	6.36341	24.9543	0.020904	0.190036	0.00190902	0	20.46
31.9414	6.34628	24.887	0.0208476	0.189524	0.00190388	0	20.49
31.8552	6.32919	24.8198	0.0207914	0.189013	0.00189876	0	20.52
31.7693	6.31215	24.7529	0.0207353	0.188503	0.00189364	0	20.55
31.6836	6.29515	24.6862	0.0206794	0.187995	0.00188855	0	20.58
31.5981	6.2782	24.6196	0.0206236	0.187488	0.00188346	0	20.61
31.5129	6.26129	24.5532	0.020568	0.186982	0.00187839	0	20.64
31.4279	6.24443	24.487	0.0205126	0.186478	0.00187333	0	20.67
31.3431	6.22761	24.421	0.0204572	0.185975	0.00186828	0	20.7
31.2585	6.21084	24.3551	0.0204021	0.185473	0.00186325	0	20.73
31.1742	6.19412	24.2895	0.0203471	0.184973	0.00185823	0	20.76
31.0901	6.17743	24.224	0.0202922	0.184474	0.00185323	0	20.79
31.0062	6.1608	24.1586	0.0202375	0.183977	0.00184824	0	20.82
30.9226	6.1442	24.0935	0.0201829	0.183481	0.00184326	0	20.85
30.8391	6.12765	24.0286	0.0201285	0.182986	0.0018383	0	20.88
30.7559	6.11115	23.9638	0.0200742	0.182493	0.00183334	0	20.91
30.673	6.09469	23.8992	0.02002	0.182	0.00182841	0	20.94
30.5902	6.07827	23.8347	0.0199661	0.18151	0.00182348	0	20.97
30.5077	6.0619	23.7705	0.0199122	0.18102	0.00181857	0	21
30.4254	6.04557	23.7064	0.0198585	0.180532	0.00181367	0	21.03
30.3433	6.02928	23.6425	0.019805	0.180045	0.00180879	0	21.06
30.2614	6.01304	23.5787	0.0197516	0.17956	0.00180391	0	21.09
30.1798	5.99684	23.5152	0.0196983	0.179075	0.00179905	0	21.12
30.0984	5.98069	23.4518	0.0196452	0.178592	0.00179421	0	21.15
30.0172	5.96457	23.3886	0.0195922	0.178111	0.00178937	0	21.18
29.9362	5.9485	23.3255	0.0195394	0.177631	0.00178455	0	21.21
29.8554	5.93248	23.2626	0.0194867	0.177152	0.00177974	0	21.24
29.7749	5.91649	23.1999	0.0194341	0.176674	0.00177495	0	21.27
29.6945	5.90055	23.1374	0.0193817	0.176197	0.00177017	0	21.3
29.6144	5.88465	23.075	0.0193294	0.175722	0.0017654	0	21.33
29.5345	5.8688	23.0128	0.0192773	0.175248	0.00176064	0	21.36
29.4548	5.85298	22.9508	0.0192253	0.174776	0.00175589	0	21.39
29.3754	5.83721	22.8889	0.0191735	0.174304	0.00175116	0	21.42
29.2961	5.82148	22.8272	0.0191218	0.173834	0.00174644	0	21.45
29.2171	5.80579	22.7657	0.0190702	0.173366	0.00174174	0	21.48
29.1382	5.79014	22.7043	0.0190188	0.172898	0.00173704	0	21.51
29.0596	5.77454	22.6431	0.0189675	0.172432	0.00173236	0	21.54
28.9812	5.75898	22.5821	0.0189163	0.171967	0.00172769	0	21.57
28.903	5.74346	22.5212	0.0188653	0.171503	0.00172304	0	21.6
28.8251	5.72798	22.4605	0.0188145	0.171041	0.00171839	0	21.63
28.7473	5.71254	22.3999	0.0187637	0.170579	0.00171376	0	21.66
28.6697	5.69714	22.3396	0.0187131	0.170119	0.00170914	0	21.69
28.5924	5.68178	22.2793	0.0186627	0.169661	0.00170453	0	21.72
28.5153	5.66647	22.2193	0.0186123	0.169203	0.00169994	0	21.75
28.4383	5.65119	22.1594	0.0185621	0.168747	0.00169536	0	21.78
28.3616	5.63596	22.0997	0.0185121	0.168292	0.00169079	0	21.81
28.2851	5.62077	22.0401	0.0184622	0.167838	0.00168623	0	21.84
28.2088	5.60561	21.9807	0.0184124	0.167385	0.00168168	0	21.87
28.1327	5.5905	21.9214	0.0183627	0.166934	0.00167715	0	21.9
28.0568	5.57543	21.8623	0.0183132	0.166484	0.00167263	0	21.93
27.9811	5.5604	21.8034	0.0182638	0.166035	0.00166812	0	21.96
27.9056	5.54541	21.7446	0.0182146	0.165587	0.00166362	0	21.99
27.8303	5.53046	21.686	0.0181654	0.16514	0.00165914	0	22.02
27.7552	5.51555	21.6276	0.0181165	0.164695	0.00165466	0	22.05
27.6804	5.50067	21.5693	0.0180676	0.164251	0.0016502	0	22.08
27.6057	5.48584	21.5111	0.0180189	0.163808	0.00164575	0	22.11
27.5312	5.47105	21.4531	0.0179703	0.163366	0.00164132	0	22.14
27.457	5.4563	21.3953	0.0179218	0.162926	0.00163689	0	22.17
27.3829	5.44159	21.3376	0.0178735	0.162486	0.00163248	0	22.2
27.309	5.42691	21.2801	0.0178253	0.162048	0.00162807	0	22.23
27.2354	5.41228	21.2227	0.0177772	0.161611	0.00162368	0	22.26
27.1619	5.39768	21.1655	0.0177293	0.161175	0.00161931	0	22.29
27.0886	5.38313	21.1085	0.0176815	0.160741	0.00161494	0	22.32
27.0155	5.36861	21.0516	0.0176338	0.160307	0.00161058	0	22.35
26.9427	5.35413	20.9948	0.0175862	0.159875	0.00160624	0	22.38
26.87	5.3397	20.9382	0.0175388	0.159444	0.00160191	0	22.41
26.7975	5.3253	20.8818	0.0174915	0.159014	0.00159759	0	22.44
26.7252	5.31093	20.8255	0.0174443	0.158585	0.00159328	0	22.47
26.6531	5.29661	20.7694	0.0173973	0.158157	0.00158898	0	22.5
26.5812	5.28233	20.7134	0.0173504	0.157731	0.0015847	0	22.53
26.5095	5.26808	20.6575	0.0173036	0.157305	0.00158042	0	22.56
26.438	5.25387	20.6018	0.0172569	0.156881	0.00157616	0	22.59
26.3667	5.2397	20.5463	0.0172104	0.156458	0.00157191	0	22.62
26.2956	5.22557	20.4909	0.017164	0.156036	0.00156767	0	22.65
26.2247	5.21147	20.4357	0.0171177	0.155615	0.00156344	0	22.68
26.154	5.19742	20.3806	0.0170715	0.155196	0.00155923	0	22.71
26.0834	5.1834	20.3256	0.0170255	0.154777	0.00155502	0	22.74
26.0131	5.16942	20.2708	0.0169796	0.15436	0.00155083	0	22.77
25.9429	5.15548	20.2162	0.0169338	0.153944	0.00154664	0	22.8
25.8729	5.14157	20.1617	0.0168881	0.153528	0.00154247	0	22.83
25.8031	5.1277	20.1073	0.0168426	0.153114	0.00153831	0	22.86
25.7335	5.11387	20.0531	0.0167972	0.152702	0.00153416	0	22.89
25.6641	5.10008	19.999	0.0167519	0.15229	0.00153002	0	22.92
25.5949	5.08632	19.9451	0.0167067	0.151879	0.0015259	0	22.95
25.5259	5.0726	19.8913	0.0166616	0.15147	0.00152178	0	22.98
25.457	5.05892	19.8377	0.0166167	0.151061	0.00151767	0	23.01
25.3884	5.04527	19.7842	0.0165719	0.150654	0.00151358	0	23.04
25.3199	5.03166	19.7309	0.0165272	0.150247	0.0015095	0	23.07
25.2516	5.01809	19.6777	0.0164826	0.149842	0.00150543	0	23.1
25.1835	5.00455	19.6246	0.0164382	0.149438	0.00150137	0	23.13
25.1156	4.99105	19.5717	0.0163939	0.149035	0.00149732	0	23.16
25.0479	4.97759	19.519	0.0163497	0.148633	0.00149328	0	23.19
24.9803	4.96416	19.4663	0.0163056	0.148232	0.00148925	0	23.22
24.913	4.95077	19.4138	0.0162616	0.147833	0.00148523	0	23.25
24.8458	4.93741	19.3615	0.0162177	0.147434	0.00148122	0	23.28
24.7788	4.9241	19.3093	0.016174	0.147036	0.00147723	0	23.31
24.7119	4.91081	19.2572	0.0161304	0.14664	0.00147324	0	23.34
24.6453	4.89756	19.2053	0.0160869	0.146244	0.00146927	0	23.37
24.5788	4.88435	19.1535	0.0160435	0.14585	0.00146531	0	23.4
24.5125	4.87118	19.1019	0.0160002	0.145457	0.00146135	0	23.43
24.4464	4.85804	19.0504	0.0159571	0.145064	0.00145741	0	23.46
24.3805	4.84493	18.999	0.0159141	0.144673	0.00145348	0	23.49
24.3148	4.83186	18.9478	0.0158711	0.144283	0.00144956	0	23.52
24.2492	4.81883	18.8967	0.0158283	0.143894	0.00144565	0	23.55
24.1838	4.80583	18.8457	0.0157857	0.143506	0.00144175	0	23.58
24.1186	4.79286	18.7949	0.0157431	0.143119	0.00143786	0	23.61
24.0535	4.77993	18.7442	0.0157006	0.142733	0.00143398	0	23.64
23.9887	4.76704	18.6937	0.0156583	0.142348	0.00143011	0	23.67
23.924	4.75418	18.6433	0.0156161	0.141964	0.00142625	0	23.7
23.8595	4.74136	18.593	0.015574	0.141581	0.00142241	0	23.73
23.7951	4.72857	18.5429	0.015532	0.1412	0.00141857	0	23.76
23.731	4.71581	18.4928	0.0154901	0.140819	0.00141474	0	23.79
23.667	4.70309	18.443	0.0154483	0.140439	0.00141093	0	23.82
23.6031	4.6904	18.3932	0.0154066	0.14006	0.00140712	0	23.85
23.5395	4.67775	18.3436	0.0153651	0.139683	0.00140332	0	23.88
23.476	4.66513	18.2942	0.0153237	0.139306	0.00139954	0	23.91
23.4127	4.65255	18.2448	0.0152823	0.13893	0.00139576	0	23.94
23.3496	4.64	18.1956	0.0152411	0.138556	0.001392	0	23.97
23.2866	4.62748	18.1466	0.0152	0.138182	0.00138824	0	24
23.2238	4.615	18.0976	0.015159	0.137809	0.0013845	0	24.03
23.1612	4.60255	18.0488	0.0151182	0.137438	0.00138076	0	24.06
23.0987	4.59013	18.0002	0.0150774	0.137067	0.00137704	0	24.09
23.0365	4.57775	17.9516	0.0150367	0.136697	0.00137332	0	24.12
22.9743	4.5654	17.9032	0.0149962	0.136329	0.00136962	0	24.15
22.9124	4.55309	17.8549	0.0149557	0.135961	0.00136593	0	24.18
22.8506	4.5408	17.8068	0.0149154	0.135595	0.00136224	0	24.21
22.789	4.52856	17.7588	0.0148752	0.135229	0.00135857	0	24.24
22.7275	4.51634	17.7109	0.0148351	0.134864	0.0013549	0	24.27
22.6663	4.50416	17.6631	0.0147951	0.134501	0.00135125	0	24.3
22.6051	4.49201	17.6155	0.0147552	0.134138	0.0013476	0	24.33
22.5442	4.47989	17.568	0.0147154	0.133776	0.00134397	0	24.36
22.4834	4.46781	17.5206	0.0146757	0.133415	0.00134034	0	24.39
22.4228	4.45576	17.4733	0.0146361	0.133056	0.00133673	0	24.42
22.3623	4.44374	17.4262	0.0145966	0.132697	0.00133312	0	24.45
22.302	4.43175	17.3792	0.0145573	0.132339	0.00132953	0	24.48
22.2419	4.4198	17.3323	0.014518	0.131982	0.00132594	0	24.51
22.1819	4.40787	17.2856	0.0144789	0.131626	0.00132236	0	24.54
22.1221	4.39599	17.239	0.0144398	0.131271	0.0013188	0	24.57
22.0624	4.38413	17.1925	0.0144009	0.130917	0.00131524	0	24.6
22.0029	4.3723	17.1461	0.0143621	0.130564	0.00131169	0	24.63
21.9436	4.36051	17.0999	0.0143233	0.130212	0.00130815	0	24.66
21.8844	4.34875	17.0538	0.0142847	0.129861	0.00130462	0	24.69
21.8254	4.33702	17.0078	0.0142462	0.129511	0.00130111	0	24.72
21.7666	4.32532	16.9619	0.0142078	0.129161	0.0012976	0	24.75
21.7079	4.31365	16.9162	0.0141694	0.128813	0.0012941	0	24.78
21.6493	4.30202	16.8705	0.0141312	0.128466	0.00129061	0	24.81
21.591	4.29042	16.825	0.0140931	0.128119	0.00128712	0	24.84
21.5327	4.27884	16.7797	0.0140551	0.127774	0.00128365	0	24.87
21.4747	4.2673	16.7344	0.0140172	0.127429	0.00128019	0	24.9
21.4168	4.25579	16.6893	0.0139794	0.127086	0.00127674	0	24.93
21.359	4.24432	16.6443	0.0139417	0.126743	0.00127329	0	24.96
21.3014	4.23287	16.5994	0.0139041	0.126401	0.00126986	0	24.99
21.244	4.22145	16.5546	0.0138666	0.12606	0.00126644	0	25.02
21.1867	4.21007	16.51	0.0138292	0.12572	0.00126302	0	25.05
21.1296	4.19871	16.4654	0.0137919	0.125381	0.00125961	0	25.08
21.0726	4.18739	16.421	0.0137547	0.125043	0.00125622	0	25.11
21.0158	4.17609	16.3767	0.0137176	0.124706	0.00125283	0	25.14
20.9591	4.16483	16.3326	0.0136807	0.12437	0.00124945	0	25.17
20.9026	4.1536	16.2885	0.0136438	0.124034	0.00124608	0	25.2
20.8462	4.1424	16.2446	0.013607	0.1237	0.00124272	0	25.23
20.79	4.13123	16.2008	0.0135703	0.123366	0.00123937	0	25.26
20.734	4.12008	16.1571	0.0135337	0.123033	0.00123603	0	25.29
20.6781	4.10897	16.1135	0.0134972	0.122702	0.00123269	0	25.32
20.6223	4.09789	16.0701	0.0134608	0.122371	0.00122937	0	25.35
20.5667	4.08684	16.0267	0.0134245	0.122041	0.00122605	0	25.38
20.5112	4.07582	15.9835	0.0133883	0.121712	0.00122275	0	25.41
20.4559	4.06483	15.9404	0.0133522	0.121383	0.00121945	0	25.44
20.4008	4.05386	15.8974	0.0133162	0.121056	0.00121616	0	25.47
20.3458	4.04293	15.8545	0.0132803	0.12073	0.00121288	0	25.5
20.2909	4.03203	15.8118	0.0132444	0.120404	0.00120961	0	25.53
20.2362	4.02115	15.7691	0.0132087	0.120079	0.00120635	0	25.56
20.1816	4.01031	15.7266	0.0131731	0.119756	0.00120309	0	25.59
20.1272	3.99949	15.6842	0.0131376	0.119433	0.00119985	0	25.62
20.0729	3.98871	15.6419	0.0131022	0.119111	0.00119661	0	25.65
20.0188	3.97795	15.5997	0.0130668	0.118789	0.00119339	0	25.68
19.9648	3.96722	15.5576	0.0130316	0.118469	0.00119017	0	25.71
19.911	3.95653	15.5157	0.0129964	0.11815	0.00118696	0	25.74
19.8573	3.94586	15.4738	0.0129614	0.117831	0.00118376	0	25.77
19.8037	3.93521	15.4321	0.0129264	0.117513	0.00118056	0	25.8
19.7503	3.9246	15.3905	0.0128916	0.117196	0.00117738	0	25.83
19.6971	3.91402	15.349	0.0128568	0.11688	0.00117421	0	25.86
19.644	3.90346	15.3076	0.0128221	0.116565	0.00117104	0	25.89
19.591	3.89294	15.2663	0.0127876	0.116251	0.00116788	0	25.92
19.5382	3.88244	15.2251	0.0127531	0.115937	0.00116473	0	25.95
19.4855	3.87197	15.1841	0.0127187	0.115625	0.00116159	0	25.98
19.4329	3.86153	15.1431	0.0126844	0.115313	0.00115846	0	26.01
19.3805	3.85111	15.1023	0.0126502	0.115002	0.00115533	0	26.04
19.3283	3.84073	15.0615	0.0126161	0.114692	0.00115222	0	26.07
19.2761	3.83037	15.0209	0.0125821	0.114382	0.00114911	0	26.1
19.2242	3.82004	14.9804	0.0125481	0.114074	0.00114601	0	26.13
19.1723	3.80974	14.94	0.0125143	0.113766	0.00114292	0	26.16
19.1206	3.79947	14.8997	0.0124805	0.113459	0.00113984	0	26.19
19.0691	3.78922	14.8595	0.0124469	0.113153	0.00113677	0	26.22
19.0176	3.779	14.8195	0.0124133	0.112848	0.0011337	0	26.25
18.9664	3.76881	14.7795	0.0123798	0.112544	0.00113064	0	26.28
18.9152	3.75865	14.7396	0.0123465	0.112241	0.0011276	0	26.31
18.8642	3.74852	14.6999	0.0123132	0.111938	0.00112455	0	26.34
18.8133	3.73841	14.6602	0.01228	0.111636	0.00112152	0	26.37
18.7626	3.72833	14.6207	0.0122468	0.111335	0.0011185	0	26.4
18.712	3.71827	14.5813	0.0122138	0.111035	0.00111548	0	26.43
18.6615	3.70825	14.542	0.0121809	0.110735	0.00111247	0	26.46
18.6112	3.69825	14.5027	0.012148	0.110437	0.00110947	0	26.49
18.561	3.68827	14.4636	0.0121153	0.110139	0.00110648	0	26.52
18.511	3.67833	14.4246	0.0120826	0.109842	0.0011035	0	26.55
18.4611	3.66841	14.3857	0.01205	0.109546	0.00110052	0	26.58
18.4113	3.65852	14.3469	0.0120175	0.10925	0.00109756	0	26.61
18.3616	3.64865	14.3082	0.0119851	0.108956	0.0010946	0	26.64
18.3121	3.63881	14.2696	0.0119528	0.108662	0.00109164	0	26.67
18.2627	3.629	14.2312	0.0119206	0.108369	0.0010887	0	26.7
18.2135	3.61922	14.1928	0.0118884	0.108076	0.00108576	0	26.73
18.1644	3.60946	14.1545	0.0118563	0.107785	0.00108284	0	26.76
18.1154	3.59972	14.1163	0.0118244	0.107494	0.00107992	0	26.79
18.0665	3.59002	14.0783	0.0117925	0.107204	0.001077	0	26.82
18.0178	3.58034	14.0403	0.0117607	0.106915	0.0010741	0	26.85
17.9692	3.57068	14.0024	0.011729	0.106627	0.0010712	0	26.88
17.9208	3.56105	13.9647	0.0116973	0.106339	0.00106832	0	26.91
17.8724	3.55145	13.927	0.0116658	0.106053	0.00106543	0	26.94
17.8242	3.54187	13.8895	0.0116343	0.105767	0.00106256	0	26.97
17.7762	3.53232	13.852	0.011603	0.105481	0.0010597	0	27
17.7282	3.5228	13.8146	0.0115717	0.105197	0.00105684	0	27.03
17.6804	3.5133	13.7774	0.0115405	0.104913	0.00105399	0	27.06
17.6328	3.50382	13.7402	0.0115093	0.10463	0.00105115	0	27.09
17.5852	3.49438	13.7032	0.0114783	0.104348	0.00104831	0	27.12
17.5378	3.48495	13.6662	0.0114474	0.104067	0.00104549	0	27.15
17.4905	3.47556	13.6294	0.0114165	0.103786	0.00104267	0	27.18
17.4433	3.46618	13.5926	0.0113857	0.103506	0.00103986	0	27.21
17.3963	3.45684	13.556	0.011355	0.103227	0.00103705	0	27.24
17.3494	3.44752	13.5194	0.0113244	0.102949	0.00103425	0	27.27
17.3026	3.43822	13.4829	0.0112938	0.102671	0.00103147	0	27.3
17.2559	3.42895	13.4466	0.0112634	0.102394	0.00102868	0	27.33
17.2094	3.4197	13.4103	0.011233	0.102118	0.00102591	0	27.36
17.163	3.41048	13.3742	0.0112027	0.101843	0.00102314	0	27.39
17.1167	3.40128	13.3381	0.0111725	0.101568	0.00102039	0	27.42
17.0705	3.39211	13.3021	0.0111424	0.101294	0.00101763	0	27.45
17.0245	3.38296	13.2663	0.0111123	0.101021	0.00101489	0	27.48
16.9786	3.37384	13.2305	0.0110824	0.100749	0.00101215	0	27.51
16.9328	3.36474	13.1948	0.0110525	0.100477	0.00100942	0	27.54
16.8871	3.35567	13.1592	0.0110227	0.100206	0.0010067	0	27.57
16.8416	3.34662	13.1237	0.0109929	0.0999358	0.00100399	0	27.6
16.7962	3.3376	13.0883	0.0109633	0.0996663	0.00100128	0	27.63
16.7509	3.3286	13.053	0.0109337	0.0993976	0.00099858	0	27.66
16.7057	3.31962	13.0178	0.0109042	0.0991295	0.000995887	0	27.69
16.6607	3.31067	12.9827	0.0108748	0.0988622	0.000993201	0	27.72
16.6157	3.30174	12.9477	0.0108455	0.0985956	0.000990523	0	27.75
16.5709	3.29284	12.9128	0.0108163	0.0983297	0.000987852	0	27.78
16.5262	3.28396	12.878	0.0107871	0.0980645	0.000985188	0	27.81
16.4817	3.27511	12.8433	0.010758	0.0978001	0.000982532	0	27.84
16.4372	3.26627	12.8086	0.010729	0.0975363	0.000979882	0	27.87
16.3929	3.25747	12.7741	0.0107001	0.0972733	0.00097724	0	27.9
16.3487	3.24868	12.7396	0.0106712	0.097011	0.000974605	0	27.93
16.3046	3.23992	12.7053	0.0106424	0.0967494	0.000971976	0	27.96
16.2606	3.23118	12.671	0.0106137	0.0964885	0.000969355	0	27.99
16.2168	3.22247	12.6368	0.0105851	0.0962283	0.000966741	0	28.02
16.173	3.21378	12.6028	0.0105566	0.0959688	0.000964135	0	28.05
16.1294	3.20512	12.5688	0.0105281	0.09571	0.000961535	0	28.08
16.0859	3.19647	12.5349	0.0104997	0.0954519	0.000958942	0	28.11
16.0425	3.18785	12.5011	0.0104714	0.0951945	0.000956356	0	28.14
15.9993	3.17926	12.4674	0.0104432	0.0949377	0.000953777	0	28.17
15.9561	3.17068	12.4338	0.010415	0.0946817	0.000951205	0	28.2
15.9131	3.16213	12.4002	0.0103869	0.0944264	0.00094864	0	28.23
15.8702	3.15361	12.3668	0.0103589	0.0941718	0.000946082	0	28.26
15.8274	3.1451	12.3334	0.010331	0.0939178	0.000943531	0	28.29
15.7847	3.13662	12.3002	0.0103031	0.0936645	0.000940986	0	28.32
15.7421	3.12816	12.267	0.0102753	0.0934119	0.000938449	0	28.35
15.6997	3.11973	12.2339	0.0102476	0.09316	0.000935918	0	28.38
15.6573	3.11131	12.2009	0.01022	0.0929088	0.000933394	0	28.41
15.6151	3.10292	12.168	0.0101924	0.0926583	0.000930877	0	28.44
15.573	3.09456	12.1352	0.0101649	0.0924084	0.000928367	0	28.47
15.531	3.08621	12.1025	0.0101375	0.0921592	0.000925864	0	28.5
15.4891	3.07789	12.0699	0.0101102	0.0919107	0.000923367	0	28.53
15.4474	3.06959	12.0373	0.0100829	0.0916628	0.000920877	0	28.56
15.4057	3.06131	12.0049	0.0100557	0.0914156	0.000918394	0	28.59
15.3642	3.05306	11.9725	0.0100286	0.0911691	0.000915917	0	28.62
15.3227	3.04482	11.9402	0.0100016	0.0909232	0.000913447	0	28.65
15.2814	3.03661	11.908	0.00997458	0.090678	0.000910984	0	28.68
15.2402	3.02842	11.8759	0.00994769	0.0904335	0.000908527	0	28.71
15.1991	3.02026	11.8439	0.00992086	0.0901896	0.000906077	0	28.74
15.1581	3.01211	11.8119	0.00989411	0.0899464	0.000903634	0	28.77
15.1172	3.00399	11.7801	0.00986742	0.0897039	0.000901197	0	28.8
15.0765	2.99589	11.7483	0.00984081	0.0894619	0.000898767	0	28.83
15.0358	2.98781	11.7166	0.00981428	0.0892207	0.000896343	0	28.86
14.9953	2.97975	11.685	0.00978781	0.0889801	0.000893926	0	28.89
14.9548	2.97172	11.6535	0.00976141	0.0887401	0.000891515	0	28.92
14.9145	2.9637	11.6221	0.00973509	0.0885008	0.000889111	0	28.95
14.8743	2.95571	11.5907	0.00970884	0.0882622	0.000886713	0	28.98
14.8342	2.94774	11.5595	0.00968266	0.0880241	0.000884322	0	29.01
14.7941	2.93979	11.5283	0.00965654	0.0877868	0.000881937	0	29.04
14.7543	2.93186	11.4972	0.0096305	0.08755	0.000879559	0	29.07
14.7145	2.92396	11.4662	0.00960453	0.0873139	0.000877187	0	29.1
14.6748	2.91607	11.4353	0.00957863	0.0870785	0.000874822	0	29.13
14.6352	2.90821	11.4045	0.0095528	0.0868436	0.000872463	0	29.16
14.5957	2.90037	11.3737	0.00952704	0.0866095	0.00087011	0	29.19
14.5564	2.89254	11.343	0.00950135	0.0863759	0.000867763	0	29.22
14.5171	2.88474	11.3125	0.00947573	0.086143	0.000865423	0	29.25
14.478	2.87696	11.2819	0.00945017	0.0859107	0.000863089	0	29.28
14.4389	2.86921	11.2515	0.00942469	0.085679	0.000860762	0	29.31
14.4	2.86147	11.2212	0.00939927	0.0854479	0.000858441	0	29.34
14.3612	2.85375	11.1909	0.00937392	0.0852175	0.000856126	0	29.37
14.3224	2.84606	11.1607	0.00934865	0.0849877	0.000853817	0	29.4
14.2838	2.83838	11.1306	0.00932344	0.0847585	0.000851514	0	29.43
14.2453	2.83073	11.1006	0.00929829	0.0845299	0.000849218	0	29.46
14.2069	2.82309	11.0707	0.00927322	0.084302	0.000846928	0	29.49
14.1686	2.81548	11.0408	0.00924821	0.0840746	0.000844644	0	29.52
14.1304	2.80789	11.0111	0.00922327	0.0838479	0.000842366	0	29.55
14.0922	2.80032	10.9814	0.0091984	0.0836218	0.000840095	0	29.58
14.0542	2.79276	10.9518	0.00917359	0.0833963	0.000837829	0	29.61
14.0163	2.78523	10.9222	0.00914885	0.0831714	0.00083557	0	29.64
13.9785	2.77772	10.8928	0.00912418	0.0829471	0.000833316	0	29.67
13.9408	2.77023	10.8634	0.00909958	0.0827234	0.000831069	0	29.7
13.9033	2.76276	10.8341	0.00907504	0.0825003	0.000828828	0	29.73
13.8658	2.75531	10.8049	0.00905056	0.0822779	0.000826593	0	29.76
13.8284	2.74788	10.7757	0.00902616	0.082056	0.000824364	0	29.79
13.7911	2.74047	10.7467	0.00900182	0.0818347	0.000822141	0	29.82
13.7539	2.73308	10.7177	0.00897754	0.081614	0.000819924	0	29.85
13.7168	2.72571	10.6888	0.00895333	0.0813939	0.000817713	0	29.88
13.6798	2.71836	10.66	0.00892919	0.0811744	0.000815507	0	29.91
13.6429	2.71103	10.6312	0.00890511	0.0809555	0.000813308	0	29.94
13.6061	2.70372	10.6026	0.00888109	0.0807372	0.000811115	0	29.97
