S	I	R	e	d	dI	f	t
300	100	0	0.176	0.16	4	48	0
245.216	99.0278	51.7681	0.174245	0.158405	3.96111	39.2346	0.04
201.476	96.1973	94.4085	0.172516	0.156833	3.84789	32.2361	0.08
166.696	92.013	129.587	0.17085	0.155318	3.68052	26.6714	0.12
139.112	86.924	158.665	0.169268	0.15388	3.47696	22.258	0.16
117.273	81.3037	182.748	0.167783	0.15253	3.25215	18.7637	0.2
100.001	75.4448	202.737	0.1664	0.151273	3.01779	16.0001	0.24
86.3501	69.5658	219.363	0.165123	0.150112	2.78263	13.816	0.28
75.5678	63.8221	233.22	0.163949	0.149044	2.55288	12.0909	0.32
67.057	58.3181	244.794	0.162874	0.148068	2.33273	10.7291	0.36
60.3451	53.1196	254.479	0.161895	0.147178	2.12478	9.65521	0.4
55.0589	48.2629	262.6	0.161006	0.146369	1.93051	8.80942	0.44
50.9035	43.7632	269.421	0.160199	0.145635	1.75053	8.14456	0.48
47.6456	39.6212	275.161	0.159468	0.144971	1.58485	7.6233	0.52
45.1007	35.8275	279.999	0.158808	0.144371	1.4331	7.21611	0.56
43.122	32.3663	284.084	0.158212	0.143829	1.29465	6.89953	0.6
41.5934	29.2182	287.539	0.157674	0.14334	1.16873	6.65494	0.64
40.4221	26.3616	290.466	0.15719	0.1429	1.05446	6.46754	0.68
39.5343	23.7743	292.949	0.156753	0.142503	0.950973	6.32549	0.72
38.871	21.4343	295.059	0.15636	0.142146	0.857373	6.21936	0.76
38.3852	19.3203	296.855	0.156007	0.141824	0.772814	6.14163	0.8
38.0391	17.4122	298.386	0.155689	0.141535	0.696487	6.08626	0.84
37.8026	15.6909	299.694	0.155403	0.141275	0.627634	6.04842	0.88
37.6517	14.1389	300.813	0.155145	0.141041	0.565555	6.02427	0.92
37.5669	12.7401	301.771	0.154914	0.140831	0.509602	6.0107	0.96
37.5329	11.4796	302.593	0.154707	0.140642	0.459183	6.00526	1
37.5374	10.344	303.301	0.15452	0.140473	0.413759	6.00598	1.04
37.5706	9.32098	303.91	0.154353	0.140321	0.372839	6.0113	1.08
37.6248	8.39948	304.436	0.154202	0.140184	0.335979	6.01996	1.12
37.6937	7.56943	304.89	0.154068	0.140061	0.302777	6.031	1.16
37.7727	6.82174	305.284	0.153947	0.139951	0.272869	6.04363	1.2
37.8579	6.14822	305.626	0.153838	0.139853	0.245929	6.05726	1.24
37.9464	5.54149	305.924	0.153741	0.139765	0.22166	6.07142	1.28
38.0359	4.9949	306.184	0.153654	0.139686	0.199796	6.08575	1.32
38.1248	4.50245	306.411	0.153577	0.139615	0.180098	6.09997	1.36
38.2118	4.05876	306.609	0.153507	0.139552	0.16235	6.11389	1.4
38.296	3.65896	306.784	0.153445	0.139496	0.146359	6.12736	1.44
38.3767	3.2987	306.938	0.15339	0.139445	0.131948	6.14027	1.48
38.4535	2.97404	307.074	0.153341	0.139401	0.118962	6.15256	1.52
38.5262	2.68144	307.194	0.153297	0.139361	0.107258	6.16419	1.56
38.5946	2.41772	307.301	0.153258	0.139325	0.0967088	6.17514	1.6
38.6587	2.18001	307.396	0.153223	0.139294	0.0872005	6.18539	1.64
38.7186	1.96574	307.482	0.153193	0.139266	0.0786298	6.19497	1.68
38.7743	1.77259	307.558	0.153166	0.139242	0.0709036	6.20389	1.72
38.8261	1.59846	307.627	0.153142	0.13922	0.0639384	6.21217	1.76
38.874	1.44147	307.689	0.153122	0.139202	0.0576589	6.21984	1.8
38.9183	1.29993	307.745	0.153104	0.139185	0.0519974	6.22693	1.84
38.9592	1.17232	307.796	0.153088	0.139171	0.0468928	6.23347	1.88
38.9968	1.05726	307.842	0.153074	0.139159	0.0422902	6.2395	1.92
39.0315	0.953503	307.885	0.153063	0.139148	0.0381401	6.24504	1.96
39.0634	0.859946	307.924	0.153053	0.139139	0.0343978	6.25015	2
39.0927	0.775581	307.96	0.153045	0.139131	0.0310232	6.25483	2.04
39.1196	0.699502	307.994	0.153038	0.139125	0.0279801	6.25913	2.08
39.1443	0.630895	308.025	0.153032	0.13912	0.0252358	6.26308	2.12
39.1669	0.569023	308.054	0.153028	0.139116	0.0227609	6.2667	2.16
39.1876	0.513224	308.081	0.153024	0.139113	0.020529	6.27002	2.2
39.2066	0.462902	308.107	0.153022	0.139111	0.0185161	6.27306	2.24
39.2241	0.417517	308.131	0.15302	0.139109	0.0167007	6.27585	2.28
39.2401	0.376585	308.154	0.153019	0.139108	0.0150634	6.27841	2.32
39.2547	0.339669	308.176	0.153019	0.139108	0.0135868	6.28076	2.36
39.2682	0.306373	308.197	0.153019	0.139108	0.0122549	6.28291	2.4
39.2806	0.276343	308.216	0.15302	0.139109	0.0110537	6.28489	2.44
39.2919	0.249258	308.236	0.153022	0.139111	0.00997031	6.28671	2.48
39.3024	0.224828	308.254	0.153024	0.139112	0.00899313	6.28838	2.52
39.312	0.202794	308.272	0.153026	0.139115	0.00811176	6.28992	2.56
39.3208	0.18292	308.289	0.153029	0.139117	0.0073168	6.29133	2.6
39.329	0.164994	308.306	0.153032	0.13912	0.00659977	6.29264	2.64
39.3365	0.148826	308.322	0.153035	0.139123	0.00595303	6.29384	2.68
39.3435	0.134242	308.338	0.153039	0.139126	0.00536968	6.29496	2.72
39.35	0.121088	308.353	0.153043	0.13913	0.0048435	6.29599	2.76
39.356	0.109223	308.368	0.153047	0.139133	0.0043689	6.29695	2.8
39.3615	0.0985203	308.383	0.153051	0.139137	0.00394081	6.29784	2.84
39.3667	0.0888669	308.398	0.153055	0.139141	0.00355468	6.29867	2.88
39.3716	0.0801595	308.412	0.15306	0.139146	0.00320638	6.29945	2.92
39.3761	0.0723055	308.426	0.153065	0.13915	0.00289222	6.30017	2.96
39.3803	0.065221	308.44	0.15307	0.139154	0.00260884	6.30085	3
39.3843	0.0588308	308.454	0.153075	0.139159	0.00235323	6.30149	3.04
39.3881	0.0530667	308.468	0.15308	0.139164	0.00212267	6.30209	3.08
39.3916	0.0478675	308.481	0.153085	0.139168	0.0019147	6.30266	3.12
39.395	0.0431777	308.495	0.15309	0.139173	0.00172711	6.30319	3.16
39.3981	0.0389474	308.508	0.153096	0.139178	0.00155789	6.3037	3.2
39.4012	0.0351316	308.521	0.153101	0.139183	0.00140526	6.30419	3.24
39.4041	0.0316896	308.534	0.153107	0.139188	0.00126758	6.30465	3.28
39.4068	0.0285849	308.548	0.153112	0.139193	0.0011434	6.30509	3.32
39.4095	0.0257844	308.56	0.153118	0.139198	0.00103138	6.30551	3.36
39.412	0.0232583	308.573	0.153124	0.139203	0.000930331	6.30592	3.4
39.4144	0.0209796	308.586	0.15313	0.139209	0.000839186	6.30631	3.44
39.4168	0.0189243	308.599	0.153135	0.139214	0.00075697	6.30669	3.48
39.4191	0.0170702	308.612	0.153141	0.139219	0.00068281	6.30706	3.52
39.4213	0.0153979	308.625	0.153147	0.139225	0.000615915	6.30741	3.56
39.4235	0.0138894	308.637	0.153153	0.13923	0.000555574	6.30775	3.6
39.4256	0.0125286	308.65	0.153159	0.139235	0.000501145	6.30809	3.64
39.4276	0.0113012	308.663	0.153165	0.139241	0.000452048	6.30842	3.68
39.4296	0.010194	308.675	0.153171	0.139246	0.000407762	6.30874	3.72
39.4316	0.00919535	308.688	0.153177	0.139251	0.000367814	6.30905	3.76
39.4335	0.0082945	308.7	0.153183	0.139257	0.00033178	6.30936	3.8
39.4354	0.0074819	308.713	0.153188	0.139262	0.000299276	6.30966	3.84
39.4372	0.00674891	308.725	0.153194	0.139268	0.000269957	6.30996	3.88
39.4391	0.00608774	308.738	0.153201	0.139273	0.000243509	6.31025	3.92
39.4409	0.00549133	308.75	0.153207	0.139279	0.000219653	6.31054	3.96
39.4427	0.00495336	308.763	0.153213	0.139284	0.000198134	6.31083	4
39.4444	0.00446809	308.775	0.153219	0.13929	0.000178724	6.31111	4.04
39.4462	0.00403036	308.788	0.153225	0.139295	0.000161215	6.31139	4.08
39.4479	0.00363552	308.8	0.153231	0.139301	0.000145421	6.31166	4.12
39.4496	0.00327936	308.813	0.153237	0.139306	0.000131174	6.31194	4.16
39.4513	0.00295809	308.825	0.153243	0.139312	0.000118323	6.31221	4.2
39.453	0.00266829	308.837	0.153249	0.139317	0.000106732	6.31248	4.24
39.4547	0.00240689	308.85	0.153255	0.139323	9.62754e-05	6.31275	4.28
39.4564	0.00217109	308.862	0.153261	0.139328	8.68436e-05	6.31302	4.32
39.458	0.00195839	308.875	0.153267	0.139334	7.83358e-05	6.31328	4.36
39.4597	0.00176654	308.887	0.153273	0.139339	7.06614e-05	6.31355	4.4
39.4613	0.00159347	308.899	0.153279	0.139345	6.3739e-05	6.31381	4.44
39.463	0.00143737	308.912	0.153286	0.13935	5.74946e-05	6.31407	4.48
39.4646	0.00129655	308.924	0.153292	0.139356	5.18621e-05	6.31433	4.52
39.4662	0.00116953	308.937	0.153298	0.139362	4.67813e-05	6.31459	4.56
39.4678	0.00105496	308.949	0.153304	0.139367	4.21983e-05	6.31485	4.6
39.4695	0.000951606	308.961	0.15331	0.139373	3.80642e-05	6.31511	4.64
39.4711	0.00085838	308.974	0.153316	0.139378	3.43352e-05	6.31537	4.68
39.4727	0.000774287	308.986	0.153322	0.139384	3.09715e-05	6.31563	4.72
39.4743	0.000698433	308.998	0.153328	0.139389	2.79373e-05	6.31589	4.76
39.4759	0.000630009	309.011	0.153334	0.139395	2.52004e-05	6.31614	4.8
39.4775	0.000568289	309.023	0.153341	0.1394	2.27316e-05	6.3164	4.84
39.4791	0.000512616	309.036	0.153347	0.139406	2.05046e-05	6.31665	4.88
39.4807	0.000462396	309.048	0.153353	0.139412	1.84959e-05	6.31691	4.92
39.4823	0.000417097	309.06	0.153359	0.139417	1.66839e-05	6.31717	4.96
39.4839	0.000376235	309.073	0.153365	0.139423	1.50494e-05	6.31742	5
39.4855	0.000339377	309.085	0.153371	0.139428	1.35751e-05	6.31768	5.04
39.4871	0.000306129	309.097	0.153377	0.139434	1.22452e-05	6.31793	5.08
39.4887	0.000276138	309.11	0.153383	0.139439	1.10455e-05	6.31819	5.12
39.4902	0.000249086	309.122	0.15339	0.139445	9.96344e-06	6.31844	5.16
39.4918	0.000224684	309.134	0.153396	0.139451	8.98736e-06	6.31869	5.2
39.4934	0.000202672	309.147	0.153402	0.139456	8.10689e-06	6.31895	5.24
39.495	0.000182817	309.159	0.153408	0.139462	7.31269e-06	6.3192	5.28
39.4966	0.000164907	309.172	0.153414	0.139467	6.59629e-06	6.31946	5.32
39.4982	0.000148752	309.184	0.15342	0.139473	5.95007e-06	6.31971	5.36
39.4998	0.000134179	309.196	0.153426	0.139478	5.36716e-06	6.31996	5.4
39.5014	0.000121034	309.209	0.153432	0.139484	4.84136e-06	6.32022	5.44
39.5029	0.000109177	309.221	0.153439	0.13949	4.36706e-06	6.32047	5.48
39.5045	9.84809e-05	309.233	0.153445	0.139495	3.93924e-06	6.32072	5.52
39.5061	8.88331e-05	309.246	0.153451	0.139501	3.55332e-06	6.32098	5.56
39.5077	8.01304e-05	309.258	0.153457	0.139506	3.20521e-06	6.32123	5.6
39.5093	7.22803e-05	309.271	0.153463	0.139512	2.89121e-06	6.32148	5.64
39.5109	6.51992e-05	309.283	0.153469	0.139518	2.60797e-06	6.32174	5.68
39.5124	5.88118e-05	309.295	0.153475	0.139523	2.35247e-06	6.32199	5.72
39.514	5.30502e-05	309.308	0.153482	0.139529	2.12201e-06	6.32224	5.76
39.5156	4.78531e-05	309.32	0.153488	0.139534	1.91412e-06	6.3225	5.8
39.5172	4.31651e-05	309.332	0.153494	0.13954	1.7266e-06	6.32275	5.84
39.5188	3.89363e-05	309.345	0.1535	0.139545	1.55745e-06	6.323	5.88
39.5203	3.51219e-05	309.357	0.153506	0.139551	1.40487e-06	6.32326	5.92
39.5219	3.16811e-05	309.37	0.153512	0.139557	1.26724e-06	6.32351	5.96
39.5235	2.85774e-05	309.382	0.153518	0.139562	1.1431e-06	6.32376	6
39.5251	2.57778e-05	309.394	0.153525	0.139568	1.03111e-06	6.32402	6.04
39.5267	2.32524e-05	309.407	0.153531	0.139573	9.30096e-07	6.32427	6.08
39.5283	2.09744e-05	309.419	0.153537	0.139579	8.38977e-07	6.32452	6.12
39.5298	1.89196e-05	309.431	0.153543	0.139584	7.56785e-07	6.32477	6.16
39.5314	1.70661e-05	309.444	0.153549	0.13959	6.82645e-07	6.32503	6.2
39.533	1.53942e-05	309.456	0.153555	0.139596	6.15769e-07	6.32528	6.24
39.5346	1.38861e-05	309.469	0.153561	0.139601	5.55444e-07	6.32553	6.28
39.5362	1.25257e-05	309.481	0.153568	0.139607	5.01029e-07	6.32579	6.32
39.5377	1.12986e-05	309.493	0.153574	0.139612	4.51945e-07	6.32604	6.36
39.5393	1.01917e-05	309.506	0.15358	0.139618	4.07669e-07	6.32629	6.4
39.5409	9.19328e-06	309.518	0.153586	0.139624	3.67731e-07	6.32655	6.44
39.5425	8.29264e-06	309.53	0.153592	0.139629	3.31706e-07	6.3268	6.48
39.5441	7.48024e-06	309.543	0.153598	0.139635	2.9921e-07	6.32705	6.52
39.5457	6.74742e-06	309.555	0.153604	0.13964	2.69897e-07	6.3273	6.56
39.5472	6.0864e-06	309.568	0.153611	0.139646	2.43456e-07	6.32756	6.6
39.5488	5.49014e-06	309.58	0.153617	0.139652	2.19605e-07	6.32781	6.64
39.5504	4.95228e-06	309.592	0.153623	0.139657	1.98091e-07	6.32806	6.68
39.552	4.46713e-06	309.605	0.153629	0.139663	1.78685e-07	6.32832	6.72
39.5536	4.0295e-06	309.617	0.153635	0.139668	1.6118e-07	6.32857	6.76
39.5551	3.63474e-06	309.629	0.153641	0.139674	1.4539e-07	6.32882	6.8
39.5567	3.27865e-06	309.642	0.153647	0.139679	1.31146e-07	6.32908	6.84
39.5583	2.95746e-06	309.654	0.153654	0.139685	1.18298e-07	6.32933	6.88
39.5599	2.66772e-06	309.667	0.15366	0.139691	1.06709e-07	6.32958	6.92
39.5615	2.40638e-06	309.679	0.153666	0.139696	9.6255e-08	6.32984	6.96
39.5631	2.17063e-06	309.691	0.153672	0.139702	8.68252e-08	6.33009	7
39.5646	1.95798e-06	309.704	0.153678	0.139707	7.83192e-08	6.33034	7.04
39.5662	1.76616e-06	309.716	0.153684	0.139713	7.06465e-08	6.3306	7.08
39.5678	1.59314e-06	309.729	0.15369	0.139719	6.37255e-08	6.33085	7.12
39.5694	1.43706e-06	309.741	0.153697	0.139724	5.74825e-08	6.3311	7.16
39.571	1.29628e-06	309.753	0.153703	0.13973	5.18512e-08	6.33136	7.2
39.5726	1.16929e-06	309.766	0.153709	0.139735	4.67715e-08	6.33161	7.24
39.5741	1.05474e-06	309.778	0.153715	0.139741	4.21894e-08	6.33186	7.28
39.5757	9.51407e-07	309.79	0.153721	0.139746	3.80563e-08	6.33211	7.32
39.5773	8.582e-07	309.803	0.153727	0.139752	3.4328e-08	6.33237	7.36
39.5789	7.74125e-07	309.815	0.153733	0.139758	3.0965e-08	6.33262	7.4
39.5805	6.98287e-07	309.828	0.15374	0.139763	2.79315e-08	6.33287	7.44
39.5821	6.29878e-07	309.84	0.153746	0.139769	2.51951e-08	6.33313	7.48
39.5836	5.68171e-07	309.852	0.153752	0.139774	2.27268e-08	6.33338	7.52
39.5852	5.12509e-07	309.865	0.153758	0.13978	2.05004e-08	6.33363	7.56
39.5868	4.623e-07	309.877	0.153764	0.139786	1.8492e-08	6.33389	7.6
39.5884	4.1701e-07	309.89	0.15377	0.139791	1.66804e-08	6.33414	7.64
39.59	3.76157e-07	309.902	0.153776	0.139797	1.50463e-08	6.33439	7.68
39.5915	3.39306e-07	309.914	0.153783	0.139802	1.35722e-08	6.33465	7.72
39.5931	3.06065e-07	309.927	0.153789	0.139808	1.22426e-08	6.3349	7.76
39.5947	2.76081e-07	309.939	0.153795	0.139814	1.10432e-08	6.33515	7.8
39.5963	2.49034e-07	309.952	0.153801	0.139819	9.96137e-09	6.33541	7.84
39.5979	2.24637e-07	309.964	0.153807	0.139825	8.98549e-09	6.33566	7.88
39.5995	2.0263e-07	309.976	0.153813	0.13983	8.10521e-09	6.33591	7.92
39.6011	1.82779e-07	309.989	0.15382	0.139836	7.31117e-09	6.33617	7.96
39.6026	1.64873e-07	310.001	0.153826	0.139842	6.59492e-09	6.33642	8
39.6042	1.48721e-07	310.014	0.153832	0.139847	5.94883e-09	6.33667	8.04
39.6058	1.34151e-07	310.026	0.153838	0.139853	5.36605e-09	6.33693	8.08
39.6074	1.21009e-07	310.038	0.153844	0.139858	4.84035e-09	6.33718	8.12
39.609	1.09154e-07	310.051	0.15385	0.139864	4.36616e-09	6.33744	8.16
39.6106	9.84605e-08	310.063	0.153856	0.139869	3.93842e-09	6.33769	8.2
39.6121	8.88146e-08	310.076	0.153863	0.139875	3.55258e-09	6.33794	8.24
39.6137	8.01137e-08	310.088	0.153869	0.139881	3.20455e-09	6.3382	8.28
39.6153	7.22653e-08	310.1	0.153875	0.139886	2.89061e-09	6.33845	8.32
39.6169	6.51857e-08	310.113	0.153881	0.139892	2.60743e-09	6.3387	8.36
39.6185	5.87996e-08	310.125	0.153887	0.139897	2.35199e-09	6.33896	8.4
39.6201	5.30392e-08	310.138	0.153893	0.139903	2.12157e-09	6.33921	8.44
39.6216	4.78431e-08	310.15	0.1539	0.139909	1.91373e-09	6.33946	8.48
39.6232	4.31561e-08	310.162	0.153906	0.139914	1.72624e-09	6.33972	8.52
39.6248	3.89282e-08	310.175	0.153912	0.13992	1.55713e-09	6.33997	8.56
39.6264	3.51146e-08	310.187	0.153918	0.139925	1.40458e-09	6.34022	8.6
39.628	3.16745e-08	310.2	0.153924	0.139931	1.26698e-09	6.34048	8.64
39.6296	2.85715e-08	310.212	0.15393	0.139937	1.14286e-09	6.34073	8.68
39.6312	2.57724e-08	310.224	0.153936	0.139942	1.0309e-09	6.34098	8.72
39.6327	2.32476e-08	310.237	0.153943	0.139948	9.29903e-10	6.34124	8.76
39.6343	2.09701e-08	310.249	0.153949	0.139953	8.38803e-10	6.34149	8.8
39.6359	1.89157e-08	310.262	0.153955	0.139959	7.56628e-10	6.34175	8.84
39.6375	1.70626e-08	310.274	0.153961	0.139965	6.82504e-10	6.342	8.88
39.6391	1.5391e-08	310.286	0.153967	0.13997	6.15641e-10	6.34225	8.92
39.6407	1.38832e-08	310.299	0.153973	0.139976	5.55329e-10	6.34251	8.96
39.6422	1.25231e-08	310.311	0.15398	0.139981	5.00925e-10	6.34276	9
39.6438	1.12963e-08	310.324	0.153986	0.139987	4.51851e-10	6.34301	9.04
39.6454	1.01896e-08	310.336	0.153992	0.139993	4.07585e-10	6.34327	9.08
39.647	9.19137e-09	310.348	0.153998	0.139998	3.67655e-10	6.34352	9.12
39.6486	8.29092e-09	310.361	0.154004	0.140004	3.31637e-10	6.34377	9.16
39.6502	7.47869e-09	310.373	0.15401	0.140009	2.99147e-10	6.34403	9.2
39.6518	6.74602e-09	310.386	0.154016	0.140015	2.69841e-10	6.34428	9.24
39.6533	6.08514e-09	310.398	0.154023	0.140021	2.43406e-10	6.34454	9.28
39.6549	5.489e-09	310.411	0.154029	0.140026	2.1956e-10	6.34479	9.32
39.6565	4.95126e-09	310.423	0.154035	0.140032	1.9805e-10	6.34504	9.36
39.6581	4.4662e-09	310.435	0.154041	0.140037	1.78648e-10	6.3453	9.4
39.6597	4.02866e-09	310.448	0.154047	0.140043	1.61146e-10	6.34555	9.44
39.6613	3.63398e-09	310.46	0.154053	0.140049	1.45359e-10	6.3458	9.48
39.6629	3.27797e-09	310.473	0.15406	0.140054	1.31119e-10	6.34606	9.52
39.6645	2.95684e-09	310.485	0.154066	0.14006	1.18274e-10	6.34631	9.56
39.666	2.66717e-09	310.497	0.154072	0.140065	1.06687e-10	6.34657	9.6
39.6676	2.40588e-09	310.51	0.154078	0.140071	9.6235e-11	6.34682	9.64
39.6692	2.17018e-09	310.522	0.154084	0.140077	8.68072e-11	6.34707	9.68
39.6708	1.95757e-09	310.535	0.15409	0.140082	7.8303e-11	6.34733	9.72
39.6724	1.7658e-09	310.547	0.154097	0.140088	7.06319e-11	6.34758	9.76
39.674	1.59281e-09	310.56	0.154103	0.140093	6.37123e-11	6.34784	9.8
39.6756	1.43677e-09	310.572	0.154109	0.140099	5.74706e-11	6.34809	9.84
39.6771	1.29601e-09	310.584	0.154115	0.140105	5.18404e-11	6.34834	9.88
39.6787	1.16904e-09	310.597	0.154121	0.14011	4.67618e-11	6.3486	9.92
39.6803	1.05452e-09	310.609	0.154127	0.140116	4.21807e-11	6.34885	9.96
39.6819	9.51209e-10	310.622	0.154134	0.140121	3.80484e-11	6.3491	10
39.6835	8.58022e-10	310.634	0.15414	0.140127	3.43209e-11	6.34936	10.04
39.6851	7.73965e-10	310.647	0.154146	0.140133	3.09586e-11	6.34961	10.08
39.6867	6.98142e-10	310.659	0.154152	0.140138	2.79257e-11	6.34987	10.12
39.6883	6.29747e-10	310.671	0.154158	0.140144	2.51899e-11	6.35012	10.16
39.6898	5.68053e-10	310.684	0.154164	0.140149	2.27221e-11	6.35037	10.2
39.6914	5.12403e-10	310.696	0.154171	0.140155	2.04961e-11	6.35063	10.24
39.693	4.62204e-10	310.709	0.154177	0.140161	1.84882e-11	6.35088	10.28
39.6946	4.16923e-10	310.721	0.154183	0.140166	1.66769e-11	6.35114	10.32
39.6962	3.76079e-10	310.733	0.154189	0.140172	1.50432e-11	6.35139	10.36
39.6978	3.39236e-10	310.746	0.154195	0.140177	1.35694e-11	6.35164	10.4
39.6994	3.06002e-10	310.758	0.154201	0.140183	1.22401e-11	6.3519	10.44
39.701	2.76024e-10	310.771	0.154208	0.140189	1.1041e-11	6.35215	10.48
39.7025	2.48983e-10	310.783	0.154214	0.140194	9.9593e-12	6.35241	10.52
39.7041	2.24591e-10	310.796	0.15422	0.1402	8.98362e-12	6.35266	10.56
39.7057	2.02588e-10	310.808	0.154226	0.140206	8.10353e-12	6.35291	10.6
39.7073	1.82741e-10	310.82	0.154232	0.140211	7.30965e-12	6.35317	10.64
39.7089	1.64839e-10	310.833	0.154238	0.140217	6.59355e-12	6.35342	10.68
39.7105	1.4869e-10	310.845	0.154245	0.140222	5.9476e-12	6.35368	10.72
39.7121	1.34123e-10	310.858	0.154251	0.140228	5.36493e-12	6.35393	10.76
39.7137	1.20984e-10	310.87	0.154257	0.140234	4.83935e-12	6.35419	10.8
39.7152	1.09131e-10	310.883	0.154263	0.140239	4.36525e-12	6.35444	10.84
39.7168	9.84401e-11	310.895	0.154269	0.140245	3.9376e-12	6.35469	10.88
39.7184	8.87962e-11	310.908	0.154275	0.14025	3.55185e-12	6.35495	10.92
39.72	8.00971e-11	310.92	0.154282	0.140256	3.20388e-12	6.3552	10.96
39.7216	7.22503e-11	310.932	0.154288	0.140262	2.89001e-12	6.35546	11
39.7232	6.51721e-11	310.945	0.154294	0.140267	2.60689e-12	6.35571	11.04
39.7248	5.87874e-11	310.957	0.1543	0.140273	2.3515e-12	6.35596	11.08
39.7264	5.30282e-11	310.97	0.154306	0.140278	2.12113e-12	6.35622	11.12
39.728	4.78332e-11	310.982	0.154312	0.140284	1.91333e-12	6.35647	11.16
39.7295	4.31472e-11	310.995	0.154319	0.14029	1.72589e-12	6.35673	11.2
39.7311	3.89202e-11	311.007	0.154325	0.140295	1.55681e-12	6.35698	11.24
39.7327	3.51073e-11	311.019	0.154331	0.140301	1.40429e-12	6.35724	11.28
39.7343	3.16679e-11	311.032	0.154337	0.140306	1.26672e-12	6.35749	11.32
39.7359	2.85655e-11	311.044	0.154343	0.140312	1.14262e-12	6.35774	11.36
39.7375	2.57671e-11	311.057	0.154349	0.140318	1.03068e-12	6.358	11.4
39.7391	2.32427e-11	311.069	0.154356	0.140323	9.2971e-13	6.35825	11.44
39.7407	2.09657e-11	311.082	0.154362	0.140329	8.38629e-13	6.35851	11.48
39.7423	1.89118e-11	311.094	0.154368	0.140335	7.56471e-13	6.35876	11.52
39.7438	1.70591e-11	311.107	0.154374	0.14034	6.82362e-13	6.35902	11.56
39.7454	1.53878e-11	311.119	0.15438	0.140346	6.15513e-13	6.35927	11.6
39.747	1.38803e-11	311.131	0.154387	0.140351	5.55213e-13	6.35952	11.64
39.7486	1.25205e-11	311.144	0.154393	0.140357	5.00821e-13	6.35978	11.68
39.7502	1.12939e-11	311.156	0.154399	0.140363	4.51757e-13	6.36003	11.72
39.7518	1.01875e-11	311.169	0.154405	0.140368	4.075e-13	6.36029	11.76
39.7534	9.18946e-12	311.181	0.154411	0.140374	3.67579e-13	6.36054	11.8
39.755	8.2892e-12	311.194	0.154417	0.140379	3.31568e-13	6.3608	11.84
39.7566	7.47714e-12	311.206	0.154424	0.140385	2.99085e-13	6.36105	11.88
39.7582	6.74462e-12	311.219	0.15443	0.140391	2.69785e-13	6.3613	11.92
39.7597	6.08388e-12	311.231	0.154436	0.140396	2.43355e-13	6.36156	11.96
39.7613	5.48786e-12	311.243	0.154442	0.140402	2.19514e-13	6.36181	12
39.7629	4.95023e-12	311.256	0.154448	0.140408	1.98009e-13	6.36207	12.04
39.7645	4.46527e-12	311.268	0.154454	0.140413	1.78611e-13	6.36232	12.08
39.7661	4.02782e-12	311.281	0.154461	0.140419	1.61113e-13	6.36258	12.12
39.7677	3.63323e-12	311.293	0.154467	0.140424	1.45329e-13	6.36283	12.16
39.7693	3.27729e-12	311.306	0.154473	0.14043	1.31092e-13	6.36309	12.2
39.7709	2.95623e-12	311.318	0.154479	0.140436	1.18249e-13	6.36334	12.24
39.7725	2.66662e-12	311.331	0.154485	0.140441	1.06665e-13	6.36359	12.28
39.7741	2.40538e-12	311.343	0.154492	0.140447	9.62151e-14	6.36385	12.32
39.7756	2.16973e-12	311.355	0.154498	0.140452	8.67892e-14	6.3641	12.36
39.7772	1.95717e-12	311.368	0.154504	0.140458	7.82867e-14	6.36436	12.4
39.7788	1.76543e-12	311.38	0.15451	0.140464	7.06172e-14	6.36461	12.44
39.7804	1.59248e-12	311.393	0.154516	0.140469	6.36991e-14	6.36487	12.48
39.782	1.43647e-12	311.405	0.154522	0.140475	5.74587e-14	6.36512	12.52
39.7836	1.29574e-12	311.418	0.154529	0.140481	5.18297e-14	6.36538	12.56
39.7852	1.1688e-12	311.43	0.154535	0.140486	4.67521e-14	6.36563	12.6
39.7868	1.0543e-12	311.443	0.154541	0.140492	4.21719e-14	6.36589	12.64
39.7884	9.51012e-13	311.455	0.154547	0.140497	3.80405e-14	6.36614	12.68
39.79	8.57844e-13	311.468	0.154553	0.140503	3.43138e-14	6.36639	12.72
39.7916	7.73804e-13	311.48	0.154559	0.140509	3.09522e-14	6.36665	12.76
39.7931	6.97997e-13	311.492	0.154566	0.140514	2.79199e-14	6.3669	12.8
39.7947	6.29616e-13	311.505	0.154572	0.14052	2.51847e-14	6.36716	12.84
39.7963	5.67935e-13	311.517	0.154578	0.140525	2.27174e-14	6.36741	12.88
39.7979	5.12296e-13	311.53	0.154584	0.140531	2.04918e-14	6.36767	12.92
39.7995	4.62108e-13	311.542	0.15459	0.140537	1.84843e-14	6.36792	12.96
39.8011	4.16837e-13	311.555	0.154597	0.140542	1.66735e-14	6.36818	13
39.8027	3.76001e-13	311.567	0.154603	0.140548	1.504e-14	6.36843	13.04
39.8043	3.39165e-13	311.58	0.154609	0.140554	1.35666e-14	6.36869	13.08
39.8059	3.05938e-13	311.592	0.154615	0.140559	1.22375e-14	6.36894	13.12
39.8075	2.75967e-13	311.605	0.154621	0.140565	1.10387e-14	6.3692	13.16
39.8091	2.48931e-13	311.617	0.154627	0.14057	9.95724e-15	6.36945	13.2
39.8107	2.24544e-13	311.63	0.154634	0.140576	8.98176e-15	6.36971	13.24
39.8123	2.02546e-13	311.642	0.15464	0.140582	8.10185e-15	6.36996	13.28
39.8138	1.82703e-13	311.654	0.154646	0.140587	7.30813e-15	6.37021	13.32
39.8154	1.64804e-13	311.667	0.154652	0.140593	6.59218e-15	6.37047	13.36
39.817	1.48659e-13	311.679	0.154658	0.140599	5.94637e-15	6.37072	13.4
39.8186	1.34095e-13	311.692	0.154665	0.140604	5.36382e-15	6.37098	13.44
39.8202	1.20959e-13	311.704	0.154671	0.14061	4.83834e-15	6.37123	13.48
39.8218	1.09109e-13	311.717	0.154677	0.140615	4.36435e-15	6.37149	13.52
39.8234	9.84196e-14	311.729	0.154683	0.140621	3.93679e-15	6.37174	13.56
39.825	8.87778e-14	311.742	0.154689	0.140627	3.55111e-15	6.372	13.6
39.8266	8.00805e-14	311.754	0.154696	0.140632	3.20322e-15	6.37225	13.64
39.8282	7.22353e-14	311.767	0.154702	0.140638	2.88941e-15	6.37251	13.68
39.8298	6.51586e-14	311.779	0.154708	0.140644	2.60634e-15	6.37276	13.72
39.8314	5.87752e-14	311.792	0.154714	0.140649	2.35101e-15	6.37302	13.76
39.833	5.30172e-14	311.804	0.15472	0.140655	2.12069e-15	6.37327	13.8
39.8345	4.78233e-14	311.817	0.154726	0.14066	1.91293e-15	6.37353	13.84
39.8361	4.31382e-14	311.829	0.154733	0.140666	1.72553e-15	6.37378	13.88
39.8377	3.89121e-14	311.841	0.154739	0.140672	1.55648e-15	6.37404	13.92
39.8393	3.51e-14	311.854	0.154745	0.140677	1.404e-15	6.37429	13.96
39.8409	3.16614e-14	311.866	0.154751	0.140683	1.26645e-15	6.37455	14
39.8425	2.85596e-14	311.879	0.154757	0.140689	1.14238e-15	6.3748	14.04
39.8441	2.57617e-14	311.891	0.154764	0.140694	1.03047e-15	6.37506	14.08
39.8457	2.32379e-14	311.904	0.15477	0.1407	9.29517e-16	6.37531	14.12
39.8473	2.09614e-14	311.916	0.154776	0.140705	8.38455e-16	6.37557	14.16
39.8489	1.89079e-14	311.929	0.154782	0.140711	7.56314e-16	6.37582	14.2
39.8505	1.70555e-14	311.941	0.154788	0.140717	6.82221e-16	6.37608	14.24
39.8521	1.53846e-14	311.954	0.154795	0.140722	6.15386e-16	6.37633	14.28
39.8537	1.38775e-14	311.966	0.154801	0.140728	5.55098e-16	6.37659	14.32
39.8553	1.25179e-14	311.979	0.154807	0.140734	5.00717e-16	6.37684	14.36
39.8569	1.12916e-14	311.991	0.154813	0.140739	4.51663e-16	6.3771	14.4
39.8585	1.01854e-14	312.004	0.154819	0.140745	4.07415e-16	6.37735	14.44
39.86	9.18756e-15	312.016	0.154826	0.14075	3.67502e-16	6.37761	14.48
39.8616	8.28748e-15	312.029	0.154832	0.140756	3.31499e-16	6.37786	14.52
39.8632	7.47558e-15	312.041	0.154838	0.140762	2.99023e-16	6.37812	14.56
39.8648	6.74323e-15	312.054	0.154844	0.140767	2.69729e-16	6.37837	14.6
39.8664	6.08261e-15	312.066	0.15485	0.140773	2.43305e-16	6.37863	14.64
39.868	5.48672e-15	312.079	0.154856	0.140779	2.19469e-16	6.37888	14.68
39.8696	4.9492e-15	312.091	0.154863	0.140784	1.97968e-16	6.37914	14.72
39.8712	4.46435e-15	312.103	0.154869	0.14079	1.78574e-16	6.37939	14.76
39.8728	4.02699e-15	312.116	0.154875	0.140796	1.6108e-16	6.37965	14.8
39.8744	3.63248e-15	312.128	0.154881	0.140801	1.45299e-16	6.3799	14.84
39.876	3.27662e-15	312.141	0.154887	0.140807	1.31065e-16	6.38016	14.88
39.8776	2.95562e-15	312.153	0.154894	0.140812	1.18225e-16	6.38041	14.92
39.8792	2.66606e-15	312.166	0.1549	0.140818	1.06643e-16	6.38067	14.96
39.8808	2.40488e-15	312.178	0.154906	0.140824	9.61951e-17	6.38092	15
39.8824	2.16928e-15	312.191	0.154912	0.140829	8.67712e-17	6.38118	15.04
39.884	1.95676e-15	312.203	0.154918	0.140835	7.82705e-17	6.38143	15.08
39.8856	1.76506e-15	312.216	0.154925	0.140841	7.06026e-17	6.38169	15.12
39.8872	1.59215e-15	312.228	0.154931	0.140846	6.36859e-17	6.38194	15.16
39.8887	1.43617e-15	312.241	0.154937	0.140852	5.74468e-17	6.3822	15.2
39.8903	1.29547e-15	312.253	0.154943	0.140857	5.18189e-17	6.38246	15.24
39.8919	1.16856e-15	312.266	0.154949	0.140863	4.67424e-17	6.38271	15.28
39.8935	1.05408e-15	312.278	0.154956	0.140869	4.21632e-17	6.38297	15.32
39.8951	9.50815e-16	312.291	0.154962	0.140874	3.80326e-17	6.38322	15.36
39.8967	8.57666e-16	312.303	0.154968	0.14088	3.43067e-17	6.38348	15.4
39.8983	7.73644e-16	312.316	0.154974	0.140886	3.09457e-17	6.38373	15.44
39.8999	6.97852e-16	312.328	0.15498	0.140891	2.79141e-17	6.38399	15.48
39.9015	6.29486e-16	312.341	0.154987	0.140897	2.51794e-17	6.38424	15.52
39.9031	5.67817e-16	312.353	0.154993	0.140903	2.27127e-17	6.3845	15.56
39.9047	5.1219e-16	312.366	0.154999	0.140908	2.04876e-17	6.38475	15.6
39.9063	4.62012e-16	312.378	0.155005	0.140914	1.84805e-17	6.38501	15.64
39.9079	4.16751e-16	312.391	0.155011	0.140919	1.667e-17	6.38526	15.68
39.9095	3.75923e-16	312.403	0.155018	0.140925	1.50369e-17	6.38552	15.72
39.9111	3.39095e-16	312.416	0.155024	0.140931	1.35638e-17	6.38577	15.76
39.9127	3.05875e-16	312.428	0.15503	0.140936	1.2235e-17	6.38603	15.8
39.9143	2.75909e-16	312.441	0.155036	0.140942	1.10364e-17	6.38628	15.84
39.9159	2.48879e-16	312.453	0.155042	0.140948	9.95517e-18	6.38654	15.88
39.9175	2.24497e-16	312.466	0.155049	0.140953	8.9799e-18	6.3868	15.92
39.9191	2.02504e-16	312.478	0.155055	0.140959	8.10017e-18	6.38705	15.96
39.9207	1.82665e-16	312.491	0.155061	0.140965	7.30662e-18	6.38731	16
39.9223	1.6477e-16	312.503	0.155067	0.14097	6.59081e-18	6.38756	16.04
39.9239	1.48628e-16	312.516	0.155073	0.140976	5.94513e-18	6.38782	16.08
39.9255	1.34068e-16	312.528	0.15508	0.140981	5.36271e-18	6.38807	16.12
39.9271	1.20933e-16	312.541	0.155086	0.140987	4.83734e-18	6.38833	16.16
39.9287	1.09086e-16	312.553	0.155092	0.140993	4.36344e-18	6.38858	16.2
39.9302	9.83992e-17	312.566	0.155098	0.140998	3.93597e-18	6.38884	16.24
39.9318	8.87594e-17	312.578	0.155104	0.141004	3.55037e-18	6.3891	16.28
39.9334	8.00639e-17	312.591	0.155111	0.14101	3.20256e-18	6.38935	16.32
39.935	7.22203e-17	312.603	0.155117	0.141015	2.88881e-18	6.38961	16.36
39.9366	6.51451e-17	312.616	0.155123	0.141021	2.6058e-18	6.38986	16.4
39.9382	5.8763e-17	312.628	0.155129	0.141027	2.35052e-18	6.39012	16.44
39.9398	5.30062e-17	312.641	0.155135	0.141032	2.12025e-18	6.39037	16.48
39.9414	4.78134e-17	312.653	0.155142	0.141038	1.91253e-18	6.39063	16.52
39.943	4.31293e-17	312.666	0.155148	0.141043	1.72517e-18	6.39088	16.56
39.9446	3.8904e-17	312.678	0.155154	0.141049	1.55616e-18	6.39114	16.6
39.9462	3.50927e-17	312.691	0.15516	0.141055	1.40371e-18	6.3914	16.64
39.9478	3.16548e-17	312.703	0.155166	0.14106	1.26619e-18	6.39165	16.68
39.9494	2.85537e-17	312.716	0.155173	0.141066	1.14215e-18	6.39191	16.72
39.951	2.57564e-17	312.728	0.155179	0.141072	1.03025e-18	6.39216	16.76
39.9526	2.32331e-17	312.741	0.155185	0.141077	9.29324e-19	6.39242	16.8
39.9542	2.0957e-17	312.753	0.155191	0.141083	8.38281e-19	6.39267	16.84
39.9558	1.89039e-17	312.766	0.155197	0.141089	7.56157e-19	6.39293	16.88
39.9574	1.7052e-17	312.778	0.155204	0.141094	6.82079e-19	6.39318	16.92
39.959	1.53815e-17	312.791	0.15521	0.1411	6.15258e-19	6.39344	16.96
39.9606	1.38746e-17	312.803	0.155216	0.141106	5.54983e-19	6.3937	17
39.9622	1.25153e-17	312.816	0.155222	0.141111	5.00613e-19	6.39395	17.04
39.9638	1.12892e-17	312.828	0.155229	0.141117	4.5157e-19	6.39421	17.08
39.9654	1.01833e-17	312.841	0.155235	0.141122	4.07331e-19	6.39446	17.12
39.967	9.18565e-18	312.853	0.155241	0.141128	3.67426e-19	6.39472	17.16
39.9686	8.28576e-18	312.866	0.155247	0.141134	3.31431e-19	6.39497	17.2
39.9702	7.47403e-18	312.878	0.155253	0.141139	2.98961e-19	6.39523	17.24
39.9718	6.74183e-18	312.891	0.15526	0.141145	2.69673e-19	6.39549	17.28
39.9734	6.08135e-18	312.903	0.155266	0.141151	2.43254e-19	6.39574	17.32
39.975	5.48558e-18	312.916	0.155272	0.141156	2.19423e-19	6.396	17.36
39.9766	4.94818e-18	312.928	0.155278	0.141162	1.97927e-19	6.39625	17.4
39.9782	4.46342e-18	312.941	0.155284	0.141168	1.78537e-19	6.39651	17.44
39.9798	4.02615e-18	312.953	0.155291	0.141173	1.61046e-19	6.39677	17.48
39.9814	3.63172e-18	312.966	0.155297	0.141179	1.45269e-19	6.39702	17.52
39.983	3.27594e-18	312.978	0.155303	0.141185	1.31037e-19	6.39728	17.56
39.9846	2.955e-18	312.991	0.155309	0.14119	1.182e-19	6.39753	17.6
39.9862	2.66551e-18	313.003	0.155315	0.141196	1.0662e-19	6.39779	17.64
39.9878	2.40438e-18	313.016	0.155322	0.141202	9.61752e-20	6.39804	17.68
39.9894	2.16883e-18	313.029	0.155328	0.141207	8.67532e-20	6.3983	17.72
39.991	1.95636e-18	313.041	0.155334	0.141213	7.82543e-20	6.39856	17.76
39.9926	1.7647e-18	313.054	0.15534	0.141218	7.05879e-20	6.39881	17.8
39.9942	1.59182e-18	313.066	0.155347	0.141224	6.36727e-20	6.39907	17.84
39.9958	1.43587e-18	313.079	0.155353	0.14123	5.74349e-20	6.39932	17.88
39.9974	1.2952e-18	313.091	0.155359	0.141235	5.18082e-20	6.39958	17.92
39.999	1.16832e-18	313.104	0.155365	0.141241	4.67327e-20	6.39984	17.96
40.0006	1.05386e-18	313.116	0.155371	0.141247	4.21544e-20	6.40009	18
40.0022	9.50617e-19	313.129	0.155378	0.141252	3.80247e-20	6.40035	18.04
40.0038	8.57488e-19	313.141	0.155384	0.141258	3.42995e-20	6.4006	18.08
40.0054	7.73483e-19	313.154	0.15539	0.141264	3.09393e-20	6.40086	18.12
40.007	6.97707e-19	313.166	0.155396	0.141269	2.79083e-20	6.40112	18.16
40.0086	6.29355e-19	313.179	0.155402	0.141275	2.51742e-20	6.40137	18.2
40.0102	5.67699e-19	313.191	0.155409	0.141281	2.2708e-20	6.40163	18.24
40.0118	5.12084e-19	313.204	0.155415	0.141286	2.04833e-20	6.40188	18.28
40.0134	4.61917e-19	313.216	0.155421	0.141292	1.84767e-20	6.40214	18.32
40.015	4.16664e-19	313.229	0.155427	0.141298	1.66666e-20	6.4024	18.36
40.0166	3.75845e-19	313.241	0.155434	0.141303	1.50338e-20	6.40265	18.4
40.0182	3.39025e-19	313.254	0.15544	0.141309	1.3561e-20	6.40291	18.44
40.0198	3.05811e-19	313.266	0.155446	0.141314	1.22325e-20	6.40316	18.48
40.0214	2.75852e-19	313.279	0.155452	0.14132	1.10341e-20	6.40342	18.52
40.023	2.48828e-19	313.292	0.155458	0.141326	9.95311e-21	6.40368	18.56
40.0246	2.24451e-19	313.304	0.155465	0.141331	8.97803e-21	6.40393	18.6
40.0262	2.02462e-19	313.317	0.155471	0.141337	8.09849e-21	6.40419	18.64
40.0278	1.82628e-19	313.329	0.155477	0.141343	7.3051e-21	6.40444	18.68
40.0294	1.64736e-19	313.342	0.155483	0.141348	6.58945e-21	6.4047	18.72
40.031	1.48597e-19	313.354	0.155489	0.141354	5.9439e-21	6.40496	18.76
40.0326	1.3404e-19	313.367	0.155496	0.14136	5.36159e-21	6.40521	18.8
40.0342	1.20908e-19	313.379	0.155502	0.141365	4.83634e-21	6.40547	18.84
40.0358	1.09063e-19	313.392	0.155508	0.141371	4.36254e-21	6.40573	18.88
40.0374	9.83788e-20	313.404	0.155514	0.141377	3.93515e-21	6.40598	18.92
40.039	8.8741e-20	313.417	0.155521	0.141382	3.54964e-21	6.40624	18.96
40.0406	8.00473e-20	313.429	0.155527	0.141388	3.20189e-21	6.40649	19
40.0422	7.22053e-20	313.442	0.155533	0.141394	2.88821e-21	6.40675	19.04
40.0438	6.51316e-20	313.454	0.155539	0.141399	2.60526e-21	6.40701	19.08
40.0454	5.87509e-20	313.467	0.155545	0.141405	2.35003e-21	6.40726	19.12
40.047	5.29952e-20	313.48	0.155552	0.141411	2.11981e-21	6.40752	19.16
40.0486	4.78035e-20	313.492	0.155558	0.141416	1.91214e-21	6.40777	19.2
40.0502	4.31203e-20	313.505	0.155564	0.141422	1.72481e-21	6.40803	19.24
40.0518	3.88959e-20	313.517	0.15557	0.141428	1.55584e-21	6.40829	19.28
40.0534	3.50854e-20	313.53	0.155577	0.141433	1.40342e-21	6.40854	19.32
40.055	3.16482e-20	313.542	0.155583	0.141439	1.26593e-21	6.4088	19.36
40.0566	2.85478e-20	313.555	0.155589	0.141445	1.14191e-21	6.40906	19.4
40.0582	2.5751e-20	313.567	0.155595	0.14145	1.03004e-21	6.40931	19.44
40.0598	2.32283e-20	313.58	0.155601	0.141456	9.29131e-22	6.40957	19.48
40.0614	2.09527e-20	313.592	0.155608	0.141462	8.38107e-22	6.40983	19.52
40.063	1.89e-20	313.605	0.155614	0.141467	7.56001e-22	6.41008	19.56
40.0646	1.70484e-20	313.617	0.15562	0.141473	6.81938e-22	6.41034	19.6
40.0662	1.53783e-20	313.63	0.155626	0.141478	6.1513e-22	6.41059	19.64
40.0678	1.38717e-20	313.643	0.155633	0.141484	5.54868e-22	6.41085	19.68
40.0694	1.25127e-20	313.655	0.155639	0.14149	5.00509e-22	6.41111	19.72
40.071	1.12869e-20	313.668	0.155645	0.141495	4.51476e-22	6.41136	19.76
40.0726	1.01812e-20	313.68	0.155651	0.141501	4.07246e-22	6.41162	19.8
40.0742	9.18375e-21	313.693	0.155657	0.141507	3.6735e-22	6.41188	19.84
40.0758	8.28404e-21	313.705	0.155664	0.141512	3.31362e-22	6.41213	19.88
40.0774	7.47248e-21	313.718	0.15567	0.141518	2.98899e-22	6.41239	19.92
40.079	6.74043e-21	313.73	0.155676	0.141524	2.69617e-22	6.41265	19.96
40.0806	6.08009e-21	313.743	0.155682	0.141529	2.43204e-22	6.4129	20
40.0822	5.48444e-21	313.755	0.155689	0.141535	2.19378e-22	6.41316	20.04
40.0838	4.94715e-21	313.768	0.155695	0.141541	1.97886e-22	6.41342	20.08
40.0854	4.46249e-21	313.781	0.155701	0.141546	1.785e-22	6.41367	20.12
40.0871	4.02532e-21	313.793	0.155707	0.141552	1.61013e-22	6.41393	20.16
40.0887	3.63097e-21	313.806	0.155713	0.141558	1.45239e-22	6.41418	20.2
40.0903	3.27526e-21	313.818	0.15572	0.141563	1.3101e-22	6.41444	20.24
40.0919	2.95439e-21	313.831	0.155726	0.141569	1.18176e-22	6.4147	20.28
40.0935	2.66496e-21	313.843	0.155732	0.141575	1.06598e-22	6.41495	20.32
40.0951	2.40388e-21	313.856	0.155738	0.14158	9.61552e-23	6.41521	20.36
40.0967	2.16838e-21	313.868	0.155745	0.141586	8.67352e-23	6.41547	20.4
40.0983	1.95595e-21	313.881	0.155751	0.141592	7.8238e-23	6.41572	20.44
40.0999	1.76433e-21	313.893	0.155757	0.141597	7.05733e-23	6.41598	20.48
40.1015	1.59149e-21	313.906	0.155763	0.141603	6.36595e-23	6.41624	20.52
40.1031	1.43557e-21	313.919	0.15577	0.141609	5.7423e-23	6.41649	20.56
40.1047	1.29494e-21	313.931	0.155776	0.141614	5.17974e-23	6.41675	20.6
40.1063	1.16807e-21	313.944	0.155782	0.14162	4.6723e-23	6.41701	20.64
40.1079	1.05364e-21	313.956	0.155788	0.141626	4.21457e-23	6.41726	20.68
40.1095	9.5042e-22	313.969	0.155794	0.141631	3.80168e-23	6.41752	20.72
40.1111	8.57311e-22	313.981	0.155801	0.141637	3.42924e-23	6.41778	20.76
40.1127	7.73323e-22	313.994	0.155807	0.141643	3.09329e-23	6.41803	20.8
40.1143	6.97563e-22	314.006	0.155813	0.141648	2.79025e-23	6.41829	20.84
40.1159	6.29225e-22	314.019	0.155819	0.141654	2.5169e-23	6.41855	20.88
40.1175	5.67582e-22	314.032	0.155826	0.14166	2.27033e-23	6.4188	20.92
40.1191	5.11977e-22	314.044	0.155832	0.141665	2.04791e-23	6.41906	20.96
40.1207	4.61821e-22	314.057	0.155838	0.141671	1.84728e-23	6.41932	21
40.1223	4.16578e-22	314.069	0.155844	0.141677	1.66631e-23	6.41957	21.04
40.1239	3.75767e-22	314.082	0.155851	0.141682	1.50307e-23	6.41983	21.08
40.1255	3.38954e-22	314.094	0.155857	0.141688	1.35582e-23	6.42009	21.12
40.1272	3.05748e-22	314.107	0.155863	0.141694	1.22299e-23	6.42034	21.16
40.1288	2.75795e-22	314.12	0.155869	0.141699	1.10318e-23	6.4206	21.2
40.1304	2.48776e-22	314.132	0.155875	0.141705	9.95104e-24	6.42086	21.24
40.132	2.24404e-22	314.145	0.155882	0.141711	8.97617e-24	6.42111	21.28
40.1336	2.0242e-22	314.157	0.155888	0.141716	8.09681e-24	6.42137	21.32
40.1352	1.8259e-22	314.17	0.155894	0.141722	7.30359e-24	6.42163	21.36
40.1368	1.64702e-22	314.182	0.1559	0.141728	6.58808e-24	6.42188	21.4
40.1384	1.48567e-22	314.195	0.155907	0.141733	5.94267e-24	6.42214	21.44
40.14	1.34012e-22	314.207	0.155913	0.141739	5.36048e-24	6.4224	21.48
40.1416	1.20883e-22	314.22	0.155919	0.141745	4.83533e-24	6.42266	21.52
40.1432	1.09041e-22	314.233	0.155925	0.14175	4.36163e-24	6.42291	21.56
40.1448	9.83584e-23	314.245	0.155932	0.141756	3.93434e-24	6.42317	21.6
40.1464	8.87225e-23	314.258	0.155938	0.141762	3.5489e-24	6.42343	21.64
40.148	8.00307e-23	314.27	0.155944	0.141767	3.20123e-24	6.42368	21.68
40.1496	7.21903e-23	314.283	0.15595	0.141773	2.88761e-24	6.42394	21.72
40.1512	6.51181e-23	314.295	0.155957	0.141779	2.60472e-24	6.4242	21.76
40.1528	5.87387e-23	314.308	0.155963	0.141784	2.34955e-24	6.42445	21.8
40.1544	5.29842e-23	314.321	0.155969	0.14179	2.11937e-24	6.42471	21.84
40.156	4.77935e-23	314.333	0.155975	0.141796	1.91174e-24	6.42497	21.88
40.1577	4.31114e-23	314.346	0.155981	0.141801	1.72445e-24	6.42522	21.92
40.1593	3.88879e-23	314.358	0.155988	0.141807	1.55552e-24	6.42548	21.96
40.1609	3.50782e-23	314.371	0.155994	0.141813	1.40313e-24	6.42574	22
40.1625	3.16417e-23	314.383	0.156	0.141818	1.26567e-24	6.426	22.04
40.1641	2.85418e-23	314.396	0.156006	0.141824	1.14167e-24	6.42625	22.08
40.1657	2.57457e-23	314.409	0.156013	0.14183	1.02983e-24	6.42651	22.12
40.1673	2.32235e-23	314.421	0.156019	0.141835	9.28938e-25	6.42677	22.16
40.1689	2.09483e-23	314.434	0.156025	0.141841	8.37933e-25	6.42702	22.2
40.1705	1.88961e-23	314.446	0.156031	0.141847	7.55844e-25	6.42728	22.24
40.1721	1.70449e-23	314.459	0.156038	0.141852	6.81796e-25	6.42754	22.28
40.1737	1.53751e-23	314.471	0.156044	0.141858	6.15003e-25	6.42779	22.32
40.1753	1.38688e-23	314.484	0.15605	0.141864	5.54753e-25	6.42805	22.36
40.1769	1.25101e-23	314.497	0.156056	0.141869	5.00406e-25	6.42831	22.4
40.1785	1.12846e-23	314.509	0.156063	0.141875	4.51382e-25	6.42857	22.44
40.1801	1.0179e-23	314.522	0.156069	0.141881	4.07162e-25	6.42882	22.48
40.1818	9.18184e-24	314.534	0.156075	0.141886	3.67274e-25	6.42908	22.52
40.1834	8.28233e-24	314.547	0.156081	0.141892	3.31293e-25	6.42934	22.56
40.185	7.47093e-24	314.56	0.156088	0.141898	2.98837e-25	6.42959	22.6
40.1866	6.73903e-24	314.572	0.156094	0.141903	2.69561e-25	6.42985	22.64
40.1882	6.07883e-24	314.585	0.1561	0.141909	2.43153e-25	6.43011	22.68
40.1898	5.48331e-24	314.597	0.156106	0.141915	2.19332e-25	6.43037	22.72
40.1914	4.94612e-24	314.61	0.156113	0.14192	1.97845e-25	6.43062	22.76
40.193	4.46157e-24	314.622	0.156119	0.141926	1.78463e-25	6.43088	22.8
40.1946	4.02448e-24	314.635	0.156125	0.141932	1.60979e-25	6.43114	22.84
40.1962	3.63022e-24	314.648	0.156131	0.141938	1.45209e-25	6.43139	22.88
40.1978	3.27458e-24	314.66	0.156138	0.141943	1.30983e-25	6.43165	22.92
40.1994	2.95378e-24	314.673	0.156144	0.141949	1.18151e-25	6.43191	22.96
40.201	2.6644e-24	314.685	0.15615	0.141955	1.06576e-25	6.43217	23
40.2026	2.40338e-24	314.698	0.156156	0.14196	9.61353e-26	6.43242	23.04
40.2043	2.16793e-24	314.711	0.156163	0.141966	8.67172e-26	6.43268	23.08
40.2059	1.95554e-24	314.723	0.156169	0.141972	7.82218e-26	6.43294	23.12
40.2075	1.76397e-24	314.736	0.156175	0.141977	7.05587e-26	6.4332	23.16
40.2091	1.59116e-24	314.748	0.156181	0.141983	6.36463e-26	6.43345	23.2
40.2107	1.43528e-24	314.761	0.156187	0.141989	5.7411e-26	6.43371	23.24
40.2123	1.29467e-24	314.773	0.156194	0.141994	5.17867e-26	6.43397	23.28
40.2139	1.16783e-24	314.786	0.1562	0.142	4.67133e-26	6.43422	23.32
40.2155	1.05342e-24	314.799	0.156206	0.142006	4.21369e-26	6.43448	23.36
40.2171	9.50223e-25	314.811	0.156212	0.142011	3.80089e-26	6.43474	23.4
40.2187	8.57133e-25	314.824	0.156219	0.142017	3.42853e-26	6.435	23.44
40.2203	7.73162e-25	314.836	0.156225	0.142023	3.09265e-26	6.43525	23.48
40.2219	6.97418e-25	314.849	0.156231	0.142028	2.78967e-26	6.43551	23.52
40.2236	6.29094e-25	314.862	0.156237	0.142034	2.51638e-26	6.43577	23.56
40.2252	5.67464e-25	314.874	0.156244	0.14204	2.26986e-26	6.43603	23.6
40.2268	5.11871e-25	314.887	0.15625	0.142045	2.04749e-26	6.43628	23.64
40.2284	4.61725e-25	314.899	0.156256	0.142051	1.8469e-26	6.43654	23.68
40.23	4.16491e-25	314.912	0.156262	0.142057	1.66596e-26	6.4368	23.72
40.2316	3.75689e-25	314.925	0.156269	0.142062	1.50276e-26	6.43706	23.76
40.2332	3.38884e-25	314.937	0.156275	0.142068	1.35554e-26	6.43731	23.8
40.2348	3.05685e-25	314.95	0.156281	0.142074	1.22274e-26	6.43757	23.84
40.2364	2.75738e-25	314.962	0.156287	0.14208	1.10295e-26	6.43783	23.88
40.238	2.48724e-25	314.975	0.156294	0.142085	9.94898e-27	6.43809	23.92
40.2396	2.24358e-25	314.988	0.1563	0.142091	8.97431e-27	6.43834	23.96
40.2413	2.02378e-25	315	0.156306	0.142097	8.09513e-27	6.4386	24
40.2429	1.82552e-25	315.013	0.156312	0.142102	7.30207e-27	6.43886	24.04
40.2445	1.64668e-25	315.025	0.156319	0.142108	6.58671e-27	6.43912	24.08
40.2461	1.48536e-25	315.038	0.156325	0.142114	5.94143e-27	6.43937	24.12
40.2477	1.33984e-25	315.051	0.156331	0.142119	5.35937e-27	6.43963	24.16
40.2493	1.20858e-25	315.063	0.156337	0.142125	4.83433e-27	6.43989	24.2
40.2509	1.09018e-25	315.076	0.156344	0.142131	4.36073e-27	6.44015	24.24
40.2525	9.8338e-26	315.088	0.15635	0.142136	3.93352e-27	6.4404	24.28
40.2541	8.87041e-26	315.101	0.156356	0.142142	3.54817e-27	6.44066	24.32
40.2557	8.00141e-26	315.114	0.156362	0.142148	3.20056e-27	6.44092	24.36
40.2573	7.21754e-26	315.126	0.156369	0.142153	2.88701e-27	6.44118	24.4
40.259	6.51046e-26	315.139	0.156375	0.142159	2.60418e-27	6.44143	24.44
40.2606	5.87265e-26	315.151	0.156381	0.142165	2.34906e-27	6.44169	24.48
40.2622	5.29732e-26	315.164	0.156387	0.14217	2.11893e-27	6.44195	24.52
40.2638	4.77836e-26	315.177	0.156394	0.142176	1.91135e-27	6.44221	24.56
40.2654	4.31024e-26	315.189	0.1564	0.142182	1.7241e-27	6.44246	24.6
40.267	3.88798e-26	315.202	0.156406	0.142188	1.55519e-27	6.44272	24.64
40.2686	3.50709e-26	315.214	0.156413	0.142193	1.40284e-27	6.44298	24.68
40.2702	3.16351e-26	315.227	0.156419	0.142199	1.2654e-27	6.44324	24.72
40.2718	2.85359e-26	315.24	0.156425	0.142205	1.14144e-27	6.44349	24.76
40.2735	2.57403e-26	315.252	0.156431	0.14221	1.02961e-27	6.44375	24.8
40.2751	2.32186e-26	315.265	0.156438	0.142216	9.28746e-28	6.44401	24.84
40.2767	2.0944e-26	315.277	0.156444	0.142222	8.3776e-28	6.44427	24.88
40.2783	1.88922e-26	315.29	0.15645	0.142227	7.55687e-28	6.44453	24.92
40.2799	1.70414e-26	315.303	0.156456	0.142233	6.81655e-28	6.44478	24.96
40.2815	1.53719e-26	315.315	0.156463	0.142239	6.14875e-28	6.44504	25
40.2831	1.38659e-26	315.328	0.156469	0.142244	5.54638e-28	6.4453	25.04
40.2847	1.25075e-26	315.34	0.156475	0.14225	5.00302e-28	6.44556	25.08
40.2863	1.12822e-26	315.353	0.156481	0.142256	4.51289e-28	6.44581	25.12
40.288	1.01769e-26	315.366	0.156488	0.142261	4.07078e-28	6.44607	25.16
40.2896	9.17994e-27	315.378	0.156494	0.142267	3.67197e-28	6.44633	25.2
40.2912	8.28061e-27	315.391	0.1565	0.142273	3.31224e-28	6.44659	25.24
40.2928	7.46938e-27	315.404	0.156506	0.142279	2.98775e-28	6.44685	25.28
40.2944	6.73763e-27	315.416	0.156513	0.142284	2.69505e-28	6.4471	25.32
40.296	6.07757e-27	315.429	0.156519	0.14229	2.43103e-28	6.44736	25.36
40.2976	5.48217e-27	315.441	0.156525	0.142296	2.19287e-28	6.44762	25.4
40.2992	4.9451e-27	315.454	0.156531	0.142301	1.97804e-28	6.44788	25.44
40.3008	4.46064e-27	315.467	0.156538	0.142307	1.78426e-28	6.44813	25.48
40.3025	4.02365e-27	315.479	0.156544	0.142313	1.60946e-28	6.44839	25.52
40.3041	3.62946e-27	315.492	0.15655	0.142318	1.45179e-28	6.44865	25.56
40.3057	3.2739e-27	315.504	0.156556	0.142324	1.30956e-28	6.44891	25.6
40.3073	2.95316e-27	315.517	0.156563	0.14233	1.18127e-28	6.44917	25.64
40.3089	2.66385e-27	315.53	0.156569	0.142335	1.06554e-28	6.44942	25.68
40.3105	2.40288e-27	315.542	0.156575	0.142341	9.61153e-29	6.44968	25.72
40.3121	2.16748e-27	315.555	0.156582	0.142347	8.66992e-29	6.44994	25.76
40.3137	1.95514e-27	315.568	0.156588	0.142353	7.82056e-29	6.4502	25.8
40.3154	1.7636e-27	315.58	0.156594	0.142358	7.0544e-29	6.45046	25.84
40.317	1.59083e-27	315.593	0.1566	0.142364	6.36331e-29	6.45071	25.88
40.3186	1.43498e-27	315.605	0.156607	0.14237	5.73991e-29	6.45097	25.92
40.3202	1.2944e-27	315.618	0.156613	0.142375	5.17759e-29	6.45123	25.96
40.3218	1.16759e-27	315.631	0.156619	0.142381	4.67036e-29	6.45149	26
40.3234	1.05321e-27	315.643	0.156625	0.142387	4.21282e-29	6.45175	26.04
40.325	9.50026e-28	315.656	0.156632	0.142392	3.8001e-29	6.452	26.08
40.3266	8.56955e-28	315.669	0.156638	0.142398	3.42782e-29	6.45226	26.12
40.3283	7.73002e-28	315.681	0.156644	0.142404	3.09201e-29	6.45252	26.16
40.3299	6.97273e-28	315.694	0.15665	0.142409	2.78909e-29	6.45278	26.2
40.3315	6.28964e-28	315.706	0.156657	0.142415	2.51585e-29	6.45304	26.24
40.3331	5.67346e-28	315.719	0.156663	0.142421	2.26938e-29	6.45329	26.28
40.3347	5.11765e-28	315.732	0.156669	0.142427	2.04706e-29	6.45355	26.32
40.3363	4.61629e-28	315.744	0.156675	0.142432	1.84652e-29	6.45381	26.36
40.3379	4.16405e-28	315.757	0.156682	0.142438	1.66562e-29	6.45407	26.4
40.3395	3.75611e-28	315.77	0.156688	0.142444	1.50244e-29	6.45433	26.44
40.3412	3.38814e-28	315.782	0.156694	0.142449	1.35525e-29	6.45459	26.48
40.3428	3.05621e-28	315.795	0.156701	0.142455	1.22248e-29	6.45484	26.52
40.3444	2.7568e-28	315.807	0.156707	0.142461	1.10272e-29	6.4551	26.56
40.346	2.48673e-28	315.82	0.156713	0.142466	9.94692e-30	6.45536	26.6
40.3476	2.24311e-28	315.833	0.156719	0.142472	8.97245e-30	6.45562	26.64
40.3492	2.02336e-28	315.845	0.156726	0.142478	8.09345e-30	6.45588	26.68
40.3508	1.82514e-28	315.858	0.156732	0.142484	7.30056e-30	6.45613	26.72
40.3525	1.64634e-28	315.871	0.156738	0.142489	6.58535e-30	6.45639	26.76
40.3541	1.48505e-28	315.883	0.156744	0.142495	5.9402e-30	6.45665	26.8
40.3557	1.33956e-28	315.896	0.156751	0.142501	5.35826e-30	6.45691	26.84
40.3573	1.20833e-28	315.908	0.156757	0.142506	4.83333e-30	6.45717	26.88
40.3589	1.08996e-28	315.921	0.156763	0.142512	4.35982e-30	6.45743	26.92
40.3605	9.83176e-29	315.934	0.156769	0.142518	3.9327e-30	6.45768	26.96
40.3621	8.86857e-29	315.946	0.156776	0.142523	3.54743e-30	6.45794	27
40.3637	7.99975e-29	315.959	0.156782	0.142529	3.1999e-30	6.4582	27.04
40.3654	7.21604e-29	315.972	0.156788	0.142535	2.88642e-30	6.45846	27.08
40.367	6.50911e-29	315.984	0.156795	0.142541	2.60364e-30	6.45872	27.12
40.3686	5.87143e-29	315.997	0.156801	0.142546	2.34857e-30	6.45897	27.16
40.3702	5.29623e-29	316.01	0.156807	0.142552	2.11849e-30	6.45923	27.2
40.3718	4.77737e-29	316.022	0.156813	0.142558	1.91095e-30	6.45949	27.24
40.3734	4.30935e-29	316.035	0.15682	0.142563	1.72374e-30	6.45975	27.28
40.3751	3.88717e-29	316.047	0.156826	0.142569	1.55487e-30	6.46001	27.32
40.3767	3.50636e-29	316.06	0.156832	0.142575	1.40254e-30	6.46027	27.36
40.3783	3.16285e-29	316.073	0.156838	0.14258	1.26514e-30	6.46052	27.4
40.3799	2.853e-29	316.085	0.156845	0.142586	1.1412e-30	6.46078	27.44
40.3815	2.5735e-29	316.098	0.156851	0.142592	1.0294e-30	6.46104	27.48
40.3831	2.32138e-29	316.111	0.156857	0.142598	9.28553e-31	6.4613	27.52
40.3847	2.09396e-29	316.123	0.156864	0.142603	8.37586e-31	6.46156	27.56
40.3864	1.88883e-29	316.136	0.15687	0.142609	7.5553e-31	6.46182	27.6
40.388	1.70378e-29	316.149	0.156876	0.142615	6.81513e-31	6.46208	27.64
40.3896	1.53687e-29	316.161	0.156882	0.14262	6.14748e-31	6.46233	27.68
40.3912	1.38631e-29	316.174	0.156889	0.142626	5.54523e-31	6.46259	27.72
40.3928	1.2505e-29	316.187	0.156895	0.142632	5.00198e-31	6.46285	27.76
40.3944	1.12799e-29	316.199	0.156901	0.142637	4.51195e-31	6.46311	27.8
40.396	1.01748e-29	316.212	0.156907	0.142643	4.06993e-31	6.46337	27.84
40.3977	9.17803e-30	316.224	0.156914	0.142649	3.67121e-31	6.46363	27.88
40.3993	8.27889e-30	316.237	0.15692	0.142655	3.31156e-31	6.46388	27.92
40.4009	7.46783e-30	316.25	0.156926	0.14266	2.98713e-31	6.46414	27.96
40.4025	6.73623e-30	316.262	0.156933	0.142666	2.69449e-31	6.4644	28
40.4041	6.07631e-30	316.275	0.156939	0.142672	2.43052e-31	6.46466	28.04
40.4057	5.48103e-30	316.288	0.156945	0.142677	2.19241e-31	6.46492	28.08
40.4074	4.94407e-30	316.3	0.156951	0.142683	1.97763e-31	6.46518	28.12
40.409	4.45972e-30	316.313	0.156958	0.142689	1.78389e-31	6.46544	28.16
40.4106	4.02281e-30	316.326	0.156964	0.142695	1.60913e-31	6.46569	28.2
40.4122	3.62871e-30	316.338	0.15697	0.1427	1.45148e-31	6.46595	28.24
40.4138	3.27322e-30	316.351	0.156977	0.142706	1.30929e-31	6.46621	28.28
40.4154	2.95255e-30	316.364	0.156983	0.142712	1.18102e-31	6.46647	28.32
40.4171	2.6633e-30	316.376	0.156989	0.142717	1.06532e-31	6.46673	28.36
40.4187	2.40238e-30	316.389	0.156995	0.142723	9.60954e-32	6.46699	28.4
40.4203	2.16703e-30	316.402	0.157002	0.142729	8.66812e-32	6.46725	28.44
40.4219	1.95473e-30	316.414	0.157008	0.142734	7.81894e-32	6.4675	28.48
40.4235	1.76323e-30	316.427	0.157014	0.14274	7.05294e-32	6.46776	28.52
40.4251	1.5905e-30	316.44	0.15702	0.142746	6.36199e-32	6.46802	28.56
40.4268	1.43468e-30	316.452	0.157027	0.142752	5.73872e-32	6.46828	28.6
40.4284	1.29413e-30	316.465	0.157033	0.142757	5.17652e-32	6.46854	28.64
40.43	1.16735e-30	316.478	0.157039	0.142763	4.66939e-32	6.4688	28.68
40.4316	1.05299e-30	316.49	0.157046	0.142769	4.21195e-32	6.46906	28.72
40.4332	9.49829e-31	316.503	0.157052	0.142774	3.79932e-32	6.46932	28.76
40.4348	8.56777e-31	316.515	0.157058	0.14278	3.42711e-32	6.46957	28.8
40.4365	7.72842e-31	316.528	0.157064	0.142786	3.09137e-32	6.46983	28.84
40.4381	6.97129e-31	316.541	0.157071	0.142792	2.78851e-32	6.47009	28.88
40.4397	6.28833e-31	316.553	0.157077	0.142797	2.51533e-32	6.47035	28.92
40.4413	5.67229e-31	316.566	0.157083	0.142803	2.26891e-32	6.47061	28.96
40.4429	5.11659e-31	316.579	0.15709	0.142809	2.04664e-32	6.47087	29
40.4445	4.61533e-31	316.591	0.157096	0.142814	1.84613e-32	6.47113	29.04
40.4462	4.16318e-31	316.604	0.157102	0.14282	1.66527e-32	6.47139	29.08
40.4478	3.75533e-31	316.617	0.157108	0.142826	1.50213e-32	6.47164	29.12
40.4494	3.38743e-31	316.629	0.157115	0.142832	1.35497e-32	6.4719	29.16
40.451	3.05558e-31	316.642	0.157121	0.142837	1.22223e-32	6.47216	29.2
40.4526	2.75623e-31	316.655	0.157127	0.142843	1.10249e-32	6.47242	29.24
40.4542	2.48621e-31	316.667	0.157134	0.142849	9.94485e-33	6.47268	29.28
40.4559	2.24265e-31	316.68	0.15714	0.142854	8.97059e-33	6.47294	29.32
40.4575	2.02294e-31	316.693	0.157146	0.14286	8.09177e-33	6.4732	29.36
40.4591	1.82476e-31	316.705	0.157152	0.142866	7.29904e-33	6.47346	29.4
40.4607	1.64599e-31	316.718	0.157159	0.142872	6.58398e-33	6.47372	29.44
40.4623	1.48474e-31	316.731	0.157165	0.142877	5.93897e-33	6.47397	29.48
40.464	1.33929e-31	316.743	0.157171	0.142883	5.35715e-33	6.47423	29.52
40.4656	1.20808e-31	316.756	0.157178	0.142889	4.83232e-33	6.47449	29.56
40.4672	1.08973e-31	316.769	0.157184	0.142894	4.35892e-33	6.47475	29.6
40.4688	9.82972e-32	316.781	0.15719	0.1429	3.93189e-33	6.47501	29.64
40.4704	8.86673e-32	316.794	0.157196	0.142906	3.54669e-33	6.47527	29.68
40.472	7.99809e-32	316.807	0.157203	0.142912	3.19924e-33	6.47553	29.72
40.4737	7.21454e-32	316.819	0.157209	0.142917	2.88582e-33	6.47579	29.76
40.4753	6.50776e-32	316.832	0.157215	0.142923	2.6031e-33	6.47605	29.8
40.4769	5.87021e-32	316.845	0.157222	0.142929	2.34809e-33	6.4763	29.84
40.4785	5.29513e-32	316.857	0.157228	0.142934	2.11805e-33	6.47656	29.88
40.4801	4.77638e-32	316.87	0.157234	0.14294	1.91055e-33	6.47682	29.92
40.4818	4.30845e-32	316.883	0.15724	0.142946	1.72338e-33	6.47708	29.96
40.4834	3.88637e-32	316.895	0.157247	0.142952	1.55455e-33	6.47734	30
40.485	3.50563e-32	316.908	0.157253	0.142957	1.40225e-33	6.4776	30.04
40.4866	3.1622e-32	316.921	0.157259	0.142963	1.26488e-33	6.47786	30.08
40.4882	2.85241e-32	316.933	0.157266	0.142969	1.14096e-33	6.47812	30.12
40.4899	2.57297e-32	316.946	0.157272	0.142974	1.02919e-33	6.47838	30.16
40.4915	2.3209e-32	316.959	0.157278	0.14298	9.2836e-34	6.47864	30.2
40.4931	2.09353e-32	316.972	0.157284	0.142986	8.37412e-34	6.4789	30.24
40.4947	1.88843e-32	316.984	0.157291	0.142992	7.55373e-34	6.47915	30.28
40.4963	1.70343e-32	316.997	0.157297	0.142997	6.81372e-34	6.47941	30.32
40.498	1.53655e-32	317.01	0.157303	0.143003	6.1462e-34	6.47967	30.36
40.4996	1.38602e-32	317.022	0.15731	0.143009	5.54408e-34	6.47993	30.4
40.5012	1.25024e-32	317.035	0.157316	0.143014	5.00094e-34	6.48019	30.44
40.5028	1.12775e-32	317.048	0.157322	0.14302	4.51102e-34	6.48045	30.48
40.5044	1.01727e-32	317.06	0.157328	0.143026	4.06909e-34	6.48071	30.52
40.5061	9.17613e-33	317.073	0.157335	0.143032	3.67045e-34	6.48097	30.56
40.5077	8.27717e-33	317.086	0.157341	0.143037	3.31087e-34	6.48123	30.6
40.5093	7.46628e-33	317.098	0.157347	0.143043	2.98651e-34	6.48149	30.64
40.5109	6.73484e-33	317.111	0.157354	0.143049	2.69393e-34	6.48175	30.68
40.5125	6.07505e-33	317.124	0.15736	0.143054	2.43002e-34	6.48201	30.72
40.5142	5.47989e-33	317.136	0.157366	0.14306	2.19196e-34	6.48226	30.76
40.5158	4.94305e-33	317.149	0.157373	0.143066	1.97722e-34	6.48252	30.8
40.5174	4.45879e-33	317.162	0.157379	0.143072	1.78352e-34	6.48278	30.84
40.519	4.02198e-33	317.174	0.157385	0.143077	1.60879e-34	6.48304	30.88
40.5206	3.62796e-33	317.187	0.157391	0.143083	1.45118e-34	6.4833	30.92
40.5223	3.27254e-33	317.2	0.157398	0.143089	1.30902e-34	6.48356	30.96
40.5239	2.95194e-33	317.212	0.157404	0.143095	1.18078e-34	6.48382	31
40.5255	2.66275e-33	317.225	0.15741	0.1431	1.0651e-34	6.48408	31.04
40.5271	2.40189e-33	317.238	0.157417	0.143106	9.60755e-35	6.48434	31.08
40.5287	2.16658e-33	317.251	0.157423	0.143112	8.66633e-35	6.4846	31.12
40.5304	1.95433e-33	317.263	0.157429	0.143117	7.81731e-35	6.48486	31.16
40.532	1.76287e-33	317.276	0.157435	0.143123	7.05148e-35	6.48512	31.2
40.5336	1.59017e-33	317.289	0.157442	0.143129	6.36067e-35	6.48538	31.24
40.5352	1.43438e-33	317.301	0.157448	0.143135	5.73753e-35	6.48564	31.28
40.5368	1.29386e-33	317.314	0.157454	0.14314	5.17544e-35	6.4859	31.32
40.5385	1.16711e-33	317.327	0.157461	0.143146	4.66842e-35	6.48615	31.36
40.5401	1.05277e-33	317.339	0.157467	0.143152	4.21107e-35	6.48641	31.4
40.5417	9.49632e-34	317.352	0.157473	0.143157	3.79853e-35	6.48667	31.44
40.5433	8.56599e-34	317.365	0.15748	0.143163	3.4264e-35	6.48693	31.48
40.545	7.72681e-34	317.377	0.157486	0.143169	3.09072e-35	6.48719	31.52
40.5466	6.96984e-34	317.39	0.157492	0.143175	2.78794e-35	6.48745	31.56
40.5482	6.28703e-34	317.403	0.157498	0.14318	2.51481e-35	6.48771	31.6
40.5498	5.67111e-34	317.416	0.157505	0.143186	2.26844e-35	6.48797	31.64
40.5514	5.11553e-34	317.428	0.157511	0.143192	2.04621e-35	6.48823	31.68
40.5531	4.61438e-34	317.441	0.157517	0.143198	1.84575e-35	6.48849	31.72
40.5547	4.16232e-34	317.454	0.157524	0.143203	1.66493e-35	6.48875	31.76
40.5563	3.75455e-34	317.466	0.15753	0.143209	1.50182e-35	6.48901	31.8
40.5579	3.38673e-34	317.479	0.157536	0.143215	1.35469e-35	6.48927	31.84
40.5595	3.05494e-34	317.492	0.157543	0.14322	1.22198e-35	6.48953	31.88
40.5612	2.75566e-34	317.504	0.157549	0.143226	1.10226e-35	6.48979	31.92
40.5628	2.4857e-34	317.517	0.157555	0.143232	9.94279e-36	6.49005	31.96
40.5644	2.24218e-34	317.53	0.157561	0.143238	8.96873e-36	6.49031	32
40.566	2.02252e-34	317.542	0.157568	0.143243	8.09009e-36	6.49057	32.04
40.5677	1.82438e-34	317.555	0.157574	0.143249	7.29753e-36	6.49083	32.08
40.5693	1.64565e-34	317.568	0.15758	0.143255	6.58261e-36	6.49108	32.12
40.5709	1.48443e-34	317.581	0.157587	0.143261	5.93774e-36	6.49134	32.16
40.5725	1.33901e-34	317.593	0.157593	0.143266	5.35604e-36	6.4916	32.2
40.5741	1.20783e-34	317.606	0.157599	0.143272	4.83132e-36	6.49186	32.24
40.5758	1.0895e-34	317.619	0.157606	0.143278	4.35801e-36	6.49212	32.28
40.5774	9.82768e-35	317.631	0.157612	0.143284	3.93107e-36	6.49238	32.32
40.579	8.86489e-35	317.644	0.157618	0.143289	3.54596e-36	6.49264	32.36
40.5806	7.99643e-35	317.657	0.157624	0.143295	3.19857e-36	6.4929	32.4
40.5823	7.21305e-35	317.669	0.157631	0.143301	2.88522e-36	6.49316	32.44
40.5839	6.50641e-35	317.682	0.157637	0.143306	2.60256e-36	6.49342	32.48
40.5855	5.86899e-35	317.695	0.157643	0.143312	2.3476e-36	6.49368	32.52
40.5871	5.29403e-35	317.708	0.15765	0.143318	2.11761e-36	6.49394	32.56
40.5888	4.77539e-35	317.72	0.157656	0.143324	1.91016e-36	6.4942	32.6
40.5904	4.30756e-35	317.733	0.157662	0.143329	1.72302e-36	6.49446	32.64
40.592	3.88556e-35	317.746	0.157669	0.143335	1.55422e-36	6.49472	32.68
40.5936	3.50491e-35	317.758	0.157675	0.143341	1.40196e-36	6.49498	32.72
40.5952	3.16154e-35	317.771	0.157681	0.143347	1.26462e-36	6.49524	32.76
40.5969	2.85182e-35	317.784	0.157688	0.143352	1.14073e-36	6.4955	32.8
40.5985	2.57243e-35	317.797	0.157694	0.143358	1.02897e-36	6.49576	32.84
40.6001	2.32042e-35	317.809	0.1577	0.143364	9.28168e-37	6.49602	32.88
40.6017	2.0931e-35	317.822	0.157706	0.143369	8.37238e-37	6.49628	32.92
40.6034	1.88804e-35	317.835	0.157713	0.143375	7.55217e-37	6.49654	32.96
40.605	1.70308e-35	317.847	0.157719	0.143381	6.81231e-37	6.4968	33
40.6066	1.53623e-35	317.86	0.157725	0.143387	6.14493e-37	6.49706	33.04
40.6082	1.38573e-35	317.873	0.157732	0.143392	5.54293e-37	6.49732	33.08
40.6099	1.24998e-35	317.886	0.157738	0.143398	4.99991e-37	6.49758	33.12
40.6115	1.12752e-35	317.898	0.157744	0.143404	4.51008e-37	6.49784	33.16
40.6131	1.01706e-35	317.911	0.157751	0.14341	4.06824e-37	6.4981	33.2
40.6147	9.17422e-36	317.924	0.157757	0.143415	3.66969e-37	6.49836	33.24
40.6164	8.27546e-36	317.936	0.157763	0.143421	3.31018e-37	6.49862	33.28
40.618	7.46474e-36	317.949	0.15777	0.143427	2.98589e-37	6.49888	33.32
40.6196	6.73344e-36	317.962	0.157776	0.143433	2.69338e-37	6.49914	33.36
40.6212	6.07379e-36	317.975	0.157782	0.143438	2.42951e-37	6.4994	33.4
40.6229	5.47876e-36	317.987	0.157788	0.143444	2.1915e-37	6.49966	33.44
40.6245	4.94202e-36	318	0.157795	0.14345	1.97681e-37	6.49992	33.48
40.6261	4.45787e-36	318.013	0.157801	0.143456	1.78315e-37	6.50018	33.52
40.6277	4.02114e-36	318.025	0.157807	0.143461	1.60846e-37	6.50044	33.56
40.6294	3.62721e-36	318.038	0.157814	0.143467	1.45088e-37	6.5007	33.6
40.631	3.27186e-36	318.051	0.15782	0.143473	1.30874e-37	6.50096	33.64
40.6326	2.95133e-36	318.064	0.157826	0.143478	1.18053e-37	6.50122	33.68
40.6342	2.66219e-36	318.076	0.157833	0.143484	1.06488e-37	6.50148	33.72
40.6359	2.40139e-36	318.089	0.157839	0.14349	9.60555e-38	6.50174	33.76
40.6375	2.16613e-36	318.102	0.157845	0.143496	8.66453e-38	6.502	33.8
40.6391	1.95392e-36	318.114	0.157852	0.143501	7.81569e-38	6.50226	33.84
40.6407	1.7625e-36	318.127	0.157858	0.143507	7.05001e-38	6.50252	33.88
40.6424	1.58984e-36	318.14	0.157864	0.143513	6.35935e-38	6.50278	33.92
40.644	1.43409e-36	318.153	0.157871	0.143519	5.73634e-38	6.50304	33.96
40.6456	1.29359e-36	318.165	0.157877	0.143524	5.17437e-38	6.5033	34
40.6472	1.16686e-36	318.178	0.157883	0.14353	4.66745e-38	6.50356	34.04
40.6489	1.05255e-36	318.191	0.157889	0.143536	4.2102e-38	6.50382	34.08
40.6505	9.49435e-37	318.204	0.157896	0.143542	3.79774e-38	6.50408	34.12
40.6521	8.56422e-37	318.216	0.157902	0.143547	3.42569e-38	6.50434	34.16
40.6537	7.72521e-37	318.229	0.157908	0.143553	3.09008e-38	6.5046	34.2
40.6554	6.9684e-37	318.242	0.157915	0.143559	2.78736e-38	6.50486	34.24
40.657	6.28572e-37	318.254	0.157921	0.143565	2.51429e-38	6.50512	34.28
40.6586	5.66993e-37	318.267	0.157927	0.14357	2.26797e-38	6.50538	34.32
40.6602	5.11447e-37	318.28	0.157934	0.143576	2.04579e-38	6.50564	34.36
40.6619	4.61342e-37	318.293	0.15794	0.143582	1.84537e-38	6.5059	34.4
40.6635	4.16146e-37	318.305	0.157946	0.143588	1.66458e-38	6.50616	34.44
40.6651	3.75377e-37	318.318	0.157953	0.143593	1.50151e-38	6.50642	34.48
40.6667	3.38603e-37	318.331	0.157959	0.143599	1.35441e-38	6.50668	34.52
40.6684	3.05431e-37	318.344	0.157965	0.143605	1.22172e-38	6.50694	34.56
40.67	2.75509e-37	318.356	0.157972	0.143611	1.10204e-38	6.5072	34.6
40.6716	2.48518e-37	318.369	0.157978	0.143616	9.94073e-39	6.50746	34.64
40.6733	2.24172e-37	318.382	0.157984	0.143622	8.96687e-39	6.50772	34.68
40.6749	2.0221e-37	318.394	0.157991	0.143628	8.08841e-39	6.50798	34.72
40.6765	1.824e-37	318.407	0.157997	0.143633	7.29602e-39	6.50824	34.76
40.6781	1.64531e-37	318.42	0.158003	0.143639	6.58125e-39	6.5085	34.8
40.6798	1.48413e-37	318.433	0.158009	0.143645	5.9365e-39	6.50876	34.84
40.6814	1.33873e-37	318.445	0.158016	0.143651	5.35492e-39	6.50902	34.88
40.683	1.20758e-37	318.458	0.158022	0.143656	4.83032e-39	6.50928	34.92
40.6846	1.08928e-37	318.471	0.158028	0.143662	4.35711e-39	6.50954	34.96
40.6863	9.82564e-38	318.484	0.158035	0.143668	3.93026e-39	6.5098	35
40.6879	8.86306e-38	318.496	0.158041	0.143674	3.54522e-39	6.51006	35.04
40.6895	7.99477e-38	318.509	0.158047	0.143679	3.19791e-39	6.51032	35.08
40.6911	7.21155e-38	318.522	0.158054	0.143685	2.88462e-39	6.51058	35.12
40.6928	6.50506e-38	318.535	0.15806	0.143691	2.60202e-39	6.51084	35.16
40.6944	5.86778e-38	318.547	0.158066	0.143697	2.34711e-39	6.5111	35.2
40.696	5.29293e-38	318.56	0.158073	0.143702	2.11717e-39	6.51136	35.24
40.6977	4.7744e-38	318.573	0.158079	0.143708	1.90976e-39	6.51163	35.28
40.6993	4.30667e-38	318.586	0.158085	0.143714	1.72267e-39	6.51189	35.32
40.7009	3.88476e-38	318.598	0.158092	0.14372	1.5539e-39	6.51215	35.36
40.7025	3.50418e-38	318.611	0.158098	0.143725	1.40167e-39	6.51241	35.4
40.7042	3.16089e-38	318.624	0.158104	0.143731	1.26435e-39	6.51267	35.44
40.7058	2.85122e-38	318.636	0.158111	0.143737	1.14049e-39	6.51293	35.48
40.7074	2.5719e-38	318.649	0.158117	0.143743	1.02876e-39	6.51319	35.52
40.7091	2.31994e-38	318.662	0.158123	0.143748	9.27975e-40	6.51345	35.56
40.7107	2.09266e-38	318.675	0.15813	0.143754	8.37065e-40	6.51371	35.6
40.7123	1.88765e-38	318.687	0.158136	0.14376	7.5506e-40	6.51397	35.64
40.7139	1.70272e-38	318.7	0.158142	0.143766	6.81089e-40	6.51423	35.68
40.7156	1.53591e-38	318.713	0.158149	0.143771	6.14365e-40	6.51449	35.72
40.7172	1.38544e-38	318.726	0.158155	0.143777	5.54178e-40	6.51475	35.76
40.7188	1.24972e-38	318.738	0.158161	0.143783	4.99887e-40	6.51501	35.8
40.7205	1.12729e-38	318.751	0.158168	0.143789	4.50915e-40	6.51527	35.84
40.7221	1.01685e-38	318.764	0.158174	0.143794	4.0674e-40	6.51553	35.88
40.7237	9.17232e-39	318.777	0.15818	0.1438	3.66893e-40	6.51579	35.92
40.7253	8.27374e-39	318.789	0.158187	0.143806	3.3095e-40	6.51605	35.96
40.727	7.46319e-39	318.802	0.158193	0.143812	2.98528e-40	6.51631	36
40.7286	6.73204e-39	318.815	0.158199	0.143817	2.69282e-40	6.51658	36.04
40.7302	6.07253e-39	318.828	0.158205	0.143823	2.42901e-40	6.51684	36.08
40.7319	5.47762e-39	318.84	0.158212	0.143829	2.19105e-40	6.5171	36.12
40.7335	4.941e-39	318.853	0.158218	0.143835	1.9764e-40	6.51736	36.16
40.7351	4.45694e-39	318.866	0.158224	0.14384	1.78278e-40	6.51762	36.2
40.7367	4.02031e-39	318.879	0.158231	0.143846	1.60812e-40	6.51788	36.24
40.7384	3.62645e-39	318.891	0.158237	0.143852	1.45058e-40	6.51814	36.28
40.74	3.27118e-39	318.904	0.158243	0.143858	1.30847e-40	6.5184	36.32
40.7416	2.95071e-39	318.917	0.15825	0.143863	1.18029e-40	6.51866	36.36
40.7433	2.66164e-39	318.93	0.158256	0.143869	1.06466e-40	6.51892	36.4
40.7449	2.40089e-39	318.942	0.158262	0.143875	9.60356e-41	6.51918	36.44
40.7465	2.16568e-39	318.955	0.158269	0.143881	8.66273e-41	6.51944	36.48
40.7481	1.95352e-39	318.968	0.158275	0.143886	7.81407e-41	6.5197	36.52
40.7498	1.76214e-39	318.981	0.158281	0.143892	7.04855e-41	6.51996	36.56
40.7514	1.58951e-39	318.993	0.158288	0.143898	6.35803e-41	6.52022	36.6
40.753	1.43379e-39	319.006	0.158294	0.143904	5.73515e-41	6.52049	36.64
40.7547	1.29332e-39	319.019	0.1583	0.143909	5.1733e-41	6.52075	36.68
40.7563	1.16662e-39	319.032	0.158307	0.143915	4.66649e-41	6.52101	36.72
40.7579	1.05233e-39	319.045	0.158313	0.143921	4.20933e-41	6.52127	36.76
40.7596	9.49238e-40	319.057	0.158319	0.143927	3.79695e-41	6.52153	36.8
40.7612	8.56244e-40	319.07	0.158326	0.143932	3.42498e-41	6.52179	36.84
40.7628	7.72361e-40	319.083	0.158332	0.143938	3.08944e-41	6.52205	36.88
40.7644	6.96695e-40	319.096	0.158338	0.143944	2.78678e-41	6.52231	36.92
40.7661	6.28442e-40	319.108	0.158345	0.14395	2.51377e-41	6.52257	36.96
40.7677	5.66876e-40	319.121	0.158351	0.143956	2.2675e-41	6.52283	37
40.7693	5.11341e-40	319.134	0.158357	0.143961	2.04536e-41	6.52309	37.04
40.771	4.61246e-40	319.147	0.158364	0.143967	1.84498e-41	6.52335	37.08
40.7726	4.16059e-40	319.159	0.15837	0.143973	1.66424e-41	6.52362	37.12
40.7742	3.75299e-40	319.172	0.158376	0.143979	1.5012e-41	6.52388	37.16
40.7759	3.38533e-40	319.185	0.158383	0.143984	1.35413e-41	6.52414	37.2
40.7775	3.05368e-40	319.198	0.158389	0.14399	1.22147e-41	6.5244	37.24
40.7791	2.75452e-40	319.21	0.158395	0.143996	1.10181e-41	6.52466	37.28
40.7808	2.48467e-40	319.223	0.158402	0.144002	9.93866e-42	6.52492	37.32
40.7824	2.24125e-40	319.236	0.158408	0.144007	8.96501e-42	6.52518	37.36
40.784	2.02168e-40	319.249	0.158414	0.144013	8.08673e-42	6.52544	37.4
40.7856	1.82363e-40	319.262	0.158421	0.144019	7.2945e-42	6.5257	37.44
40.7873	1.64497e-40	319.274	0.158427	0.144025	6.57988e-42	6.52596	37.48
40.7889	1.48382e-40	319.287	0.158433	0.14403	5.93527e-42	6.52622	37.52
40.7905	1.33845e-40	319.3	0.15844	0.144036	5.35381e-42	6.52649	37.56
40.7922	1.20733e-40	319.313	0.158446	0.144042	4.82932e-42	6.52675	37.6
40.7938	1.08905e-40	319.325	0.158452	0.144048	4.35621e-42	6.52701	37.64
40.7954	9.8236e-41	319.338	0.158459	0.144053	3.92944e-42	6.52727	37.68
40.7971	8.86122e-41	319.351	0.158465	0.144059	3.54449e-42	6.52753	37.72
40.7987	7.99311e-41	319.364	0.158471	0.144065	3.19725e-42	6.52779	37.76
40.8003	7.21005e-41	319.376	0.158478	0.144071	2.88402e-42	6.52805	37.8
40.802	6.50371e-41	319.389	0.158484	0.144076	2.60148e-42	6.52831	37.84
40.8036	5.86656e-41	319.402	0.15849	0.144082	2.34662e-42	6.52857	37.88
40.8052	5.29183e-41	319.415	0.158497	0.144088	2.11673e-42	6.52884	37.92
40.8069	4.77341e-41	319.428	0.158503	0.144094	1.90936e-42	6.5291	37.96
40.8085	4.30577e-41	319.44	0.158509	0.1441	1.72231e-42	6.52936	38
40.8101	3.88395e-41	319.453	0.158516	0.144105	1.55358e-42	6.52962	38.04
40.8118	3.50345e-41	319.466	0.158522	0.144111	1.40138e-42	6.52988	38.08
40.8134	3.16023e-41	319.479	0.158528	0.144117	1.26409e-42	6.53014	38.12
40.815	2.85063e-41	319.491	0.158535	0.144123	1.14025e-42	6.5304	38.16
40.8166	2.57137e-41	319.504	0.158541	0.144128	1.02855e-42	6.53066	38.2
40.8183	2.31946e-41	319.517	0.158548	0.144134	9.27783e-43	6.53092	38.24
40.8199	2.09223e-41	319.53	0.158554	0.14414	8.36891e-43	6.53119	38.28
40.8215	1.88726e-41	319.543	0.15856	0.144146	7.54903e-43	6.53145	38.32
40.8232	1.70237e-41	319.555	0.158567	0.144151	6.80948e-43	6.53171	38.36
40.8248	1.53559e-41	319.568	0.158573	0.144157	6.14238e-43	6.53197	38.4
40.8264	1.38516e-41	319.581	0.158579	0.144163	5.54063e-43	6.53223	38.44
40.8281	1.24946e-41	319.594	0.158586	0.144169	4.99783e-43	6.53249	38.48
40.8297	1.12705e-41	319.606	0.158592	0.144174	4.50821e-43	6.53275	38.52
40.8313	1.01664e-41	319.619	0.158598	0.14418	4.06655e-43	6.53301	38.56
40.833	9.17042e-42	319.632	0.158605	0.144186	3.66817e-43	6.53328	38.6
40.8346	8.27202e-42	319.645	0.158611	0.144192	3.30881e-43	6.53354	38.64
40.8362	7.46164e-42	319.658	0.158617	0.144198	2.98466e-43	6.5338	38.68
40.8379	6.73065e-42	319.67	0.158624	0.144203	2.69226e-43	6.53406	38.72
40.8395	6.07127e-42	319.683	0.15863	0.144209	2.42851e-43	6.53432	38.76
40.8411	5.47648e-42	319.696	0.158636	0.144215	2.19059e-43	6.53458	38.8
40.8428	4.93997e-42	319.709	0.158643	0.144221	1.97599e-43	6.53484	38.84
40.8444	4.45602e-42	319.721	0.158649	0.144226	1.78241e-43	6.53511	38.88
40.846	4.01948e-42	319.734	0.158655	0.144232	1.60779e-43	6.53537	38.92
40.8477	3.6257e-42	319.747	0.158662	0.144238	1.45028e-43	6.53563	38.96
40.8493	3.2705e-42	319.76	0.158668	0.144244	1.3082e-43	6.53589	39
40.8509	2.9501e-42	319.773	0.158674	0.144249	1.18004e-43	6.53615	39.04
40.8526	2.66109e-42	319.785	0.158681	0.144255	1.06444e-43	6.53641	39.08
40.8542	2.40039e-42	319.798	0.158687	0.144261	9.60157e-44	6.53667	39.12
40.8558	2.16523e-42	319.811	0.158693	0.144267	8.66093e-44	6.53693	39.16
40.8575	1.95311e-42	319.824	0.1587	0.144273	7.81245e-44	6.5372	39.2
40.8591	1.76177e-42	319.837	0.158706	0.144278	7.04709e-44	6.53746	39.24
40.8607	1.58918e-42	319.849	0.158712	0.144284	6.35671e-44	6.53772	39.28
40.8624	1.43349e-42	319.862	0.158719	0.14429	5.73396e-44	6.53798	39.32
40.864	1.29306e-42	319.875	0.158725	0.144296	5.17222e-44	6.53824	39.36
40.8656	1.16638e-42	319.888	0.158732	0.144301	4.66552e-44	6.5385	39.4
40.8673	1.05211e-42	319.901	0.158738	0.144307	4.20845e-44	6.53877	39.44
40.8689	9.49041e-43	319.913	0.158744	0.144313	3.79616e-44	6.53903	39.48
40.8706	8.56067e-43	319.926	0.158751	0.144319	3.42427e-44	6.53929	39.52
40.8722	7.722e-43	319.939	0.158757	0.144324	3.0888e-44	6.53955	39.56
40.8738	6.9655e-43	319.952	0.158763	0.14433	2.7862e-44	6.53981	39.6
40.8755	6.28312e-43	319.965	0.15877	0.144336	2.51325e-44	6.54007	39.64
40.8771	5.66758e-43	319.977	0.158776	0.144342	2.26703e-44	6.54033	39.68
40.8787	5.11235e-43	319.99	0.158782	0.144348	2.04494e-44	6.5406	39.72
40.8804	4.61151e-43	320.003	0.158789	0.144353	1.8446e-44	6.54086	39.76
40.882	4.15973e-43	320.016	0.158795	0.144359	1.66389e-44	6.54112	39.8
40.8836	3.75222e-43	320.029	0.158801	0.144365	1.50089e-44	6.54138	39.84
40.8853	3.38462e-43	320.041	0.158808	0.144371	1.35385e-44	6.54164	39.88
40.8869	3.05304e-43	320.054	0.158814	0.144376	1.22122e-44	6.5419	39.92
40.8885	2.75395e-43	320.067	0.15882	0.144382	1.10158e-44	6.54217	39.96
