S	I	R	t
300	100	0	0
295.076	98.3062	6.61753	0.0166667
290.386	96.5678	13.0457	0.0333333
285.909	94.7871	19.304	0.05
281.638	92.9711	25.3909	0.0666667
277.568	91.1259	31.3058	0.0833333
273.694	89.2579	37.0483	0.1
270.009	87.3727	42.6185	0.116667
266.508	85.4757	48.0168	0.133333
263.184	83.572	53.244	0.15
260.033	81.6662	58.3012	0.166667
257.047	79.7628	63.1898	0.183333
254.223	77.8657	67.9115	0.2
251.553	75.9786	72.4682	0.216667
249.033	74.105	76.8621	0.233333
246.657	72.2478	81.0954	0.25
244.42	70.4098	85.1707	0.266667
242.316	68.5936	89.0906	0.283333
240.341	66.8012	92.8579	0.3
238.49	65.0348	96.4755	0.316667
236.757	63.296	99.9466	0.333333
235.14	61.5863	103.274	0.35
233.632	59.907	106.461	0.366667
232.23	58.2593	109.511	0.383333
230.929	56.644	112.427	0.4
229.726	55.0618	115.212	0.416667
228.616	53.5134	117.87	0.433333
227.596	51.9992	120.405	0.45
226.662	50.5196	122.818	0.466667
225.811	49.0746	125.114	0.483333
225.04	47.6645	127.296	0.5
224.344	46.2891	129.367	0.516667
223.721	44.9485	131.33	0.533333
223.168	43.6423	133.189	0.55
222.682	42.3703	134.947	0.566667
222.261	41.1323	136.607	0.583333
221.901	39.9278	138.171	0.6
221.6	38.7564	139.644	0.616667
221.355	37.6176	141.027	0.633333
221.165	36.5109	142.324	0.65
221.026	35.4358	143.538	0.666667
220.938	34.3916	144.671	0.683333
220.896	33.3779	145.726	0.7
220.901	32.3939	146.706	0.716667
220.948	31.439	147.613	0.733333
221.038	30.5126	148.45	0.75
221.167	29.6141	149.219	0.766667
221.335	28.7427	149.923	0.783333
221.539	27.8978	150.563	0.8
221.778	27.0787	151.144	0.816667
222.05	26.2848	151.665	0.833333
222.354	25.5153	152.13	0.85
222.689	24.7698	152.541	0.866667
223.053	24.0474	152.9	0.883333
223.444	23.3475	153.208	0.9
223.863	22.6695	153.468	0.916667
224.306	22.0128	153.681	0.933333
224.774	21.3768	153.849	0.95
225.264	20.7608	153.975	0.966667
225.777	20.1642	154.059	0.983333
226.311	19.5865	154.103	1
226.864	19.0271	154.109	1.01667
227.437	18.4853	154.078	1.03333
228.028	17.9608	154.011	1.05
228.636	17.4529	153.912	1.06667
229.26	16.9611	153.779	1.08333
229.9	16.4848	153.616	1.1
230.554	16.0237	153.422	1.11667
231.223	15.5772	153.2	1.13333
231.905	15.1449	152.951	1.15
232.599	14.7263	152.675	1.16667
233.305	14.3209	152.374	1.18333
234.023	13.9283	152.049	1.2
234.751	13.5481	151.701	1.21667
235.489	13.1799	151.331	1.23333
236.237	12.8234	150.94	1.25
236.993	12.478	150.529	1.26667
237.758	12.1435	150.098	1.28333
238.531	11.8194	149.649	1.3
239.311	11.5055	149.183	1.31667
240.099	11.2015	148.7	1.33333
240.892	10.9068	148.201	1.35
241.692	10.6214	147.687	1.36667
242.497	10.3448	147.158	1.38333
243.307	10.0768	146.616	1.4
244.122	9.81705	146.061	1.41667
244.942	9.56531	145.493	1.43333
245.765	9.3213	144.913	1.45
246.593	9.08478	144.323	1.46667
247.423	8.85548	143.721	1.48333
248.257	8.63318	143.11	1.5
249.094	8.41763	142.489	1.51667
249.933	8.20861	141.859	1.53333
250.774	8.00591	141.22	1.55
251.617	7.80932	140.574	1.56667
252.461	7.61862	139.92	1.58333
253.307	7.43364	139.259	1.6
254.154	7.25417	138.592	1.61667
255.002	7.08004	137.918	1.63333
255.851	6.91108	137.238	1.65
256.7	6.7471	136.553	1.66667
257.549	6.58795	135.863	1.68333
258.399	6.43346	135.168	1.7
259.248	6.2835	134.468	1.71667
260.097	6.1379	133.765	1.73333
260.945	5.99652	133.058	1.75
261.793	5.85923	132.348	1.76667
262.64	5.7259	131.634	1.78333
263.486	5.5964	130.918	1.8
264.331	5.47059	130.199	1.81667
265.174	5.34837	129.478	1.83333
266.016	5.22962	128.754	1.85
266.856	5.11423	128.029	1.86667
267.695	5.00208	127.303	1.88333
268.532	4.89308	126.575	1.9
269.367	4.78712	125.846	1.91667
270.2	4.68411	125.116	1.93333
271.031	4.58396	124.385	1.95
271.859	4.48657	123.654	1.96667
272.686	4.39185	122.923	1.98333
273.509	4.29973	122.191	2
274.33	4.21012	121.459	2.01667
275.149	4.12295	120.728	2.03333
275.965	4.03813	119.997	2.05
276.778	3.95559	119.266	2.06667
277.588	3.87527	118.537	2.08333
278.395	3.79709	117.807	2.1
279.2	3.72099	117.079	2.11667
280.001	3.64691	116.352	2.13333
280.799	3.57478	115.626	2.15
281.594	3.50454	114.901	2.16667
282.386	3.43614	114.178	2.18333
283.174	3.36952	113.456	2.2
283.959	3.30462	112.736	2.21667
284.741	3.2414	112.018	2.23333
285.519	3.1798	111.301	2.25
286.294	3.11978	110.586	2.26667
287.065	3.06129	109.874	2.28333
287.833	3.00428	109.163	2.3
288.597	2.94871	108.455	2.31667
289.357	2.89454	107.748	2.33333
290.114	2.84172	107.044	2.35
290.867	2.79022	106.343	2.36667
291.616	2.74	105.644	2.38333
292.362	2.69102	104.947	2.4
293.104	2.64324	104.253	2.41667
293.842	2.59663	103.561	2.43333
294.576	2.55116	102.873	2.45
295.307	2.50679	102.187	2.46667
296.033	2.46349	101.503	2.48333
296.756	2.42123	100.823	2.5
297.475	2.37999	100.145	2.51667
298.19	2.33973	99.4706	2.53333
298.901	2.30042	98.7989	2.55
299.608	2.26204	98.1302	2.56667
300.311	2.22456	97.4645	2.58333
301.01	2.18797	96.8019	2.6
301.705	2.15222	96.1423	2.61667
302.397	2.11731	95.4859	2.63333
303.084	2.0832	94.8327	2.65
303.768	2.04987	94.1826	2.66667
304.447	2.01731	93.5358	2.68333
305.122	1.98549	92.8921	2.7
305.794	1.95439	92.2518	2.71667
306.461	1.92399	91.6146	2.73333
307.125	1.89428	90.9808	2.75
307.784	1.86524	90.3503	2.76667
308.44	1.83684	89.7231	2.78333
309.092	1.80907	89.0993	2.8
309.739	1.78191	88.4788	2.81667
310.383	1.75535	87.8617	2.83333
311.023	1.72937	87.2479	2.85
311.658	1.70396	86.6375	2.86667
312.29	1.6791	86.0306	2.88333
312.918	1.65478	85.427	2.9
313.542	1.63098	84.8269	2.91667
314.162	1.60768	84.2301	2.93333
314.778	1.58489	83.6368	2.95
315.391	1.56258	83.0469	2.96667
315.999	1.54074	82.4605	2.98333
316.603	1.51936	81.8774	3
317.204	1.49842	81.2978	3.01667
317.8	1.47793	80.7217	3.03333
318.393	1.45786	80.149	3.05
318.982	1.4382	79.5797	3.06667
319.567	1.41895	79.0138	3.08333
320.149	1.40009	78.4514	3.1
320.726	1.38161	77.8924	3.11667
321.3	1.36351	77.3368	3.13333
321.87	1.34578	76.7847	3.15
322.436	1.3284	76.2359	3.16667
322.998	1.31137	75.6906	3.18333
323.557	1.29468	75.1487	3.2
324.111	1.27833	74.6102	3.21667
324.663	1.26229	74.0751	3.23333
325.21	1.24657	73.5433	3.25
325.754	1.23116	73.015	3.26667
326.294	1.21605	72.49	3.28333
326.83	1.20123	71.9684	3.3
327.363	1.1867	71.4501	3.31667
327.892	1.17245	70.9352	3.33333
328.418	1.15848	70.4236	3.35
328.94	1.14476	69.9154	3.36667
329.458	1.13131	69.4105	3.38333
329.973	1.11812	68.9088	3.4
330.484	1.10517	68.4105	3.41667
330.992	1.09247	67.9155	3.43333
331.496	1.08	67.4237	3.45
331.997	1.06777	66.9352	3.46667
332.494	1.05576	66.4499	3.48333
332.988	1.04397	65.9679	3.5
333.478	1.0324	65.4891	3.51667
333.965	1.02104	65.0135	3.53333
334.449	1.00989	64.5411	3.55
334.929	0.998942	64.072	3.56667
335.406	0.98819	63.6059	3.58333
335.879	0.977631	63.1431	3.6
336.349	0.967262	62.6834	3.61667
336.816	0.957077	62.2268	3.63333
337.28	0.947073	61.7733	3.65
337.74	0.937246	61.323	3.66667
338.197	0.927592	60.8757	3.68333
338.65	0.918108	60.4316	3.7
339.101	0.908789	59.9904	3.71667
339.548	0.899631	59.5524	3.73333
339.992	0.890633	59.1173	3.75
340.433	0.88179	58.6853	3.76667
340.871	0.873098	58.2563	3.78333
341.305	0.864555	57.8303	3.8
341.737	0.856158	57.4072	3.81667
342.165	0.847903	56.9872	3.83333
342.59	0.839788	56.57	3.85
343.012	0.831809	56.1558	3.86667
343.432	0.823964	55.7445	3.88333
343.848	0.81625	55.3361	3.9
344.261	0.808664	54.9306	3.91667
344.671	0.801203	54.5279	3.93333
345.078	0.793866	54.1281	3.95
345.482	0.786649	53.7312	3.96667
345.883	0.77955	53.337	3.98333
346.282	0.772567	52.9457	4
346.677	0.765697	52.5571	4.01667
347.07	0.758938	52.1713	4.03333
347.459	0.752288	51.7883	4.05
347.846	0.745745	51.408	4.06667
348.23	0.739306	51.0305	4.08333
348.611	0.732969	50.6556	4.1
348.99	0.726733	50.2835	4.11667
349.365	0.720595	49.914	4.13333
349.738	0.714554	49.5472	4.15
350.108	0.708607	49.1831	4.16667
350.476	0.702753	48.8215	4.18333
350.84	0.696991	48.4626	4.2
351.202	0.691317	48.1063	4.21667
351.562	0.685731	47.7526	4.23333
351.918	0.68023	47.4014	4.25
352.272	0.674814	47.0528	4.26667
352.624	0.66948	46.7068	4.28333
352.973	0.664228	46.3632	4.3
353.319	0.659054	46.0222	4.31667
353.662	0.653959	45.6836	4.33333
354.003	0.64894	45.3476	4.35
354.342	0.643996	45.014	4.36667
354.678	0.639126	44.6828	4.38333
355.012	0.634329	44.3541	4.4
355.343	0.629602	44.0277	4.41667
355.671	0.624944	43.7038	4.43333
355.997	0.620356	43.3823	4.45
356.321	0.615834	43.0631	4.46667
356.642	0.611378	42.7462	4.48333
356.961	0.606987	42.4318	4.5
357.278	0.602659	42.1196	4.51667
357.592	0.598394	41.8097	4.53333
357.904	0.59419	41.5022	4.55
358.213	0.590046	41.1969	4.56667
358.52	0.585961	40.8938	4.58333
358.825	0.581934	40.593	4.6
359.128	0.577964	40.2945	4.61667
359.428	0.57405	39.9982	4.63333
359.726	0.570191	39.704	4.65
360.022	0.566386	39.4121	4.66667
360.315	0.562634	39.1223	4.68333
360.606	0.558934	38.8347	4.7
360.895	0.555286	38.5492	4.71667
361.182	0.551688	38.2659	4.73333
361.467	0.548139	37.9847	4.75
361.75	0.544639	37.7055	4.76667
362.03	0.541187	37.4285	4.78333
362.309	0.537781	37.1535	4.8
362.585	0.534422	36.8806	4.81667
362.859	0.531108	36.6098	4.83333
363.131	0.527839	36.3409	4.85
363.401	0.524614	36.0741	4.86667
363.669	0.521432	35.8093	4.88333
363.935	0.518292	35.5465	4.9
364.199	0.515194	35.2856	4.91667
364.461	0.512137	35.0267	4.93333
364.721	0.50912	34.7698	4.95
364.979	0.506143	34.5148	4.96667
365.235	0.503205	34.2617	4.98333
