S	I	R	e	d	dI	f	t
300	100	0	0	0	0	0	0
295.482	104.131	0.387013	0	0	0	0	0.015
290.824	108.359	0.817327	0	0	0	0	0.03
286.058	112.641	1.30132	0	0	0	0	0.045
281.192	116.956	1.85207	0	0	0	0	0.06
276.234	121.283	2.48284	0	0	0	0	0.075
271.192	125.602	3.20672	0	0	0	0	0.09
266.074	129.889	4.03638	0	0	0	0	0.105
260.892	134.124	4.98378	0	0	0	0	0.12
255.657	138.283	6.05988	0	0	0	0	0.135
250.381	142.345	7.27438	0	0	0	0	0.15
245.075	146.29	8.63549	0	0	0	0	0.165
239.752	150.098	10.1497	0	0	0	0	0.18
234.425	153.753	11.8216	0	0	0	0	0.195
229.107	157.239	13.6539	0	0	0	0	0.21
223.81	160.543	15.647	0	0	0	0	0.225
218.547	163.654	17.7995	0	0	0	0	0.24
213.329	166.563	20.1079	0	0	0	0	0.255
208.167	169.266	22.5666	0	0	0	0	0.27
203.072	171.76	25.1683	0	0	0	0	0.285
198.053	174.042	27.9042	0	0	0	0	0.3
193.12	176.116	30.7638	0	0	0	0	0.315
188.279	177.985	33.7356	0	0	0	0	0.33
183.538	179.655	36.807	0	0	0	0	0.345
178.903	181.132	39.9647	0	0	0	0	0.36
174.378	182.427	43.1949	0	0	0	0	0.375
169.968	183.548	46.4836	0	0	0	0	0.39
165.676	184.507	49.8166	0	0	0	0	0.405
161.504	185.316	53.18	0	0	0	0	0.42
157.453	185.986	56.5603	0	0	0	0	0.435
153.525	186.531	59.9441	0	0	0	0	0.45
149.719	186.962	63.3192	0	0	0	0	0.465
146.035	187.291	66.6736	0	0	0	0	0.48
142.472	187.532	69.9965	0	0	0	0	0.495
139.028	187.694	73.2777	0	0	0	0	0.51
135.702	187.79	76.5081	0	0	0	0	0.525
132.49	187.83	79.6795	0	0	0	0	0.54
129.391	187.824	82.7846	0	0	0	0	0.555
126.402	187.78	85.8173	0	0	0	0	0.57
123.52	187.708	88.7721	0	0	0	0	0.585
120.741	187.614	91.6447	0	0	0	0	0.6
118.063	187.505	94.4316	0	0	0	0	0.615
115.482	187.388	97.1303	0	0	0	0	0.63
112.994	187.267	99.7387	0	0	0	0	0.645
110.597	187.147	102.256	0	0	0	0	0.66
108.288	187.031	104.682	0	0	0	0	0.675
106.062	186.922	107.017	0	0	0	0	0.69
103.916	186.822	109.261	0	0	0	0	0.705
101.848	186.734	111.418	0	0	0	0	0.72
99.8551	186.657	113.488	0	0	0	0	0.735
97.9334	186.592	115.474	0	0	0	0	0.75
96.0804	186.539	117.38	0	0	0	0	0.765
94.2935	186.498	119.209	0	0	0	0	0.78
92.5701	186.466	120.964	0	0	0	0	0.795
90.9078	186.442	122.651	0	0	0	0	0.81
89.3042	186.424	124.272	0	0	0	0	0.825
87.7571	186.409	125.834	0	0	0	0	0.84
86.2646	186.396	127.34	0	0	0	0	0.855
84.8246	186.38	128.795	0	0	0	0	0.87
83.4355	186.359	130.206	0	0	0	0	0.885
82.0955	186.329	131.575	0	0	0	0	0.9
80.8031	186.288	132.909	0	0	0	0	0.915
79.5568	186.23	134.213	0	0	0	0	0.93
78.3554	186.153	135.491	0	0	0	0	0.945
77.1977	186.054	136.749	0	0	0	0	0.96
76.0824	185.928	137.99	0	0	0	0	0.975
75.0087	185.772	139.22	0	0	0	0	0.99
73.9755	185.583	140.442	0	0	0	0	1.005
72.9821	185.357	141.661	0	0	0	0	1.02
72.0276	185.093	142.88	0	0	0	0	1.035
71.1114	184.786	144.102	0	0	0	0	1.05
70.2328	184.435	145.332	0	0	0	0	1.065
69.3912	184.038	146.571	0	0	0	0	1.08
68.586	183.593	147.821	0	0	0	0	1.095
67.8168	183.097	149.086	0	0	0	0	1.11
67.0831	182.551	150.366	0	0	0	0	1.125
66.3843	181.952	151.663	0	0	0	0	1.14
65.7202	181.302	152.978	0	0	0	0	1.155
65.0902	180.599	154.311	0	0	0	0	1.17
64.494	179.844	155.662	0	0	0	0	1.185
63.9312	179.038	157.031	0	0	0	0	1.2
63.4013	178.181	158.418	0	0	0	0	1.215
62.904	177.275	159.821	0	0	0	0	1.23
62.4388	176.322	161.24	0	0	0	0	1.245
62.0053	175.322	162.672	0	0	0	0	1.26
61.6031	174.28	164.117	0	0	0	0	1.275
61.2318	173.197	165.572	0	0	0	0	1.29
60.8907	172.075	167.034	0	0	0	0	1.305
60.5795	170.918	168.502	0	0	0	0	1.32
60.2977	169.729	169.973	0	0	0	0	1.335
60.0446	168.512	171.444	0	0	0	0	1.35
59.8197	167.269	172.912	0	0	0	0	1.365
59.6224	166.004	174.374	0	0	0	0	1.38
59.4521	164.721	175.827	0	0	0	0	1.395
59.3082	163.423	177.268	0	0	0	0	1.41
59.1899	162.115	178.695	0	0	0	0	1.425
59.0966	160.8	180.104	0	0	0	0	1.44
59.0275	159.481	181.492	0	0	0	0	1.455
58.982	158.162	182.856	0	0	0	0	1.47
58.9592	156.848	184.193	0	0	0	0	1.485
58.9583	155.541	185.501	0	0	0	0	1.5
58.9786	154.244	186.777	0	0	0	0	1.515
59.0193	152.962	188.019	0	0	0	0	1.53
59.0794	151.696	189.224	0	0	0	0	1.545
59.1581	150.451	190.39	0	0	0	0	1.56
59.2546	149.229	191.516	0	0	0	0	1.575
59.368	148.033	192.599	0	0	0	0	1.59
59.4975	146.864	193.638	0	0	0	0	1.605
59.642	145.726	194.632	0	0	0	0	1.62
59.8007	144.62	195.579	0	0	0	0	1.635
59.9728	143.548	196.479	0	0	0	0	1.65
60.1574	142.511	197.331	0	0	0	0	1.665
60.3534	141.512	198.135	0	0	0	0	1.68
60.5602	140.549	198.89	0	0	0	0	1.695
60.7768	139.626	199.597	0	0	0	0	1.71
61.0023	138.742	200.256	0	0	0	0	1.725
61.2359	137.897	200.867	0	0	0	0	1.74
61.4769	137.092	201.431	0	0	0	0	1.755
61.7243	136.326	201.95	0	0	0	0	1.77
61.9774	135.599	202.424	0	0	0	0	1.785
62.2355	134.91	202.854	0	0	0	0	1.8
62.4979	134.259	203.243	0	0	0	0	1.815
62.7638	133.643	203.593	0	0	0	0	1.83
63.0326	133.063	203.905	0	0	0	0	1.845
63.3037	132.515	204.181	0	0	0	0	1.86
63.5766	131.999	204.424	0	0	0	0	1.875
63.8507	131.512	204.637	0	0	0	0	1.89
64.1255	131.053	204.821	0	0	0	0	1.905
64.4006	130.618	204.981	0	0	0	0	1.92
64.6756	130.206	205.118	0	0	0	0	1.935
64.9502	129.814	205.236	0	0	0	0	1.95
65.2241	129.439	205.337	0	0	0	0	1.965
65.497	129.079	205.424	0	0	0	0	1.98
65.7688	128.729	205.502	0	0	0	0	1.995
66.0394	128.389	205.572	0	0	0	0	2.01
66.3086	128.054	205.637	0	0	0	0	2.025
66.5764	127.722	205.701	0	0	0	0	2.04
66.8429	127.391	205.766	0	0	0	0	2.055
67.1082	127.056	205.836	0	0	0	0	2.07
67.3723	126.716	205.912	0	0	0	0	2.085
67.6355	126.367	205.997	0	0	0	0	2.1
67.8978	126.008	206.094	0	0	0	0	2.115
68.1597	125.637	206.204	0	0	0	0	2.13
68.4213	125.25	206.329	0	0	0	0	2.145
68.6829	124.846	206.471	0	0	0	0	2.16
68.945	124.424	206.631	0	0	0	0	2.175
69.2078	123.982	206.81	0	0	0	0	2.19
69.4717	123.519	207.009	0	0	0	0	2.205
69.7372	123.034	207.229	0	0	0	0	2.22
70.0045	122.526	207.469	0	0	0	0	2.235
70.2742	121.996	207.73	0	0	0	0	2.25
70.5465	121.442	208.011	0	0	0	0	2.265
70.8219	120.866	208.312	0	0	0	0	2.28
71.1008	120.268	208.631	0	0	0	0	2.295
71.3834	119.648	208.968	0	0	0	0	2.31
71.6702	119.008	209.321	0	0	0	0	2.325
71.9615	118.35	209.689	0	0	0	0	2.34
72.2575	117.674	210.068	0	0	0	0	2.355
72.5585	116.983	210.459	0	0	0	0	2.37
72.8647	116.278	210.857	0	0	0	0	2.385
73.1762	115.562	211.262	0	0	0	0	2.4
73.4932	114.837	211.67	0	0	0	0	2.415
73.8158	114.106	212.078	0	0	0	0	2.43
74.1441	113.371	212.485	0	0	0	0	2.445
74.4779	112.634	212.888	0	0	0	0	2.46
74.8173	111.899	213.283	0	0	0	0	2.475
75.1621	111.169	213.669	0	0	0	0	2.49
75.5123	110.445	214.043	0	0	0	0	2.505
75.8675	109.731	214.401	0	0	0	0	2.52
76.2277	109.03	214.742	0	0	0	0	2.535
76.5924	108.344	215.064	0	0	0	0	2.55
76.9614	107.675	215.364	0	0	0	0	2.565
77.3342	107.026	215.639	0	0	0	0	2.58
77.7105	106.4	215.889	0	0	0	0	2.595
78.0899	105.799	216.112	0	0	0	0	2.61
78.4718	105.223	216.305	0	0	0	0	2.625
78.8557	104.677	216.467	0	0	0	0	2.64
79.2412	104.16	216.599	0	0	0	0	2.655
79.6275	103.675	216.697	0	0	0	0	2.67
80.0142	103.223	216.763	0	0	0	0	2.685
80.4007	102.805	216.794	0	0	0	0	2.7
80.7863	102.422	216.792	0	0	0	0	2.715
81.1705	102.074	216.756	0	0	0	0	2.73
81.5526	101.761	216.686	0	0	0	0	2.745
81.9319	101.485	216.583	0	0	0	0	2.76
82.308	101.244	216.448	0	0	0	0	2.775
82.6801	101.039	216.281	0	0	0	0	2.79
83.0478	100.869	216.083	0	0	0	0	2.805
83.4103	100.733	215.857	0	0	0	0	2.82
83.7672	100.63	215.603	0	0	0	0	2.835
84.1181	100.559	215.323	0	0	0	0	2.85
84.4622	100.518	215.019	0	0	0	0	2.865
84.7994	100.506	214.694	0	0	0	0	2.88
85.129	100.521	214.35	0	0	0	0	2.895
85.4509	100.56	213.989	0	0	0	0	2.91
85.7646	100.622	213.614	0	0	0	0	2.925
86.0699	100.703	213.227	0	0	0	0	2.94
86.3666	100.802	212.832	0	0	0	0	2.955
86.6545	100.915	212.431	0	0	0	0	2.97
86.9336	101.039	212.027	0	0	0	0	2.985
87.2039	101.172	211.624	0	0	0	0	3
87.4653	101.311	211.224	0	0	0	0	3.015
87.7179	101.452	210.83	0	0	0	0	3.03
87.9619	101.592	210.446	0	0	0	0	3.045
88.1976	101.728	210.074	0	0	0	0	3.06
88.4251	101.858	209.717	0	0	0	0	3.075
88.6449	101.977	209.378	0	0	0	0	3.09
88.8573	102.084	209.059	0	0	0	0	3.105
89.0628	102.175	208.762	0	0	0	0	3.12
89.2618	102.249	208.49	0	0	0	0	3.135
89.4548	102.301	208.244	0	0	0	0	3.15
89.6426	102.331	208.026	0	0	0	0	3.165
89.8255	102.337	207.837	0	0	0	0	3.18
90.0043	102.317	207.679	0	0	0	0	3.195
90.1797	102.269	207.552	0	0	0	0	3.21
90.3522	102.192	207.456	0	0	0	0	3.225
90.5226	102.086	207.392	0	0	0	0	3.24
90.6915	101.95	207.358	0	0	0	0	3.255
90.8596	101.784	207.356	0	0	0	0	3.27
91.0276	101.589	207.383	0	0	0	0	3.285
91.196	101.365	207.439	0	0	0	0	3.3
91.3655	101.112	207.522	0	0	0	0	3.315
91.5367	100.832	207.631	0	0	0	0	3.33
91.71	100.527	207.763	0	0	0	0	3.345
91.8861	100.198	207.916	0	0	0	0	3.36
92.0653	99.8474	208.087	0	0	0	0	3.375
92.248	99.477	208.275	0	0	0	0	3.39
92.4347	99.0893	208.476	0	0	0	0	3.405
92.6255	98.6871	208.687	0	0	0	0	3.42
92.8207	98.273	208.906	0	0	0	0	3.435
93.0204	97.8499	209.13	0	0	0	0	3.45
93.2248	97.4207	209.354	0	0	0	0	3.465
93.4339	96.9885	209.578	0	0	0	0	3.48
93.6477	96.5562	209.796	0	0	0	0	3.495
93.866	96.127	210.007	0	0	0	0	3.51
94.0888	95.7038	210.207	0	0	0	0	3.525
94.3157	95.2896	210.395	0	0	0	0	3.54
94.5466	94.8872	210.566	0	0	0	0	3.555
94.7811	94.4996	210.719	0	0	0	0	3.57
95.0188	94.1293	210.852	0	0	0	0	3.585
95.2593	93.7789	210.962	0	0	0	0	3.6
95.5021	93.4508	211.047	0	0	0	0	3.615
95.7467	93.1472	211.106	0	0	0	0	3.63
95.9925	92.8702	211.137	0	0	0	0	3.645
96.2389	92.6215	211.14	0	0	0	0	3.66
96.4853	92.4029	211.112	0	0	0	0	3.675
96.7311	92.2156	211.053	0	0	0	0	3.69
96.9756	92.061	210.963	0	0	0	0	3.705
97.218	91.9399	210.842	0	0	0	0	3.72
97.4578	91.8531	210.689	0	0	0	0	3.735
97.6943	91.801	210.505	0	0	0	0	3.75
97.9266	91.7838	210.29	0	0	0	0	3.765
98.1542	91.8015	210.044	0	0	0	0	3.78
98.3764	91.8537	209.77	0	0	0	0	3.795
98.5925	91.9399	209.468	0	0	0	0	3.81
98.802	92.0594	209.139	0	0	0	0	3.825
99.0041	92.2109	208.785	0	0	0	0	3.84
99.1984	92.3931	208.408	0	0	0	0	3.855
99.3844	92.6046	208.011	0	0	0	0	3.87
99.5615	92.8434	207.595	0	0	0	0	3.885
99.7293	93.1076	207.163	0	0	0	0	3.9
99.8876	93.3947	206.718	0	0	0	0	3.915
100.036	93.7025	206.262	0	0	0	0	3.93
100.174	94.0281	205.798	0	0	0	0	3.945
100.302	94.3687	205.33	0	0	0	0	3.96
100.419	94.7213	204.86	0	0	0	0	3.975
100.526	95.0828	204.391	0	0	0	0	3.99
100.622	95.4499	203.928	0	0	0	0	4.005
100.708	95.8193	203.473	0	0	0	0	4.02
100.784	96.1875	203.029	0	0	0	0	4.035
100.85	96.5512	202.599	0	0	0	0	4.05
100.906	96.907	202.187	0	0	0	0	4.065
100.953	97.2516	201.795	0	0	0	0	4.08
100.992	97.5816	201.427	0	0	0	0	4.095
101.022	97.894	201.084	0	0	0	0	4.11
101.045	98.1857	200.77	0	0	0	0	4.125
101.06	98.454	200.486	0	0	0	0	4.14
101.07	98.6963	200.234	0	0	0	0	4.155
101.074	98.9103	200.016	0	0	0	0	4.17
101.073	99.094	199.833	0	0	0	0	4.185
101.069	99.2455	199.686	0	0	0	0	4.2
101.061	99.3635	199.576	0	0	0	0	4.215
101.051	99.4469	199.502	0	0	0	0	4.23
101.04	99.495	199.465	0	0	0	0	4.245
101.027	99.5075	199.465	0	0	0	0	4.26
101.016	99.4844	199.5	0	0	0	0	4.275
101.005	99.4259	199.569	0	0	0	0	4.29
100.996	99.333	199.671	0	0	0	0	4.305
100.989	99.2067	199.804	0	0	0	0	4.32
100.986	99.0483	199.966	0	0	0	0	4.335
100.986	98.8597	200.154	0	0	0	0	4.35
100.991	98.6428	200.366	0	0	0	0	4.365
101.001	98.3999	200.599	0	0	0	0	4.38
101.017	98.1336	200.85	0	0	0	0	4.395
101.038	97.8466	201.116	0	0	0	0	4.41
101.065	97.5418	201.393	0	0	0	0	4.425
101.098	97.2223	201.679	0	0	0	0	4.44
101.138	96.8913	201.97	0	0	0	0	4.455
101.185	96.5519	202.263	0	0	0	0	4.47
101.238	96.2076	202.554	0	0	0	0	4.485
101.298	95.8616	202.84	0	0	0	0	4.5
101.365	95.5173	203.118	0	0	0	0	4.515
101.438	95.1779	203.384	0	0	0	0	4.53
101.517	94.8466	203.637	0	0	0	0	4.545
101.601	94.5266	203.872	0	0	0	0	4.56
101.691	94.2208	204.088	0	0	0	0	4.575
101.786	93.932	204.282	0	0	0	0	4.59
101.885	93.6631	204.452	0	0	0	0	4.605
101.988	93.4164	204.596	0	0	0	0	4.62
102.094	93.1944	204.711	0	0	0	0	4.635
102.203	92.9992	204.798	0	0	0	0	4.65
102.314	92.8326	204.854	0	0	0	0	4.665
102.426	92.6964	204.878	0	0	0	0	4.68
102.538	92.5919	204.87	0	0	0	0	4.695
102.65	92.5205	204.829	0	0	0	0	4.71
102.762	92.4829	204.755	0	0	0	0	4.725
102.871	92.48	204.649	0	0	0	0	4.74
102.978	92.512	204.51	0	0	0	0	4.755
103.082	92.5792	204.339	0	0	0	0	4.77
103.182	92.6814	204.137	0	0	0	0	4.785
103.277	92.8182	203.905	0	0	0	0	4.8
103.367	92.9889	203.644	0	0	0	0	4.815
103.451	93.1926	203.356	0	0	0	0	4.83
103.528	93.4281	203.044	0	0	0	0	4.845
103.598	93.6938	202.708	0	0	0	0	4.86
103.66	93.9879	202.352	0	0	0	0	4.875
103.714	94.3086	201.977	0	0	0	0	4.89
103.759	94.6535	201.587	0	0	0	0	4.905
103.795	95.0202	201.184	0	0	0	0	4.92
103.822	95.4059	200.772	0	0	0	0	4.935
103.839	95.8078	200.353	0	0	0	0	4.95
103.847	96.2228	199.93	0	0	0	0	4.965
103.845	96.6477	199.507	0	0	0	0	4.98
103.833	97.079	199.088	0	0	0	0	4.995
103.812	97.5134	198.675	0	0	0	0	5.01
103.781	97.9473	198.272	0	0	0	0	5.025
103.74	98.3772	197.883	0	0	0	0	5.04
103.691	98.7994	197.51	0	0	0	0	5.055
103.633	99.2104	197.156	0	0	0	0	5.07
103.568	99.6067	196.826	0	0	0	0	5.085
103.494	99.985	196.521	0	0	0	0	5.1
103.414	100.342	196.244	0	0	0	0	5.115
103.328	100.675	195.997	0	0	0	0	5.13
103.236	100.98	195.784	0	0	0	0	5.145
103.139	101.256	195.604	0	0	0	0	5.16
103.039	101.5	195.461	0	0	0	0	5.175
102.935	101.71	195.354	0	0	0	0	5.19
102.83	101.884	195.286	0	0	0	0	5.205
102.722	102.022	195.256	0	0	0	0	5.22
102.615	102.121	195.264	0	0	0	0	5.235
102.508	102.182	195.31	0	0	0	0	5.25
102.402	102.204	195.394	0	0	0	0	5.265
102.298	102.188	195.514	0	0	0	0	5.28
102.197	102.134	195.668	0	0	0	0	5.295
102.1	102.044	195.856	0	0	0	0	5.31
102.008	101.917	196.075	0	0	0	0	5.325
101.92	101.757	196.322	0	0	0	0	5.34
101.839	101.565	196.596	0	0	0	0	5.355
101.764	101.343	196.893	0	0	0	0	5.37
101.695	101.095	197.21	0	0	0	0	5.385
101.634	100.821	197.544	0	0	0	0	5.4
101.581	100.527	197.892	0	0	0	0	5.415
101.536	100.214	198.251	0	0	0	0	5.43
101.499	99.8858	198.616	0	0	0	0	5.445
101.47	99.5462	198.984	0	0	0	0	5.46
101.449	99.1983	199.352	0	0	0	0	5.475
101.437	98.8456	199.717	0	0	0	0	5.49
101.433	98.4916	200.075	0	0	0	0	5.505
101.438	98.1396	200.423	0	0	0	0	5.52
101.45	97.7932	200.757	0	0	0	0	5.535
101.469	97.4555	201.075	0	0	0	0	5.55
101.496	97.1297	201.374	0	0	0	0	5.565
101.529	96.8188	201.652	0	0	0	0	5.58
101.569	96.5258	201.905	0	0	0	0	5.595
101.614	96.2534	202.133	0	0	0	0	5.61
101.664	96.0041	202.332	0	0	0	0	5.625
101.719	95.7801	202.501	0	0	0	0	5.64
101.777	95.5837	202.639	0	0	0	0	5.655
101.838	95.4166	202.745	0	0	0	0	5.67
101.902	95.2805	202.817	0	0	0	0	5.685
101.967	95.1767	202.856	0	0	0	0	5.7
102.033	95.1064	202.861	0	0	0	0	5.715
102.099	95.0704	202.831	0	0	0	0	5.73
102.164	95.0693	202.767	0	0	0	0	5.745
102.227	95.1034	202.67	0	0	0	0	5.76
102.288	95.1727	202.539	0	0	0	0	5.775
102.346	95.277	202.377	0	0	0	0	5.79
102.4	95.4157	202.184	0	0	0	0	5.805
102.449	95.5881	201.963	0	0	0	0	5.82
102.494	95.7929	201.714	0	0	0	0	5.835
102.532	96.0289	201.439	0	0	0	0	5.85
102.564	96.2945	201.141	0	0	0	0	5.865
102.589	96.5877	200.823	0	0	0	0	5.88
102.607	96.9063	200.487	0	0	0	0	5.895
102.617	97.2481	200.135	0	0	0	0	5.91
102.619	97.6104	199.771	0	0	0	0	5.925
102.612	97.9904	199.398	0	0	0	0	5.94
102.597	98.385	199.018	0	0	0	0	5.955
102.573	98.7912	198.636	0	0	0	0	5.97
102.54	99.2055	198.254	0	0	0	0	5.985
102.499	99.6246	197.876	0	0	0	0	6
102.449	100.045	197.506	0	0	0	0	6.015
102.39	100.463	197.147	0	0	0	0	6.03
102.324	100.875	196.801	0	0	0	0	6.045
102.249	101.277	196.473	0	0	0	0	6.06
102.168	101.666	196.166	0	0	0	0	6.075
102.079	102.039	195.882	0	0	0	0	6.09
101.984	102.392	195.624	0	0	0	0	6.105
101.883	102.722	195.395	0	0	0	0	6.12
101.778	103.026	195.197	0	0	0	0	6.135
101.668	103.301	195.031	0	0	0	0	6.15
101.554	103.545	194.901	0	0	0	0	6.165
101.438	103.756	194.806	0	0	0	0	6.18
101.32	103.931	194.749	0	0	0	0	6.195
101.201	104.07	194.729	0	0	0	0	6.21
101.082	104.171	194.747	0	0	0	0	6.225
100.963	104.234	194.803	0	0	0	0	6.24
100.846	104.257	194.897	0	0	0	0	6.255
100.731	104.242	195.027	0	0	0	0	6.27
100.62	104.188	195.192	0	0	0	0	6.285
100.513	104.096	195.391	0	0	0	0	6.3
100.41	103.968	195.622	0	0	0	0	6.315
100.313	103.805	195.883	0	0	0	0	6.33
100.222	103.608	196.171	0	0	0	0	6.345
100.137	103.38	196.483	0	0	0	0	6.36
100.06	103.123	196.817	0	0	0	0	6.375
99.9908	102.839	197.17	0	0	0	0	6.39
99.9294	102.533	197.538	0	0	0	0	6.405
99.8764	102.206	197.918	0	0	0	0	6.42
99.832	101.862	198.306	0	0	0	0	6.435
99.7964	101.504	198.7	0	0	0	0	6.45
99.7696	101.136	199.095	0	0	0	0	6.465
99.7517	100.761	199.488	0	0	0	0	6.48
99.7426	100.382	199.875	0	0	0	0	6.495
99.7422	100.003	200.255	0	0	0	0	6.51
99.7502	99.628	200.622	0	0	0	0	6.525
99.7664	99.2594	200.974	0	0	0	0	6.54
99.7904	98.9009	201.309	0	0	0	0	6.555
99.8218	98.5554	201.623	0	0	0	0	6.57
99.8602	98.2261	201.914	0	0	0	0	6.585
99.9049	97.9157	202.179	0	0	0	0	6.6
99.9554	97.6269	202.418	0	0	0	0	6.615
100.011	97.3621	202.627	0	0	0	0	6.63
100.071	97.1235	202.805	0	0	0	0	6.645
100.136	96.9132	202.951	0	0	0	0	6.66
100.203	96.7329	203.064	0	0	0	0	6.675
100.272	96.5842	203.143	0	0	0	0	6.69
100.344	96.4683	203.188	0	0	0	0	6.705
100.416	96.3862	203.198	0	0	0	0	6.72
100.488	96.3387	203.173	0	0	0	0	6.735
100.559	96.3262	203.115	0	0	0	0	6.75
100.629	96.349	203.022	0	0	0	0	6.765
100.697	96.4069	202.896	0	0	0	0	6.78
100.761	96.4996	202.739	0	0	0	0	6.795
100.822	96.6265	202.551	0	0	0	0	6.81
100.879	96.7866	202.335	0	0	0	0	6.825
100.93	96.9787	202.091	0	0	0	0	6.84
100.976	97.2015	201.822	0	0	0	0	6.855
101.016	97.453	201.531	0	0	0	0	6.87
101.049	97.7315	201.22	0	0	0	0	6.885
101.075	98.0346	200.891	0	0	0	0	6.9
101.093	98.3599	200.547	0	0	0	0	6.915
101.103	98.7047	200.192	0	0	0	0	6.93
101.105	99.0661	199.828	0	0	0	0	6.945
101.099	99.4412	199.459	0	0	0	0	6.96
101.085	99.8266	199.088	0	0	0	0	6.975
101.062	100.219	198.719	0	0	0	0	6.99
101.031	100.615	198.354	0	0	0	0	7.005
100.992	101.011	197.997	0	0	0	0	7.02
100.944	101.404	197.652	0	0	0	0	7.035
100.889	101.789	197.322	0	0	0	0	7.05
100.827	102.164	197.009	0	0	0	0	7.065
100.757	102.525	196.718	0	0	0	0	7.08
100.681	102.868	196.45	0	0	0	0	7.095
100.6	103.191	196.209	0	0	0	0	7.11
100.513	103.49	195.997	0	0	0	0	7.125
100.421	103.762	195.817	0	0	0	0	7.14
100.326	104.005	195.669	0	0	0	0	7.155
100.227	104.217	195.556	0	0	0	0	7.17
100.127	104.395	195.478	0	0	0	0	7.185
100.025	104.538	195.438	0	0	0	0	7.2
99.9219	104.644	195.434	0	0	0	0	7.215
99.8194	104.712	195.468	0	0	0	0	7.23
99.718	104.743	195.539	0	0	0	0	7.245
99.6184	104.735	195.647	0	0	0	0	7.26
99.5216	104.688	195.79	0	0	0	0	7.275
99.4283	104.604	195.968	0	0	0	0	7.29
99.3392	104.483	196.178	0	0	0	0	7.305
99.2552	104.326	196.419	0	0	0	0	7.32
99.1767	104.135	196.689	0	0	0	0	7.335
99.1045	103.912	196.984	0	0	0	0	7.35
99.0391	103.659	197.302	0	0	0	0	7.365
98.981	103.378	197.641	0	0	0	0	7.38
98.9306	103.072	197.997	0	0	0	0	7.395
98.8883	102.745	198.367	0	0	0	0	7.41
98.8543	102.399	198.747	0	0	0	0	7.425
98.8289	102.037	199.134	0	0	0	0	7.44
98.8122	101.663	199.525	0	0	0	0	7.455
98.8042	101.28	199.916	0	0	0	0	7.47
98.8049	100.891	200.304	0	0	0	0	7.485
98.8143	100.5	200.685	0	0	0	0	7.5
98.8321	100.111	201.057	0	0	0	0	7.515
98.8581	99.7268	201.415	0	0	0	0	7.53
98.892	99.3503	201.758	0	0	0	0	7.545
98.9335	98.9851	202.081	0	0	0	0	7.56
98.9821	98.6342	202.384	0	0	0	0	7.575
99.0372	98.3005	202.662	0	0	0	0	7.59
99.0985	97.9868	202.915	0	0	0	0	7.605
99.1653	97.6955	203.139	0	0	0	0	7.62
99.2369	97.4291	203.334	0	0	0	0	7.635
99.3127	97.1897	203.498	0	0	0	0	7.65
99.392	96.9793	203.629	0	0	0	0	7.665
99.474	96.7994	203.727	0	0	0	0	7.68
99.5581	96.6515	203.79	0	0	0	0	7.695
99.6434	96.5369	203.82	0	0	0	0	7.71
99.7292	96.4563	203.814	0	0	0	0	7.725
99.8147	96.4105	203.775	0	0	0	0	7.74
99.8992	96.3999	203.701	0	0	0	0	7.755
99.9818	96.4244	203.594	0	0	0	0	7.77
100.062	96.484	203.454	0	0	0	0	7.785
100.139	96.5782	203.283	0	0	0	0	7.8
100.211	96.7063	203.082	0	0	0	0	7.815
100.28	96.8672	202.853	0	0	0	0	7.83
100.342	97.0597	202.598	0	0	0	0	7.845
100.399	97.2823	202.319	0	0	0	0	7.86
100.45	97.533	202.017	0	0	0	0	7.875
100.493	97.81	201.697	0	0	0	0	7.89
100.53	98.1109	201.36	0	0	0	0	7.905
100.558	98.4331	201.009	0	0	0	0	7.92
100.579	98.774	200.647	0	0	0	0	7.935
100.591	99.1306	200.278	0	0	0	0	7.95
100.595	99.4998	199.905	0	0	0	0	7.965
100.591	99.8784	199.531	0	0	0	0	7.98
100.578	100.263	199.159	0	0	0	0	7.995
100.557	100.65	198.793	0	0	0	0	8.01
100.527	101.037	198.436	0	0	0	0	8.025
100.49	101.418	198.092	0	0	0	0	8.04
100.445	101.792	197.763	0	0	0	0	8.055
100.392	102.154	197.453	0	0	0	0	8.07
100.333	102.502	197.165	0	0	0	0	8.085
100.267	102.831	196.902	0	0	0	0	8.1
100.196	103.138	196.666	0	0	0	0	8.115
100.12	103.421	196.459	0	0	0	0	8.13
100.039	103.677	196.284	0	0	0	0	8.145
99.9541	103.904	196.142	0	0	0	0	8.16
99.8666	104.098	196.035	0	0	0	0	8.175
99.777	104.259	195.964	0	0	0	0	8.19
99.6861	104.384	195.93	0	0	0	0	8.205
99.5947	104.472	195.933	0	0	0	0	8.22
99.5037	104.523	195.973	0	0	0	0	8.235
99.4139	104.536	196.05	0	0	0	0	8.25
99.326	104.511	196.163	0	0	0	0	8.265
99.241	104.449	196.31	0	0	0	0	8.28
99.1596	104.348	196.492	0	0	0	0	8.295
99.0825	104.212	196.705	0	0	0	0	8.31
99.0104	104.041	196.949	0	0	0	0	8.325
98.944	103.836	197.22	0	0	0	0	8.34
98.8838	103.601	197.515	0	0	0	0	8.355
98.8304	103.336	197.833	0	0	0	0	8.37
98.7843	103.045	198.17	0	0	0	0	8.385
98.7459	102.731	198.523	0	0	0	0	8.4
98.7154	102.396	198.889	0	0	0	0	8.415
98.6931	102.043	199.264	0	0	0	0	8.43
98.6793	101.675	199.645	0	0	0	0	8.445
98.674	101.297	200.029	0	0	0	0	8.46
98.6773	100.911	200.411	0	0	0	0	8.475
98.689	100.521	200.79	0	0	0	0	8.49
98.7092	100.13	201.161	0	0	0	0	8.505
98.7375	99.742	201.52	0	0	0	0	8.52
98.7739	99.3597	201.866	0	0	0	0	8.535
98.8178	98.9865	202.196	0	0	0	0	8.55
98.869	98.6256	202.505	0	0	0	0	8.565
98.9269	98.2801	202.793	0	0	0	0	8.58
98.9911	97.9528	203.056	0	0	0	0	8.595
99.0611	97.6462	203.293	0	0	0	0	8.61
99.1362	97.3631	203.501	0	0	0	0	8.625
99.2158	97.1055	203.679	0	0	0	0	8.64
99.2992	96.8756	203.825	0	0	0	0	8.655
99.3857	96.6751	203.939	0	0	0	0	8.67
99.4746	96.5058	204.02	0	0	0	0	8.685
99.5651	96.3689	204.066	0	0	0	0	8.7
99.6566	96.2656	204.078	0	0	0	0	8.715
99.7481	96.1965	204.055	0	0	0	0	8.73
99.8389	96.1624	203.999	0	0	0	0	8.745
99.9283	96.1634	203.908	0	0	0	0	8.76
100.016	96.1997	203.785	0	0	0	0	8.775
100.1	96.2708	203.629	0	0	0	0	8.79
100.18	96.3764	203.443	0	0	0	0	8.805
100.257	96.5155	203.228	0	0	0	0	8.82
100.328	96.687	202.985	0	0	0	0	8.835
100.394	96.8897	202.717	0	0	0	0	8.85
100.453	97.1219	202.425	0	0	0	0	8.865
100.506	97.3816	202.112	0	0	0	0	8.88
100.552	97.6669	201.781	0	0	0	0	8.895
100.59	97.9752	201.435	0	0	0	0	8.91
100.62	98.3041	201.076	0	0	0	0	8.925
100.642	98.6507	200.707	0	0	0	0	8.94
100.656	99.0121	200.332	0	0	0	0	8.955
100.661	99.3851	199.954	0	0	0	0	8.97
100.658	99.7665	199.576	0	0	0	0	8.985
100.646	100.153	199.201	0	0	0	0	9
100.626	100.541	198.834	0	0	0	0	9.015
100.597	100.926	198.476	0	0	0	0	9.03
100.561	101.307	198.133	0	0	0	0	9.045
100.516	101.678	197.806	0	0	0	0	9.06
100.465	102.036	197.499	0	0	0	0	9.075
100.407	102.379	197.215	0	0	0	0	9.09
100.342	102.702	196.956	0	0	0	0	9.105
100.272	103.003	196.725	0	0	0	0	9.12
100.197	103.278	196.524	0	0	0	0	9.135
100.118	103.526	196.356	0	0	0	0	9.15
100.035	103.743	196.222	0	0	0	0	9.165
99.949	103.928	196.123	0	0	0	0	9.18
99.8614	104.079	196.06	0	0	0	0	9.195
99.7726	104.194	196.034	0	0	0	0	9.21
99.6835	104.272	196.045	0	0	0	0	9.225
99.595	104.312	196.093	0	0	0	0	9.24
99.5078	104.314	196.178	0	0	0	0	9.255
99.4229	104.278	196.299	0	0	0	0	9.27
99.3409	104.205	196.454	0	0	0	0	9.285
99.2626	104.095	196.643	0	0	0	0	9.3
99.1889	103.949	196.862	0	0	0	0	9.315
99.1202	103.769	197.111	0	0	0	0	9.33
99.0574	103.556	197.387	0	0	0	0	9.345
99.0009	103.313	197.687	0	0	0	0	9.36
98.9513	103.041	198.007	0	0	0	0	9.375
98.909	102.744	198.347	0	0	0	0	9.39
98.8744	102.425	198.701	0	0	0	0	9.405
98.8478	102.086	199.066	0	0	0	0	9.42
98.8295	101.73	199.44	0	0	0	0	9.435
98.8195	101.361	199.819	0	0	0	0	9.45
98.818	100.982	200.2	0	0	0	0	9.465
98.825	100.597	200.578	0	0	0	0	9.48
98.8404	100.209	200.951	0	0	0	0	9.495
98.8641	99.8205	201.315	0	0	0	0	9.51
98.8959	99.4362	201.668	0	0	0	0	9.525
98.9354	99.0589	202.006	0	0	0	0	9.54
98.9824	98.6918	202.326	0	0	0	0	9.555
99.0364	98.3381	202.626	0	0	0	0	9.57
99.097	98.0006	202.902	0	0	0	0	9.585
99.1636	97.6822	203.154	0	0	0	0	9.6
99.2358	97.3854	203.379	0	0	0	0	9.615
99.3127	97.1128	203.574	0	0	0	0	9.63
99.394	96.8664	203.74	0	0	0	0	9.645
99.4787	96.6484	203.873	0	0	0	0	9.66
99.5663	96.4604	203.973	0	0	0	0	9.675
99.656	96.304	204.04	0	0	0	0	9.69
99.747	96.1803	204.073	0	0	0	0	9.705
99.8385	96.0905	204.071	0	0	0	0	9.72
99.9299	96.0353	204.035	0	0	0	0	9.735
100.02	96.015	203.965	0	0	0	0	9.75
100.109	96.03	203.861	0	0	0	0	9.765
100.195	96.0801	203.725	0	0	0	0	9.78
100.278	96.165	203.557	0	0	0	0	9.795
100.357	96.284	203.359	0	0	0	0	9.81
100.432	96.4362	203.132	0	0	0	0	9.825
100.501	96.6205	202.879	0	0	0	0	9.84
100.564	96.8354	202.6	0	0	0	0	9.855
100.621	97.0792	202.3	0	0	0	0	9.87
100.671	97.3499	201.979	0	0	0	0	9.885
100.714	97.6454	201.641	0	0	0	0	9.9
100.749	97.9631	201.288	0	0	0	0	9.915
100.776	98.3004	200.924	0	0	0	0	9.93
100.794	98.6546	200.551	0	0	0	0	9.945
100.805	99.0225	200.173	0	0	0	0	9.96
100.806	99.4009	199.793	0	0	0	0	9.975
100.799	99.7866	199.414	0	0	0	0	9.99
100.784	100.176	199.04	0	0	0	0	10.005
100.76	100.566	198.674	0	0	0	0	10.02
100.728	100.953	198.32	0	0	0	0	10.035
100.688	101.332	197.98	0	0	0	0	10.05
100.64	101.702	197.658	0	0	0	0	10.065
100.585	102.058	197.357	0	0	0	0	10.08
100.524	102.396	197.08	0	0	0	0	10.095
100.456	102.715	196.829	0	0	0	0	10.11
100.383	103.01	196.607	0	0	0	0	10.125
100.306	103.279	196.416	0	0	0	0	10.14
100.224	103.519	196.258	0	0	0	0	10.155
100.139	103.728	196.134	0	0	0	0	10.17
100.051	103.903	196.046	0	0	0	0	10.185
99.9616	104.044	195.994	0	0	0	0	10.2
99.8713	104.149	195.98	0	0	0	0	10.215
99.7811	104.216	196.003	0	0	0	0	10.23
99.6916	104.246	196.062	0	0	0	0	10.245
99.6037	104.238	196.159	0	0	0	0	10.26
99.5183	104.191	196.291	0	0	0	0	10.275
99.4362	104.107	196.457	0	0	0	0	10.29
99.358	103.987	196.655	0	0	0	0	10.305
99.2845	103.831	196.885	0	0	0	0	10.32
99.2163	103.641	197.142	0	0	0	0	10.335
99.1542	103.42	197.426	0	0	0	0	10.35
99.0986	103.169	197.733	0	0	0	0	10.365
99.05	102.89	198.06	0	0	0	0	10.38
99.0088	102.587	198.404	0	0	0	0	10.395
98.9755	102.262	198.762	0	0	0	0	10.41
98.9502	101.919	199.131	0	0	0	0	10.425
98.9333	101.56	199.507	0	0	0	0	10.44
98.9248	101.189	199.887	0	0	0	0	10.455
98.9247	100.809	200.267	0	0	0	0	10.47
98.9332	100.423	200.644	0	0	0	0	10.485
98.95	100.036	201.014	0	0	0	0	10.5
98.9751	99.65	201.375	0	0	0	0	10.515
99.0081	99.269	201.723	0	0	0	0	10.53
99.0489	98.896	202.055	0	0	0	0	10.545
99.0969	98.5343	202.369	0	0	0	0	10.56
99.1519	98.1868	202.661	0	0	0	0	10.575
99.2132	97.8566	202.93	0	0	0	0	10.59
99.2805	97.5464	203.173	0	0	0	0	10.605
99.353	97.2586	203.388	0	0	0	0	10.62
99.4302	96.9957	203.574	0	0	0	0	10.635
99.5114	96.7597	203.729	0	0	0	0	10.65
99.5959	96.5527	203.851	0	0	0	0	10.665
99.6829	96.3763	203.941	0	0	0	0	10.68
99.7719	96.2318	203.996	0	0	0	0	10.695
99.8619	96.1205	204.018	0	0	0	0	10.71
99.9522	96.0433	204.004	0	0	0	0	10.725
100.042	96.0009	203.957	0	0	0	0	10.74
100.131	95.9935	203.876	0	0	0	0	10.755
100.217	96.0214	203.761	0	0	0	0	10.77
100.301	96.0843	203.614	0	0	0	0	10.785
100.382	96.1818	203.436	0	0	0	0	10.8
100.458	96.3132	203.229	0	0	0	0	10.815
100.53	96.4774	202.993	0	0	0	0	10.83
100.596	96.6733	202.731	0	0	0	0	10.845
100.656	96.8992	202.445	0	0	0	0	10.86
100.709	97.1533	202.138	0	0	0	0	10.875
100.756	97.4337	201.811	0	0	0	0	10.89
100.794	97.738	201.468	0	0	0	0	10.905
100.826	98.0638	201.111	0	0	0	0	10.92
100.848	98.4082	200.743	0	0	0	0	10.935
100.863	98.7684	200.368	0	0	0	0	10.95
100.869	99.1414	199.989	0	0	0	0	10.965
100.867	99.5237	199.61	0	0	0	0	10.98
100.856	99.9122	199.232	0	0	0	0	10.995
100.836	100.303	198.861	0	0	0	0	11.01
100.808	100.694	198.498	0	0	0	0	11.025
100.772	101.079	198.149	0	0	0	0	11.04
100.728	101.457	197.815	0	0	0	0	11.055
100.677	101.824	197.5	0	0	0	0	11.07
100.618	102.175	197.207	0	0	0	0	11.085
100.554	102.508	196.938	0	0	0	0	11.1
100.483	102.82	196.697	0	0	0	0	11.115
100.407	103.108	196.485	0	0	0	0	11.13
100.327	103.368	196.305	0	0	0	0	11.145
100.242	103.599	196.159	0	0	0	0	11.16
100.155	103.798	196.047	0	0	0	0	11.175
100.065	103.963	195.972	0	0	0	0	11.19
99.9745	104.093	195.933	0	0	0	0	11.205
99.883	104.186	195.931	0	0	0	0	11.22
99.7917	104.241	195.967	0	0	0	0	11.235
99.7015	104.259	196.04	0	0	0	0	11.25
99.6132	104.238	196.149	0	0	0	0	11.265
99.5276	104.18	196.293	0	0	0	0	11.28
99.4455	104.084	196.47	0	0	0	0	11.295
99.3677	103.952	196.68	0	0	0	0	11.31
99.2948	103.786	196.92	0	0	0	0	11.325
99.2276	103.586	197.187	0	0	0	0	11.34
99.1664	103.354	197.479	0	0	0	0	11.355
99.1121	103.094	197.794	0	0	0	0	11.37
99.0649	102.807	198.128	0	0	0	0	11.385
99.0253	102.497	198.478	0	0	0	0	11.4
98.9936	102.166	198.841	0	0	0	0	11.415
98.9701	101.817	199.213	0	0	0	0	11.43
98.955	101.454	199.591	0	0	0	0	11.445
98.9484	101.08	199.972	0	0	0	0	11.46
98.9503	100.698	200.352	0	0	0	0	11.475
98.9606	100.311	200.728	0	0	0	0	11.49
98.9793	99.9244	201.096	0	0	0	0	11.505
99.0062	99.54	201.454	0	0	0	0	11.52
99.041	99.1614	201.798	0	0	0	0	11.535
99.0833	98.792	202.125	0	0	0	0	11.55
99.1329	98.4348	202.432	0	0	0	0	11.565
99.1892	98.093	202.718	0	0	0	0	11.58
99.2518	97.7693	202.979	0	0	0	0	11.595
99.3201	97.4664	203.214	0	0	0	0	11.61
99.3935	97.1868	203.42	0	0	0	0	11.625
99.4713	96.9327	203.596	0	0	0	0	11.64
99.553	96.7064	203.741	0	0	0	0	11.655
99.6377	96.5095	203.853	0	0	0	0	11.67
99.7248	96.3437	203.932	0	0	0	0	11.685
99.8134	96.2103	203.976	0	0	0	0	11.7
99.9029	96.1104	203.987	0	0	0	0	11.715
99.9925	96.0449	203.963	0	0	0	0	11.73
100.081	96.0142	203.904	0	0	0	0	11.745
100.169	96.0187	203.812	0	0	0	0	11.76
100.254	96.0585	203.688	0	0	0	0	11.775
100.336	96.1331	203.531	0	0	0	0	11.79
100.415	96.2421	203.343	0	0	0	0	11.805
100.489	96.3847	203.126	0	0	0	0	11.82
100.558	96.5598	202.882	0	0	0	0	11.835
100.622	96.766	202.612	0	0	0	0	11.85
100.679	97.0017	202.319	0	0	0	0	11.865
100.73	97.2649	202.006	0	0	0	0	11.88
100.773	97.5537	201.673	0	0	0	0	11.895
100.809	97.8656	201.326	0	0	0	0	11.91
100.837	98.198	200.965	0	0	0	0	11.925
100.856	98.5481	200.596	0	0	0	0	11.94
100.867	98.9131	200.219	0	0	0	0	11.955
100.87	99.2896	199.84	0	0	0	0	11.97
100.864	99.6745	199.461	0	0	0	0	11.985
100.85	100.064	199.086	0	0	0	0	12
100.827	100.456	198.717	0	0	0	0	12.015
100.796	100.845	198.359	0	0	0	0	12.03
100.757	101.228	198.015	0	0	0	0	12.045
100.71	101.603	197.687	0	0	0	0	12.06
100.656	101.965	197.38	0	0	0	0	12.075
100.595	102.311	197.095	0	0	0	0	12.09
100.527	102.637	196.836	0	0	0	0	12.105
100.454	102.941	196.604	0	0	0	0	12.12
100.377	103.22	196.404	0	0	0	0	12.135
100.294	103.471	196.235	0	0	0	0	12.15
100.209	103.691	196.101	0	0	0	0	12.165
100.12	103.879	196.001	0	0	0	0	12.18
100.03	104.032	195.938	0	0	0	0	12.195
99.9379	104.15	195.912	0	0	0	0	12.21
99.846	104.23	195.924	0	0	0	0	12.225
99.7547	104.273	195.972	0	0	0	0	12.24
99.6647	104.278	196.058	0	0	0	0	12.255
99.5769	104.244	196.179	0	0	0	0	12.27
99.4921	104.173	196.334	0	0	0	0	12.285
99.4111	104.065	196.523	0	0	0	0	12.3
99.3345	103.922	196.744	0	0	0	0	12.315
99.2632	103.743	196.993	0	0	0	0	12.33
99.1976	103.533	197.27	0	0	0	0	12.345
99.1384	103.291	197.57	0	0	0	0	12.36
99.0861	103.022	197.892	0	0	0	0	12.375
99.0412	102.727	198.232	0	0	0	0	12.39
99.004	102.409	198.587	0	0	0	0	12.405
98.9748	102.071	198.954	0	0	0	0	12.42
98.9539	101.717	199.329	0	0	0	0	12.435
98.9414	101.35	199.709	0	0	0	0	12.45
98.9374	100.972	200.09	0	0	0	0	12.465
98.9419	100.588	200.47	0	0	0	0	12.48
98.9549	100.201	200.844	0	0	0	0	12.495
98.9762	99.8146	201.209	0	0	0	0	12.51
99.0055	99.4315	201.563	0	0	0	0	12.525
99.0427	99.0554	201.902	0	0	0	0	12.54
99.0874	98.6896	202.223	0	0	0	0	12.555
99.1391	98.337	202.524	0	0	0	0	12.57
99.1975	98.0007	202.802	0	0	0	0	12.585
99.2619	97.6834	203.055	0	0	0	0	12.6
99.3318	97.3878	203.28	0	0	0	0	12.615
99.4066	97.1163	203.477	0	0	0	0	12.63
99.4857	96.8711	203.643	0	0	0	0	12.645
99.5683	96.6542	203.777	0	0	0	0	12.66
99.6538	96.4673	203.879	0	0	0	0	12.675
99.7414	96.3119	203.947	0	0	0	0	12.69
99.8304	96.1894	203.98	0	0	0	0	12.705
99.9199	96.1007	203.979	0	0	0	0	12.72
100.009	96.0466	203.944	0	0	0	0	12.735
100.098	96.0275	203.875	0	0	0	0	12.75
100.184	96.0435	203.772	0	0	0	0	12.765
100.269	96.0948	203.637	0	0	0	0	12.78
100.35	96.1807	203.47	0	0	0	0	12.795
100.427	96.3009	203.272	0	0	0	0	12.81
100.499	96.4542	203.046	0	0	0	0	12.825
100.567	96.6397	202.794	0	0	0	0	12.84
100.628	96.8557	202.516	0	0	0	0	12.855
100.683	97.1006	202.216	0	0	0	0	12.87
100.731	97.3724	201.896	0	0	0	0	12.885
100.772	97.669	201.559	0	0	0	0	12.9
100.805	97.9878	201.207	0	0	0	0	12.915
100.831	98.3262	200.843	0	0	0	0	12.93
100.847	98.6815	200.471	0	0	0	0	12.945
100.856	99.0504	200.094	0	0	0	0	12.96
100.856	99.4299	199.714	0	0	0	0	12.975
100.847	99.8166	199.336	0	0	0	0	12.99
100.83	100.207	198.963	0	0	0	0	13.005
100.804	100.598	198.598	0	0	0	0	13.02
100.77	100.985	198.244	0	0	0	0	13.035
100.728	101.366	197.905	0	0	0	0	13.05
100.679	101.737	197.584	0	0	0	0	13.065
100.623	102.093	197.284	0	0	0	0	13.08
100.56	102.433	197.008	0	0	0	0	13.095
100.49	102.752	196.758	0	0	0	0	13.11
100.416	103.048	196.536	0	0	0	0	13.125
100.336	103.317	196.346	0	0	0	0	13.14
100.253	103.558	196.189	0	0	0	0	13.155
100.166	103.767	196.066	0	0	0	0	13.17
100.077	103.944	195.979	0	0	0	0	13.185
99.9863	104.085	195.929	0	0	0	0	13.2
99.8946	104.19	195.915	0	0	0	0	13.215
99.8029	104.258	195.939	0	0	0	0	13.23
99.712	104.288	196	0	0	0	0	13.245
99.6227	104.28	196.098	0	0	0	0	13.26
99.5359	104.234	196.23	0	0	0	0	13.275
99.4524	104.15	196.398	0	0	0	0	13.29
99.3729	104.03	196.597	0	0	0	0	13.305
99.2981	103.874	196.828	0	0	0	0	13.32
99.2287	103.685	197.087	0	0	0	0	13.335
99.1653	103.463	197.372	0	0	0	0	13.35
99.1084	103.212	197.68	0	0	0	0	13.365
99.0587	102.933	198.008	0	0	0	0	13.38
99.0164	102.63	198.353	0	0	0	0	13.395
98.9819	102.305	198.713	0	0	0	0	13.41
98.9555	101.962	199.083	0	0	0	0	13.425
98.9375	101.603	199.46	0	0	0	0	13.44
98.9279	101.231	199.841	0	0	0	0	13.455
98.9269	100.851	200.222	0	0	0	0	13.47
98.9344	100.466	200.6	0	0	0	0	13.485
98.9502	100.078	200.971	0	0	0	0	13.5
98.9743	99.6923	201.333	0	0	0	0	13.515
99.0065	99.3111	201.682	0	0	0	0	13.53
99.0463	98.9379	202.016	0	0	0	0	13.545
99.0935	98.576	202.331	0	0	0	0	13.56
99.1476	98.2284	202.624	0	0	0	0	13.575
99.2081	97.898	202.894	0	0	0	0	13.59
99.2745	97.5875	203.138	0	0	0	0	13.605
99.3463	97.2996	203.354	0	0	0	0	13.62
99.4227	97.0365	203.541	0	0	0	0	13.635
99.5031	96.8003	203.697	0	0	0	0	13.65
99.5869	96.5931	203.82	0	0	0	0	13.665
99.6733	96.4164	203.91	0	0	0	0	13.68
99.7615	96.2718	203.967	0	0	0	0	13.695
99.8509	96.1603	203.989	0	0	0	0	13.71
99.9405	96.0829	203.977	0	0	0	0	13.725
100.03	96.0403	203.93	0	0	0	0	13.74
100.118	96.0328	203.849	0	0	0	0	13.755
100.204	96.0605	203.736	0	0	0	0	13.77
100.287	96.1232	203.59	0	0	0	0	13.785
100.367	96.2205	203.412	0	0	0	0	13.8
100.443	96.3517	203.205	0	0	0	0	13.815
100.514	96.5158	202.97	0	0	0	0	13.83
100.579	96.7114	202.709	0	0	0	0	13.845
100.639	96.9372	202.424	0	0	0	0	13.86
100.692	97.1911	202.117	0	0	0	0	13.875
100.738	97.4713	201.791	0	0	0	0	13.89
100.776	97.7755	201.448	0	0	0	0	13.905
100.807	98.101	201.092	0	0	0	0	13.92
100.829	98.4452	200.725	0	0	0	0	13.935
100.844	98.8052	200.351	0	0	0	0	13.95
100.849	99.1779	199.973	0	0	0	0	13.965
100.846	99.5601	199.593	0	0	0	0	13.98
100.835	99.9483	199.217	0	0	0	0	13.995
100.815	100.339	198.846	0	0	0	0	14.01
100.787	100.729	198.484	0	0	0	0	14.025
100.75	101.115	198.135	0	0	0	0	14.04
100.706	101.492	197.802	0	0	0	0	14.055
100.654	101.858	197.487	0	0	0	0	14.07
100.596	102.21	197.195	0	0	0	0	14.085
100.531	102.543	196.927	0	0	0	0	14.1
100.46	102.854	196.686	0	0	0	0	14.115
100.384	103.141	196.475	0	0	0	0	14.13
100.303	103.401	196.295	0	0	0	0	14.145
100.219	103.632	196.15	0	0	0	0	14.16
100.131	103.83	196.039	0	0	0	0	14.175
100.041	103.995	195.964	0	0	0	0	14.19
99.9504	104.124	195.925	0	0	0	0	14.205
99.8587	104.217	195.924	0	0	0	0	14.22
99.7672	104.272	195.961	0	0	0	0	14.235
99.6769	104.289	196.034	0	0	0	0	14.25
99.5885	104.268	196.143	0	0	0	0	14.265
99.5028	104.21	196.288	0	0	0	0	14.28
99.4207	104.114	196.466	0	0	0	0	14.295
99.3428	103.981	196.676	0	0	0	0	14.31
99.2698	103.814	196.916	0	0	0	0	14.325
99.2025	103.614	197.184	0	0	0	0	14.34
99.1413	103.382	197.477	0	0	0	0	14.355
99.0869	103.121	197.792	0	0	0	0	14.37
99.0396	102.834	198.126	0	0	0	0	14.385
99	102.524	198.476	0	0	0	0	14.4
98.9683	102.192	198.84	0	0	0	0	14.415
98.9448	101.843	199.212	0	0	0	0	14.43
98.9297	101.479	199.591	0	0	0	0	14.445
98.9231	101.105	199.972	0	0	0	0	14.46
98.925	100.722	200.353	0	0	0	0	14.475
98.9354	100.336	200.729	0	0	0	0	14.49
98.9541	99.9484	201.097	0	0	0	0	14.505
98.981	99.5636	201.455	0	0	0	0	14.52
99.0158	99.1846	201.8	0	0	0	0	14.535
99.0583	98.8148	202.127	0	0	0	0	14.55
99.1079	98.4573	202.435	0	0	0	0	14.565
99.1643	98.1151	202.721	0	0	0	0	14.58
99.2269	97.791	202.982	0	0	0	0	14.595
99.2952	97.4878	203.217	0	0	0	0	14.61
99.3687	97.2078	203.423	0	0	0	0	14.625
99.4466	96.9534	203.6	0	0	0	0	14.64
99.5283	96.7267	203.745	0	0	0	0	14.655
99.6131	96.5295	203.857	0	0	0	0	14.67
99.7003	96.3633	203.936	0	0	0	0	14.685
99.7891	96.2296	203.981	0	0	0	0	14.7
99.8787	96.1294	203.992	0	0	0	0	14.715
99.9684	96.0635	203.968	0	0	0	0	14.73
100.057	96.0325	203.91	0	0	0	0	14.745
100.145	96.0367	203.818	0	0	0	0	14.76
100.23	96.076	203.694	0	0	0	0	14.775
100.313	96.1503	203.537	0	0	0	0	14.79
100.391	96.259	203.35	0	0	0	0	14.805
100.466	96.4013	203.133	0	0	0	0	14.82
100.535	96.576	202.889	0	0	0	0	14.835
100.599	96.7818	202.62	0	0	0	0	14.85
100.656	97.0172	202.327	0	0	0	0	14.865
100.707	97.2801	202.013	0	0	0	0	14.88
100.75	97.5685	201.681	0	0	0	0	14.895
100.786	97.88	201.334	0	0	0	0	14.91
100.814	98.2121	200.974	0	0	0	0	14.925
100.834	98.5619	200.604	0	0	0	0	14.94
100.846	98.9264	200.228	0	0	0	0	14.955
100.848	99.3026	199.849	0	0	0	0	14.97
100.843	99.6872	199.47	0	0	0	0	14.985
