S	I	R	e	d	dI	f	t
300	100	0	0	0	0	0	0
295.474	104.881	-0.354997	0	0	0	0	0.015
290.763	109.88	-0.643264	0	0	0	0	0.03
285.909	114.913	-0.821937	0	0	0	0	0.045
280.921	119.928	-0.849012	0	0	0	0	0.06
275.813	124.868	-0.681657	0	0	0	0	0.075
270.6	129.678	-0.277366	0	0	0	0	0.09
265.299	134.297	0.40473	0	0	0	0	0.105
259.929	138.668	1.40248	0	0	0	0	0.12
254.513	142.737	2.74939	0	0	0	0	0.135
249.073	146.454	4.47334	0	0	0	0	0.15
243.631	149.773	6.5956	0	0	0	0	0.165
238.213	152.657	9.12995	0	0	0	0	0.18
232.84	155.078	12.0822	0	0	0	0	0.195
227.536	157.014	15.4501	0	0	0	0	0.21
222.321	158.455	19.2232	0	0	0	0	0.225
217.217	159.4	23.3837	0	0	0	0	0.24
212.24	159.853	27.9066	0	0	0	0	0.255
207.407	159.832	32.7613	0	0	0	0	0.27
202.731	159.357	37.9121	0	0	0	0	0.285
198.224	158.456	43.3194	0	0	0	0	0.3
193.895	157.164	48.9412	0	0	0	0	0.315
189.75	155.516	54.734	0	0	0	0	0.33
185.795	153.551	60.654	0	0	0	0	0.345
182.032	151.311	66.6578	0	0	0	0	0.36
178.461	148.836	72.7034	0	0	0	0	0.375
175.083	146.166	78.751	0	0	0	0	0.39
171.894	143.343	84.7633	0	0	0	0	0.405
168.892	140.402	90.7062	0	0	0	0	0.42
166.071	137.38	96.5486	0	0	0	0	0.435
163.427	134.31	102.263	0	0	0	0	0.45
160.954	131.221	107.825	0	0	0	0	0.465
158.645	128.14	113.215	0	0	0	0	0.48
156.492	125.094	118.414	0	0	0	0	0.495
154.489	122.102	123.41	0	0	0	0	0.51
152.627	119.183	128.189	0	0	0	0	0.525
150.9	116.355	132.745	0	0	0	0	0.54
149.299	113.63	137.071	0	0	0	0	0.555
147.818	111.019	141.163	0	0	0	0	0.57
146.448	108.532	145.02	0	0	0	0	0.585
145.182	106.177	148.641	0	0	0	0	0.6
144.013	103.959	152.028	0	0	0	0	0.615
142.933	101.882	155.185	0	0	0	0	0.63
141.937	99.9487	158.115	0	0	0	0	0.645
141.017	98.1608	160.823	0	0	0	0	0.66
140.167	96.5188	163.315	0	0	0	0	0.675
139.38	95.0221	165.598	0	0	0	0	0.69
138.652	93.6695	167.678	0	0	0	0	0.705
137.976	92.4588	169.565	0	0	0	0	0.72
137.348	91.3873	171.265	0	0	0	0	0.735
136.761	90.4518	172.787	0	0	0	0	0.75
136.212	89.6483	174.14	0	0	0	0	0.765
135.695	88.9724	175.332	0	0	0	0	0.78
135.207	88.4192	176.374	0	0	0	0	0.795
134.743	87.9831	177.274	0	0	0	0	0.81
134.3	87.6585	178.042	0	0	0	0	0.825
133.874	87.4387	178.687	0	0	0	0	0.84
133.462	87.3168	179.221	0	0	0	0	0.855
133.061	87.2855	179.654	0	0	0	0	0.87
132.668	87.3368	179.995	0	0	0	0	0.885
132.281	87.4622	180.257	0	0	0	0	0.9
131.898	87.6525	180.449	0	0	0	0	0.915
131.518	87.8984	180.584	0	0	0	0	0.93
131.138	88.1898	180.673	0	0	0	0	0.945
130.758	88.516	180.726	0	0	0	0	0.96
130.376	88.8663	180.758	0	0	0	0	0.975
129.993	89.2293	180.778	0	0	0	0	0.99
129.608	89.5935	180.798	0	0	0	0	1.005
129.222	89.9472	180.831	0	0	0	0	1.02
128.834	90.2787	180.887	0	0	0	0	1.035
128.446	90.5762	180.978	0	0	0	0	1.05
128.058	90.8283	181.114	0	0	0	0	1.065
127.672	91.0241	181.304	0	0	0	0	1.08
127.29	91.1529	181.557	0	0	0	0	1.095
126.912	91.2052	181.882	0	0	0	0	1.11
126.543	91.1718	182.286	0	0	0	0	1.125
126.182	91.0451	182.773	0	0	0	0	1.14
125.833	90.8183	183.349	0	0	0	0	1.155
125.498	90.4859	184.016	0	0	0	0	1.17
125.18	90.0441	184.776	0	0	0	0	1.185
124.881	89.4902	185.629	0	0	0	0	1.2
124.603	88.8232	186.574	0	0	0	0	1.215
124.349	88.0435	187.607	0	0	0	0	1.23
124.122	87.153	188.725	0	0	0	0	1.245
123.924	86.1551	189.921	0	0	0	0	1.26
123.756	85.0544	191.19	0	0	0	0	1.275
123.62	83.857	192.523	0	0	0	0	1.29
123.52	82.5699	193.91	0	0	0	0	1.305
123.455	81.2011	195.344	0	0	0	0	1.32
123.427	79.7595	196.813	0	0	0	0	1.335
123.438	78.2546	198.307	0	0	0	0	1.35
123.488	76.6963	199.815	0	0	0	0	1.365
123.578	75.0949	201.327	0	0	0	0	1.38
123.708	73.4608	202.831	0	0	0	0	1.395
123.878	71.8045	204.318	0	0	0	0	1.41
124.088	70.136	205.776	0	0	0	0	1.425
124.338	68.4655	207.197	0	0	0	0	1.44
124.627	66.8024	208.571	0	0	0	0	1.455
124.954	65.1558	209.891	0	0	0	0	1.47
125.318	63.5343	211.148	0	0	0	0	1.485
125.718	61.9455	212.336	0	0	0	0	1.5
126.153	60.3969	213.45	0	0	0	0	1.515
126.621	58.8948	214.484	0	0	0	0	1.53
127.121	57.445	215.434	0	0	0	0	1.545
127.651	56.0528	216.296	0	0	0	0	1.56
128.209	54.7225	217.069	0	0	0	0	1.575
128.793	53.4578	217.75	0	0	0	0	1.59
129.401	52.2619	218.337	0	0	0	0	1.605
130.031	51.1374	218.831	0	0	0	0	1.62
130.682	50.0862	219.232	0	0	0	0	1.635
131.35	49.1099	219.54	0	0	0	0	1.65
132.035	48.2094	219.756	0	0	0	0	1.665
132.733	47.3853	219.882	0	0	0	0	1.68
133.443	46.6379	219.919	0	0	0	0	1.695
134.163	45.967	219.87	0	0	0	0	1.71
134.89	45.3721	219.738	0	0	0	0	1.725
135.622	44.8526	219.525	0	0	0	0	1.74
136.358	44.4073	219.235	0	0	0	0	1.755
137.095	44.035	218.87	0	0	0	0	1.77
137.832	43.7342	218.434	0	0	0	0	1.785
138.566	43.5031	217.931	0	0	0	0	1.8
139.296	43.3397	217.364	0	0	0	0	1.815
140.02	43.2417	216.738	0	0	0	0	1.83
140.736	43.2066	216.058	0	0	0	0	1.845
141.442	43.2317	215.326	0	0	0	0	1.86
142.137	43.3137	214.549	0	0	0	0	1.875
142.82	43.4493	213.73	0	0	0	0	1.89
143.489	43.6348	212.876	0	0	0	0	1.905
144.143	43.8659	211.991	0	0	0	0	1.92
144.78	44.1382	211.082	0	0	0	0	1.935
145.4	44.4467	210.153	0	0	0	0	1.95
146.002	44.7863	209.211	0	0	0	0	1.965
146.586	45.1512	208.263	0	0	0	0	1.98
147.15	45.5352	207.315	0	0	0	0	1.995
147.694	45.9321	206.374	0	0	0	0	2.01
148.219	46.3349	205.446	0	0	0	0	2.025
148.725	46.7366	204.538	0	0	0	0	2.04
149.211	47.1301	203.659	0	0	0	0	2.055
149.679	47.5078	202.813	0	0	0	0	2.07
150.129	47.8623	202.009	0	0	0	0	2.085
150.561	48.1863	201.252	0	0	0	0	2.1
150.978	48.4726	200.549	0	0	0	0	2.115
151.381	48.7142	199.905	0	0	0	0	2.13
151.771	48.9047	199.324	0	0	0	0	2.145
152.15	49.0381	198.812	0	0	0	0	2.16
152.52	49.1093	198.371	0	0	0	0	2.175
152.883	49.1137	198.003	0	0	0	0	2.19
153.241	49.0478	197.711	0	0	0	0	2.205
153.596	48.909	197.495	0	0	0	0	2.22
153.952	48.6958	197.353	0	0	0	0	2.235
154.309	48.4076	197.284	0	0	0	0	2.25
154.67	48.0449	197.285	0	0	0	0	2.265
155.038	47.6096	197.353	0	0	0	0	2.28
155.414	47.1041	197.482	0	0	0	0	2.295
155.802	46.5321	197.666	0	0	0	0	2.31
156.201	45.8982	197.9	0	0	0	0	2.325
156.616	45.2077	198.177	0	0	0	0	2.34
157.046	44.4664	198.488	0	0	0	0	2.355
157.493	43.6809	198.826	0	0	0	0	2.37
157.959	42.8579	199.183	0	0	0	0	2.385
158.445	42.0048	199.55	0	0	0	0	2.4
158.95	41.1286	199.921	0	0	0	0	2.415
159.477	40.2368	200.286	0	0	0	0	2.43
160.024	39.3364	200.64	0	0	0	0	2.445
160.592	38.4346	200.973	0	0	0	0	2.46
161.181	37.5379	201.281	0	0	0	0	2.475
161.791	36.6526	201.557	0	0	0	0	2.49
162.42	35.7848	201.795	0	0	0	0	2.505
163.069	34.9398	201.991	0	0	0	0	2.52
163.737	34.1225	202.141	0	0	0	0	2.535
164.421	33.3375	202.241	0	0	0	0	2.55
165.122	32.5888	202.289	0	0	0	0	2.565
165.838	31.8797	202.282	0	0	0	0	2.58
166.568	31.2133	202.219	0	0	0	0	2.595
167.31	30.5923	202.098	0	0	0	0	2.61
168.063	30.0186	201.919	0	0	0	0	2.625
168.824	29.4943	201.681	0	0	0	0	2.64
169.594	29.0206	201.385	0	0	0	0	2.655
170.369	28.5988	201.032	0	0	0	0	2.67
171.149	28.2297	200.621	0	0	0	0	2.685
171.931	27.914	200.155	0	0	0	0	2.7
172.714	27.6521	199.634	0	0	0	0	2.715
173.496	27.4443	199.06	0	0	0	0	2.73
174.275	27.2906	198.434	0	0	0	0	2.745
175.05	27.191	197.759	0	0	0	0	2.76
175.819	27.1453	197.036	0	0	0	0	2.775
176.579	27.153	196.268	0	0	0	0	2.79
177.33	27.2138	195.456	0	0	0	0	2.805
178.07	27.3268	194.603	0	0	0	0	2.82
178.797	27.4913	193.712	0	0	0	0	2.835
179.509	27.7062	192.785	0	0	0	0	2.85
180.205	27.9701	191.825	0	0	0	0	2.865
180.883	28.2816	190.836	0	0	0	0	2.88
181.542	28.6387	189.82	0	0	0	0	2.895
182.18	29.0394	188.781	0	0	0	0	2.91
182.796	29.4809	187.723	0	0	0	0	2.925
183.389	29.9603	186.65	0	0	0	0	2.94
183.958	30.4742	185.568	0	0	0	0	2.955
184.502	31.0186	184.48	0	0	0	0	2.97
185.02	31.5891	183.391	0	0	0	0	2.985
185.511	32.1808	182.309	0	0	0	0	3
185.974	32.7882	181.237	0	0	0	0	3.015
186.411	33.4053	180.184	0	0	0	0	3.03
186.82	34.0258	179.154	0	0	0	0	3.045
187.202	34.6428	178.155	0	0	0	0	3.06
187.558	35.2492	177.193	0	0	0	0	3.075
187.887	35.8376	176.275	0	0	0	0	3.09
188.192	36.4003	175.408	0	0	0	0	3.105
188.473	36.9299	174.597	0	0	0	0	3.12
188.732	37.4189	173.849	0	0	0	0	3.135
188.971	37.8602	173.169	0	0	0	0	3.15
189.191	38.2471	172.562	0	0	0	0	3.165
189.395	38.5735	172.031	0	0	0	0	3.18
189.586	38.8339	171.58	0	0	0	0	3.195
189.765	39.0239	171.211	0	0	0	0	3.21
189.936	39.14	170.924	0	0	0	0	3.225
190.102	39.1796	170.718	0	0	0	0	3.24
190.265	39.1416	170.593	0	0	0	0	3.255
190.428	39.0258	170.546	0	0	0	0	3.27
190.594	38.8332	170.573	0	0	0	0	3.285
190.766	38.5661	170.668	0	0	0	0	3.3
190.945	38.2277	170.827	0	0	0	0	3.315
191.136	37.8224	171.042	0	0	0	0	3.33
191.339	37.3554	171.306	0	0	0	0	3.345
191.557	36.8325	171.61	0	0	0	0	3.36
191.792	36.2602	171.948	0	0	0	0	3.375
192.045	35.6457	172.309	0	0	0	0	3.39
192.318	34.9962	172.686	0	0	0	0	3.405
192.611	34.3192	173.07	0	0	0	0	3.42
192.925	33.6222	173.453	0	0	0	0	3.435
193.261	32.9125	173.827	0	0	0	0	3.45
193.618	32.1974	174.184	0	0	0	0	3.465
193.997	31.4836	174.519	0	0	0	0	3.48
194.398	30.7777	174.824	0	0	0	0	3.495
194.819	30.0856	175.095	0	0	0	0	3.51
195.261	29.413	175.326	0	0	0	0	3.525
195.721	28.7648	175.514	0	0	0	0	3.54
196.2	28.1455	175.654	0	0	0	0	3.555
196.696	27.5592	175.745	0	0	0	0	3.57
197.207	27.0095	175.784	0	0	0	0	3.585
197.732	26.4993	175.769	0	0	0	0	3.6
198.269	26.0313	175.7	0	0	0	0	3.615
198.817	25.6079	175.575	0	0	0	0	3.63
199.374	25.2309	175.395	0	0	0	0	3.645
199.938	24.9019	175.16	0	0	0	0	3.66
200.508	24.6223	174.87	0	0	0	0	3.675
201.081	24.3932	174.525	0	0	0	0	3.69
201.656	24.2156	174.128	0	0	0	0	3.705
202.23	24.0902	173.679	0	0	0	0	3.72
202.803	24.0177	173.18	0	0	0	0	3.735
203.37	23.9985	172.631	0	0	0	0	3.75
203.932	24.0331	172.035	0	0	0	0	3.765
204.485	24.1217	171.393	0	0	0	0	3.78
205.028	24.2645	170.707	0	0	0	0	3.795
205.559	24.4615	169.979	0	0	0	0	3.81
206.076	24.7126	169.211	0	0	0	0	3.825
206.577	25.0176	168.405	0	0	0	0	3.84
207.06	25.3759	167.564	0	0	0	0	3.855
207.522	25.7869	166.691	0	0	0	0	3.87
207.963	26.2494	165.787	0	0	0	0	3.885
208.381	26.762	164.857	0	0	0	0	3.9
208.773	27.3231	163.904	0	0	0	0	3.915
209.138	27.9302	162.932	0	0	0	0	3.93
209.475	28.5807	161.944	0	0	0	0	3.945
209.782	29.2711	160.947	0	0	0	0	3.96
210.058	29.9975	159.944	0	0	0	0	3.975
210.302	30.7552	158.942	0	0	0	0	3.99
210.514	31.5389	157.947	0	0	0	0	4.005
210.691	32.3426	156.966	0	0	0	0	4.02
210.836	33.1596	156.005	0	0	0	0	4.035
210.946	33.9824	155.072	0	0	0	0	4.05
211.023	34.8031	154.174	0	0	0	0	4.065
211.066	35.6133	153.32	0	0	0	0	4.08
211.078	36.4041	152.518	0	0	0	0	4.095
211.059	37.1664	151.774	0	0	0	0	4.11
211.011	37.8911	151.097	0	0	0	0	4.125
210.936	38.569	150.495	0	0	0	0	4.14
210.837	39.1913	149.972	0	0	0	0	4.155
210.715	39.7498	149.536	0	0	0	0	4.17
210.573	40.2369	149.19	0	0	0	0	4.185
210.416	40.6459	148.938	0	0	0	0	4.2
210.246	40.9712	148.783	0	0	0	0	4.215
210.067	41.2083	148.725	0	0	0	0	4.23
209.882	41.3543	148.764	0	0	0	0	4.245
209.695	41.4075	148.897	0	0	0	0	4.26
209.51	41.3677	149.122	0	0	0	0	4.275
209.33	41.2363	149.434	0	0	0	0	4.29
209.159	41.0159	149.825	0	0	0	0	4.305
209	40.7106	150.289	0	0	0	0	4.32
208.856	40.3256	150.818	0	0	0	0	4.335
208.73	39.8671	151.403	0	0	0	0	4.35
208.624	39.3425	152.034	0	0	0	0	4.365
208.541	38.7596	152.7	0	0	0	0	4.38
208.482	38.1268	153.392	0	0	0	0	4.395
208.448	37.4527	154.099	0	0	0	0	4.41
208.442	36.7464	154.811	0	0	0	0	4.425
208.464	36.0165	155.52	0	0	0	0	4.44
208.513	35.2719	156.215	0	0	0	0	4.455
208.591	34.5209	156.888	0	0	0	0	4.47
208.698	33.7713	157.531	0	0	0	0	4.485
208.831	33.0307	158.138	0	0	0	0	4.5
208.992	32.306	158.702	0	0	0	0	4.515
209.178	31.6035	159.218	0	0	0	0	4.53
209.389	30.9288	159.682	0	0	0	0	4.545
209.624	30.2872	160.089	0	0	0	0	4.56
209.88	29.683	160.437	0	0	0	0	4.575
210.155	29.1203	160.724	0	0	0	0	4.59
210.449	28.6026	160.948	0	0	0	0	4.605
210.759	28.1327	161.108	0	0	0	0	4.62
211.083	27.7132	161.203	0	0	0	0	4.635
211.419	27.3462	161.234	0	0	0	0	4.65
211.765	27.0337	161.201	0	0	0	0	4.665
212.119	26.7771	161.104	0	0	0	0	4.68
212.477	26.5777	160.945	0	0	0	0	4.695
212.839	26.4367	160.725	0	0	0	0	4.71
213.201	26.355	160.444	0	0	0	0	4.725
213.561	26.3335	160.105	0	0	0	0	4.74
213.918	26.3728	159.71	0	0	0	0	4.755
214.268	26.4734	159.259	0	0	0	0	4.77
214.609	26.6358	158.756	0	0	0	0	4.785
214.939	26.8604	158.201	0	0	0	0	4.8
215.255	27.1472	157.598	0	0	0	0	4.815
215.555	27.4963	156.948	0	0	0	0	4.83
215.838	27.9075	156.255	0	0	0	0	4.845
216.1	28.3802	155.52	0	0	0	0	4.86
216.339	28.9136	154.748	0	0	0	0	4.875
216.553	29.5067	153.94	0	0	0	0	4.89
216.74	30.1576	153.102	0	0	0	0	4.905
216.898	30.8644	152.237	0	0	0	0	4.92
217.026	31.6242	151.35	0	0	0	0	4.935
217.12	32.4337	150.446	0	0	0	0	4.95
217.181	33.2888	149.531	0	0	0	0	4.965
217.206	34.1844	148.61	0	0	0	0	4.98
217.194	35.115	147.691	0	0	0	0	4.995
217.145	36.074	146.781	0	0	0	0	5.01
217.058	37.0538	145.888	0	0	0	0	5.025
216.932	38.0463	145.021	0	0	0	0	5.04
216.769	39.0424	144.189	0	0	0	0	5.055
216.568	40.0325	143.4	0	0	0	0	5.07
216.33	41.0062	142.664	0	0	0	0	5.085
216.057	41.9529	141.99	0	0	0	0	5.1
215.751	42.8615	141.387	0	0	0	0	5.115
215.413	43.7213	140.865	0	0	0	0	5.13
215.047	44.5213	140.431	0	0	0	0	5.145
214.655	45.2515	140.093	0	0	0	0	5.16
214.241	45.9021	139.857	0	0	0	0	5.175
213.808	46.4646	139.727	0	0	0	0	5.19
213.361	46.9315	139.708	0	0	0	0	5.205
212.902	47.2968	139.801	0	0	0	0	5.22
212.438	47.5558	140.006	0	0	0	0	5.235
211.972	47.7058	140.323	0	0	0	0	5.25
211.508	47.7455	140.747	0	0	0	0	5.265
211.05	47.6755	141.274	0	0	0	0	5.28
210.604	47.4981	141.898	0	0	0	0	5.295
210.172	47.2172	142.611	0	0	0	0	5.31
209.759	46.8382	143.403	0	0	0	0	5.325
209.368	46.368	144.264	0	0	0	0	5.34
209.001	45.8143	145.184	0	0	0	0	5.355
208.663	45.1861	146.151	0	0	0	0	5.37
208.354	44.493	147.153	0	0	0	0	5.385
208.078	43.745	148.177	0	0	0	0	5.4
207.834	42.9524	149.213	0	0	0	0	5.415
207.626	42.1256	150.249	0	0	0	0	5.43
207.452	41.2749	151.273	0	0	0	0	5.445
207.314	40.4102	152.276	0	0	0	0	5.46
207.211	39.5411	153.248	0	0	0	0	5.475
207.142	38.6766	154.181	0	0	0	0	5.49
207.108	37.825	155.067	0	0	0	0	5.505
207.107	36.9941	155.899	0	0	0	0	5.52
207.137	36.1908	156.672	0	0	0	0	5.535
207.198	35.4215	157.381	0	0	0	0	5.55
207.287	34.6917	158.021	0	0	0	0	5.565
207.402	34.0063	158.592	0	0	0	0	5.58
207.542	33.3696	159.089	0	0	0	0	5.595
207.704	32.7853	159.511	0	0	0	0	5.61
207.885	32.2564	159.858	0	0	0	0	5.625
208.084	31.7858	160.13	0	0	0	0	5.64
208.298	31.3755	160.326	0	0	0	0	5.655
208.525	31.0275	160.448	0	0	0	0	5.67
208.761	30.7433	160.496	0	0	0	0	5.685
209.005	30.5243	160.471	0	0	0	0	5.7
209.253	30.3714	160.375	0	0	0	0	5.715
209.504	30.2857	160.211	0	0	0	0	5.73
209.753	30.2677	159.979	0	0	0	0	5.745
210	30.3181	159.682	0	0	0	0	5.76
210.241	30.4373	159.322	0	0	0	0	5.775
210.473	30.6254	158.901	0	0	0	0	5.79
210.695	30.8826	158.423	0	0	0	0	5.805
210.902	31.2088	157.889	0	0	0	0	5.82
211.094	31.6036	157.302	0	0	0	0	5.835
211.267	32.0665	156.667	0	0	0	0	5.85
211.419	32.5964	155.985	0	0	0	0	5.865
211.547	33.1921	155.261	0	0	0	0	5.88
211.65	33.8517	154.499	0	0	0	0	5.895
211.724	34.573	153.703	0	0	0	0	5.91
211.769	35.3531	152.878	0	0	0	0	5.925
211.781	36.1883	152.03	0	0	0	0	5.94
211.761	37.0744	151.165	0	0	0	0	5.955
211.705	38.0062	150.289	0	0	0	0	5.97
211.613	38.9776	149.41	0	0	0	0	5.985
211.483	39.9819	148.535	0	0	0	0	6
211.316	41.0113	147.673	0	0	0	0	6.015
211.11	42.057	146.833	0	0	0	0	6.03
210.866	43.1098	146.024	0	0	0	0	6.045
210.585	44.1592	145.256	0	0	0	0	6.06
210.266	45.1946	144.539	0	0	0	0	6.075
209.913	46.2045	143.883	0	0	0	0	6.09
209.525	47.1774	143.297	0	0	0	0	6.105
209.106	48.1016	142.792	0	0	0	0	6.12
208.658	48.9655	142.376	0	0	0	0	6.135
208.184	49.7579	142.058	0	0	0	0	6.15
207.688	50.4685	141.844	0	0	0	0	6.165
207.173	51.0876	141.74	0	0	0	0	6.18
206.643	51.6069	141.751	0	0	0	0	6.195
206.102	52.0193	141.879	0	0	0	0	6.21
205.555	52.3195	142.125	0	0	0	0	6.225
205.007	52.5037	142.489	0	0	0	0	6.24
204.462	52.5698	142.968	0	0	0	0	6.255
203.924	52.518	143.558	0	0	0	0	6.27
203.397	52.3498	144.253	0	0	0	0	6.285
202.887	52.0687	145.044	0	0	0	0	6.3
202.396	51.6799	145.924	0	0	0	0	6.315
201.929	51.19	146.881	0	0	0	0	6.33
201.488	50.607	147.905	0	0	0	0	6.345
201.078	49.9397	148.983	0	0	0	0	6.36
200.699	49.1981	150.103	0	0	0	0	6.375
200.354	48.3926	151.253	0	0	0	0	6.39
200.046	47.5342	152.42	0	0	0	0	6.405
199.775	46.6337	153.592	0	0	0	0	6.42
199.541	45.7023	154.756	0	0	0	0	6.435
199.346	44.7506	155.903	0	0	0	0	6.45
199.19	43.789	157.021	0	0	0	0	6.465
199.072	42.8273	158.101	0	0	0	0	6.48
198.991	41.8748	159.135	0	0	0	0	6.495
198.946	40.94	160.114	0	0	0	0	6.51
198.937	40.0307	161.033	0	0	0	0	6.525
198.961	39.154	161.885	0	0	0	0	6.54
199.017	38.316	162.667	0	0	0	0	6.555
199.103	37.5224	163.375	0	0	0	0	6.57
199.217	36.7781	164.005	0	0	0	0	6.585
199.356	36.0871	164.557	0	0	0	0	6.6
199.519	35.453	165.028	0	0	0	0	6.615
199.703	34.8789	165.418	0	0	0	0	6.63
199.905	34.3673	165.728	0	0	0	0	6.645
200.123	33.9203	165.957	0	0	0	0	6.66
200.354	33.5396	166.107	0	0	0	0	6.675
200.595	33.2266	166.178	0	0	0	0	6.69
200.844	32.9823	166.173	0	0	0	0	6.705
201.099	32.8077	166.093	0	0	0	0	6.72
201.356	32.7034	165.94	0	0	0	0	6.735
201.613	32.6699	165.717	0	0	0	0	6.75
201.867	32.7075	165.425	0	0	0	0	6.765
202.116	32.8162	165.068	0	0	0	0	6.78
202.357	32.996	164.647	0	0	0	0	6.795
202.587	33.2467	164.167	0	0	0	0	6.81
202.803	33.5677	163.629	0	0	0	0	6.825
203.004	33.9584	163.037	0	0	0	0	6.84
203.187	34.4176	162.395	0	0	0	0	6.855
203.349	34.944	161.707	0	0	0	0	6.87
203.489	35.5356	160.976	0	0	0	0	6.885
203.603	36.1903	160.207	0	0	0	0	6.9
203.69	36.905	159.405	0	0	0	0	6.915
203.748	37.6763	158.575	0	0	0	0	6.93
203.776	38.5001	157.724	0	0	0	0	6.945
203.771	39.3713	156.858	0	0	0	0	6.96
203.733	40.2843	155.983	0	0	0	0	6.975
203.66	41.2324	155.108	0	0	0	0	6.99
203.552	42.2083	154.24	0	0	0	0	7.005
203.407	43.2037	153.389	0	0	0	0	7.02
203.227	44.2097	152.563	0	0	0	0	7.035
203.012	45.2164	151.772	0	0	0	0	7.05
202.761	46.2134	151.026	0	0	0	0	7.065
202.477	47.1899	150.334	0	0	0	0	7.08
202.16	48.1345	149.706	0	0	0	0	7.095
201.812	49.0359	149.152	0	0	0	0	7.11
201.437	49.8827	148.68	0	0	0	0	7.125
201.036	50.664	148.3	0	0	0	0	7.14
200.612	51.3692	148.018	0	0	0	0	7.155
200.17	51.9885	147.841	0	0	0	0	7.17
199.713	52.5133	147.774	0	0	0	0	7.185
199.244	52.9363	147.82	0	0	0	0	7.2
198.767	53.2512	147.981	0	0	0	0	7.215
198.288	53.4539	148.258	0	0	0	0	7.23
197.81	53.5414	148.648	0	0	0	0	7.245
197.338	53.5129	149.149	0	0	0	0	7.26
196.875	53.3691	149.755	0	0	0	0	7.275
196.427	53.1127	150.461	0	0	0	0	7.29
195.996	52.7479	151.256	0	0	0	0	7.305
195.586	52.2803	152.134	0	0	0	0	7.32
195.201	51.7171	153.082	0	0	0	0	7.335
194.844	51.0666	154.09	0	0	0	0	7.35
194.516	50.3379	155.146	0	0	0	0	7.365
194.222	49.541	156.237	0	0	0	0	7.38
193.961	48.6863	157.353	0	0	0	0	7.395
193.736	47.7847	158.479	0	0	0	0	7.41
193.548	46.8468	159.605	0	0	0	0	7.425
193.397	45.8834	160.72	0	0	0	0	7.44
193.283	44.9049	161.812	0	0	0	0	7.455
193.207	43.9211	162.872	0	0	0	0	7.47
193.168	42.9417	163.891	0	0	0	0	7.485
193.164	41.9752	164.86	0	0	0	0	7.5
193.196	41.0299	165.774	0	0	0	0	7.515
193.261	40.1131	166.626	0	0	0	0	7.53
193.359	39.2313	167.41	0	0	0	0	7.545
193.487	38.3906	168.123	0	0	0	0	7.56
193.643	37.5961	168.761	0	0	0	0	7.575
193.825	36.8522	169.323	0	0	0	0	7.59
194.032	36.1628	169.805	0	0	0	0	7.605
194.26	35.5312	170.209	0	0	0	0	7.62
194.508	34.9602	170.532	0	0	0	0	7.635
194.773	34.4519	170.775	0	0	0	0	7.65
195.052	34.0084	170.939	0	0	0	0	7.665
195.343	33.6311	171.026	0	0	0	0	7.68
195.644	33.3212	171.035	0	0	0	0	7.695
195.952	33.0796	170.969	0	0	0	0	7.71
196.263	32.907	170.83	0	0	0	0	7.725
196.577	32.8039	170.62	0	0	0	0	7.74
196.889	32.7706	170.34	0	0	0	0	7.755
197.198	32.8072	169.995	0	0	0	0	7.77
197.501	32.9138	169.585	0	0	0	0	7.785
197.795	33.0899	169.115	0	0	0	0	7.8
198.078	33.3352	168.586	0	0	0	0	7.815
198.348	33.649	168.003	0	0	0	0	7.83
198.602	34.0304	167.368	0	0	0	0	7.845
198.838	34.478	166.684	0	0	0	0	7.86
199.053	34.9902	165.957	0	0	0	0	7.875
199.246	35.565	165.189	0	0	0	0	7.89
199.413	36.1998	164.387	0	0	0	0	7.905
199.555	36.8914	163.554	0	0	0	0	7.92
199.668	37.6363	162.696	0	0	0	0	7.935
199.751	38.4299	161.819	0	0	0	0	7.95
199.803	39.2672	160.93	0	0	0	0	7.965
199.822	40.1422	160.036	0	0	0	0	7.98
199.808	41.0483	159.144	0	0	0	0	7.995
199.76	41.9781	158.262	0	0	0	0	8.01
199.677	42.9233	157.399	0	0	0	0	8.025
199.561	43.8749	156.564	0	0	0	0	8.04
199.41	44.8233	155.766	0	0	0	0	8.055
199.227	45.7584	155.015	0	0	0	0	8.07
199.011	46.6696	154.32	0	0	0	0	8.085
198.765	47.546	153.689	0	0	0	0	8.1
198.49	48.3768	153.133	0	0	0	0	8.115
198.189	49.1512	152.659	0	0	0	0	8.13
197.865	49.8588	152.276	0	0	0	0	8.145
197.52	50.4899	151.99	0	0	0	0	8.16
197.158	51.0355	151.806	0	0	0	0	8.175
196.783	51.4878	151.729	0	0	0	0	8.19
196.398	51.8401	151.762	0	0	0	0	8.205
196.007	52.0872	151.906	0	0	0	0	8.22
195.614	52.2255	152.161	0	0	0	0	8.235
195.223	52.253	152.524	0	0	0	0	8.25
194.839	52.1693	152.992	0	0	0	0	8.265
194.464	51.9759	153.56	0	0	0	0	8.28
194.104	51.6757	154.22	0	0	0	0	8.295
193.762	51.2733	154.965	0	0	0	0	8.31
193.441	50.7747	155.785	0	0	0	0	8.325
193.144	50.1871	156.669	0	0	0	0	8.34
192.873	49.5187	157.608	0	0	0	0	8.355
192.632	48.7786	158.589	0	0	0	0	8.37
192.422	47.9766	159.601	0	0	0	0	8.385
192.245	47.1229	160.632	0	0	0	0	8.4
192.102	46.2277	161.67	0	0	0	0	8.415
191.994	45.3015	162.705	0	0	0	0	8.43
191.921	44.3544	163.725	0	0	0	0	8.445
191.883	43.3964	164.72	0	0	0	0	8.46
191.881	42.4368	165.682	0	0	0	0	8.475
191.914	41.4846	166.602	0	0	0	0	8.49
191.98	40.548	167.472	0	0	0	0	8.505
192.079	39.6346	168.286	0	0	0	0	8.52
192.21	38.7512	169.039	0	0	0	0	8.535
192.371	37.9041	169.725	0	0	0	0	8.55
192.559	37.0986	170.342	0	0	0	0	8.565
192.774	36.3397	170.886	0	0	0	0	8.58
193.013	35.6313	171.356	0	0	0	0	8.595
193.274	34.9771	171.749	0	0	0	0	8.61
193.555	34.38	172.065	0	0	0	0	8.625
193.853	33.8426	172.304	0	0	0	0	8.64
194.167	33.367	172.466	0	0	0	0	8.655
194.493	32.9548	172.552	0	0	0	0	8.67
194.83	32.6074	172.563	0	0	0	0	8.685
195.174	32.3258	172.5	0	0	0	0	8.7
195.524	32.111	172.365	0	0	0	0	8.715
195.876	31.9635	172.161	0	0	0	0	8.73
196.228	31.8837	171.888	0	0	0	0	8.745
196.579	31.8719	171.549	0	0	0	0	8.76
196.925	31.9282	171.147	0	0	0	0	8.775
197.263	32.0524	170.684	0	0	0	0	8.79
197.592	32.2442	170.164	0	0	0	0	8.805
197.909	32.5033	169.588	0	0	0	0	8.82
198.212	32.8287	168.96	0	0	0	0	8.835
198.498	33.2196	168.283	0	0	0	0	8.85
198.765	33.6747	167.561	0	0	0	0	8.865
199.011	34.1921	166.797	0	0	0	0	8.88
199.234	34.7698	165.997	0	0	0	0	8.895
199.431	35.4052	165.164	0	0	0	0	8.91
199.602	36.095	164.303	0	0	0	0	8.925
199.744	36.8355	163.42	0	0	0	0	8.94
199.856	37.6222	162.521	0	0	0	0	8.955
199.937	38.45	161.613	0	0	0	0	8.97
199.985	39.3129	160.702	0	0	0	0	8.985
200	40.2041	159.796	0	0	0	0	9
199.981	41.1163	158.902	0	0	0	0	9.015
199.928	42.0412	158.031	0	0	0	0	9.03
199.841	42.9698	157.189	0	0	0	0	9.045
199.721	43.8927	156.386	0	0	0	0	9.06
199.568	44.7998	155.632	0	0	0	0	9.075
199.384	45.6806	154.936	0	0	0	0	9.09
199.169	46.5247	154.306	0	0	0	0	9.105
198.927	47.3214	153.751	0	0	0	0	9.12
198.66	48.0603	153.28	0	0	0	0	9.135
198.369	48.7313	152.899	0	0	0	0	9.15
198.059	49.3253	152.615	0	0	0	0	9.165
197.733	49.8336	152.433	0	0	0	0	9.18
197.394	50.249	152.357	0	0	0	0	9.195
197.045	50.5654	152.389	0	0	0	0	9.21
196.692	50.778	152.53	0	0	0	0	9.225
196.337	50.8837	152.779	0	0	0	0	9.24
195.985	50.8811	153.134	0	0	0	0	9.255
195.64	50.7703	153.59	0	0	0	0	9.27
195.305	50.553	154.142	0	0	0	0	9.285
194.985	50.2328	154.782	0	0	0	0	9.3
194.682	49.8143	155.503	0	0	0	0	9.315
194.401	49.3039	156.296	0	0	0	0	9.33
194.143	48.7088	157.148	0	0	0	0	9.345
193.911	48.0374	158.051	0	0	0	0	9.36
193.709	47.2989	158.992	0	0	0	0	9.375
193.537	46.5028	159.96	0	0	0	0	9.39
193.397	45.6591	160.944	0	0	0	0	9.405
193.29	44.7781	161.932	0	0	0	0	9.42
193.218	43.8697	162.913	0	0	0	0	9.435
193.179	42.944	163.877	0	0	0	0	9.45
193.175	42.0105	164.814	0	0	0	0	9.465
193.205	41.0782	165.716	0	0	0	0	9.48
193.269	40.1558	166.576	0	0	0	0	9.495
193.365	39.251	167.384	0	0	0	0	9.51
193.492	38.3711	168.137	0	0	0	0	9.525
193.649	37.5226	168.828	0	0	0	0	9.54
193.835	36.7114	169.453	0	0	0	0	9.555
194.048	35.9426	170.01	0	0	0	0	9.57
194.285	35.2207	170.494	0	0	0	0	9.585
194.545	34.5496	170.905	0	0	0	0	9.6
194.826	33.9325	171.242	0	0	0	0	9.615
195.125	33.3724	171.503	0	0	0	0	9.63
195.44	32.8715	171.689	0	0	0	0	9.645
195.769	32.4318	171.799	0	0	0	0	9.66
196.109	32.0549	171.836	0	0	0	0	9.675
196.458	31.7419	171.8	0	0	0	0	9.69
196.814	31.4941	171.692	0	0	0	0	9.705
197.174	31.312	171.514	0	0	0	0	9.72
197.535	31.1963	171.269	0	0	0	0	9.735
197.895	31.1474	170.957	0	0	0	0	9.75
198.252	31.1655	170.582	0	0	0	0	9.765
198.603	31.2507	170.146	0	0	0	0	9.78
198.946	31.4028	169.651	0	0	0	0	9.795
199.278	31.6217	169.1	0	0	0	0	9.81
199.597	31.9067	168.496	0	0	0	0	9.825
199.901	32.2572	167.842	0	0	0	0	9.84
200.187	32.672	167.141	0	0	0	0	9.855
200.453	33.1499	166.397	0	0	0	0	9.87
200.698	33.6892	165.613	0	0	0	0	9.885
200.918	34.2875	164.795	0	0	0	0	9.9
201.112	34.9423	163.946	0	0	0	0	9.915
201.278	35.6502	163.071	0	0	0	0	9.93
201.416	36.4073	162.177	0	0	0	0	9.945
201.522	37.2091	161.269	0	0	0	0	9.96
201.596	38.0502	160.354	0	0	0	0	9.975
201.637	38.9245	159.439	0	0	0	0	9.99
201.644	39.8252	158.531	0	0	0	0	10.005
201.617	40.7447	157.638	0	0	0	0	10.02
201.556	41.6745	156.77	0	0	0	0	10.035
201.46	42.6057	155.934	0	0	0	0	10.05
201.331	43.5285	155.141	0	0	0	0	10.065
201.169	44.4329	154.398	0	0	0	0	10.08
200.975	45.3083	153.716	0	0	0	0	10.095
200.752	46.1443	153.104	0	0	0	0	10.11
200.502	46.9301	152.568	0	0	0	0	10.125
200.226	47.6556	152.118	0	0	0	0	10.14
199.928	48.3109	151.761	0	0	0	0	10.155
199.611	48.8869	151.502	0	0	0	0	10.17
199.278	49.3755	151.347	0	0	0	0	10.185
198.933	49.7695	151.298	0	0	0	0	10.2
198.58	50.0633	151.357	0	0	0	0	10.215
198.222	50.2526	151.526	0	0	0	0	10.23
197.864	50.3347	151.801	0	0	0	0	10.245
197.509	50.3087	152.182	0	0	0	0	10.26
197.163	50.1751	152.662	0	0	0	0	10.275
196.827	49.9362	153.237	0	0	0	0	10.29
196.507	49.5958	153.897	0	0	0	0	10.305
196.205	49.1591	154.636	0	0	0	0	10.32
195.925	48.6327	155.442	0	0	0	0	10.335
195.67	48.0242	156.306	0	0	0	0	10.35
195.441	47.3422	157.217	0	0	0	0	10.365
195.242	46.596	158.162	0	0	0	0	10.38
195.074	45.7953	159.131	0	0	0	0	10.395
194.938	44.9503	160.112	0	0	0	0	10.41
194.835	44.0709	161.094	0	0	0	0	10.425
194.766	43.1673	162.066	0	0	0	0	10.44
194.732	42.2493	163.019	0	0	0	0	10.455
194.732	41.3263	163.942	0	0	0	0	10.47
194.765	40.4071	164.828	0	0	0	0	10.485
194.832	39.5001	165.668	0	0	0	0	10.5
194.931	38.613	166.456	0	0	0	0	10.515
195.06	37.7528	167.187	0	0	0	0	10.53
195.219	36.9257	167.855	0	0	0	0	10.545
195.406	36.1373	168.456	0	0	0	0	10.56
195.619	35.3926	168.988	0	0	0	0	10.575
195.856	34.696	169.448	0	0	0	0	10.59
196.116	34.0509	169.834	0	0	0	0	10.605
196.394	33.4608	170.145	0	0	0	0	10.62
196.691	32.9281	170.381	0	0	0	0	10.635
197.003	32.455	170.542	0	0	0	0	10.65
197.327	32.0435	170.629	0	0	0	0	10.665
197.663	31.695	170.642	0	0	0	0	10.68
198.006	31.4108	170.584	0	0	0	0	10.695
198.354	31.1916	170.454	0	0	0	0	10.71
198.706	31.0384	170.255	0	0	0	0	10.725
199.059	30.9516	169.99	0	0	0	0	10.74
199.409	30.9315	169.659	0	0	0	0	10.755
199.756	30.9785	169.266	0	0	0	0	10.77
200.095	31.0926	168.812	0	0	0	0	10.785
200.425	31.2735	168.301	0	0	0	0	10.8
200.744	31.5211	167.735	0	0	0	0	10.815
201.048	31.8348	167.117	0	0	0	0	10.83
201.337	32.2137	166.45	0	0	0	0	10.845
201.606	32.6568	165.737	0	0	0	0	10.86
201.855	33.1627	164.982	0	0	0	0	10.875
202.081	33.7295	164.19	0	0	0	0	10.89
202.282	34.3548	163.363	0	0	0	0	10.905
202.456	35.036	162.508	0	0	0	0	10.92
202.601	35.7694	161.629	0	0	0	0	10.935
202.717	36.5509	160.732	0	0	0	0	10.95
202.8	37.3759	159.824	0	0	0	0	10.965
202.851	38.2387	158.91	0	0	0	0	10.98
202.868	39.1329	157.999	0	0	0	0	10.995
202.851	40.0514	157.098	0	0	0	0	11.01
202.799	40.9864	156.215	0	0	0	0	11.025
202.712	41.9291	155.359	0	0	0	0	11.04
202.59	42.8703	154.539	0	0	0	0	11.055
202.435	43.8001	153.765	0	0	0	0	11.07
202.247	44.7081	153.045	0	0	0	0	11.085
202.028	45.5838	152.388	0	0	0	0	11.1
201.78	46.4164	151.804	0	0	0	0	11.115
201.504	47.1953	151.3	0	0	0	0	11.13
201.204	47.9103	150.886	0	0	0	0	11.145
200.882	48.5517	150.566	0	0	0	0	11.16
200.542	49.1105	150.347	0	0	0	0	11.175
200.188	49.5788	150.234	0	0	0	0	11.19
199.822	49.9499	150.229	0	0	0	0	11.205
199.449	50.2185	150.333	0	0	0	0	11.22
199.072	50.3808	150.547	0	0	0	0	11.235
198.697	50.4346	150.868	0	0	0	0	11.25
198.327	50.3793	151.294	0	0	0	0	11.265
197.966	50.2162	151.818	0	0	0	0	11.28
197.617	49.9481	152.435	0	0	0	0	11.295
197.285	49.5791	153.136	0	0	0	0	11.31
196.973	49.1151	153.912	0	0	0	0	11.325
196.683	48.563	154.754	0	0	0	0	11.34
196.419	47.9309	155.65	0	0	0	0	11.355
196.184	47.2276	156.589	0	0	0	0	11.37
195.978	46.4627	157.559	0	0	0	0	11.385
195.804	45.6461	158.55	0	0	0	0	11.4
195.663	44.788	159.549	0	0	0	0	11.415
195.557	43.8986	160.545	0	0	0	0	11.43
195.484	42.988	161.528	0	0	0	0	11.445
195.446	42.0659	162.488	0	0	0	0	11.46
195.443	41.1417	163.415	0	0	0	0	11.475
195.474	40.224	164.302	0	0	0	0	11.49
195.538	39.3211	165.141	0	0	0	0	11.505
195.633	38.4405	165.926	0	0	0	0	11.52
195.76	37.589	166.651	0	0	0	0	11.535
195.916	36.7727	167.311	0	0	0	0	11.55
196.099	35.997	167.904	0	0	0	0	11.565
196.309	35.2667	168.425	0	0	0	0	11.58
196.541	34.5858	168.873	0	0	0	0	11.595
196.796	33.9579	169.247	0	0	0	0	11.61
197.069	33.3861	169.545	0	0	0	0	11.625
197.36	32.8727	169.767	0	0	0	0	11.64
197.665	32.42	169.915	0	0	0	0	11.655
197.983	32.0296	169.988	0	0	0	0	11.67
198.31	31.703	169.987	0	0	0	0	11.685
198.645	31.4413	169.914	0	0	0	0	11.7
198.984	31.2453	169.771	0	0	0	0	11.715
199.326	31.1157	169.558	0	0	0	0	11.73
199.668	31.053	169.279	0	0	0	0	11.745
200.007	31.0576	168.935	0	0	0	0	11.76
200.341	31.1297	168.529	0	0	0	0	11.775
200.667	31.2691	168.064	0	0	0	0	11.79
200.984	31.4757	167.541	0	0	0	0	11.805
201.287	31.7492	166.963	0	0	0	0	11.82
201.577	32.0889	166.335	0	0	0	0	11.835
201.848	32.494	165.658	0	0	0	0	11.85
202.101	32.9632	164.936	0	0	0	0	11.865
202.332	33.495	164.173	0	0	0	0	11.88
202.539	34.0874	163.374	0	0	0	0	11.895
202.72	34.7378	162.542	0	0	0	0	11.91
202.874	35.4433	161.683	0	0	0	0	11.925
202.998	36.2001	160.802	0	0	0	0	11.94
203.092	37.0039	159.905	0	0	0	0	11.955
203.153	37.8496	158.998	0	0	0	0	11.97
203.181	38.7313	158.088	0	0	0	0	11.985
203.175	39.6424	157.183	0	0	0	0	12
203.134	40.5754	156.291	0	0	0	0	12.015
203.058	41.522	155.42	0	0	0	0	12.03
202.947	42.4734	154.58	0	0	0	0	12.045
202.802	43.42	153.778	0	0	0	0	12.06
202.623	44.3516	153.026	0	0	0	0	12.075
202.411	45.2578	152.331	0	0	0	0	12.09
202.169	46.1277	151.703	0	0	0	0	12.105
201.898	46.9506	151.151	0	0	0	0	12.12
201.601	47.7159	150.683	0	0	0	0	12.135
201.28	48.4134	150.306	0	0	0	0	12.15
200.939	49.0336	150.028	0	0	0	0	12.165
200.58	49.5678	149.852	0	0	0	0	12.18
200.208	50.0084	149.784	0	0	0	0	12.195
199.826	50.3491	149.825	0	0	0	0	12.21
199.438	50.5851	149.977	0	0	0	0	12.225
199.049	50.713	150.238	0	0	0	0	12.24
198.662	50.7313	150.606	0	0	0	0	12.255
198.282	50.64	151.078	0	0	0	0	12.27
197.912	50.4407	151.647	0	0	0	0	12.285
197.557	50.137	152.306	0	0	0	0	12.3
197.219	49.7335	153.048	0	0	0	0	12.315
196.902	49.2365	153.861	0	0	0	0	12.33
196.61	48.6534	154.737	0	0	0	0	12.345
196.344	47.9926	155.663	0	0	0	0	12.36
196.107	47.2633	156.629	0	0	0	0	12.375
195.902	46.4752	157.623	0	0	0	0	12.39
195.729	45.6386	158.633	0	0	0	0	12.405
195.59	44.7636	159.647	0	0	0	0	12.42
195.485	43.8606	160.654	0	0	0	0	12.435
195.415	42.9394	161.645	0	0	0	0	12.45
195.38	42.0099	162.61	0	0	0	0	12.465
195.38	41.0812	163.539	0	0	0	0	12.48
195.414	40.162	164.424	0	0	0	0	12.495
195.481	39.2602	165.259	0	0	0	0	12.51
195.579	38.3832	166.037	0	0	0	0	12.525
195.709	37.5376	166.754	0	0	0	0	12.54
195.867	36.7292	167.404	0	0	0	0	12.555
196.053	35.9634	167.984	0	0	0	0	12.57
196.264	35.2446	168.492	0	0	0	0	12.585
196.498	34.5768	168.926	0	0	0	0	12.6
196.753	33.9634	169.284	0	0	0	0	12.615
197.026	33.4071	169.567	0	0	0	0	12.63
197.316	32.9105	169.773	0	0	0	0	12.645
197.621	32.4754	169.904	0	0	0	0	12.66
197.937	32.1035	169.96	0	0	0	0	12.675
198.261	31.796	169.943	0	0	0	0	12.69
198.593	31.5541	169.853	0	0	0	0	12.705
198.929	31.3785	169.693	0	0	0	0	12.72
199.266	31.2699	169.464	0	0	0	0	12.735
199.603	31.2286	169.169	0	0	0	0	12.75
199.936	31.2549	168.81	0	0	0	0	12.765
200.263	31.349	168.388	0	0	0	0	12.78
200.582	31.5107	167.908	0	0	0	0	12.795
200.89	31.7399	167.371	0	0	0	0	12.81
201.184	32.036	166.78	0	0	0	0	12.825
201.464	32.3983	166.138	0	0	0	0	12.84
201.725	32.8258	165.449	0	0	0	0	12.855
201.966	33.3173	164.717	0	0	0	0	12.87
202.185	33.8709	163.944	0	0	0	0	12.885
202.379	34.4845	163.136	0	0	0	0	12.9
202.547	35.1554	162.297	0	0	0	0	12.915
202.687	35.8803	161.432	0	0	0	0	12.93
202.797	36.6553	160.547	0	0	0	0	12.945
202.876	37.4757	159.648	0	0	0	0	12.96
202.922	38.3361	158.742	0	0	0	0	12.975
202.934	39.2305	157.835	0	0	0	0	12.99
202.912	40.1518	156.936	0	0	0	0	13.005
202.856	41.0922	156.052	0	0	0	0	13.02
202.764	42.0434	155.193	0	0	0	0	13.035
202.637	42.996	154.367	0	0	0	0	13.05
202.477	43.9403	153.583	0	0	0	0	13.065
202.283	44.866	152.851	0	0	0	0	13.08
202.057	45.7623	152.181	0	0	0	0	13.095
201.801	46.6186	151.58	0	0	0	0	13.11
201.517	47.424	151.059	0	0	0	0	13.125
201.208	48.168	150.624	0	0	0	0	13.14
200.876	48.8407	150.283	0	0	0	0	13.155
200.525	49.4327	150.042	0	0	0	0	13.17
200.158	49.9356	149.906	0	0	0	0	13.185
199.779	50.3424	149.879	0	0	0	0	13.2
199.391	50.6472	149.962	0	0	0	0	13.215
198.999	50.8456	150.155	0	0	0	0	13.23
198.608	50.9349	150.458	0	0	0	0	13.245
198.22	50.9141	150.866	0	0	0	0	13.26
197.84	50.7838	151.376	0	0	0	0	13.275
197.472	50.5463	151.982	0	0	0	0	13.29
197.119	50.2054	152.675	0	0	0	0	13.305
196.786	49.7666	153.447	0	0	0	0	13.32
196.475	49.2365	154.289	0	0	0	0	13.335
196.189	48.6228	155.188	0	0	0	0	13.35
195.931	47.9342	156.135	0	0	0	0	13.365
195.703	47.1803	157.117	0	0	0	0	13.38
195.507	46.371	158.122	0	0	0	0	13.395
195.343	45.5164	159.14	0	0	0	0	13.41
195.214	44.6269	160.159	0	0	0	0	13.425
195.12	43.7127	161.167	0	0	0	0	13.44
195.061	42.7837	162.155	0	0	0	0	13.455
195.037	41.8496	163.114	0	0	0	0	13.47
195.047	40.9192	164.034	0	0	0	0	13.485
195.091	40.0012	164.908	0	0	0	0	13.5
195.168	39.1032	165.728	0	0	0	0	13.515
195.277	38.2323	166.491	0	0	0	0	13.53
195.416	37.3951	167.189	0	0	0	0	13.545
195.583	36.597	167.82	0	0	0	0	13.56
195.777	35.8431	168.38	0	0	0	0	13.575
195.996	35.1378	168.866	0	0	0	0	13.59
196.237	34.4849	169.278	0	0	0	0	13.605
196.498	33.8874	169.614	0	0	0	0	13.62
196.778	33.3481	169.874	0	0	0	0	13.635
197.073	32.8693	170.058	0	0	0	0	13.65
197.382	32.4527	170.166	0	0	0	0	13.665
197.701	32.0999	170.199	0	0	0	0	13.68
198.029	31.8121	170.159	0	0	0	0	13.695
198.362	31.5903	170.047	0	0	0	0	13.71
198.699	31.4351	169.866	0	0	0	0	13.725
199.037	31.3471	169.616	0	0	0	0	13.74
199.373	31.3267	169.3	0	0	0	0	13.755
199.705	31.374	168.921	0	0	0	0	13.77
200.03	31.4892	168.48	0	0	0	0	13.785
200.346	31.6721	167.981	0	0	0	0	13.8
200.651	31.9223	167.427	0	0	0	0	13.815
200.942	32.2394	166.819	0	0	0	0	13.83
201.216	32.6223	166.162	0	0	0	0	13.845
201.472	33.0702	165.458	0	0	0	0	13.86
201.706	33.5814	164.712	0	0	0	0	13.875
201.918	34.1541	163.928	0	0	0	0	13.89
202.105	34.786	163.109	0	0	0	0	13.905
202.265	35.474	162.261	0	0	0	0	13.92
202.396	36.2148	161.389	0	0	0	0	13.935
202.497	37.0042	160.499	0	0	0	0	13.95
202.567	37.8372	159.596	0	0	0	0	13.965
202.603	38.7082	158.689	0	0	0	0	13.98
202.605	39.6107	157.784	0	0	0	0	13.995
202.573	40.5376	156.889	0	0	0	0	14.01
202.507	41.4809	156.013	0	0	0	0	14.025
202.405	42.4317	155.163	0	0	0	0	14.04
202.269	43.3807	154.351	0	0	0	0	14.055
202.099	44.3179	153.583	0	0	0	0	14.07
201.896	45.2328	152.871	0	0	0	0	14.085
201.662	46.1147	152.223	0	0	0	0	14.1
201.399	46.9528	151.648	0	0	0	0	14.115
201.109	47.7365	151.155	0	0	0	0	14.13
200.794	48.4554	150.751	0	0	0	0	14.145
200.458	49.0996	150.443	0	0	0	0	14.16
200.103	49.6603	150.236	0	0	0	0	14.175
199.734	50.1295	150.136	0	0	0	0	14.19
199.355	50.5004	150.145	0	0	0	0	14.205
198.968	50.7677	150.264	0	0	0	0	14.22
198.579	50.9276	150.494	0	0	0	0	14.235
198.191	50.978	150.831	0	0	0	0	14.25
197.808	50.9184	151.274	0	0	0	0	14.265
197.435	50.75	151.815	0	0	0	0	14.28
197.074	50.4756	152.45	0	0	0	0	14.295
196.731	50.0996	153.17	0	0	0	0	14.31
196.408	49.6278	153.965	0	0	0	0	14.325
196.108	49.0673	154.825	0	0	0	0	14.34
195.834	48.4262	155.74	0	0	0	0	14.355
195.589	47.7134	156.698	0	0	0	0	14.37
195.374	46.9387	157.687	0	0	0	0	14.385
195.192	46.112	158.697	0	0	0	0	14.4
195.043	45.2435	159.714	0	0	0	0	14.415
194.928	44.3437	160.728	0	0	0	0	14.43
194.848	43.4226	161.729	0	0	0	0	14.445
194.803	42.49	162.707	0	0	0	0	14.46
194.794	41.5553	163.651	0	0	0	0	14.475
194.818	40.6274	164.555	0	0	0	0	14.49
194.876	39.7145	165.41	0	0	0	0	14.505
194.966	38.8241	166.21	0	0	0	0	14.52
195.088	37.9631	166.949	0	0	0	0	14.535
195.239	37.1377	167.623	0	0	0	0	14.55
195.418	36.3532	168.229	0	0	0	0	14.565
195.623	35.6144	168.763	0	0	0	0	14.58
195.851	34.9255	169.223	0	0	0	0	14.595
196.102	34.2901	169.608	0	0	0	0	14.61
196.372	33.7111	169.917	0	0	0	0	14.625
196.66	33.191	170.149	0	0	0	0	14.64
196.962	32.732	170.306	0	0	0	0	14.655
197.277	32.3358	170.388	0	0	0	0	14.67
197.601	32.0038	170.395	0	0	0	0	14.685
197.934	31.7371	170.329	0	0	0	0	14.7
198.271	31.5366	170.193	0	0	0	0	14.715
198.611	31.4029	169.987	0	0	0	0	14.73
198.95	31.3365	169.713	0	0	0	0	14.745
199.288	31.3378	169.375	0	0	0	0	14.76
199.62	31.4068	168.973	0	0	0	0	14.775
199.945	31.5435	168.512	0	0	0	0	14.79
200.26	31.7478	167.993	0	0	0	0	14.805
200.562	32.0192	167.419	0	0	0	0	14.82
200.85	32.3571	166.793	0	0	0	0	14.835
201.121	32.7605	166.119	0	0	0	0	14.85
201.372	33.2283	165.4	0	0	0	0	14.865
201.602	33.7588	164.639	0	0	0	0	14.88
201.808	34.3499	163.842	0	0	0	0	14.895
201.989	34.9993	163.012	0	0	0	0	14.91
202.142	35.7036	162.154	0	0	0	0	14.925
202.266	36.4593	161.275	0	0	0	0	14.94
202.359	37.2619	160.379	0	0	0	0	14.955
202.42	38.1062	159.473	0	0	0	0	14.97
202.448	38.9865	158.565	0	0	0	0	14.985
