S	I	R	e	d	dI	f	t
300	100	0	0	0	0	0	0
296.998	101.997	1.00498	0	0	0	0	0.01
293.962	104.01	2.02827	0	0	0	0	0.02
290.903	106.03	3.06664	0	0	0	0	0.03
287.823	108.057	4.12004	0	0	0	0	0.04
284.723	110.088	5.18847	0	0	0	0	0.05
281.605	112.123	6.27189	0	0	0	0	0.06
278.47	114.16	7.37024	0	0	0	0	0.07
275.319	116.197	8.48348	0	0	0	0	0.08
272.154	118.234	9.61153	0	0	0	0	0.09
268.977	120.268	10.7543	0	0	0	0	0.1
265.789	122.299	11.9117	0	0	0	0	0.11
262.592	124.324	13.0835	0	0	0	0	0.12
259.388	126.342	14.2698	0	0	0	0	0.13
256.177	128.352	15.4702	0	0	0	0	0.14
252.962	130.353	16.6848	0	0	0	0	0.15
249.745	132.342	17.9132	0	0	0	0	0.16
246.527	134.318	19.1553	0	0	0	0	0.17
243.309	136.28	20.4109	0	0	0	0	0.18
240.094	138.226	21.6797	0	0	0	0	0.19
236.883	140.155	22.9617	0	0	0	0	0.2
233.678	142.066	24.2564	0	0	0	0	0.21
230.48	143.957	25.5637	0	0	0	0	0.22
227.291	145.826	26.8833	0	0	0	0	0.23
224.113	147.672	28.2148	0	0	0	0	0.24
220.947	149.495	29.5581	0	0	0	0	0.25
217.795	151.293	30.9128	0	0	0	0	0.26
214.658	153.064	32.2786	0	0	0	0	0.27
211.538	154.807	33.6551	0	0	0	0	0.28
208.436	156.521	35.0421	0	0	0	0	0.29
205.355	158.206	36.4391	0	0	0	0	0.3
202.294	159.86	37.8459	0	0	0	0	0.31
199.256	161.482	39.2621	0	0	0	0	0.32
196.242	163.071	40.6873	0	0	0	0	0.33
193.253	164.626	42.1211	0	0	0	0	0.34
190.29	166.147	43.5631	0	0	0	0	0.35
187.355	167.632	45.013	0	0	0	0	0.36
184.448	169.081	46.4703	0	0	0	0	0.37
181.571	170.494	47.9347	0	0	0	0	0.38
178.725	171.869	49.4058	0	0	0	0	0.39
175.911	173.206	50.8831	0	0	0	0	0.4
173.129	174.505	52.3662	0	0	0	0	0.41
170.38	175.765	53.8547	0	0	0	0	0.42
167.666	176.986	55.3482	0	0	0	0	0.43
164.987	178.167	56.8463	0	0	0	0	0.44
162.343	179.308	58.3486	0	0	0	0	0.45
159.736	180.409	59.8545	0	0	0	0	0.46
157.166	181.47	61.3638	0	0	0	0	0.47
154.633	182.491	62.876	0	0	0	0	0.48
152.138	183.471	64.3907	0	0	0	0	0.49
149.682	184.411	65.9074	0	0	0	0	0.5
147.264	185.31	67.4258	0	0	0	0	0.51
144.885	186.169	68.9454	0	0	0	0	0.52
142.546	186.988	70.4658	0	0	0	0	0.53
140.246	187.767	71.9867	0	0	0	0	0.54
137.986	188.507	73.5075	0	0	0	0	0.55
135.766	189.206	75.028	0	0	0	0	0.56
133.586	189.867	76.5478	0	0	0	0	0.57
131.445	190.488	78.0663	0	0	0	0	0.58
129.345	191.071	79.5834	0	0	0	0	0.59
127.285	191.616	81.0985	0	0	0	0	0.6
125.265	192.124	82.6113	0	0	0	0	0.61
123.285	192.594	84.1215	0	0	0	0	0.62
121.345	193.027	85.6287	0	0	0	0	0.63
119.444	193.424	87.1325	0	0	0	0	0.64
117.582	193.785	88.6326	0	0	0	0	0.65
115.76	194.111	90.1287	0	0	0	0	0.66
113.977	194.403	91.6205	0	0	0	0	0.67
112.232	194.661	93.1075	0	0	0	0	0.68
110.525	194.885	94.5896	0	0	0	0	0.69
108.857	195.077	96.0663	0	0	0	0	0.7
107.226	195.236	97.5374	0	0	0	0	0.71
105.633	195.364	99.0027	0	0	0	0	0.72
104.076	195.462	100.462	0	0	0	0	0.73
102.557	195.529	101.914	0	0	0	0	0.74
101.073	195.567	103.36	0	0	0	0	0.75
99.6247	195.576	104.799	0	0	0	0	0.76
98.2118	195.557	106.231	0	0	0	0	0.77
96.8338	195.511	107.655	0	0	0	0	0.78
95.4901	195.438	109.072	0	0	0	0	0.79
94.1803	195.339	110.48	0	0	0	0	0.8
92.9038	195.215	111.881	0	0	0	0	0.81
91.6603	195.067	113.273	0	0	0	0	0.82
90.4492	194.894	114.657	0	0	0	0	0.83
89.2699	194.698	116.032	0	0	0	0	0.84
88.1221	194.48	117.398	0	0	0	0	0.85
87.0052	194.24	118.754	0	0	0	0	0.86
85.9188	193.979	120.102	0	0	0	0	0.87
84.8622	193.698	121.44	0	0	0	0	0.88
83.835	193.396	122.769	0	0	0	0	0.89
82.8366	193.076	124.087	0	0	0	0	0.9
81.8666	192.737	125.396	0	0	0	0	0.91
80.9245	192.38	126.695	0	0	0	0	0.92
80.0098	192.006	127.984	0	0	0	0	0.93
79.1218	191.616	129.263	0	0	0	0	0.94
78.2603	191.209	130.531	0	0	0	0	0.95
77.4246	190.787	131.789	0	0	0	0	0.96
76.6142	190.35	133.036	0	0	0	0	0.97
75.8287	189.899	134.272	0	0	0	0	0.98
75.0675	189.435	135.498	0	0	0	0	0.99
74.3303	188.957	136.713	0	0	0	0	1
73.6165	188.467	137.917	0	0	0	0	1.01
72.9256	187.965	139.11	0	0	0	0	1.02
72.2572	187.451	140.292	0	0	0	0	1.03
71.6108	186.927	141.463	0	0	0	0	1.04
70.986	186.392	142.622	0	0	0	0	1.05
70.3823	185.847	143.771	0	0	0	0	1.06
69.7992	185.293	144.908	0	0	0	0	1.07
69.2364	184.729	146.034	0	0	0	0	1.08
68.6934	184.158	147.149	0	0	0	0	1.09
68.1698	183.578	148.252	0	0	0	0	1.1
67.6651	182.99	149.344	0	0	0	0	1.11
67.179	182.396	150.425	0	0	0	0	1.12
66.7111	181.794	151.495	0	0	0	0	1.13
66.2609	181.187	152.552	0	0	0	0	1.14
65.8281	180.573	153.599	0	0	0	0	1.15
65.4122	179.954	154.634	0	0	0	0	1.16
65.013	179.329	155.658	0	0	0	0	1.17
64.6299	178.7	156.67	0	0	0	0	1.18
64.2628	178.066	157.671	0	0	0	0	1.19
63.9112	177.428	158.661	0	0	0	0	1.2
63.5747	176.786	159.639	0	0	0	0	1.21
63.2531	176.141	160.606	0	0	0	0	1.22
62.9459	175.492	161.562	0	0	0	0	1.23
62.6529	174.841	162.506	0	0	0	0	1.24
62.3738	174.187	163.439	0	0	0	0	1.25
62.1081	173.53	164.361	0	0	0	0	1.26
61.8557	172.872	165.272	0	0	0	0	1.27
61.6162	172.212	166.172	0	0	0	0	1.28
61.3893	171.55	167.06	0	0	0	0	1.29
61.1747	170.888	167.938	0	0	0	0	1.3
60.9721	170.224	168.804	0	0	0	0	1.31
60.7813	169.559	169.66	0	0	0	0	1.32
60.6019	168.894	170.504	0	0	0	0	1.33
60.4338	168.228	171.338	0	0	0	0	1.34
60.2766	167.563	172.161	0	0	0	0	1.35
60.1301	166.897	172.973	0	0	0	0	1.36
59.994	166.232	173.774	0	0	0	0	1.37
59.8681	165.567	174.565	0	0	0	0	1.38
59.7522	164.903	175.345	0	0	0	0	1.39
59.646	164.24	176.114	0	0	0	0	1.4
59.5492	163.577	176.873	0	0	0	0	1.41
59.4617	162.916	177.622	0	0	0	0	1.42
59.3833	162.256	178.36	0	0	0	0	1.43
59.3137	161.598	179.088	0	0	0	0	1.44
59.2526	160.941	179.806	0	0	0	0	1.45
59.2	160.286	180.514	0	0	0	0	1.46
59.1556	159.633	181.211	0	0	0	0	1.47
59.1192	158.982	181.899	0	0	0	0	1.48
59.0906	158.333	182.577	0	0	0	0	1.49
59.0696	157.686	183.244	0	0	0	0	1.5
59.0561	157.042	183.902	0	0	0	0	1.51
59.0498	156.4	184.55	0	0	0	0	1.52
59.0506	155.76	185.189	0	0	0	0	1.53
59.0583	155.124	185.818	0	0	0	0	1.54
59.0727	154.49	186.438	0	0	0	0	1.55
59.0937	153.859	187.048	0	0	0	0	1.56
59.1211	153.231	187.648	0	0	0	0	1.57
59.1548	152.605	188.24	0	0	0	0	1.58
59.1945	151.983	188.822	0	0	0	0	1.59
59.2402	151.365	189.395	0	0	0	0	1.6
59.2917	150.749	189.959	0	0	0	0	1.61
59.3488	150.137	190.514	0	0	0	0	1.62
59.4115	149.528	191.061	0	0	0	0	1.63
59.4795	148.922	191.598	0	0	0	0	1.64
59.5527	148.32	192.127	0	0	0	0	1.65
59.6311	147.722	192.647	0	0	0	0	1.66
59.7144	147.127	193.158	0	0	0	0	1.67
59.8026	146.536	193.661	0	0	0	0	1.68
59.8955	145.948	194.156	0	0	0	0	1.69
59.993	145.365	194.642	0	0	0	0	1.7
60.0949	144.785	195.12	0	0	0	0	1.71
60.2013	144.209	195.59	0	0	0	0	1.72
60.3118	143.636	196.052	0	0	0	0	1.73
60.4265	143.068	196.506	0	0	0	0	1.74
60.5453	142.503	196.951	0	0	0	0	1.75
60.6679	141.943	197.389	0	0	0	0	1.76
60.7944	141.386	197.82	0	0	0	0	1.77
60.9246	140.833	198.242	0	0	0	0	1.78
61.0584	140.285	198.657	0	0	0	0	1.79
61.1957	139.74	199.064	0	0	0	0	1.8
61.3364	139.2	199.464	0	0	0	0	1.81
61.4805	138.663	199.856	0	0	0	0	1.82
61.6278	138.131	200.241	0	0	0	0	1.83
61.7782	137.602	200.619	0	0	0	0	1.84
61.9317	137.078	200.99	0	0	0	0	1.85
62.0882	136.558	201.354	0	0	0	0	1.86
62.2475	136.042	201.71	0	0	0	0	1.87
62.4097	135.53	202.06	0	0	0	0	1.88
62.5745	135.022	202.403	0	0	0	0	1.89
62.742	134.519	202.739	0	0	0	0	1.9
62.9121	134.019	203.069	0	0	0	0	1.91
63.0846	133.524	203.391	0	0	0	0	1.92
63.2596	133.033	203.708	0	0	0	0	1.93
63.4368	132.546	204.017	0	0	0	0	1.94
63.6164	132.063	204.321	0	0	0	0	1.95
63.7981	131.584	204.618	0	0	0	0	1.96
63.982	131.11	204.908	0	0	0	0	1.97
64.1679	130.639	205.193	0	0	0	0	1.98
64.3558	130.173	205.472	0	0	0	0	1.99
64.5457	129.71	205.744	0	0	0	0	2
64.7374	129.252	206.01	0	0	0	0	2.01
64.9309	128.798	206.271	0	0	0	0	2.02
65.1261	128.348	206.526	0	0	0	0	2.03
65.323	127.902	206.775	0	0	0	0	2.04
65.5215	127.46	207.018	0	0	0	0	2.05
65.7216	127.023	207.256	0	0	0	0	2.06
65.9232	126.589	207.488	0	0	0	0	2.07
66.1262	126.159	207.715	0	0	0	0	2.08
66.3307	125.734	207.936	0	0	0	0	2.09
66.5365	125.312	208.152	0	0	0	0	2.1
66.7435	124.894	208.362	0	0	0	0	2.11
66.9518	124.481	208.568	0	0	0	0	2.12
67.1613	124.071	208.768	0	0	0	0	2.13
67.3719	123.665	208.963	0	0	0	0	2.14
67.5836	123.263	209.153	0	0	0	0	2.15
67.7964	122.865	209.338	0	0	0	0	2.16
68.0101	122.471	209.519	0	0	0	0	2.17
68.2248	122.081	209.694	0	0	0	0	2.18
68.4404	121.695	209.865	0	0	0	0	2.19
68.6568	121.312	210.031	0	0	0	0	2.2
68.874	120.934	210.192	0	0	0	0	2.21
69.0921	120.559	210.349	0	0	0	0	2.22
69.3108	120.188	210.501	0	0	0	0	2.23
69.5303	119.82	210.649	0	0	0	0	2.24
69.7504	119.457	210.793	0	0	0	0	2.25
69.9711	119.097	210.932	0	0	0	0	2.26
70.1923	118.741	211.067	0	0	0	0	2.27
70.4141	118.389	211.197	0	0	0	0	2.28
70.6364	118.04	211.324	0	0	0	0	2.29
70.8592	117.695	211.446	0	0	0	0	2.3
71.0824	117.353	211.564	0	0	0	0	2.31
71.3059	117.015	211.679	0	0	0	0	2.32
71.5298	116.681	211.789	0	0	0	0	2.33
71.7541	116.35	211.896	0	0	0	0	2.34
71.9786	116.023	211.998	0	0	0	0	2.35
72.2033	115.7	212.097	0	0	0	0	2.36
72.4283	115.379	212.192	0	0	0	0	2.37
72.6535	115.063	212.284	0	0	0	0	2.38
72.8788	114.75	212.372	0	0	0	0	2.39
73.1042	114.44	212.456	0	0	0	0	2.4
73.3298	114.133	212.537	0	0	0	0	2.41
73.5554	113.83	212.614	0	0	0	0	2.42
73.781	113.531	212.688	0	0	0	0	2.43
74.0067	113.235	212.759	0	0	0	0	2.44
74.2323	112.942	212.826	0	0	0	0	2.45
74.4579	112.652	212.89	0	0	0	0	2.46
74.6834	112.366	212.951	0	0	0	0	2.47
74.9088	112.082	213.009	0	0	0	0	2.48
75.134	111.803	213.063	0	0	0	0	2.49
75.3592	111.526	213.115	0	0	0	0	2.5
75.5841	111.252	213.163	0	0	0	0	2.51
75.8088	110.982	213.209	0	0	0	0	2.52
76.0334	110.715	213.252	0	0	0	0	2.53
76.2576	110.451	213.292	0	0	0	0	2.54
76.4816	110.19	213.328	0	0	0	0	2.55
76.7053	109.932	213.363	0	0	0	0	2.56
76.9287	109.677	213.394	0	0	0	0	2.57
77.1517	109.425	213.423	0	0	0	0	2.58
77.3744	109.177	213.449	0	0	0	0	2.59
77.5966	108.931	213.472	0	0	0	0	2.6
77.8185	108.688	213.493	0	0	0	0	2.61
78.04	108.448	213.512	0	0	0	0	2.62
78.261	108.211	213.528	0	0	0	0	2.63
78.4815	107.977	213.541	0	0	0	0	2.64
78.7016	107.746	213.552	0	0	0	0	2.65
78.9211	107.518	213.561	0	0	0	0	2.66
79.1401	107.292	213.567	0	0	0	0	2.67
79.3586	107.07	213.572	0	0	0	0	2.68
79.5766	106.85	213.574	0	0	0	0	2.69
79.7939	106.633	213.573	0	0	0	0	2.7
80.0107	106.418	213.571	0	0	0	0	2.71
80.2268	106.207	213.566	0	0	0	0	2.72
80.4423	105.998	213.56	0	0	0	0	2.73
80.6572	105.792	213.551	0	0	0	0	2.74
80.8714	105.588	213.54	0	0	0	0	2.75
81.0849	105.387	213.528	0	0	0	0	2.76
81.2978	105.189	213.513	0	0	0	0	2.77
81.5099	104.994	213.497	0	0	0	0	2.78
81.7213	104.8	213.478	0	0	0	0	2.79
81.932	104.61	213.458	0	0	0	0	2.8
82.1419	104.422	213.436	0	0	0	0	2.81
82.3511	104.237	213.412	0	0	0	0	2.82
82.5595	104.054	213.387	0	0	0	0	2.83
82.7671	103.873	213.36	0	0	0	0	2.84
82.9739	103.695	213.331	0	0	0	0	2.85
83.1799	103.52	213.3	0	0	0	0	2.86
83.385	103.347	213.268	0	0	0	0	2.87
83.5893	103.176	213.235	0	0	0	0	2.88
83.7928	103.008	213.2	0	0	0	0	2.89
83.9953	102.842	213.163	0	0	0	0	2.9
84.197	102.678	213.125	0	0	0	0	2.91
84.3979	102.517	213.085	0	0	0	0	2.92
84.5978	102.358	213.045	0	0	0	0	2.93
84.7968	102.201	213.002	0	0	0	0	2.94
84.9949	102.047	212.959	0	0	0	0	2.95
85.192	101.894	212.914	0	0	0	0	2.96
85.3882	101.744	212.867	0	0	0	0	2.97
85.5835	101.597	212.82	0	0	0	0	2.98
85.7778	101.451	212.771	0	0	0	0	2.99
85.9711	101.308	212.721	0	0	0	0	3
86.1635	101.166	212.67	0	0	0	0	3.01
86.3548	101.027	212.618	0	0	0	0	3.02
86.5452	100.89	212.564	0	0	0	0	3.03
86.7345	100.756	212.51	0	0	0	0	3.04
86.9229	100.623	212.454	0	0	0	0	3.05
87.1102	100.492	212.398	0	0	0	0	3.06
87.2965	100.363	212.34	0	0	0	0	3.07
87.4818	100.237	212.282	0	0	0	0	3.08
87.666	100.112	212.222	0	0	0	0	3.09
87.8491	99.9894	212.162	0	0	0	0	3.1
88.0312	99.8687	212.1	0	0	0	0	3.11
88.2122	99.75	212.038	0	0	0	0	3.12
88.3922	99.6332	211.975	0	0	0	0	3.13
88.5711	99.5184	211.911	0	0	0	0	3.14
88.7489	99.4054	211.846	0	0	0	0	3.15
88.9256	99.2944	211.78	0	0	0	0	3.16
89.1012	99.1852	211.714	0	0	0	0	3.17
89.2757	99.0778	211.647	0	0	0	0	3.18
89.449	98.9723	211.579	0	0	0	0	3.19
89.6213	98.8687	211.51	0	0	0	0	3.2
89.7925	98.7668	211.441	0	0	0	0	3.21
89.9625	98.6667	211.371	0	0	0	0	3.22
90.1314	98.5684	211.3	0	0	0	0	3.23
90.2992	98.4719	211.229	0	0	0	0	3.24
90.4658	98.3771	211.157	0	0	0	0	3.25
90.6313	98.284	211.085	0	0	0	0	3.26
90.7956	98.1926	211.012	0	0	0	0	3.27
90.9588	98.103	210.938	0	0	0	0	3.28
91.1208	98.015	210.864	0	0	0	0	3.29
91.2817	97.9286	210.79	0	0	0	0	3.3
91.4414	97.8439	210.715	0	0	0	0	3.31
91.6	97.7609	210.639	0	0	0	0	3.32
91.7573	97.6794	210.563	0	0	0	0	3.33
91.9135	97.5996	210.487	0	0	0	0	3.34
92.0686	97.5213	210.41	0	0	0	0	3.35
92.2224	97.4446	210.333	0	0	0	0	3.36
92.3751	97.3695	210.255	0	0	0	0	3.37
92.5266	97.2959	210.178	0	0	0	0	3.38
92.6769	97.2238	210.099	0	0	0	0	3.39
92.826	97.1532	210.021	0	0	0	0	3.4
92.974	97.0841	209.942	0	0	0	0	3.41
93.1207	97.0165	209.863	0	0	0	0	3.42
93.2663	96.9504	209.783	0	0	0	0	3.43
93.4107	96.8857	209.704	0	0	0	0	3.44
93.5538	96.8225	209.624	0	0	0	0	3.45
93.6958	96.7606	209.544	0	0	0	0	3.46
93.8366	96.7002	209.463	0	0	0	0	3.47
93.9762	96.6412	209.383	0	0	0	0	3.48
94.1146	96.5836	209.302	0	0	0	0	3.49
94.2517	96.5273	209.221	0	0	0	0	3.5
94.3877	96.4724	209.14	0	0	0	0	3.51
94.5225	96.4188	209.059	0	0	0	0	3.52
94.6561	96.3665	208.977	0	0	0	0	3.53
94.7885	96.3155	208.896	0	0	0	0	3.54
94.9197	96.2659	208.814	0	0	0	0	3.55
95.0497	96.2175	208.733	0	0	0	0	3.56
95.1785	96.1704	208.651	0	0	0	0	3.57
95.3061	96.1246	208.569	0	0	0	0	3.58
95.4325	96.08	208.488	0	0	0	0	3.59
95.5577	96.0366	208.406	0	0	0	0	3.6
95.6817	95.9944	208.324	0	0	0	0	3.61
95.8045	95.9535	208.242	0	0	0	0	3.62
95.9261	95.9137	208.16	0	0	0	0	3.63
96.0465	95.8751	208.078	0	0	0	0	3.64
96.1657	95.8377	207.997	0	0	0	0	3.65
96.2837	95.8014	207.915	0	0	0	0	3.66
96.4006	95.7663	207.833	0	0	0	0	3.67
96.5162	95.7323	207.751	0	0	0	0	3.68
96.6307	95.6994	207.67	0	0	0	0	3.69
96.744	95.6676	207.588	0	0	0	0	3.7
96.856	95.6369	207.507	0	0	0	0	3.71
96.967	95.6073	207.426	0	0	0	0	3.72
97.0767	95.5787	207.345	0	0	0	0	3.73
97.1852	95.5512	207.264	0	0	0	0	3.74
97.2926	95.5248	207.183	0	0	0	0	3.75
97.3988	95.4993	207.102	0	0	0	0	3.76
97.5039	95.4749	207.021	0	0	0	0	3.77
97.6078	95.4515	206.941	0	0	0	0	3.78
97.7105	95.4291	206.86	0	0	0	0	3.79
97.812	95.4076	206.78	0	0	0	0	3.8
97.9124	95.3872	206.7	0	0	0	0	3.81
98.0116	95.3676	206.621	0	0	0	0	3.82
98.1097	95.3491	206.541	0	0	0	0	3.83
98.2066	95.3314	206.462	0	0	0	0	3.84
98.3024	95.3147	206.383	0	0	0	0	3.85
98.397	95.2989	206.304	0	0	0	0	3.86
98.4905	95.284	206.225	0	0	0	0	3.87
98.5829	95.27	206.147	0	0	0	0	3.88
98.6741	95.2569	206.069	0	0	0	0	3.89
98.7642	95.2446	205.991	0	0	0	0	3.9
98.8532	95.2332	205.914	0	0	0	0	3.91
98.9411	95.2226	205.836	0	0	0	0	3.92
99.0278	95.2129	205.759	0	0	0	0	3.93
99.1134	95.2039	205.683	0	0	0	0	3.94
99.1979	95.1958	205.606	0	0	0	0	3.95
99.2813	95.1885	205.53	0	0	0	0	3.96
99.3636	95.182	205.454	0	0	0	0	3.97
99.4449	95.1763	205.379	0	0	0	0	3.98
99.525	95.1713	205.304	0	0	0	0	3.99
99.604	95.1671	205.229	0	0	0	0	4
99.682	95.1637	205.154	0	0	0	0	4.01
99.7588	95.1609	205.08	0	0	0	0	4.02
99.8346	95.1589	205.006	0	0	0	0	4.03
99.9093	95.1577	204.933	0	0	0	0	4.04
99.983	95.1571	204.86	0	0	0	0	4.05
100.056	95.1572	204.787	0	0	0	0	4.06
100.127	95.158	204.715	0	0	0	0	4.07
100.198	95.1595	204.643	0	0	0	0	4.08
100.267	95.1617	204.571	0	0	0	0	4.09
100.336	95.1645	204.5	0	0	0	0	4.1
100.403	95.168	204.429	0	0	0	0	4.11
100.469	95.1721	204.359	0	0	0	0	4.12
100.535	95.1768	204.289	0	0	0	0	4.13
100.599	95.1821	204.219	0	0	0	0	4.14
100.662	95.1881	204.15	0	0	0	0	4.15
100.724	95.1946	204.081	0	0	0	0	4.16
100.786	95.2018	204.012	0	0	0	0	4.17
100.846	95.2095	203.944	0	0	0	0	4.18
100.905	95.2178	203.877	0	0	0	0	4.19
100.964	95.2266	203.81	0	0	0	0	4.2
101.021	95.236	203.743	0	0	0	0	4.21
101.077	95.246	203.677	0	0	0	0	4.22
101.133	95.2565	203.611	0	0	0	0	4.23
101.187	95.2675	203.545	0	0	0	0	4.24
101.241	95.279	203.48	0	0	0	0	4.25
101.293	95.291	203.416	0	0	0	0	4.26
101.345	95.3036	203.352	0	0	0	0	4.27
101.395	95.3166	203.288	0	0	0	0	4.28
101.445	95.3301	203.225	0	0	0	0	4.29
101.494	95.344	203.162	0	0	0	0	4.3
101.542	95.3585	203.1	0	0	0	0	4.31
101.589	95.3734	203.038	0	0	0	0	4.32
101.635	95.3887	202.976	0	0	0	0	4.33
101.68	95.4045	202.915	0	0	0	0	4.34
101.724	95.4207	202.855	0	0	0	0	4.35
101.768	95.4373	202.795	0	0	0	0	4.36
101.81	95.4544	202.735	0	0	0	0	4.37
101.852	95.4718	202.676	0	0	0	0	4.38
101.893	95.4896	202.618	0	0	0	0	4.39
101.932	95.5079	202.56	0	0	0	0	4.4
101.971	95.5265	202.502	0	0	0	0	4.41
102.01	95.5455	202.445	0	0	0	0	4.42
102.047	95.5648	202.388	0	0	0	0	4.43
102.083	95.5845	202.332	0	0	0	0	4.44
102.119	95.6046	202.276	0	0	0	0	4.45
102.154	95.625	202.221	0	0	0	0	4.46
102.188	95.6457	202.166	0	0	0	0	4.47
102.221	95.6668	202.112	0	0	0	0	4.48
102.254	95.6882	202.058	0	0	0	0	4.49
102.285	95.7099	202.005	0	0	0	0	4.5
102.316	95.7319	201.952	0	0	0	0	4.51
102.346	95.7542	201.9	0	0	0	0	4.52
102.375	95.7767	201.848	0	0	0	0	4.53
102.404	95.7996	201.796	0	0	0	0	4.54
102.432	95.8228	201.746	0	0	0	0	4.55
102.459	95.8462	201.695	0	0	0	0	4.56
102.485	95.8698	201.645	0	0	0	0	4.57
102.51	95.8938	201.596	0	0	0	0	4.58
102.535	95.9179	201.547	0	0	0	0	4.59
102.559	95.9424	201.498	0	0	0	0	4.6
102.583	95.967	201.45	0	0	0	0	4.61
102.605	95.9919	201.403	0	0	0	0	4.62
102.627	96.017	201.356	0	0	0	0	4.63
102.648	96.0423	201.309	0	0	0	0	4.64
102.669	96.0678	201.263	0	0	0	0	4.65
102.689	96.0935	201.218	0	0	0	0	4.66
102.708	96.1195	201.173	0	0	0	0	4.67
102.726	96.1456	201.128	0	0	0	0	4.68
102.744	96.1718	201.084	0	0	0	0	4.69
102.761	96.1983	201.041	0	0	0	0	4.7
102.778	96.2249	200.998	0	0	0	0	4.71
102.793	96.2517	200.955	0	0	0	0	4.72
102.809	96.2787	200.913	0	0	0	0	4.73
102.823	96.3058	200.871	0	0	0	0	4.74
102.837	96.333	200.83	0	0	0	0	4.75
102.85	96.3604	200.789	0	0	0	0	4.76
102.863	96.3879	200.749	0	0	0	0	4.77
102.875	96.4156	200.709	0	0	0	0	4.78
102.887	96.4434	200.67	0	0	0	0	4.79
102.898	96.4712	200.631	0	0	0	0	4.8
102.908	96.4992	200.593	0	0	0	0	4.81
102.918	96.5273	200.555	0	0	0	0	4.82
102.927	96.5556	200.518	0	0	0	0	4.83
102.935	96.5839	200.481	0	0	0	0	4.84
102.944	96.6122	200.444	0	0	0	0	4.85
102.951	96.6407	200.408	0	0	0	0	4.86
102.958	96.6693	200.373	0	0	0	0	4.87
102.964	96.6979	200.338	0	0	0	0	4.88
102.97	96.7266	200.303	0	0	0	0	4.89
102.976	96.7553	200.269	0	0	0	0	4.9
102.981	96.7842	200.235	0	0	0	0	4.91
102.985	96.813	200.202	0	0	0	0	4.92
102.989	96.8419	200.169	0	0	0	0	4.93
102.992	96.8709	200.137	0	0	0	0	4.94
102.995	96.8999	200.105	0	0	0	0	4.95
102.997	96.9289	200.074	0	0	0	0	4.96
102.999	96.958	200.043	0	0	0	0	4.97
103.001	96.9871	200.012	0	0	0	0	4.98
103.002	97.0162	199.982	0	0	0	0	4.99
103.002	97.0453	199.953	0	0	0	0	5
103.002	97.0745	199.923	0	0	0	0	5.01
103.002	97.1036	199.895	0	0	0	0	5.02
103.001	97.1328	199.866	0	0	0	0	5.03
103	97.1619	199.838	0	0	0	0	5.04
102.998	97.191	199.811	0	0	0	0	5.05
102.996	97.2202	199.784	0	0	0	0	5.06
102.993	97.2493	199.757	0	0	0	0	5.07
102.99	97.2784	199.731	0	0	0	0	5.08
102.987	97.3075	199.705	0	0	0	0	5.09
102.983	97.3365	199.68	0	0	0	0	5.1
102.979	97.3656	199.655	0	0	0	0	5.11
102.975	97.3946	199.631	0	0	0	0	5.12
102.97	97.4235	199.607	0	0	0	0	5.13
102.965	97.4524	199.583	0	0	0	0	5.14
102.959	97.4813	199.56	0	0	0	0	5.15
102.953	97.5101	199.537	0	0	0	0	5.16
102.947	97.5389	199.514	0	0	0	0	5.17
102.94	97.5676	199.492	0	0	0	0	5.18
102.933	97.5963	199.471	0	0	0	0	5.19
102.926	97.6249	199.449	0	0	0	0	5.2
102.918	97.6534	199.428	0	0	0	0	5.21
102.91	97.6819	199.408	0	0	0	0	5.22
102.902	97.7103	199.388	0	0	0	0	5.23
102.893	97.7386	199.368	0	0	0	0	5.24
102.884	97.7668	199.349	0	0	0	0	5.25
102.875	97.795	199.33	0	0	0	0	5.26
102.866	97.8231	199.311	0	0	0	0	5.27
102.856	97.8511	199.293	0	0	0	0	5.28
102.846	97.879	199.275	0	0	0	0	5.29
102.835	97.9068	199.258	0	0	0	0	5.3
102.825	97.9345	199.241	0	0	0	0	5.31
102.814	97.9622	199.224	0	0	0	0	5.32
102.803	97.9897	199.208	0	0	0	0	5.33
102.791	98.0171	199.191	0	0	0	0	5.34
102.78	98.0444	199.176	0	0	0	0	5.35
102.768	98.0716	199.16	0	0	0	0	5.36
102.756	98.0987	199.146	0	0	0	0	5.37
102.743	98.1257	199.131	0	0	0	0	5.38
102.731	98.1526	199.117	0	0	0	0	5.39
102.718	98.1793	199.103	0	0	0	0	5.4
102.705	98.206	199.089	0	0	0	0	5.41
102.692	98.2325	199.076	0	0	0	0	5.42
102.678	98.2589	199.063	0	0	0	0	5.43
102.665	98.2851	199.05	0	0	0	0	5.44
102.651	98.3113	199.038	0	0	0	0	5.45
102.637	98.3373	199.026	0	0	0	0	5.46
102.623	98.3632	199.014	0	0	0	0	5.47
102.608	98.3889	199.003	0	0	0	0	5.48
102.594	98.4145	198.992	0	0	0	0	5.49
102.579	98.44	198.981	0	0	0	0	5.5
102.564	98.4653	198.971	0	0	0	0	5.51
102.549	98.4905	198.961	0	0	0	0	5.52
102.534	98.5155	198.951	0	0	0	0	5.53
102.518	98.5404	198.941	0	0	0	0	5.54
102.503	98.5652	198.932	0	0	0	0	5.55
102.487	98.5898	198.923	0	0	0	0	5.56
102.471	98.6142	198.915	0	0	0	0	5.57
102.455	98.6385	198.906	0	0	0	0	5.58
102.439	98.6627	198.898	0	0	0	0	5.59
102.423	98.6867	198.891	0	0	0	0	5.6
102.406	98.7105	198.883	0	0	0	0	5.61
102.39	98.7342	198.876	0	0	0	0	5.62
102.373	98.7578	198.869	0	0	0	0	5.63
102.357	98.7811	198.862	0	0	0	0	5.64
102.34	98.8043	198.856	0	0	0	0	5.65
102.323	98.8274	198.85	0	0	0	0	5.66
102.306	98.8503	198.844	0	0	0	0	5.67
102.289	98.873	198.838	0	0	0	0	5.68
102.272	98.8956	198.833	0	0	0	0	5.69
102.254	98.918	198.828	0	0	0	0	5.7
102.237	98.9402	198.823	0	0	0	0	5.71
102.219	98.9622	198.818	0	0	0	0	5.72
102.202	98.9841	198.814	0	0	0	0	5.73
102.184	99.0059	198.81	0	0	0	0	5.74
102.167	99.0274	198.806	0	0	0	0	5.75
102.149	99.0488	198.802	0	0	0	0	5.76
102.131	99.07	198.799	0	0	0	0	5.77
102.113	99.0911	198.796	0	0	0	0	5.78
102.095	99.1119	198.793	0	0	0	0	5.79
102.078	99.1326	198.79	0	0	0	0	5.8
102.06	99.1532	198.787	0	0	0	0	5.81
102.042	99.1735	198.785	0	0	0	0	5.82
102.023	99.1937	198.783	0	0	0	0	5.83
102.005	99.2137	198.781	0	0	0	0	5.84
101.987	99.2335	198.779	0	0	0	0	5.85
101.969	99.2531	198.778	0	0	0	0	5.86
101.951	99.2726	198.777	0	0	0	0	5.87
101.933	99.2919	198.775	0	0	0	0	5.88
101.914	99.311	198.775	0	0	0	0	5.89
101.896	99.33	198.774	0	0	0	0	5.9
101.878	99.3487	198.773	0	0	0	0	5.91
101.86	99.3673	198.773	0	0	0	0	5.92
101.841	99.3857	198.773	0	0	0	0	5.93
101.823	99.4039	198.773	0	0	0	0	5.94
101.805	99.422	198.773	0	0	0	0	5.95
101.786	99.4398	198.774	0	0	0	0	5.96
101.768	99.4575	198.774	0	0	0	0	5.97
101.75	99.475	198.775	0	0	0	0	5.98
101.732	99.4924	198.776	0	0	0	0	5.99
101.713	99.5095	198.777	0	0	0	0	6
101.695	99.5265	198.778	0	0	0	0	6.01
101.677	99.5433	198.78	0	0	0	0	6.02
101.659	99.5599	198.781	0	0	0	0	6.03
101.64	99.5764	198.783	0	0	0	0	6.04
101.622	99.5926	198.785	0	0	0	0	6.05
101.604	99.6087	198.787	0	0	0	0	6.06
101.586	99.6246	198.789	0	0	0	0	6.07
101.568	99.6403	198.792	0	0	0	0	6.08
101.55	99.6559	198.794	0	0	0	0	6.09
101.532	99.6713	198.797	0	0	0	0	6.1
101.514	99.6864	198.8	0	0	0	0	6.11
101.496	99.7015	198.803	0	0	0	0	6.12
101.478	99.7163	198.806	0	0	0	0	6.13
101.46	99.731	198.809	0	0	0	0	6.14
101.442	99.7455	198.812	0	0	0	0	6.15
101.424	99.7598	198.816	0	0	0	0	6.16
101.407	99.7739	198.819	0	0	0	0	6.17
101.389	99.7879	198.823	0	0	0	0	6.18
101.372	99.8017	198.827	0	0	0	0	6.19
101.354	99.8153	198.831	0	0	0	0	6.2
101.336	99.8287	198.835	0	0	0	0	6.21
101.319	99.842	198.839	0	0	0	0	6.22
101.302	99.8551	198.843	0	0	0	0	6.23
101.284	99.868	198.848	0	0	0	0	6.24
101.267	99.8808	198.852	0	0	0	0	6.25
101.25	99.8933	198.857	0	0	0	0	6.26
101.233	99.9058	198.861	0	0	0	0	6.27
101.216	99.918	198.866	0	0	0	0	6.28
101.199	99.9301	198.871	0	0	0	0	6.29
101.182	99.942	198.876	0	0	0	0	6.3
101.165	99.9537	198.881	0	0	0	0	6.31
101.148	99.9653	198.886	0	0	0	0	6.32
101.132	99.9767	198.892	0	0	0	0	6.33
101.115	99.988	198.897	0	0	0	0	6.34
101.098	99.999	198.902	0	0	0	0	6.35
101.082	100.01	198.908	0	0	0	0	6.36
101.066	100.021	198.914	0	0	0	0	6.37
101.049	100.031	198.919	0	0	0	0	6.38
101.033	100.042	198.925	0	0	0	0	6.39
101.017	100.052	198.931	0	0	0	0	6.4
101.001	100.062	198.937	0	0	0	0	6.41
100.985	100.072	198.943	0	0	0	0	6.42
100.969	100.082	198.949	0	0	0	0	6.43
100.954	100.091	198.955	0	0	0	0	6.44
100.938	100.101	198.961	0	0	0	0	6.45
100.922	100.11	198.967	0	0	0	0	6.46
100.907	100.119	198.974	0	0	0	0	6.47
100.891	100.128	198.98	0	0	0	0	6.48
100.876	100.137	198.986	0	0	0	0	6.49
100.861	100.146	198.993	0	0	0	0	6.5
100.846	100.155	198.999	0	0	0	0	6.51
100.831	100.163	199.006	0	0	0	0	6.52
100.816	100.171	199.013	0	0	0	0	6.53
100.801	100.179	199.019	0	0	0	0	6.54
100.787	100.187	199.026	0	0	0	0	6.55
100.772	100.195	199.033	0	0	0	0	6.56
100.757	100.203	199.04	0	0	0	0	6.57
100.743	100.21	199.047	0	0	0	0	6.58
100.729	100.218	199.053	0	0	0	0	6.59
100.715	100.225	199.06	0	0	0	0	6.6
100.7	100.232	199.067	0	0	0	0	6.61
100.687	100.239	199.074	0	0	0	0	6.62
100.673	100.246	199.081	0	0	0	0	6.63
100.659	100.253	199.089	0	0	0	0	6.64
100.645	100.259	199.096	0	0	0	0	6.65
100.632	100.266	199.103	0	0	0	0	6.66
100.618	100.272	199.11	0	0	0	0	6.67
100.605	100.278	199.117	0	0	0	0	6.68
100.592	100.284	199.124	0	0	0	0	6.69
100.579	100.29	199.132	0	0	0	0	6.7
100.566	100.296	199.139	0	0	0	0	6.71
100.553	100.301	199.146	0	0	0	0	6.72
100.54	100.307	199.153	0	0	0	0	6.73
100.527	100.312	199.161	0	0	0	0	6.74
100.515	100.317	199.168	0	0	0	0	6.75
100.502	100.322	199.175	0	0	0	0	6.76
100.49	100.327	199.183	0	0	0	0	6.77
100.478	100.332	199.19	0	0	0	0	6.78
100.465	100.337	199.198	0	0	0	0	6.79
100.453	100.342	199.205	0	0	0	0	6.8
100.441	100.346	199.212	0	0	0	0	6.81
100.43	100.351	199.22	0	0	0	0	6.82
100.418	100.355	199.227	0	0	0	0	6.83
100.406	100.359	199.235	0	0	0	0	6.84
100.395	100.363	199.242	0	0	0	0	6.85
100.384	100.367	199.25	0	0	0	0	6.86
100.372	100.371	199.257	0	0	0	0	6.87
100.361	100.374	199.264	0	0	0	0	6.88
100.35	100.378	199.272	0	0	0	0	6.89
100.339	100.381	199.279	0	0	0	0	6.9
100.328	100.385	199.287	0	0	0	0	6.91
100.318	100.388	199.294	0	0	0	0	6.92
100.307	100.391	199.302	0	0	0	0	6.93
100.297	100.394	199.309	0	0	0	0	6.94
100.286	100.397	199.316	0	0	0	0	6.95
100.276	100.4	199.324	0	0	0	0	6.96
100.266	100.403	199.331	0	0	0	0	6.97
100.256	100.405	199.339	0	0	0	0	6.98
100.246	100.408	199.346	0	0	0	0	6.99
100.236	100.41	199.353	0	0	0	0	7
100.227	100.413	199.361	0	0	0	0	7.01
100.217	100.415	199.368	0	0	0	0	7.02
100.208	100.417	199.375	0	0	0	0	7.03
100.198	100.419	199.383	0	0	0	0	7.04
100.189	100.421	199.39	0	0	0	0	7.05
100.18	100.423	199.397	0	0	0	0	7.06
100.171	100.425	199.404	0	0	0	0	7.07
100.162	100.426	199.412	0	0	0	0	7.08
100.153	100.428	199.419	0	0	0	0	7.09
100.145	100.429	199.426	0	0	0	0	7.1
100.136	100.431	199.433	0	0	0	0	7.11
100.127	100.432	199.44	0	0	0	0	7.12
100.119	100.433	199.448	0	0	0	0	7.13
100.111	100.435	199.455	0	0	0	0	7.14
100.103	100.436	199.462	0	0	0	0	7.15
100.095	100.437	199.469	0	0	0	0	7.16
100.087	100.438	199.476	0	0	0	0	7.17
100.079	100.438	199.483	0	0	0	0	7.18
100.071	100.439	199.49	0	0	0	0	7.19
100.063	100.44	199.497	0	0	0	0	7.2
100.056	100.44	199.504	0	0	0	0	7.21
100.049	100.441	199.51	0	0	0	0	7.22
100.041	100.441	199.517	0	0	0	0	7.23
100.034	100.442	199.524	0	0	0	0	7.24
100.027	100.442	199.531	0	0	0	0	7.25
100.02	100.442	199.538	0	0	0	0	7.26
100.013	100.443	199.544	0	0	0	0	7.27
100.006	100.443	199.551	0	0	0	0	7.28
99.9995	100.443	199.558	0	0	0	0	7.29
99.9929	100.443	199.564	0	0	0	0	7.3
99.9864	100.443	199.571	0	0	0	0	7.31
99.98	100.442	199.578	0	0	0	0	7.32
99.9736	100.442	199.584	0	0	0	0	7.33
99.9674	100.442	199.591	0	0	0	0	7.34
99.9613	100.442	199.597	0	0	0	0	7.35
99.9553	100.441	199.604	0	0	0	0	7.36
99.9494	100.441	199.61	0	0	0	0	7.37
99.9436	100.44	199.616	0	0	0	0	7.38
99.9379	100.44	199.623	0	0	0	0	7.39
99.9322	100.439	199.629	0	0	0	0	7.4
99.9267	100.438	199.635	0	0	0	0	7.41
99.9212	100.437	199.641	0	0	0	0	7.42
99.9159	100.437	199.648	0	0	0	0	7.43
99.9106	100.436	199.654	0	0	0	0	7.44
99.9055	100.435	199.66	0	0	0	0	7.45
99.9004	100.434	199.666	0	0	0	0	7.46
99.8954	100.433	199.672	0	0	0	0	7.47
99.8905	100.432	199.678	0	0	0	0	7.48
99.8857	100.431	199.684	0	0	0	0	7.49
99.881	100.429	199.69	0	0	0	0	7.5
99.8764	100.428	199.695	0	0	0	0	7.51
99.8718	100.427	199.701	0	0	0	0	7.52
99.8674	100.426	199.707	0	0	0	0	7.53
99.863	100.424	199.713	0	0	0	0	7.54
99.8587	100.423	199.718	0	0	0	0	7.55
99.8545	100.421	199.724	0	0	0	0	7.56
99.8504	100.42	199.73	0	0	0	0	7.57
99.8464	100.418	199.735	0	0	0	0	7.58
99.8425	100.417	199.741	0	0	0	0	7.59
99.8386	100.415	199.746	0	0	0	0	7.6
99.8348	100.414	199.752	0	0	0	0	7.61
99.8311	100.412	199.757	0	0	0	0	7.62
99.8275	100.41	199.762	0	0	0	0	7.63
99.824	100.409	199.767	0	0	0	0	7.64
99.8205	100.407	199.773	0	0	0	0	7.65
99.8171	100.405	199.778	0	0	0	0	7.66
99.8138	100.403	199.783	0	0	0	0	7.67
99.8106	100.401	199.788	0	0	0	0	7.68
99.8074	100.399	199.793	0	0	0	0	7.69
99.8044	100.397	199.798	0	0	0	0	7.7
99.8014	100.395	199.803	0	0	0	0	7.71
99.7984	100.393	199.808	0	0	0	0	7.72
99.7956	100.391	199.813	0	0	0	0	7.73
99.7928	100.389	199.818	0	0	0	0	7.74
99.7901	100.387	199.823	0	0	0	0	7.75
99.7875	100.385	199.827	0	0	0	0	7.76
99.7849	100.383	199.832	0	0	0	0	7.77
99.7824	100.381	199.837	0	0	0	0	7.78
99.78	100.379	199.841	0	0	0	0	7.79
99.7777	100.376	199.846	0	0	0	0	7.8
99.7754	100.374	199.851	0	0	0	0	7.81
99.7732	100.372	199.855	0	0	0	0	7.82
99.771	100.37	199.859	0	0	0	0	7.83
99.7689	100.367	199.864	0	0	0	0	7.84
99.7669	100.365	199.868	0	0	0	0	7.85
99.765	100.363	199.872	0	0	0	0	7.86
99.7631	100.36	199.877	0	0	0	0	7.87
99.7613	100.358	199.881	0	0	0	0	7.88
99.7595	100.355	199.885	0	0	0	0	7.89
99.7578	100.353	199.889	0	0	0	0	7.9
99.7562	100.351	199.893	0	0	0	0	7.91
99.7546	100.348	199.897	0	0	0	0	7.92
99.7531	100.346	199.901	0	0	0	0	7.93
99.7516	100.343	199.905	0	0	0	0	7.94
99.7502	100.341	199.909	0	0	0	0	7.95
99.7489	100.338	199.913	0	0	0	0	7.96
99.7476	100.336	199.917	0	0	0	0	7.97
99.7464	100.333	199.921	0	0	0	0	7.98
99.7452	100.331	199.924	0	0	0	0	7.99
99.7441	100.328	199.928	0	0	0	0	8
99.743	100.325	199.932	0	0	0	0	8.01
99.742	100.323	199.935	0	0	0	0	8.02
99.7411	100.32	199.939	0	0	0	0	8.03
99.7402	100.318	199.942	0	0	0	0	8.04
99.7393	100.315	199.946	0	0	0	0	8.05
99.7386	100.312	199.949	0	0	0	0	8.06
99.7378	100.31	199.952	0	0	0	0	8.07
99.7371	100.307	199.956	0	0	0	0	8.08
99.7365	100.304	199.959	0	0	0	0	8.09
99.7359	100.302	199.962	0	0	0	0	8.1
99.7353	100.299	199.965	0	0	0	0	8.11
99.7348	100.297	199.969	0	0	0	0	8.12
99.7344	100.294	199.972	0	0	0	0	8.13
99.734	100.291	199.975	0	0	0	0	8.14
99.7336	100.289	199.978	0	0	0	0	8.15
99.7333	100.286	199.981	0	0	0	0	8.16
99.733	100.283	199.984	0	0	0	0	8.17
99.7328	100.281	199.987	0	0	0	0	8.18
99.7326	100.278	199.99	0	0	0	0	8.19
99.7325	100.275	199.992	0	0	0	0	8.2
99.7324	100.272	199.995	0	0	0	0	8.21
99.7324	100.27	199.998	0	0	0	0	8.22
99.7323	100.267	200.001	0	0	0	0	8.23
99.7324	100.264	200.003	0	0	0	0	8.24
99.7324	100.262	200.006	0	0	0	0	8.25
99.7325	100.259	200.008	0	0	0	0	8.26
99.7327	100.256	200.011	0	0	0	0	8.27
99.7329	100.254	200.013	0	0	0	0	8.28
99.7331	100.251	200.016	0	0	0	0	8.29
99.7333	100.248	200.018	0	0	0	0	8.3
99.7336	100.246	200.021	0	0	0	0	8.31
99.734	100.243	200.023	0	0	0	0	8.32
99.7343	100.24	200.025	0	0	0	0	8.33
99.7347	100.238	200.028	0	0	0	0	8.34
99.7351	100.235	200.03	0	0	0	0	8.35
99.7356	100.232	200.032	0	0	0	0	8.36
99.7361	100.23	200.034	0	0	0	0	8.37
99.7366	100.227	200.036	0	0	0	0	8.38
99.7372	100.224	200.038	0	0	0	0	8.39
99.7378	100.222	200.04	0	0	0	0	8.4
99.7384	100.219	200.042	0	0	0	0	8.41
99.739	100.217	200.044	0	0	0	0	8.42
99.7397	100.214	200.046	0	0	0	0	8.43
99.7404	100.211	200.048	0	0	0	0	8.44
99.7412	100.209	200.05	0	0	0	0	8.45
99.7419	100.206	200.052	0	0	0	0	8.46
99.7427	100.204	200.054	0	0	0	0	8.47
99.7435	100.201	200.055	0	0	0	0	8.48
99.7444	100.198	200.057	0	0	0	0	8.49
99.7453	100.196	200.059	0	0	0	0	8.5
99.7462	100.193	200.061	0	0	0	0	8.51
99.7471	100.191	200.062	0	0	0	0	8.52
99.748	100.188	200.064	0	0	0	0	8.53
99.749	100.186	200.065	0	0	0	0	8.54
99.75	100.183	200.067	0	0	0	0	8.55
99.751	100.181	200.068	0	0	0	0	8.56
99.752	100.178	200.07	0	0	0	0	8.57
99.7531	100.176	200.071	0	0	0	0	8.58
99.7542	100.173	200.073	0	0	0	0	8.59
99.7553	100.171	200.074	0	0	0	0	8.6
99.7564	100.168	200.075	0	0	0	0	8.61
99.7575	100.166	200.077	0	0	0	0	8.62
99.7587	100.164	200.078	0	0	0	0	8.63
99.7598	100.161	200.079	0	0	0	0	8.64
99.761	100.159	200.08	0	0	0	0	8.65
99.7623	100.156	200.081	0	0	0	0	8.66
99.7635	100.154	200.083	0	0	0	0	8.67
99.7647	100.152	200.084	0	0	0	0	8.68
99.766	100.149	200.085	0	0	0	0	8.69
99.7673	100.147	200.086	0	0	0	0	8.7
99.7686	100.145	200.087	0	0	0	0	8.71
99.7699	100.142	200.088	0	0	0	0	8.72
99.7712	100.14	200.089	0	0	0	0	8.73
99.7725	100.138	200.09	0	0	0	0	8.74
99.7739	100.135	200.091	0	0	0	0	8.75
99.7753	100.133	200.092	0	0	0	0	8.76
99.7766	100.131	200.092	0	0	0	0	8.77
99.778	100.129	200.093	0	0	0	0	8.78
99.7794	100.126	200.094	0	0	0	0	8.79
99.7809	100.124	200.095	0	0	0	0	8.8
99.7823	100.122	200.096	0	0	0	0	8.81
99.7837	100.12	200.096	0	0	0	0	8.82
99.7852	100.118	200.097	0	0	0	0	8.83
99.7866	100.116	200.098	0	0	0	0	8.84
99.7881	100.113	200.098	0	0	0	0	8.85
99.7896	100.111	200.099	0	0	0	0	8.86
99.7911	100.109	200.1	0	0	0	0	8.87
99.7926	100.107	200.1	0	0	0	0	8.88
99.7941	100.105	200.101	0	0	0	0	8.89
99.7956	100.103	200.101	0	0	0	0	8.9
99.7971	100.101	200.102	0	0	0	0	8.91
99.7987	100.099	200.102	0	0	0	0	8.92
99.8002	100.097	200.103	0	0	0	0	8.93
99.8018	100.095	200.103	0	0	0	0	8.94
99.8033	100.093	200.104	0	0	0	0	8.95
99.8049	100.091	200.104	0	0	0	0	8.96
99.8064	100.089	200.104	0	0	0	0	8.97
99.808	100.087	200.105	0	0	0	0	8.98
99.8096	100.085	200.105	0	0	0	0	8.99
99.8112	100.083	200.106	0	0	0	0	9
99.8127	100.081	200.106	0	0	0	0	9.01
99.8143	100.08	200.106	0	0	0	0	9.02
99.8159	100.078	200.106	0	0	0	0	9.03
99.8175	100.076	200.107	0	0	0	0	9.04
99.8191	100.074	200.107	0	0	0	0	9.05
99.8207	100.072	200.107	0	0	0	0	9.06
99.8223	100.07	200.107	0	0	0	0	9.07
99.8239	100.069	200.107	0	0	0	0	9.08
99.8256	100.067	200.107	0	0	0	0	9.09
99.8272	100.065	200.108	0	0	0	0	9.1
99.8288	100.063	200.108	0	0	0	0	9.11
99.8304	100.062	200.108	0	0	0	0	9.12
99.832	100.06	200.108	0	0	0	0	9.13
99.8336	100.058	200.108	0	0	0	0	9.14
99.8353	100.057	200.108	0	0	0	0	9.15
99.8369	100.055	200.108	0	0	0	0	9.16
99.8385	100.054	200.108	0	0	0	0	9.17
99.8401	100.052	200.108	0	0	0	0	9.18
99.8417	100.05	200.108	0	0	0	0	9.19
99.8434	100.049	200.108	0	0	0	0	9.2
99.845	100.047	200.108	0	0	0	0	9.21
99.8466	100.046	200.108	0	0	0	0	9.22
99.8482	100.044	200.108	0	0	0	0	9.23
99.8498	100.043	200.108	0	0	0	0	9.24
99.8514	100.041	200.107	0	0	0	0	9.25
99.8531	100.04	200.107	0	0	0	0	9.26
99.8547	100.038	200.107	0	0	0	0	9.27
99.8563	100.037	200.107	0	0	0	0	9.28
99.8579	100.035	200.107	0	0	0	0	9.29
99.8595	100.034	200.107	0	0	0	0	9.3
99.8611	100.032	200.106	0	0	0	0	9.31
99.8627	100.031	200.106	0	0	0	0	9.32
99.8643	100.03	200.106	0	0	0	0	9.33
99.8659	100.028	200.106	0	0	0	0	9.34
99.8675	100.027	200.106	0	0	0	0	9.35
99.869	100.026	200.105	0	0	0	0	9.36
99.8706	100.024	200.105	0	0	0	0	9.37
99.8722	100.023	200.105	0	0	0	0	9.38
99.8738	100.022	200.104	0	0	0	0	9.39
99.8753	100.021	200.104	0	0	0	0	9.4
99.8769	100.019	200.104	0	0	0	0	9.41
99.8784	100.018	200.103	0	0	0	0	9.42
99.88	100.017	200.103	0	0	0	0	9.43
99.8815	100.016	200.103	0	0	0	0	9.44
99.8831	100.015	200.102	0	0	0	0	9.45
99.8846	100.013	200.102	0	0	0	0	9.46
99.8861	100.012	200.102	0	0	0	0	9.47
99.8877	100.011	200.101	0	0	0	0	9.48
99.8892	100.01	200.101	0	0	0	0	9.49
99.8907	100.009	200.1	0	0	0	0	9.5
99.8922	100.008	200.1	0	0	0	0	9.51
99.8937	100.007	200.1	0	0	0	0	9.52
99.8952	100.006	200.099	0	0	0	0	9.53
99.8967	100.005	200.099	0	0	0	0	9.54
99.8982	100.004	200.098	0	0	0	0	9.55
99.8996	100.003	200.098	0	0	0	0	9.56
99.9011	100.002	200.097	0	0	0	0	9.57
99.9025	100.001	200.097	0	0	0	0	9.58
99.904	99.9996	200.096	0	0	0	0	9.59
99.9054	99.9987	200.096	0	0	0	0	9.6
99.9069	99.9977	200.095	0	0	0	0	9.61
99.9083	99.9968	200.095	0	0	0	0	9.62
99.9097	99.9959	200.094	0	0	0	0	9.63
99.9111	99.995	200.094	0	0	0	0	9.64
99.9125	99.9941	200.093	0	0	0	0	9.65
99.9139	99.9932	200.093	0	0	0	0	9.66
99.9153	99.9924	200.092	0	0	0	0	9.67
99.9167	99.9915	200.092	0	0	0	0	9.68
99.9181	99.9907	200.091	0	0	0	0	9.69
99.9195	99.9899	200.091	0	0	0	0	9.7
99.9208	99.9891	200.09	0	0	0	0	9.71
99.9222	99.9883	200.09	0	0	0	0	9.72
99.9235	99.9875	200.089	0	0	0	0	9.73
99.9248	99.9868	200.088	0	0	0	0	9.74
99.9262	99.986	200.088	0	0	0	0	9.75
99.9275	99.9853	200.087	0	0	0	0	9.76
99.9288	99.9846	200.087	0	0	0	0	9.77
99.9301	99.9839	200.086	0	0	0	0	9.78
99.9314	99.9832	200.085	0	0	0	0	9.79
99.9326	99.9825	200.085	0	0	0	0	9.8
99.9339	99.9818	200.084	0	0	0	0	9.81
99.9352	99.9812	200.084	0	0	0	0	9.82
99.9364	99.9805	200.083	0	0	0	0	9.83
99.9377	99.9799	200.082	0	0	0	0	9.84
99.9389	99.9793	200.082	0	0	0	0	9.85
99.9401	99.9787	200.081	0	0	0	0	9.86
99.9413	99.9781	200.081	0	0	0	0	9.87
99.9425	99.9775	200.08	0	0	0	0	9.88
99.9437	99.9769	200.079	0	0	0	0	9.89
99.9449	99.9764	200.079	0	0	0	0	9.9
99.9461	99.9758	200.078	0	0	0	0	9.91
99.9473	99.9753	200.077	0	0	0	0	9.92
99.9484	99.9748	200.077	0	0	0	0	9.93
99.9496	99.9743	200.076	0	0	0	0	9.94
99.9507	99.9738	200.076	0	0	0	0	9.95
99.9519	99.9733	200.075	0	0	0	0	9.96
99.953	99.9728	200.074	0	0	0	0	9.97
99.9541	99.9723	200.074	0	0	0	0	9.98
99.9552	99.9719	200.073	0	0	0	0	9.99
