S	I	R	e	d	dI	f	t
300	100	0	0	0	0	0	0
295.487	103.74	0.773271	0	0	0	0	0.015
290.856	107.515	1.62912	0	0	0	0	0.03
286.141	111.272	2.58735	0	0	0	0	0.045
281.352	114.976	3.67225	0	0	0	0	0.06
276.498	118.594	4.90784	0	0	0	0	0.075
271.592	122.091	6.3171	0	0	0	0	0.09
266.646	125.432	7.92141	0	0	0	0	0.105
261.675	128.585	9.73989	0	0	0	0	0.12
256.692	131.519	11.7889	0	0	0	0	0.135
251.713	134.205	14.0813	0	0	0	0	0.15
246.754	136.619	16.6265	0	0	0	0	0.165
241.831	138.74	19.4296	0	0	0	0	0.18
236.957	140.551	22.4915	0	0	0	0	0.195
232.149	142.042	25.809	0	0	0	0	0.21
227.42	143.205	29.3745	0	0	0	0	0.225
222.784	144.039	33.1766	0	0	0	0	0.24
218.252	144.548	37.2001	0	0	0	0	0.255
213.835	144.738	41.4269	0	0	0	0	0.27
209.542	144.622	45.8358	0	0	0	0	0.285
205.382	144.214	50.4036	0	0	0	0	0.3
201.361	143.533	55.1056	0	0	0	0	0.315
197.485	142.6	59.9158	0	0	0	0	0.33
193.757	141.436	64.8078	0	0	0	0	0.345
190.179	140.065	69.7552	0	0	0	0	0.36
186.755	138.513	74.7319	0	0	0	0	0.375
183.483	136.805	79.7129	0	0	0	0	0.39
180.362	134.963	84.6741	0	0	0	0	0.405
177.393	133.014	89.5931	0	0	0	0	0.42
174.571	130.98	94.4488	0	0	0	0	0.435
171.894	128.884	99.2222	0	0	0	0	0.45
169.358	126.746	103.896	0	0	0	0	0.465
166.959	124.585	108.455	0	0	0	0	0.48
164.693	122.421	112.886	0	0	0	0	0.495
162.554	120.268	117.178	0	0	0	0	0.51
160.537	118.143	121.321	0	0	0	0	0.525
158.637	116.057	125.306	0	0	0	0	0.54
156.848	114.022	129.13	0	0	0	0	0.555
155.166	112.049	132.785	0	0	0	0	0.57
153.583	110.146	136.271	0	0	0	0	0.585
152.096	108.32	139.584	0	0	0	0	0.6
150.698	106.578	142.725	0	0	0	0	0.615
149.383	104.923	145.693	0	0	0	0	0.63
148.148	103.361	148.491	0	0	0	0	0.645
146.986	101.893	151.121	0	0	0	0	0.66
145.893	100.521	153.586	0	0	0	0	0.675
144.863	99.2466	155.89	0	0	0	0	0.69
143.893	98.0695	158.038	0	0	0	0	0.705
142.977	96.9891	160.034	0	0	0	0	0.72
142.112	96.0043	161.884	0	0	0	0	0.735
141.292	95.1132	163.595	0	0	0	0	0.75
140.515	94.3133	165.171	0	0	0	0	0.765
139.777	93.6017	166.621	0	0	0	0	0.78
139.074	92.9749	167.951	0	0	0	0	0.795
138.403	92.4289	169.168	0	0	0	0	0.81
137.761	91.9594	170.28	0	0	0	0	0.825
137.145	91.5614	171.294	0	0	0	0	0.84
136.552	91.2296	172.218	0	0	0	0	0.855
135.981	90.9585	173.06	0	0	0	0	0.87
135.429	90.742	173.829	0	0	0	0	0.885
134.894	90.5736	174.532	0	0	0	0	0.9
134.374	90.4468	175.179	0	0	0	0	0.915
133.869	90.3544	175.777	0	0	0	0	0.93
133.376	90.2893	176.334	0	0	0	0	0.945
132.895	90.244	176.86	0	0	0	0	0.96
132.426	90.2109	177.363	0	0	0	0	0.975
131.967	90.1823	177.851	0	0	0	0	0.99
131.519	90.1504	178.331	0	0	0	0	1.005
131.08	90.1075	178.812	0	0	0	0	1.02
130.653	90.0461	179.301	0	0	0	0	1.035
130.236	89.9587	179.806	0	0	0	0	1.05
129.83	89.8383	180.332	0	0	0	0	1.065
129.436	89.6781	180.886	0	0	0	0	1.08
129.056	89.4717	181.473	0	0	0	0	1.095
128.689	89.2135	182.098	0	0	0	0	1.11
128.337	88.8982	182.765	0	0	0	0	1.125
128.001	88.5215	183.478	0	0	0	0	1.14
127.682	88.0795	184.238	0	0	0	0	1.155
127.383	87.5695	185.048	0	0	0	0	1.17
127.103	86.9892	185.907	0	0	0	0	1.185
126.846	86.3375	186.817	0	0	0	0	1.2
126.611	85.614	187.775	0	0	0	0	1.215
126.4	84.8194	188.78	0	0	0	0	1.23
126.216	83.9549	189.829	0	0	0	0	1.245
126.058	83.0229	190.919	0	0	0	0	1.26
125.928	82.0264	192.045	0	0	0	0	1.275
125.828	80.9691	193.203	0	0	0	0	1.29
125.758	79.8554	194.387	0	0	0	0	1.305
125.719	78.6902	195.591	0	0	0	0	1.32
125.711	77.4792	196.81	0	0	0	0	1.335
125.736	76.2281	198.036	0	0	0	0	1.35
125.793	74.9432	199.264	0	0	0	0	1.365
125.883	73.631	200.486	0	0	0	0	1.38
126.006	72.2978	201.696	0	0	0	0	1.395
126.163	70.9505	202.887	0	0	0	0	1.41
126.351	69.5956	204.053	0	0	0	0	1.425
126.573	68.2396	205.188	0	0	0	0	1.44
126.825	66.8887	206.286	0	0	0	0	1.455
127.11	65.549	207.341	0	0	0	0	1.47
127.424	64.2264	208.349	0	0	0	0	1.485
127.768	62.9263	209.305	0	0	0	0	1.5
128.141	61.6536	210.206	0	0	0	0	1.515
128.541	60.4133	211.046	0	0	0	0	1.53
128.967	59.2094	211.824	0	0	0	0	1.545
129.418	58.0459	212.536	0	0	0	0	1.56
129.893	56.9262	213.181	0	0	0	0	1.575
130.39	55.8534	213.757	0	0	0	0	1.59
130.907	54.83	214.263	0	0	0	0	1.605
131.444	53.8582	214.698	0	0	0	0	1.62
131.998	52.9398	215.062	0	0	0	0	1.635
132.568	52.0763	215.356	0	0	0	0	1.65
133.153	51.2686	215.579	0	0	0	0	1.665
133.75	50.5176	215.732	0	0	0	0	1.68
134.358	49.8237	215.818	0	0	0	0	1.695
134.977	49.1868	215.837	0	0	0	0	1.71
135.603	48.607	215.79	0	0	0	0	1.725
136.235	48.0836	215.681	0	0	0	0	1.74
136.872	47.616	215.512	0	0	0	0	1.755
137.513	47.2031	215.284	0	0	0	0	1.77
138.155	46.8438	215.001	0	0	0	0	1.785
138.798	46.5367	214.666	0	0	0	0	1.8
139.439	46.2799	214.281	0	0	0	0	1.815
140.079	46.0716	213.85	0	0	0	0	1.83
140.714	45.9097	213.376	0	0	0	0	1.845
141.345	45.7918	212.863	0	0	0	0	1.86
141.969	45.7151	212.315	0	0	0	0	1.875
142.587	45.677	211.736	0	0	0	0	1.89
143.196	45.6743	211.129	0	0	0	0	1.905
143.797	45.7038	210.499	0	0	0	0	1.92
144.388	45.7618	209.85	0	0	0	0	1.935
144.968	45.8447	209.187	0	0	0	0	1.95
145.538	45.9484	208.514	0	0	0	0	1.965
146.096	46.0689	207.835	0	0	0	0	1.98
146.642	46.2017	207.156	0	0	0	0	1.995
147.177	46.3425	206.481	0	0	0	0	2.01
147.699	46.4865	205.814	0	0	0	0	2.025
148.21	46.6292	205.16	0	0	0	0	2.04
148.71	46.7658	204.525	0	0	0	0	2.055
149.198	46.8916	203.911	0	0	0	0	2.07
149.675	47.002	203.323	0	0	0	0	2.085
150.143	47.0924	202.765	0	0	0	0	2.1
150.601	47.1585	202.241	0	0	0	0	2.115
151.05	47.1962	201.753	0	0	0	0	2.13
151.493	47.2018	201.305	0	0	0	0	2.145
151.929	47.1718	200.899	0	0	0	0	2.16
152.36	47.1032	200.537	0	0	0	0	2.175
152.787	46.9935	200.219	0	0	0	0	2.19
153.212	46.8408	199.947	0	0	0	0	2.205
153.635	46.6435	199.721	0	0	0	0	2.22
154.059	46.4008	199.54	0	0	0	0	2.235
154.485	46.1125	199.402	0	0	0	0	2.25
154.914	45.7789	199.307	0	0	0	0	2.265
155.347	45.4009	199.252	0	0	0	0	2.28
155.786	44.9801	199.234	0	0	0	0	2.295
156.233	44.5184	199.249	0	0	0	0	2.31
156.687	44.0186	199.294	0	0	0	0	2.325
157.151	43.4835	199.365	0	0	0	0	2.34
157.626	42.9167	199.458	0	0	0	0	2.355
158.111	42.3218	199.567	0	0	0	0	2.37
158.609	41.7029	199.688	0	0	0	0	2.385
159.12	41.0642	199.816	0	0	0	0	2.4
159.643	40.4101	199.947	0	0	0	0	2.415
160.18	39.7451	200.075	0	0	0	0	2.43
160.731	39.0736	200.195	0	0	0	0	2.445
161.296	38.4	200.304	0	0	0	0	2.46
161.875	37.7286	200.397	0	0	0	0	2.475
162.467	37.0637	200.469	0	0	0	0	2.49
163.073	36.4092	200.518	0	0	0	0	2.505
163.691	35.7688	200.54	0	0	0	0	2.52
164.322	35.1462	200.532	0	0	0	0	2.535
164.964	34.5446	200.491	0	0	0	0	2.55
165.618	33.967	200.415	0	0	0	0	2.565
166.282	33.4161	200.302	0	0	0	0	2.58
166.955	32.8944	200.151	0	0	0	0	2.595
167.636	32.404	199.96	0	0	0	0	2.61
168.324	31.9469	199.729	0	0	0	0	2.625
169.019	31.5247	199.457	0	0	0	0	2.64
169.718	31.1388	199.143	0	0	0	0	2.655
170.421	30.7903	198.788	0	0	0	0	2.67
171.127	30.4802	198.392	0	0	0	0	2.685
171.835	30.2093	197.956	0	0	0	0	2.7
172.542	29.9779	197.48	0	0	0	0	2.715
173.248	29.7865	196.965	0	0	0	0	2.73
173.952	29.6352	196.413	0	0	0	0	2.745
174.652	29.5239	195.825	0	0	0	0	2.76
175.346	29.4525	195.201	0	0	0	0	2.775
176.035	29.4205	194.544	0	0	0	0	2.79
176.716	29.4275	193.856	0	0	0	0	2.805
177.388	29.4726	193.139	0	0	0	0	2.82
178.051	29.555	192.394	0	0	0	0	2.835
178.702	29.6734	191.625	0	0	0	0	2.85
179.341	29.8267	190.832	0	0	0	0	2.865
179.967	30.0132	190.02	0	0	0	0	2.88
180.578	30.2311	189.191	0	0	0	0	2.895
181.174	30.4785	188.347	0	0	0	0	2.91
181.754	30.7531	187.492	0	0	0	0	2.925
182.318	31.0523	186.63	0	0	0	0	2.94
182.864	31.3735	185.763	0	0	0	0	2.955
183.392	31.7134	184.895	0	0	0	0	2.97
183.901	32.0688	184.03	0	0	0	0	2.985
184.391	32.4362	183.173	0	0	0	0	3
184.863	32.8116	182.326	0	0	0	0	3.015
185.315	33.1911	181.494	0	0	0	0	3.03
185.748	33.5704	180.681	0	0	0	0	3.045
186.163	33.9453	179.892	0	0	0	0	3.06
186.559	34.3111	179.13	0	0	0	0	3.075
186.937	34.6634	178.399	0	0	0	0	3.09
187.298	34.9977	177.704	0	0	0	0	3.105
187.643	35.3095	177.047	0	0	0	0	3.12
187.973	35.5946	176.432	0	0	0	0	3.135
188.289	35.8488	175.862	0	0	0	0	3.15
188.592	36.0685	175.339	0	0	0	0	3.165
188.884	36.2502	174.866	0	0	0	0	3.18
189.166	36.391	174.443	0	0	0	0	3.195
189.44	36.4883	174.072	0	0	0	0	3.21
189.707	36.5403	173.753	0	0	0	0	3.225
189.97	36.5457	173.485	0	0	0	0	3.24
190.229	36.5035	173.267	0	0	0	0	3.255
190.487	36.4139	173.099	0	0	0	0	3.27
190.746	36.2773	172.977	0	0	0	0	3.285
191.007	36.0948	172.899	0	0	0	0	3.3
191.271	35.8682	172.861	0	0	0	0	3.315
191.541	35.5998	172.859	0	0	0	0	3.33
191.818	35.2925	172.89	0	0	0	0	3.345
192.102	34.9493	172.949	0	0	0	0	3.36
192.396	34.5741	173.03	0	0	0	0	3.375
192.7	34.1707	173.129	0	0	0	0	3.39
193.015	33.7434	173.241	0	0	0	0	3.405
193.342	33.2965	173.361	0	0	0	0	3.42
193.681	32.8345	173.484	0	0	0	0	3.435
194.034	32.3618	173.605	0	0	0	0	3.45
194.399	31.883	173.718	0	0	0	0	3.465
194.777	31.4024	173.82	0	0	0	0	3.48
195.168	30.9243	173.907	0	0	0	0	3.495
195.572	30.4527	173.975	0	0	0	0	3.51
195.989	29.9916	174.02	0	0	0	0	3.525
196.417	29.5444	174.039	0	0	0	0	3.54
196.856	29.1147	174.029	0	0	0	0	3.555
197.306	28.7055	173.988	0	0	0	0	3.57
197.765	28.3197	173.915	0	0	0	0	3.585
198.233	27.9598	173.807	0	0	0	0	3.6
198.709	27.6282	173.663	0	0	0	0	3.615
199.191	27.3269	173.482	0	0	0	0	3.63
199.678	27.0577	173.264	0	0	0	0	3.645
200.17	26.8223	173.008	0	0	0	0	3.66
200.664	26.6221	172.714	0	0	0	0	3.675
201.159	26.4581	172.383	0	0	0	0	3.69
201.655	26.3314	172.014	0	0	0	0	3.705
202.149	26.2428	171.609	0	0	0	0	3.72
202.64	26.1929	171.167	0	0	0	0	3.735
203.127	26.1822	170.691	0	0	0	0	3.75
203.608	26.211	170.181	0	0	0	0	3.765
204.083	26.2793	169.638	0	0	0	0	3.78
204.549	26.3873	169.064	0	0	0	0	3.795
205.004	26.5346	168.461	0	0	0	0	3.81
205.449	26.7208	167.83	0	0	0	0	3.825
205.881	26.9455	167.174	0	0	0	0	3.84
206.299	27.2077	166.494	0	0	0	0	3.855
206.701	27.5065	165.793	0	0	0	0	3.87
207.087	27.8405	165.073	0	0	0	0	3.885
207.455	28.2082	164.337	0	0	0	0	3.9
207.804	28.6078	163.588	0	0	0	0	3.915
208.133	29.0371	162.83	0	0	0	0	3.93
208.441	29.4936	162.065	0	0	0	0	3.945
208.728	29.9745	161.298	0	0	0	0	3.96
208.992	30.4766	160.531	0	0	0	0	3.975
209.234	30.9963	159.77	0	0	0	0	3.99
209.452	31.5298	159.019	0	0	0	0	4.005
209.646	32.073	158.281	0	0	0	0	4.02
209.817	32.6211	157.562	0	0	0	0	4.035
209.965	33.1695	156.866	0	0	0	0	4.05
210.089	33.7132	156.198	0	0	0	0	4.065
210.191	34.2468	155.562	0	0	0	0	4.08
210.271	34.7651	154.964	0	0	0	0	4.095
210.33	35.2628	154.407	0	0	0	0	4.11
210.369	35.7345	153.897	0	0	0	0	4.125
210.39	36.175	153.435	0	0	0	0	4.14
210.393	36.5796	153.027	0	0	0	0	4.155
210.382	36.9435	152.675	0	0	0	0	4.17
210.356	37.2627	152.381	0	0	0	0	4.185
210.32	37.5334	152.147	0	0	0	0	4.2
210.274	37.7526	151.973	0	0	0	0	4.215
210.221	37.9179	151.861	0	0	0	0	4.23
210.162	38.0277	151.81	0	0	0	0	4.245
210.101	38.0808	151.818	0	0	0	0	4.26
210.04	38.0772	151.883	0	0	0	0	4.275
209.98	38.0175	152.002	0	0	0	0	4.29
209.924	37.9029	152.173	0	0	0	0	4.305
209.874	37.7355	152.391	0	0	0	0	4.32
209.832	37.518	152.65	0	0	0	0	4.335
209.799	37.2538	152.947	0	0	0	0	4.35
209.778	36.9467	153.276	0	0	0	0	4.365
209.769	36.601	153.63	0	0	0	0	4.38
209.774	36.2214	154.004	0	0	0	0	4.395
209.795	35.8129	154.392	0	0	0	0	4.41
209.831	35.3805	154.788	0	0	0	0	4.425
209.884	34.9295	155.186	0	0	0	0	4.44
209.954	34.4653	155.58	0	0	0	0	4.455
210.042	33.9929	155.965	0	0	0	0	4.47
210.147	33.5176	156.336	0	0	0	0	4.485
210.269	33.0441	156.687	0	0	0	0	4.5
210.407	32.5773	157.015	0	0	0	0	4.515
210.563	32.1216	157.316	0	0	0	0	4.53
210.733	31.6811	157.585	0	0	0	0	4.545
210.919	31.2598	157.821	0	0	0	0	4.56
211.119	30.8611	158.02	0	0	0	0	4.575
211.331	30.4885	158.18	0	0	0	0	4.59
211.555	30.1447	158.3	0	0	0	0	4.605
211.79	29.8326	158.378	0	0	0	0	4.62
212.033	29.5544	158.412	0	0	0	0	4.635
212.284	29.3122	158.403	0	0	0	0	4.65
212.541	29.1079	158.351	0	0	0	0	4.665
212.803	28.9432	158.254	0	0	0	0	4.68
213.067	28.8193	158.113	0	0	0	0	4.695
213.333	28.7374	157.93	0	0	0	0	4.71
213.598	28.6986	157.703	0	0	0	0	4.725
213.861	28.7036	157.436	0	0	0	0	4.74
214.12	28.7529	157.127	0	0	0	0	4.755
214.373	28.847	156.78	0	0	0	0	4.77
214.619	28.986	156.394	0	0	0	0	4.785
214.857	29.1701	155.973	0	0	0	0	4.8
215.083	29.399	155.518	0	0	0	0	4.815
215.297	29.6723	155.031	0	0	0	0	4.83
215.497	29.9893	154.514	0	0	0	0	4.845
215.681	30.3491	153.969	0	0	0	0	4.86
215.849	30.7505	153.401	0	0	0	0	4.875
215.998	31.1921	152.81	0	0	0	0	4.89
216.127	31.6719	152.202	0	0	0	0	4.905
216.234	32.1878	151.578	0	0	0	0	4.92
216.32	32.7372	150.943	0	0	0	0	4.935
216.382	33.3169	150.301	0	0	0	0	4.95
216.419	33.9238	149.657	0	0	0	0	4.965
216.432	34.5537	149.014	0	0	0	0	4.98
216.419	35.2026	148.378	0	0	0	0	4.995
216.38	35.8656	147.754	0	0	0	0	5.01
216.316	36.5376	147.147	0	0	0	0	5.025
216.225	37.2131	146.562	0	0	0	0	5.04
216.108	37.8864	146.005	0	0	0	0	5.055
215.966	38.5514	145.482	0	0	0	0	5.07
215.8	39.2018	144.998	0	0	0	0	5.085
215.611	39.8312	144.558	0	0	0	0	5.1
215.399	40.4333	144.168	0	0	0	0	5.115
215.166	41.0018	143.832	0	0	0	0	5.13
214.915	41.5307	143.554	0	0	0	0	5.145
214.647	42.0142	143.339	0	0	0	0	5.16
214.364	42.4472	143.189	0	0	0	0	5.175
214.069	42.8248	143.107	0	0	0	0	5.19
213.763	43.143	143.094	0	0	0	0	5.205
213.45	43.3985	143.151	0	0	0	0	5.22
213.132	43.5888	143.279	0	0	0	0	5.235
212.812	43.7122	143.475	0	0	0	0	5.25
212.493	43.768	143.739	0	0	0	0	5.265
212.177	43.7564	144.067	0	0	0	0	5.28
211.866	43.6784	144.456	0	0	0	0	5.295
211.564	43.536	144.9	0	0	0	0	5.31
211.272	43.332	145.396	0	0	0	0	5.325
210.993	43.0699	145.937	0	0	0	0	5.34
210.729	42.7539	146.517	0	0	0	0	5.355
210.482	42.3888	147.129	0	0	0	0	5.37
210.253	41.9798	147.767	0	0	0	0	5.385
210.044	41.5327	148.424	0	0	0	0	5.4
209.855	41.0534	149.092	0	0	0	0	5.415
209.688	40.5478	149.764	0	0	0	0	5.43
209.543	40.0223	150.435	0	0	0	0	5.445
209.421	39.4828	151.097	0	0	0	0	5.46
209.321	38.9355	151.744	0	0	0	0	5.475
209.244	38.3862	152.37	0	0	0	0	5.49
209.189	37.8404	152.971	0	0	0	0	5.505
209.156	37.3036	153.54	0	0	0	0	5.52
209.144	36.7808	154.075	0	0	0	0	5.535
209.153	36.2766	154.571	0	0	0	0	5.55
209.18	35.7954	155.025	0	0	0	0	5.565
209.226	35.341	155.433	0	0	0	0	5.58
209.288	34.9171	155.795	0	0	0	0	5.595
209.365	34.5269	156.108	0	0	0	0	5.61
209.456	34.1733	156.37	0	0	0	0	5.625
209.559	33.8588	156.582	0	0	0	0	5.64
209.673	33.5857	156.741	0	0	0	0	5.655
209.795	33.3559	156.849	0	0	0	0	5.67
209.924	33.171	156.905	0	0	0	0	5.685
210.058	33.0324	156.909	0	0	0	0	5.7
210.195	32.9414	156.863	0	0	0	0	5.715
210.334	32.8988	156.768	0	0	0	0	5.73
210.471	32.9053	156.623	0	0	0	0	5.745
210.606	32.9614	156.432	0	0	0	0	5.76
210.737	33.0673	156.196	0	0	0	0	5.775
210.861	33.223	155.916	0	0	0	0	5.79
210.977	33.4284	155.595	0	0	0	0	5.805
211.082	33.6831	155.235	0	0	0	0	5.82
211.176	33.9862	154.838	0	0	0	0	5.835
211.256	34.3368	154.407	0	0	0	0	5.85
211.321	34.7335	153.945	0	0	0	0	5.865
211.369	35.1748	153.456	0	0	0	0	5.88
211.398	35.6587	152.943	0	0	0	0	5.895
211.408	36.1828	152.409	0	0	0	0	5.91
211.396	36.7442	151.859	0	0	0	0	5.925
211.362	37.3398	151.298	0	0	0	0	5.94
211.305	37.966	150.729	0	0	0	0	5.955
211.224	38.6185	150.157	0	0	0	0	5.97
211.118	39.2929	149.589	0	0	0	0	5.985
210.987	39.984	149.029	0	0	0	0	6
210.831	40.6865	148.483	0	0	0	0	6.015
210.649	41.3946	147.957	0	0	0	0	6.03
210.442	42.1019	147.457	0	0	0	0	6.045
210.21	42.802	146.988	0	0	0	0	6.06
209.954	43.4882	146.558	0	0	0	0	6.075
209.676	44.1537	146.171	0	0	0	0	6.09
209.376	44.7916	145.833	0	0	0	0	6.105
209.056	45.3951	145.549	0	0	0	0	6.12
208.717	45.9576	145.325	0	0	0	0	6.135
208.362	46.473	145.165	0	0	0	0	6.15
207.993	46.9353	145.071	0	0	0	0	6.165
207.613	47.3393	145.048	0	0	0	0	6.18
207.223	47.6804	145.097	0	0	0	0	6.195
206.826	47.9548	145.219	0	0	0	0	6.21
206.426	48.1595	145.414	0	0	0	0	6.225
206.025	48.2925	145.683	0	0	0	0	6.24
205.625	48.3525	146.023	0	0	0	0	6.255
205.23	48.3395	146.431	0	0	0	0	6.27
204.842	48.2543	146.904	0	0	0	0	6.285
204.464	48.0985	147.438	0	0	0	0	6.3
204.098	47.875	148.027	0	0	0	0	6.315
203.747	47.5871	148.666	0	0	0	0	6.33
203.413	47.2391	149.348	0	0	0	0	6.345
203.098	46.8359	150.066	0	0	0	0	6.36
202.803	46.383	150.814	0	0	0	0	6.375
202.53	45.8862	151.584	0	0	0	0	6.39
202.28	45.3517	152.368	0	0	0	0	6.405
202.054	44.7861	153.16	0	0	0	0	6.42
201.854	44.1958	153.951	0	0	0	0	6.435
201.678	43.5874	154.735	0	0	0	0	6.45
201.528	42.9674	155.504	0	0	0	0	6.465
201.404	42.3421	156.254	0	0	0	0	6.48
201.305	41.7176	156.978	0	0	0	0	6.495
201.23	41.0998	157.67	0	0	0	0	6.51
201.18	40.4941	158.326	0	0	0	0	6.525
201.153	39.9057	158.941	0	0	0	0	6.54
201.148	39.3393	159.512	0	0	0	0	6.555
201.164	38.7993	160.036	0	0	0	0	6.57
201.2	38.2895	160.51	0	0	0	0	6.585
201.255	37.8137	160.932	0	0	0	0	6.6
201.326	37.3749	161.299	0	0	0	0	6.615
201.412	36.976	161.612	0	0	0	0	6.63
201.511	36.6195	161.869	0	0	0	0	6.645
201.622	36.3074	162.071	0	0	0	0	6.66
201.743	36.0416	162.216	0	0	0	0	6.675
201.871	35.8235	162.305	0	0	0	0	6.69
202.006	35.6545	162.34	0	0	0	0	6.705
202.145	35.5355	162.32	0	0	0	0	6.72
202.285	35.4672	162.248	0	0	0	0	6.735
202.426	35.4501	162.124	0	0	0	0	6.75
202.565	35.4844	161.951	0	0	0	0	6.765
202.7	35.5702	161.73	0	0	0	0	6.78
202.83	35.7073	161.463	0	0	0	0	6.795
202.952	35.895	161.153	0	0	0	0	6.81
203.065	36.1327	160.802	0	0	0	0	6.825
203.167	36.4194	160.414	0	0	0	0	6.84
203.256	36.7536	159.991	0	0	0	0	6.855
203.33	37.1338	159.536	0	0	0	0	6.87
203.389	37.558	159.053	0	0	0	0	6.885
203.43	38.0238	158.546	0	0	0	0	6.9
203.452	38.5285	158.019	0	0	0	0	6.915
203.455	39.0689	157.476	0	0	0	0	6.93
203.437	39.6414	156.922	0	0	0	0	6.945
203.397	40.242	156.362	0	0	0	0	6.96
203.334	40.8662	155.8	0	0	0	0	6.975
203.248	41.5093	155.243	0	0	0	0	6.99
203.139	42.1659	154.695	0	0	0	0	7.005
203.006	42.8302	154.164	0	0	0	0	7.02
202.85	43.4964	153.654	0	0	0	0	7.035
202.671	44.158	153.171	0	0	0	0	7.05
202.47	44.8085	152.722	0	0	0	0	7.065
202.247	45.4412	152.312	0	0	0	0	7.08
202.004	46.0493	151.947	0	0	0	0	7.095
201.741	46.6262	151.633	0	0	0	0	7.11
201.461	47.1654	151.373	0	0	0	0	7.125
201.166	47.6604	151.174	0	0	0	0	7.14
200.857	48.1055	151.038	0	0	0	0	7.155
200.536	48.4952	150.969	0	0	0	0	7.17
200.206	48.8248	150.969	0	0	0	0	7.185
199.869	49.0903	151.04	0	0	0	0	7.2
199.529	49.2882	151.183	0	0	0	0	7.215
199.187	49.4162	151.397	0	0	0	0	7.23
198.846	49.4728	151.681	0	0	0	0	7.245
198.509	49.4574	152.034	0	0	0	0	7.26
198.178	49.3704	152.451	0	0	0	0	7.275
197.857	49.2131	152.93	0	0	0	0	7.29
197.546	48.9876	153.466	0	0	0	0	7.305
197.25	48.6971	154.053	0	0	0	0	7.32
196.97	48.3453	154.685	0	0	0	0	7.335
196.707	47.9368	155.356	0	0	0	0	7.35
196.464	47.4767	156.059	0	0	0	0	7.365
196.242	46.9705	156.788	0	0	0	0	7.38
196.042	46.4242	157.533	0	0	0	0	7.395
195.866	45.844	158.29	0	0	0	0	7.41
195.714	45.2364	159.049	0	0	0	0	7.425
195.587	44.6079	159.805	0	0	0	0	7.44
195.485	43.9648	160.55	0	0	0	0	7.455
195.408	43.3134	161.278	0	0	0	0	7.47
195.356	42.66	161.984	0	0	0	0	7.485
195.329	42.0104	162.661	0	0	0	0	7.5
195.326	41.3702	163.304	0	0	0	0	7.515
195.346	40.7447	163.909	0	0	0	0	7.53
195.389	40.1387	164.472	0	0	0	0	7.545
195.453	39.5567	164.99	0	0	0	0	7.56
195.538	39.0028	165.46	0	0	0	0	7.575
195.641	38.4809	165.878	0	0	0	0	7.59
195.761	37.9941	166.244	0	0	0	0	7.605
195.898	37.5454	166.557	0	0	0	0	7.62
196.049	37.1375	166.814	0	0	0	0	7.635
196.212	36.7726	167.015	0	0	0	0	7.65
196.386	36.4526	167.161	0	0	0	0	7.665
196.569	36.1792	167.252	0	0	0	0	7.68
196.759	35.9536	167.287	0	0	0	0	7.695
196.955	35.7769	167.269	0	0	0	0	7.71
197.153	35.6499	167.197	0	0	0	0	7.725
197.354	35.5733	167.073	0	0	0	0	7.74
197.554	35.5472	166.899	0	0	0	0	7.755
197.752	35.5718	166.676	0	0	0	0	7.77
197.945	35.6469	166.408	0	0	0	0	7.785
198.133	35.7722	166.094	0	0	0	0	7.8
198.314	35.947	165.74	0	0	0	0	7.815
198.484	36.1703	165.345	0	0	0	0	7.83
198.644	36.441	164.915	0	0	0	0	7.845
198.791	36.7576	164.451	0	0	0	0	7.86
198.924	37.1184	163.958	0	0	0	0	7.875
199.041	37.5211	163.438	0	0	0	0	7.89
199.141	37.9634	162.896	0	0	0	0	7.905
199.222	38.4422	162.335	0	0	0	0	7.92
199.285	38.9545	161.761	0	0	0	0	7.935
199.327	39.4965	161.177	0	0	0	0	7.95
199.348	40.0641	160.588	0	0	0	0	7.965
199.347	40.6529	160	0	0	0	0	7.98
199.324	41.258	159.418	0	0	0	0	7.995
199.278	41.8741	158.848	0	0	0	0	8.01
199.21	42.4956	158.294	0	0	0	0	8.025
199.12	43.1166	157.763	0	0	0	0	8.04
199.008	43.7309	157.261	0	0	0	0	8.055
198.875	44.3322	156.793	0	0	0	0	8.07
198.722	44.914	156.364	0	0	0	0	8.085
198.549	45.4699	155.981	0	0	0	0	8.1
198.359	45.9934	155.648	0	0	0	0	8.115
198.152	46.4785	155.37	0	0	0	0	8.13
197.931	46.9191	155.15	0	0	0	0	8.145
197.697	47.31	154.993	0	0	0	0	8.16
197.453	47.646	154.901	0	0	0	0	8.175
197.201	47.923	154.876	0	0	0	0	8.19
196.942	48.1372	154.92	0	0	0	0	8.205
196.681	48.2858	155.033	0	0	0	0	8.22
196.419	48.3669	155.214	0	0	0	0	8.235
196.158	48.3793	155.463	0	0	0	0	8.25
195.902	48.3227	155.775	0	0	0	0	8.265
195.652	48.1979	156.15	0	0	0	0	8.28
195.412	48.0064	156.582	0	0	0	0	8.295
195.182	47.7507	157.067	0	0	0	0	8.31
194.967	47.4339	157.599	0	0	0	0	8.325
194.766	47.06	158.174	0	0	0	0	8.34
194.583	46.6335	158.783	0	0	0	0	8.355
194.419	46.1594	159.421	0	0	0	0	8.37
194.275	45.6433	160.081	0	0	0	0	8.385
194.153	45.0909	160.756	0	0	0	0	8.4
194.052	44.5085	161.439	0	0	0	0	8.415
193.975	43.9021	162.123	0	0	0	0	8.43
193.921	43.278	162.801	0	0	0	0	8.445
193.891	42.6423	163.466	0	0	0	0	8.46
193.885	42.0012	164.114	0	0	0	0	8.475
193.902	41.3603	164.738	0	0	0	0	8.49
193.942	40.7254	165.332	0	0	0	0	8.505
194.005	40.1017	165.894	0	0	0	0	8.52
194.089	39.4942	166.417	0	0	0	0	8.535
194.194	38.9074	166.898	0	0	0	0	8.55
194.319	38.3455	167.335	0	0	0	0	8.565
194.463	37.8125	167.724	0	0	0	0	8.58
194.624	37.3117	168.064	0	0	0	0	8.595
194.8	36.8463	168.353	0	0	0	0	8.61
194.991	36.419	168.59	0	0	0	0	8.625
195.195	36.0323	168.773	0	0	0	0	8.64
195.41	35.6881	168.902	0	0	0	0	8.655
195.634	35.3882	168.978	0	0	0	0	8.67
195.865	35.1342	169	0	0	0	0	8.685
196.103	34.9272	168.97	0	0	0	0	8.7
196.344	34.7681	168.888	0	0	0	0	8.715
196.588	34.6577	168.754	0	0	0	0	8.73
196.832	34.5965	168.571	0	0	0	0	8.745
197.075	34.5846	168.341	0	0	0	0	8.76
197.314	34.6221	168.064	0	0	0	0	8.775
197.549	34.7087	167.743	0	0	0	0	8.79
197.776	34.844	167.38	0	0	0	0	8.805
197.995	35.0273	166.977	0	0	0	0	8.82
198.204	35.2577	166.538	0	0	0	0	8.835
198.401	35.5339	166.065	0	0	0	0	8.85
198.585	35.8544	165.561	0	0	0	0	8.865
198.754	36.2173	165.029	0	0	0	0	8.88
198.907	36.6205	164.473	0	0	0	0	8.895
199.042	37.0615	163.896	0	0	0	0	8.91
199.159	37.5374	163.304	0	0	0	0	8.925
199.256	38.0449	162.699	0	0	0	0	8.94
199.332	38.5804	162.088	0	0	0	0	8.955
199.387	39.1397	161.473	0	0	0	0	8.97
199.42	39.7185	160.861	0	0	0	0	8.985
199.431	40.3118	160.257	0	0	0	0	9
199.42	40.9144	159.666	0	0	0	0	9.015
199.386	41.5208	159.093	0	0	0	0	9.03
199.33	42.1252	158.545	0	0	0	0	9.045
199.252	42.7215	158.026	0	0	0	0	9.06
199.154	43.3034	157.543	0	0	0	0	9.075
199.035	43.8648	157.1	0	0	0	0	9.09
198.897	44.3992	156.704	0	0	0	0	9.105
198.742	44.9005	156.358	0	0	0	0	9.12
198.571	45.3629	156.066	0	0	0	0	9.135
198.385	45.7806	155.834	0	0	0	0	9.15
198.187	46.1484	155.664	0	0	0	0	9.165
197.979	46.4617	155.559	0	0	0	0	9.18
197.764	46.7165	155.52	0	0	0	0	9.195
197.542	46.9093	155.548	0	0	0	0	9.21
197.318	47.0377	155.645	0	0	0	0	9.225
197.092	47.0999	155.808	0	0	0	0	9.24
196.869	47.0951	156.036	0	0	0	0	9.255
196.65	47.0233	156.327	0	0	0	0	9.27
196.437	46.8854	156.677	0	0	0	0	9.285
196.234	46.6832	157.083	0	0	0	0	9.3
196.041	46.4191	157.54	0	0	0	0	9.315
195.862	46.0967	158.041	0	0	0	0	9.33
195.698	45.7197	158.582	0	0	0	0	9.345
195.551	45.2929	159.156	0	0	0	0	9.36
195.422	44.8213	159.757	0	0	0	0	9.375
195.312	44.3104	160.377	0	0	0	0	9.39
195.224	43.766	161.01	0	0	0	0	9.405
195.157	43.194	161.649	0	0	0	0	9.42
195.112	42.6005	162.287	0	0	0	0	9.435
195.09	41.9915	162.919	0	0	0	0	9.45
195.09	41.3731	163.536	0	0	0	0	9.465
195.114	40.7512	164.135	0	0	0	0	9.48
195.16	40.1313	164.709	0	0	0	0	9.495
195.227	39.5189	165.254	0	0	0	0	9.51
195.317	38.919	165.764	0	0	0	0	9.525
195.427	38.3364	166.237	0	0	0	0	9.54
195.556	37.7755	166.668	0	0	0	0	9.555
195.704	37.2403	167.055	0	0	0	0	9.57
195.87	36.7345	167.395	0	0	0	0	9.585
196.052	36.2613	167.687	0	0	0	0	9.6
196.248	35.8237	167.928	0	0	0	0	9.615
196.458	35.4242	168.118	0	0	0	0	9.63
196.679	35.0653	168.256	0	0	0	0	9.645
196.91	34.7487	168.342	0	0	0	0	9.66
197.149	34.4762	168.375	0	0	0	0	9.675
197.395	34.2492	168.356	0	0	0	0	9.69
197.645	34.0687	168.286	0	0	0	0	9.705
197.898	33.9356	168.166	0	0	0	0	9.72
198.153	33.8506	167.996	0	0	0	0	9.735
198.407	33.8142	167.779	0	0	0	0	9.75
198.658	33.8264	167.515	0	0	0	0	9.765
198.906	33.8873	167.207	0	0	0	0	9.78
199.147	33.9965	166.856	0	0	0	0	9.795
199.381	34.1537	166.466	0	0	0	0	9.81
199.605	34.3581	166.037	0	0	0	0	9.825
199.818	34.6086	165.573	0	0	0	0	9.84
200.019	34.9041	165.077	0	0	0	0	9.855
200.205	35.2429	164.552	0	0	0	0	9.87
200.376	35.6232	164.001	0	0	0	0	9.885
200.53	36.0428	163.428	0	0	0	0	9.9
200.665	36.4991	162.836	0	0	0	0	9.915
200.782	36.9892	162.229	0	0	0	0	9.93
200.878	37.5097	161.613	0	0	0	0	9.945
200.953	38.0569	160.99	0	0	0	0	9.96
201.006	38.6267	160.368	0	0	0	0	9.975
201.036	39.2145	159.749	0	0	0	0	9.99
201.045	39.8154	159.14	0	0	0	0	10.005
201.03	40.4242	158.546	0	0	0	0	10.02
200.992	41.0352	157.972	0	0	0	0	10.035
200.933	41.6427	157.425	0	0	0	0	10.05
200.851	42.2404	156.909	0	0	0	0	10.065
200.748	42.8223	156.43	0	0	0	0	10.08
200.625	43.3819	155.993	0	0	0	0	10.095
200.483	43.9132	155.604	0	0	0	0	10.11
200.323	44.4099	155.267	0	0	0	0	10.125
200.148	44.8662	154.986	0	0	0	0	10.14
199.959	45.2767	154.765	0	0	0	0	10.155
199.757	45.6362	154.607	0	0	0	0	10.17
199.546	45.9402	154.514	0	0	0	0	10.185
199.327	46.1849	154.488	0	0	0	0	10.2
199.103	46.3673	154.53	0	0	0	0	10.215
198.876	46.4848	154.639	0	0	0	0	10.23
198.649	46.5361	154.815	0	0	0	0	10.245
198.424	46.5206	155.055	0	0	0	0	10.26
198.204	46.4385	155.358	0	0	0	0	10.275
197.99	46.291	155.719	0	0	0	0	10.29
197.787	46.0799	156.134	0	0	0	0	10.305
197.594	45.8083	156.598	0	0	0	0	10.32
197.415	45.4794	157.105	0	0	0	0	10.335
197.252	45.0975	157.651	0	0	0	0	10.35
197.105	44.6673	158.227	0	0	0	0	10.365
196.977	44.194	158.829	0	0	0	0	10.38
196.869	43.6832	159.448	0	0	0	0	10.395
196.782	43.1406	160.077	0	0	0	0	10.41
196.716	42.5723	160.711	0	0	0	0	10.425
196.673	41.9844	161.343	0	0	0	0	10.44
196.652	41.3828	161.966	0	0	0	0	10.455
196.653	40.7735	162.574	0	0	0	0	10.47
196.677	40.1623	163.161	0	0	0	0	10.485
196.723	39.5547	163.722	0	0	0	0	10.5
196.791	38.9561	164.253	0	0	0	0	10.515
196.88	38.3714	164.748	0	0	0	0	10.53
196.989	37.8053	165.205	0	0	0	0	10.545
197.118	37.2619	165.62	0	0	0	0	10.56
197.264	36.7453	165.99	0	0	0	0	10.575
197.428	36.2589	166.313	0	0	0	0	10.59
197.607	35.8059	166.587	0	0	0	0	10.605
197.8	35.3893	166.811	0	0	0	0	10.62
198.005	35.0114	166.984	0	0	0	0	10.635
198.221	34.6744	167.104	0	0	0	0	10.65
198.447	34.3802	167.173	0	0	0	0	10.665
198.68	34.1305	167.189	0	0	0	0	10.68
198.919	33.9264	167.154	0	0	0	0	10.695
199.162	33.769	167.069	0	0	0	0	10.71
199.407	33.6593	166.933	0	0	0	0	10.725
199.653	33.5977	166.749	0	0	0	0	10.74
199.897	33.5846	166.518	0	0	0	0	10.755
200.138	33.6202	166.241	0	0	0	0	10.77
200.375	33.7043	165.921	0	0	0	0	10.785
200.604	33.8368	165.559	0	0	0	0	10.8
200.825	34.0169	165.158	0	0	0	0	10.815
201.036	34.244	164.72	0	0	0	0	10.83
201.235	34.517	164.248	0	0	0	0	10.845
201.421	34.8346	163.745	0	0	0	0	10.86
201.592	35.1951	163.213	0	0	0	0	10.875
201.746	35.5965	162.657	0	0	0	0	10.89
201.883	36.0365	162.08	0	0	0	0	10.905
202.001	36.5126	161.486	0	0	0	0	10.92
202.1	37.0215	160.879	0	0	0	0	10.935
202.177	37.5599	160.263	0	0	0	0	10.95
202.233	38.1239	159.643	0	0	0	0	10.965
202.266	38.7092	159.024	0	0	0	0	10.98
202.277	39.3112	158.412	0	0	0	0	10.995
202.265	39.9248	157.811	0	0	0	0	11.01
202.229	40.5446	157.226	0	0	0	0	11.025
202.171	41.1649	156.664	0	0	0	0	11.04
202.09	41.7798	156.13	0	0	0	0	11.055
201.987	42.3829	155.63	0	0	0	0	11.07
201.863	42.9681	155.169	0	0	0	0	11.085
201.719	43.5291	154.752	0	0	0	0	11.1
201.556	44.0595	154.385	0	0	0	0	11.115
201.376	44.5533	154.071	0	0	0	0	11.13
201.18	45.0046	153.815	0	0	0	0	11.145
200.971	45.4082	153.621	0	0	0	0	11.16
200.75	45.7589	153.491	0	0	0	0	11.175
200.52	46.0524	153.427	0	0	0	0	11.19
200.284	46.2852	153.431	0	0	0	0	11.205
200.042	46.4543	153.504	0	0	0	0	11.22
199.799	46.5575	153.644	0	0	0	0	11.235
199.556	46.5937	153.851	0	0	0	0	11.25
199.316	46.5626	154.122	0	0	0	0	11.265
199.081	46.4646	154.454	0	0	0	0	11.28
198.854	46.3012	154.844	0	0	0	0	11.295
198.638	46.0746	155.288	0	0	0	0	11.31
198.434	45.7879	155.779	0	0	0	0	11.325
198.244	45.4449	156.312	0	0	0	0	11.34
198.07	45.0498	156.88	0	0	0	0	11.355
197.914	44.6077	157.479	0	0	0	0	11.37
197.777	44.1239	158.099	0	0	0	0	11.385
197.66	43.604	158.736	0	0	0	0	11.4
197.565	43.054	159.381	0	0	0	0	11.415
197.491	42.48	160.029	0	0	0	0	11.43
197.441	41.8881	160.671	0	0	0	0	11.445
197.412	41.2842	161.303	0	0	0	0	11.46
197.407	40.6745	161.918	0	0	0	0	11.475
197.425	40.0646	162.511	0	0	0	0	11.49
197.464	39.46	163.075	0	0	0	0	11.505
197.526	38.866	163.608	0	0	0	0	11.52
197.608	38.2875	164.104	0	0	0	0	11.535
197.711	37.7289	164.56	0	0	0	0	11.55
197.833	37.1945	164.973	0	0	0	0	11.565
197.972	36.6881	165.339	0	0	0	0	11.58
198.129	36.2132	165.658	0	0	0	0	11.595
198.3	35.7727	165.927	0	0	0	0	11.61
198.485	35.3696	166.145	0	0	0	0	11.625
198.682	35.0061	166.311	0	0	0	0	11.64
198.89	34.6843	166.425	0	0	0	0	11.655
199.107	34.4061	166.487	0	0	0	0	11.67
199.33	34.173	166.497	0	0	0	0	11.685
199.559	33.9861	166.454	0	0	0	0	11.7
199.792	33.8465	166.362	0	0	0	0	11.715
200.026	33.7549	166.219	0	0	0	0	11.73
200.26	33.7118	166.028	0	0	0	0	11.745
200.492	33.7176	165.79	0	0	0	0	11.76
200.721	33.7723	165.507	0	0	0	0	11.775
200.944	33.8758	165.18	0	0	0	0	11.79
201.159	34.0276	164.813	0	0	0	0	11.805
201.366	34.2272	164.407	0	0	0	0	11.82
201.562	34.4737	163.964	0	0	0	0	11.835
201.745	34.7659	163.489	0	0	0	0	11.85
201.915	35.1024	162.982	0	0	0	0	11.865
202.069	35.4815	162.449	0	0	0	0	11.88
202.207	35.901	161.892	0	0	0	0	11.895
202.326	36.3586	161.315	0	0	0	0	11.91
202.426	36.8513	160.722	0	0	0	0	11.925
202.506	37.376	160.118	0	0	0	0	11.94
202.565	37.9292	159.506	0	0	0	0	11.955
202.601	38.5066	158.892	0	0	0	0	11.97
202.615	39.104	158.281	0	0	0	0	11.985
202.606	39.7165	157.677	0	0	0	0	12
202.574	40.3389	157.087	0	0	0	0	12.015
202.518	40.9656	156.516	0	0	0	0	12.03
202.44	41.5908	155.969	0	0	0	0	12.045
202.339	42.2084	155.452	0	0	0	0	12.06
202.217	42.8121	154.971	0	0	0	0	12.075
202.073	43.3955	154.531	0	0	0	0	12.09
201.91	43.9523	154.137	0	0	0	0	12.105
201.729	44.4763	153.795	0	0	0	0	12.12
201.531	44.9613	153.508	0	0	0	0	12.135
201.318	45.4017	153.28	0	0	0	0	12.15
201.092	45.7921	153.116	0	0	0	0	12.165
200.855	46.1277	153.017	0	0	0	0	12.18
200.61	46.4044	152.985	0	0	0	0	12.195
200.359	46.6187	153.022	0	0	0	0	12.21
200.104	46.7681	153.128	0	0	0	0	12.225
199.848	46.8506	153.301	0	0	0	0	12.24
199.594	46.8653	153.541	0	0	0	0	12.255
199.344	46.8122	153.844	0	0	0	0	12.27
199.1	46.6922	154.208	0	0	0	0	12.285
198.864	46.5069	154.629	0	0	0	0	12.3
198.64	46.2589	155.101	0	0	0	0	12.315
198.429	45.9515	155.619	0	0	0	0	12.33
198.234	45.5888	156.178	0	0	0	0	12.345
198.055	45.1752	156.77	0	0	0	0	12.36
197.895	44.716	157.389	0	0	0	0	12.375
197.754	44.2166	158.029	0	0	0	0	12.39
197.634	43.683	158.683	0	0	0	0	12.405
197.537	43.121	159.342	0	0	0	0	12.42
197.461	42.5368	160.002	0	0	0	0	12.435
197.409	41.9367	160.654	0	0	0	0	12.45
197.38	41.3265	161.294	0	0	0	0	12.465
197.373	40.7124	161.914	0	0	0	0	12.48
197.39	40.0999	162.51	0	0	0	0	12.495
197.429	39.4945	163.077	0	0	0	0	12.51
197.49	38.9015	163.609	0	0	0	0	12.525
197.571	38.3255	164.103	0	0	0	0	12.54
197.673	37.771	164.556	0	0	0	0	12.555
197.793	37.2422	164.964	0	0	0	0	12.57
197.932	36.7427	165.326	0	0	0	0	12.585
198.086	36.2759	165.638	0	0	0	0	12.6
198.256	35.8447	165.899	0	0	0	0	12.615
198.439	35.4519	166.109	0	0	0	0	12.63
198.633	35.0996	166.267	0	0	0	0	12.645
198.838	34.79	166.372	0	0	0	0	12.66
199.051	34.5246	166.424	0	0	0	0	12.675
199.271	34.3049	166.424	0	0	0	0	12.69
199.496	34.1321	166.372	0	0	0	0	12.705
199.723	34.007	166.269	0	0	0	0	12.72
199.952	33.9304	166.117	0	0	0	0	12.735
200.181	33.9027	165.917	0	0	0	0	12.75
200.406	33.9241	165.669	0	0	0	0	12.765
200.628	33.9946	165.377	0	0	0	0	12.78
200.844	34.114	165.042	0	0	0	0	12.795
201.051	34.2817	164.667	0	0	0	0	12.81
201.249	34.4972	164.253	0	0	0	0	12.825
201.436	34.7593	163.804	0	0	0	0	12.84
201.611	35.0669	163.322	0	0	0	0	12.855
201.77	35.4184	162.811	0	0	0	0	12.87
201.915	35.8119	162.274	0	0	0	0	12.885
202.041	36.2452	161.713	0	0	0	0	12.9
202.15	36.7158	161.135	0	0	0	0	12.915
202.238	37.2205	160.541	0	0	0	0	12.93
202.307	37.7562	159.937	0	0	0	0	12.945
202.353	38.319	159.328	0	0	0	0	12.96
202.378	38.9047	158.718	0	0	0	0	12.975
202.379	39.5088	158.112	0	0	0	0	12.99
202.358	40.1262	157.516	0	0	0	0	13.005
202.314	40.7516	156.935	0	0	0	0	13.02
202.246	41.3794	156.374	0	0	0	0	13.035
202.156	42.0035	155.84	0	0	0	0	13.05
202.044	42.6178	155.338	0	0	0	0	13.065
201.91	43.2159	154.874	0	0	0	0	13.08
201.756	43.7915	154.453	0	0	0	0	13.095
201.582	44.3381	154.08	0	0	0	0	13.11
201.391	44.8497	153.759	0	0	0	0	13.125
201.184	45.3201	153.496	0	0	0	0	13.14
200.963	45.7438	153.293	0	0	0	0	13.155
200.729	46.1157	153.155	0	0	0	0	13.17
200.486	46.4311	153.083	0	0	0	0	13.185
200.235	46.6861	153.079	0	0	0	0	13.2
199.979	46.8775	153.143	0	0	0	0	13.215
199.72	47.003	153.277	0	0	0	0	13.23
199.462	47.061	153.477	0	0	0	0	13.245
199.205	47.0509	153.744	0	0	0	0	13.26
198.954	46.973	154.073	0	0	0	0	13.275
198.71	46.8284	154.462	0	0	0	0	13.29
198.476	46.6192	154.905	0	0	0	0	13.305
198.253	46.3482	155.399	0	0	0	0	13.32
198.045	46.0189	155.936	0	0	0	0	13.335
197.852	45.6355	156.512	0	0	0	0	13.35
197.677	45.203	157.12	0	0	0	0	13.365
197.522	44.7265	157.752	0	0	0	0	13.38
197.386	44.2117	158.402	0	0	0	0	13.395
197.272	43.6645	159.063	0	0	0	0	13.41
197.18	43.0911	159.729	0	0	0	0	13.425
197.111	42.4976	160.391	0	0	0	0	13.44
197.065	41.89	161.045	0	0	0	0	13.455
197.042	41.2745	161.683	0	0	0	0	13.47
197.043	40.657	162.3	0	0	0	0	13.485
197.066	40.0431	162.891	0	0	0	0	13.5
197.111	39.4381	163.451	0	0	0	0	13.515
197.178	38.847	163.975	0	0	0	0	13.53
197.266	38.2747	164.459	0	0	0	0	13.545
197.373	37.7254	164.901	0	0	0	0	13.56
197.5	37.2031	165.297	0	0	0	0	13.575
197.643	36.7114	165.646	0	0	0	0	13.59
197.802	36.2534	165.944	0	0	0	0	13.605
197.976	35.8322	166.191	0	0	0	0	13.62
198.163	35.4501	166.387	0	0	0	0	13.635
198.361	35.1095	166.529	0	0	0	0	13.65
198.569	34.8121	166.619	0	0	0	0	13.665
198.785	34.5597	166.656	0	0	0	0	13.68
199.006	34.3534	166.64	0	0	0	0	13.695
199.232	34.1945	166.573	0	0	0	0	13.71
199.461	34.0836	166.456	0	0	0	0	13.725
199.69	34.0214	166.289	0	0	0	0	13.74
199.918	34.0083	166.074	0	0	0	0	13.755
200.143	34.0444	165.813	0	0	0	0	13.77
200.363	34.1296	165.507	0	0	0	0	13.785
200.577	34.2636	165.16	0	0	0	0	13.8
200.782	34.4459	164.772	0	0	0	0	13.815
200.977	34.6755	164.347	0	0	0	0	13.83
201.161	34.9515	163.888	0	0	0	0	13.845
201.331	35.2725	163.396	0	0	0	0	13.86
201.487	35.6369	162.877	0	0	0	0	13.875
201.626	36.0425	162.332	0	0	0	0	13.89
201.748	36.4871	161.765	0	0	0	0	13.905
201.85	36.968	161.182	0	0	0	0	13.92
201.933	37.482	160.585	0	0	0	0	13.935
201.996	38.0256	159.979	0	0	0	0	13.95
202.036	38.595	159.369	0	0	0	0	13.965
202.054	39.1858	158.76	0	0	0	0	13.98
202.05	39.7932	158.157	0	0	0	0	13.995
202.022	40.4123	157.566	0	0	0	0	14.01
201.972	41.0373	156.991	0	0	0	0	14.025
201.898	41.6627	156.439	0	0	0	0	14.04
201.802	42.2824	155.916	0	0	0	0	14.055
201.684	42.89	155.426	0	0	0	0	14.07
201.545	43.4794	154.976	0	0	0	0	14.085
201.386	44.0439	154.57	0	0	0	0	14.1
201.209	44.5775	154.214	0	0	0	0	14.115
201.014	45.0738	153.912	0	0	0	0	14.13
200.804	45.5271	153.669	0	0	0	0	14.145
200.581	45.9319	153.488	0	0	0	0	14.16
200.346	46.2833	153.371	0	0	0	0	14.175
200.102	46.5767	153.321	0	0	0	0	14.19
199.851	46.8087	153.34	0	0	0	0	14.205
199.597	46.9762	153.427	0	0	0	0	14.22
199.34	47.0772	153.583	0	0	0	0	14.235
199.084	47.1104	153.805	0	0	0	0	14.25
198.832	47.0756	154.092	0	0	0	0	14.265
198.585	46.9733	154.441	0	0	0	0	14.28
198.347	46.805	154.848	0	0	0	0	14.295
198.119	46.573	155.308	0	0	0	0	14.31
197.904	46.2803	155.816	0	0	0	0	14.325
197.703	45.9308	156.366	0	0	0	0	14.34
197.519	45.5288	156.952	0	0	0	0	14.355
197.353	45.0795	157.567	0	0	0	0	14.37
197.207	44.5881	158.205	0	0	0	0	14.385
197.081	44.0604	158.858	0	0	0	0	14.4
196.977	43.5024	159.52	0	0	0	0	14.415
196.896	42.9203	160.184	0	0	0	0	14.43
196.837	42.3202	160.843	0	0	0	0	14.445
196.801	41.7082	161.491	0	0	0	0	14.46
196.789	41.0902	162.121	0	0	0	0	14.475
196.799	40.4722	162.728	0	0	0	0	14.49
196.833	39.8596	163.308	0	0	0	0	14.505
196.888	39.2577	163.855	0	0	0	0	14.52
196.964	38.6714	164.364	0	0	0	0	14.535
197.061	38.1053	164.833	0	0	0	0	14.55
197.178	37.5636	165.259	0	0	0	0	14.565
197.312	37.0502	165.637	0	0	0	0	14.58
197.464	36.5685	165.968	0	0	0	0	14.595
197.631	36.1216	166.248	0	0	0	0	14.61
197.812	35.7122	166.476	0	0	0	0	14.625
198.005	35.3428	166.652	0	0	0	0	14.64
198.209	35.0155	166.776	0	0	0	0	14.655
198.422	34.732	166.846	0	0	0	0	14.67
198.642	34.4939	166.864	0	0	0	0	14.685
198.868	34.3023	166.83	0	0	0	0	14.7
199.097	34.1584	166.744	0	0	0	0	14.715
199.329	34.0627	166.609	0	0	0	0	14.73
199.56	34.0158	166.424	0	0	0	0	14.745
199.79	34.0181	166.192	0	0	0	0	14.76
200.016	34.0695	165.915	0	0	0	0	14.775
200.236	34.1699	165.594	0	0	0	0	14.79
200.45	34.3189	165.231	0	0	0	0	14.805
200.654	34.5158	164.83	0	0	0	0	14.82
200.848	34.7598	164.392	0	0	0	0	14.835
201.03	35.0497	163.92	0	0	0	0	14.85
201.198	35.384	163.418	0	0	0	0	14.865
201.351	35.7609	162.888	0	0	0	0	14.88
201.487	36.1784	162.334	0	0	0	0	14.895
201.606	36.6339	161.76	0	0	0	0	14.91
201.705	37.1247	161.171	0	0	0	0	14.925
201.784	37.6474	160.569	0	0	0	0	14.94
201.841	38.1984	159.96	0	0	0	0	14.955
201.877	38.7738	159.349	0	0	0	0	14.97
201.891	39.369	158.74	0	0	0	0	14.985
