S	I	R	e	d	dI	f	t
300	100	0	0	0	0	0	0
282.722	93.6662	23.6122	0	0	0	0	0.06
268.342	86.9411	44.7165	0	0	0	0	0.12
256.399	80.0453	63.5554	0	0	0	0	0.18
246.623	73.2045	80.1729	0	0	0	0	0.24
238.748	66.5843	94.6675	0	0	0	0	0.3
232.532	60.2993	107.169	0	0	0	0	0.36
227.753	54.4216	117.825	0	0	0	0	0.42
224.215	48.9901	126.795	0	0	0	0	0.48
221.744	44.018	134.238	0	0	0	0	0.54
220.19	39.5005	140.309	0	0	0	0	0.6
219.42	35.4205	145.159	0	0	0	0	0.66
219.321	31.7526	148.926	0	0	0	0	0.72
219.794	28.4671	151.739	0	0	0	0	0.78
220.752	25.5322	153.715	0	0	0	0	0.84
222.124	22.9157	154.961	0	0	0	0	0.9
223.843	20.5865	155.57	0	0	0	0	0.96
225.856	18.5149	155.629	0	0	0	0	1.02
228.114	16.6733	155.213	0	0	0	0	1.08
230.575	15.0363	154.388	0	0	0	0	1.14
233.204	13.5811	153.215	0	0	0	0	1.2
235.97	12.2867	151.743	0	0	0	0	1.26
238.845	11.1348	150.02	0	0	0	0	1.32
241.805	10.1088	148.086	0	0	0	0	1.38
244.831	9.19404	145.975	0	0	0	0	1.44
247.905	8.37758	143.717	0	0	0	0	1.5
251.011	7.64798	141.341	0	0	0	0	1.56
254.136	6.99516	138.869	0	0	0	0	1.62
257.269	6.41025	136.321	0	0	0	0	1.68
260.399	5.88544	133.716	0	0	0	0	1.74
263.518	5.41388	131.068	0	0	0	0	1.8
266.619	4.98952	128.391	0	0	0	0	1.86
269.695	4.60707	125.698	0	0	0	0	1.92
272.741	4.26185	122.997	0	0	0	0	1.98
275.753	3.94976	120.297	0	0	0	0	2.04
278.726	3.66719	117.607	0	0	0	0	2.1
281.656	3.41094	114.933	0	0	0	0	2.16
284.542	3.17821	112.279	0	0	0	0	2.22
287.381	2.96651	109.652	0	0	0	0	2.28
290.172	2.77365	107.055	0	0	0	0	2.34
292.912	2.59768	104.49	0	0	0	0	2.4
295.6	2.43689	101.963	0	0	0	0	2.46
298.237	2.28975	99.4735	0	0	0	0	2.52
300.82	2.1549	97.025	0	0	0	0	2.58
303.35	2.03114	94.6187	0	0	0	0	2.64
305.827	1.91739	92.256	0	0	0	0	2.7
308.25	1.81271	89.9377	0	0	0	0	2.76
310.619	1.71624	87.6647	0	0	0	0	2.82
312.935	1.6272	85.4376	0	0	0	0	2.88
315.199	1.54493	83.2565	0	0	0	0	2.94
317.409	1.46881	81.1218	0	0	0	0	3
319.568	1.39829	79.0334	0	0	0	0	3.06
321.676	1.33287	76.9913	0	0	0	0	3.12
323.733	1.27212	74.9953	0	0	0	0	3.18
325.739	1.21563	73.0449	0	0	0	0	3.24
327.697	1.16305	71.14	0	0	0	0	3.3
329.606	1.11404	69.2799	0	0	0	0	3.36
331.467	1.06832	67.4642	0	0	0	0	3.42
333.282	1.02561	65.6923	0	0	0	0	3.48
335.051	0.985682	63.9636	0	0	0	0	3.54
336.774	0.948307	62.2774	0	0	0	0	3.6
338.454	0.913288	60.6331	0	0	0	0	3.66
340.09	0.880444	59.03	0	0	0	0	3.72
341.683	0.849611	57.4672	0	0	0	0	3.78
343.235	0.820638	55.9442	0	0	0	0	3.84
344.747	0.793387	54.46	0	0	0	0	3.9
346.218	0.767732	53.014	0	0	0	0	3.96
347.651	0.74356	51.6054	0	0	0	0	4.02
349.046	0.720764	50.2334	0	0	0	0	4.08
350.404	0.699249	48.8972	0	0	0	0	4.14
351.725	0.678925	47.596	0	0	0	0	4.2
353.011	0.659711	46.3291	0	0	0	0	4.26
354.263	0.641532	45.0957	0	0	0	0	4.32
355.481	0.62432	43.895	0	0	0	0	4.38
356.666	0.608011	42.7264	0	0	0	0	4.44
357.819	0.592545	41.5889	0	0	0	0	4.5
358.94	0.57787	40.482	0	0	0	0	4.56
360.031	0.563935	39.4048	0	0	0	0	4.62
361.093	0.550693	38.3566	0	0	0	0	4.68
362.125	0.538102	37.3368	0	0	0	0	4.74
363.129	0.526123	36.3447	0	0	0	0	4.8
364.106	0.514717	35.3794	0	0	0	0	4.86
365.056	0.503852	34.4405	0	0	0	0	4.92
365.979	0.493495	33.5271	0	0	0	0	4.98
366.878	0.483617	32.6388	0	0	0	0	5.04
367.751	0.474189	31.7747	0	0	0	0	5.1
368.6	0.465187	30.9344	0	0	0	0	5.16
369.426	0.456587	30.1171	0	0	0	0	5.22
370.229	0.448366	29.3223	0	0	0	0	5.28
371.01	0.440503	28.5495	0	0	0	0	5.34
371.769	0.432979	27.7979	0	0	0	0	5.4
372.507	0.425776	27.0672	0	0	0	0	5.46
373.224	0.418876	26.3567	0	0	0	0	5.52
373.922	0.412264	25.6658	0	0	0	0	5.58
374.6	0.405924	24.9941	0	0	0	0	5.64
375.259	0.399844	24.3411	0	0	0	0	5.7
375.9	0.394008	23.7063	0	0	0	0	5.76
376.523	0.388406	23.0891	0	0	0	0	5.82
377.128	0.383025	22.4891	0	0	0	0	5.88
377.716	0.377855	21.9058	0	0	0	0	5.94
378.288	0.372884	21.3388	0	0	0	0	6
378.844	0.368104	20.7877	0	0	0	0	6.06
379.385	0.363506	20.2519	0	0	0	0	6.12
379.91	0.35908	19.7311	0	0	0	0	6.18
380.42	0.354819	19.225	0	0	0	0	6.24
380.916	0.350715	18.7329	0	0	0	0	6.3
381.399	0.34676	18.2547	0	0	0	0	6.36
381.867	0.342948	17.7899	0	0	0	0	6.42
382.323	0.339273	17.3382	0	0	0	0	6.48
382.765	0.335727	16.8991	0	0	0	0	6.54
383.195	0.332306	16.4723	0	0	0	0	6.6
383.613	0.329004	16.0576	0	0	0	0	6.66
384.02	0.325816	15.6545	0	0	0	0	6.72
384.415	0.322737	15.2628	0	0	0	0	6.78
384.798	0.319761	14.882	0	0	0	0	6.84
385.171	0.316885	14.512	0	0	0	0	6.9
385.533	0.314105	14.1524	0	0	0	0	6.96
385.886	0.311416	13.803	0	0	0	0	7.02
386.228	0.308814	13.4634	0	0	0	0	7.08
386.56	0.306297	13.1333	0	0	0	0	7.14
386.884	0.30386	12.8126	0	0	0	0	7.2
387.198	0.3015	12.5009	0	0	0	0	7.26
387.503	0.299214	12.198	0	0	0	0	7.32
387.799	0.297	11.9036	0	0	0	0	7.38
388.088	0.294854	11.6176	0	0	0	0	7.44
388.368	0.292773	11.3396	0	0	0	0	7.5
388.64	0.290755	11.0695	0	0	0	0	7.56
388.904	0.288798	10.807	0	0	0	0	7.62
389.161	0.2869	10.5519	0	0	0	0	7.68
389.411	0.285057	10.304	0	0	0	0	7.74
389.654	0.283268	10.0631	0	0	0	0	7.8
389.889	0.28153	9.82905	0	0	0	0	7.86
390.119	0.279843	9.60157	0	0	0	0	7.92
390.341	0.278203	9.38052	0	0	0	0	7.98
390.558	0.27661	9.16571	0	0	0	0	8.04
390.768	0.275061	8.95697	0	0	0	0	8.1
390.972	0.273555	8.75413	0	0	0	0	8.16
391.171	0.27209	8.55701	0	0	0	0	8.22
391.364	0.270665	8.36545	0	0	0	0	8.28
391.551	0.269278	8.17931	0	0	0	0	8.34
391.734	0.267928	7.99842	0	0	0	0	8.4
391.911	0.266614	7.82264	0	0	0	0	8.46
392.083	0.265334	7.65182	0	0	0	0	8.52
392.25	0.264087	7.48582	0	0	0	0	8.58
392.413	0.262872	7.3245	0	0	0	0	8.64
392.571	0.261688	7.16774	0	0	0	0	8.7
392.724	0.260534	7.01539	0	0	0	0	8.76
392.873	0.259408	6.86735	0	0	0	0	8.82
393.018	0.25831	6.72347	0	0	0	0	8.88
393.159	0.257239	6.58366	0	0	0	0	8.94
393.296	0.256194	6.44778	0	0	0	0	9
393.429	0.255174	6.31573	0	0	0	0	9.06
393.558	0.254177	6.1874	0	0	0	0	9.12
393.684	0.253205	6.06268	0	0	0	0	9.18
393.806	0.252254	5.94147	0	0	0	0	9.24
393.925	0.251326	5.82368	0	0	0	0	9.3
394.04	0.250418	5.70919	0	0	0	0	9.36
394.153	0.249531	5.59793	0	0	0	0	9.42
394.262	0.248664	5.48979	0	0	0	0	9.48
394.367	0.247815	5.38469	0	0	0	0	9.54
394.47	0.246985	5.28254	0	0	0	0	9.6
394.571	0.246173	5.18326	0	0	0	0	9.66
394.668	0.245378	5.08676	0	0	0	0	9.72
394.762	0.2446	4.99297	0	0	0	0	9.78
394.854	0.243838	4.90181	0	0	0	0	9.84
394.944	0.243092	4.8132	0	0	0	0	9.9
395.031	0.24236	4.72708	0	0	0	0	9.96
395.115	0.241644	4.64336	0	0	0	0	10.02
395.197	0.240941	4.56198	0	0	0	0	10.08
395.277	0.240253	4.48288	0	0	0	0	10.14
395.354	0.239577	4.40598	0	0	0	0	10.2
395.43	0.238915	4.33124	0	0	0	0	10.26
395.503	0.238265	4.25857	0	0	0	0	10.32
395.574	0.237627	4.18794	0	0	0	0	10.38
395.644	0.237001	4.11927	0	0	0	0	10.44
395.711	0.236386	4.05251	0	0	0	0	10.5
395.777	0.235782	3.9876	0	0	0	0	10.56
395.84	0.235189	3.9245	0	0	0	0	10.62
395.902	0.234606	3.86315	0	0	0	0	10.68
395.962	0.234034	3.80351	0	0	0	0	10.74
396.021	0.233471	3.74551	0	0	0	0	10.8
396.078	0.232917	3.68913	0	0	0	0	10.86
396.133	0.232373	3.6343	0	0	0	0	10.92
396.187	0.231837	3.58098	0	0	0	0	10.98
396.24	0.23131	3.52914	0	0	0	0	11.04
396.29	0.230792	3.47873	0	0	0	0	11.1
396.34	0.230282	3.42971	0	0	0	0	11.16
396.388	0.229779	3.38203	0	0	0	0	11.22
396.435	0.229284	3.33567	0	0	0	0	11.28
396.481	0.228797	3.29058	0	0	0	0	11.34
396.525	0.228317	3.24672	0	0	0	0	11.4
396.568	0.227844	3.20407	0	0	0	0	11.46
396.61	0.227377	3.16258	0	0	0	0	11.52
396.651	0.226917	3.12223	0	0	0	0	11.58
396.691	0.226464	3.08298	0	0	0	0	11.64
396.729	0.226017	3.0448	0	0	0	0	11.7
396.767	0.225576	3.00765	0	0	0	0	11.76
396.803	0.225141	2.97152	0	0	0	0	11.82
396.839	0.224711	2.93636	0	0	0	0	11.88
396.874	0.224287	2.90216	0	0	0	0	11.94
396.907	0.223869	2.86888	0	0	0	0	12
396.94	0.223456	2.8365	0	0	0	0	12.06
396.972	0.223047	2.805	0	0	0	0	12.12
397.003	0.222644	2.77434	0	0	0	0	12.18
397.033	0.222246	2.7445	0	0	0	0	12.24
397.063	0.221852	2.71547	0	0	0	0	12.3
397.091	0.221463	2.68721	0	0	0	0	12.36
397.119	0.221078	2.6597	0	0	0	0	12.42
397.146	0.220698	2.63293	0	0	0	0	12.48
397.173	0.220322	2.60687	0	0	0	0	12.54
397.199	0.21995	2.58151	0	0	0	0	12.6
397.224	0.219582	2.55681	0	0	0	0	12.66
397.248	0.219218	2.53277	0	0	0	0	12.72
397.272	0.218857	2.50937	0	0	0	0	12.78
397.295	0.2185	2.48657	0	0	0	0	12.84
397.317	0.218147	2.46438	0	0	0	0	12.9
397.339	0.217798	2.44277	0	0	0	0	12.96
397.361	0.217451	2.42172	0	0	0	0	13.02
397.382	0.217108	2.40123	0	0	0	0	13.08
397.402	0.216768	2.38126	0	0	0	0	13.14
397.422	0.216432	2.36181	0	0	0	0	13.2
397.441	0.216098	2.34287	0	0	0	0	13.26
397.46	0.215768	2.32441	0	0	0	0	13.32
397.478	0.21544	2.30643	0	0	0	0	13.38
397.496	0.215115	2.28891	0	0	0	0	13.44
397.513	0.214793	2.27184	0	0	0	0	13.5
397.53	0.214474	2.2552	0	0	0	0	13.56
397.547	0.214157	2.23899	0	0	0	0	13.62
397.563	0.213843	2.22319	0	0	0	0	13.68
397.579	0.213531	2.20778	0	0	0	0	13.74
397.594	0.213222	2.19277	0	0	0	0	13.8
397.609	0.212915	2.17813	0	0	0	0	13.86
397.624	0.212611	2.16385	0	0	0	0	13.92
397.638	0.212309	2.14993	0	0	0	0	13.98
397.652	0.212009	2.13636	0	0	0	0	14.04
397.665	0.211711	2.12312	0	0	0	0	14.1
397.678	0.211415	2.11021	0	0	0	0	14.16
397.691	0.211121	2.09761	0	0	0	0	14.22
397.704	0.21083	2.08532	0	0	0	0	14.28
397.716	0.21054	2.07333	0	0	0	0	14.34
397.728	0.210252	2.06163	0	0	0	0	14.4
397.74	0.209967	2.05022	0	0	0	0	14.46
397.751	0.209683	2.03907	0	0	0	0	14.52
397.762	0.2094	2.0282	0	0	0	0	14.58
397.773	0.20912	2.01758	0	0	0	0	14.64
397.784	0.208841	2.00721	0	0	0	0	14.7
397.794	0.208564	1.99709	0	0	0	0	14.76
397.805	0.208289	1.98721	0	0	0	0	14.82
397.814	0.208015	1.97755	0	0	0	0	14.88
397.824	0.207743	1.96812	0	0	0	0	14.94
397.834	0.207473	1.95891	0	0	0	0	15
397.843	0.207204	1.94991	0	0	0	0	15.06
397.852	0.206936	1.94111	0	0	0	0	15.12
397.861	0.20667	1.93252	0	0	0	0	15.18
397.869	0.206405	1.92412	0	0	0	0	15.24
397.878	0.206142	1.9159	0	0	0	0	15.3
397.886	0.20588	1.90787	0	0	0	0	15.36
397.894	0.205619	1.90002	0	0	0	0	15.42
397.902	0.20536	1.89234	0	0	0	0	15.48
397.91	0.205102	1.88484	0	0	0	0	15.54
397.918	0.204846	1.87749	0	0	0	0	15.6
397.925	0.20459	1.8703	0	0	0	0	15.66
397.932	0.204336	1.86327	0	0	0	0	15.72
397.94	0.204083	1.85639	0	0	0	0	15.78
397.947	0.203831	1.84965	0	0	0	0	15.84
397.953	0.203581	1.84305	0	0	0	0	15.9
397.96	0.203331	1.8366	0	0	0	0	15.96
397.967	0.203083	1.83027	0	0	0	0	16.02
397.973	0.202835	1.82408	0	0	0	0	16.08
397.979	0.202589	1.81801	0	0	0	0	16.14
397.986	0.202344	1.81207	0	0	0	0	16.2
397.992	0.2021	1.80625	0	0	0	0	16.26
397.998	0.201857	1.80054	0	0	0	0	16.32
398.003	0.201615	1.79494	0	0	0	0	16.38
398.009	0.201373	1.78946	0	0	0	0	16.44
398.015	0.201133	1.78408	0	0	0	0	16.5
398.02	0.200894	1.77881	0	0	0	0	16.56
398.026	0.200656	1.77363	0	0	0	0	16.62
398.031	0.200419	1.76856	0	0	0	0	16.68
398.036	0.200182	1.76358	0	0	0	0	16.74
398.041	0.199947	1.75869	0	0	0	0	16.8
398.046	0.199712	1.75389	0	0	0	0	16.86
398.051	0.199478	1.74918	0	0	0	0	16.92
398.056	0.199245	1.74456	0	0	0	0	16.98
398.061	0.199013	1.74002	0	0	0	0	17.04
398.066	0.198782	1.73556	0	0	0	0	17.1
398.07	0.198552	1.73118	0	0	0	0	17.16
398.075	0.198322	1.72687	0	0	0	0	17.22
398.079	0.198094	1.72264	0	0	0	0	17.28
398.084	0.197866	1.71848	0	0	0	0	17.34
398.088	0.197638	1.71439	0	0	0	0	17.4
398.092	0.197412	1.71037	0	0	0	0	17.46
398.096	0.197186	1.70641	0	0	0	0	17.52
398.101	0.196961	1.70252	0	0	0	0	17.58
398.105	0.196737	1.6987	0	0	0	0	17.64
398.109	0.196514	1.69493	0	0	0	0	17.7
398.112	0.196291	1.69122	0	0	0	0	17.76
398.116	0.196069	1.68757	0	0	0	0	17.82
398.12	0.195848	1.68398	0	0	0	0	17.88
398.124	0.195627	1.68044	0	0	0	0	17.94
398.128	0.195407	1.67696	0	0	0	0	18
398.131	0.195188	1.67353	0	0	0	0	18.06
398.135	0.194969	1.67014	0	0	0	0	18.12
398.138	0.194752	1.66681	0	0	0	0	18.18
398.142	0.194534	1.66352	0	0	0	0	18.24
398.145	0.194318	1.66028	0	0	0	0	18.3
398.149	0.194102	1.65709	0	0	0	0	18.36
398.152	0.193886	1.65394	0	0	0	0	18.42
398.155	0.193672	1.65083	0	0	0	0	18.48
398.159	0.193458	1.64777	0	0	0	0	18.54
398.162	0.193244	1.64474	0	0	0	0	18.6
398.165	0.193031	1.64176	0	0	0	0	18.66
398.168	0.192819	1.63881	0	0	0	0	18.72
398.171	0.192607	1.6359	0	0	0	0	18.78
398.175	0.192396	1.63303	0	0	0	0	18.84
398.178	0.192186	1.63019	0	0	0	0	18.9
398.181	0.191976	1.62739	0	0	0	0	18.96
398.184	0.191767	1.62462	0	0	0	0	19.02
398.187	0.191558	1.62189	0	0	0	0	19.08
398.189	0.19135	1.61918	0	0	0	0	19.14
398.192	0.191142	1.61651	0	0	0	0	19.2
398.195	0.190935	1.61387	0	0	0	0	19.26
398.198	0.190728	1.61126	0	0	0	0	19.32
398.201	0.190522	1.60867	0	0	0	0	19.38
398.204	0.190317	1.60612	0	0	0	0	19.44
398.206	0.190112	1.60359	0	0	0	0	19.5
398.209	0.189908	1.60109	0	0	0	0	19.56
398.212	0.189704	1.59861	0	0	0	0	19.62
398.214	0.1895	1.59616	0	0	0	0	19.68
398.217	0.189298	1.59374	0	0	0	0	19.74
398.22	0.189095	1.59134	0	0	0	0	19.8
398.222	0.188894	1.58896	0	0	0	0	19.86
398.225	0.188692	1.58661	0	0	0	0	19.92
398.227	0.188492	1.58427	0	0	0	0	19.98
398.23	0.188291	1.58196	0	0	0	0	20.04
398.232	0.188091	1.57967	0	0	0	0	20.1
398.235	0.187892	1.57741	0	0	0	0	20.16
398.237	0.187693	1.57516	0	0	0	0	20.22
398.24	0.187495	1.57293	0	0	0	0	20.28
398.242	0.187297	1.57072	0	0	0	0	20.34
398.244	0.1871	1.56853	0	0	0	0	20.4
398.247	0.186903	1.56636	0	0	0	0	20.46
398.249	0.186706	1.56421	0	0	0	0	20.52
398.251	0.186511	1.56207	0	0	0	0	20.58
398.254	0.186315	1.55995	0	0	0	0	20.64
398.256	0.18612	1.55785	0	0	0	0	20.7
398.258	0.185925	1.55576	0	0	0	0	20.76
398.261	0.185731	1.55369	0	0	0	0	20.82
398.263	0.185538	1.55164	0	0	0	0	20.88
398.265	0.185345	1.5496	0	0	0	0	20.94
398.267	0.185152	1.54757	0	0	0	0	21
398.269	0.184959	1.54556	0	0	0	0	21.06
398.272	0.184768	1.54357	0	0	0	0	21.12
398.274	0.184576	1.54159	0	0	0	0	21.18
398.276	0.184385	1.53962	0	0	0	0	21.24
398.278	0.184195	1.53766	0	0	0	0	21.3
398.28	0.184005	1.53572	0	0	0	0	21.36
398.282	0.183815	1.53379	0	0	0	0	21.42
398.285	0.183626	1.53187	0	0	0	0	21.48
398.287	0.183437	1.52997	0	0	0	0	21.54
398.289	0.183248	1.52808	0	0	0	0	21.6
398.291	0.18306	1.52619	0	0	0	0	21.66
398.293	0.182873	1.52432	0	0	0	0	21.72
398.295	0.182686	1.52246	0	0	0	0	21.78
398.297	0.182499	1.52062	0	0	0	0	21.84
398.299	0.182313	1.51878	0	0	0	0	21.9
398.301	0.182127	1.51695	0	0	0	0	21.96
398.303	0.181941	1.51514	0	0	0	0	22.02
398.305	0.181756	1.51333	0	0	0	0	22.08
398.307	0.181571	1.51153	0	0	0	0	22.14
398.309	0.181387	1.50974	0	0	0	0	22.2
398.311	0.181203	1.50797	0	0	0	0	22.26
398.313	0.18102	1.5062	0	0	0	0	22.32
398.315	0.180837	1.50444	0	0	0	0	22.38
398.317	0.180654	1.50269	0	0	0	0	22.44
398.319	0.180472	1.50095	0	0	0	0	22.5
398.32	0.18029	1.49921	0	0	0	0	22.56
398.322	0.180108	1.49749	0	0	0	0	22.62
398.324	0.179927	1.49577	0	0	0	0	22.68
398.326	0.179746	1.49406	0	0	0	0	22.74
398.328	0.179566	1.49236	0	0	0	0	22.8
398.33	0.179386	1.49067	0	0	0	0	22.86
398.332	0.179206	1.48898	0	0	0	0	22.92
398.334	0.179027	1.48731	0	0	0	0	22.98
398.336	0.178848	1.48563	0	0	0	0	23.04
398.337	0.17867	1.48397	0	0	0	0	23.1
398.339	0.178492	1.48232	0	0	0	0	23.16
398.341	0.178314	1.48067	0	0	0	0	23.22
398.343	0.178137	1.47902	0	0	0	0	23.28
398.345	0.17796	1.47739	0	0	0	0	23.34
398.346	0.177783	1.47576	0	0	0	0	23.4
398.348	0.177607	1.47414	0	0	0	0	23.46
398.35	0.177431	1.47252	0	0	0	0	23.52
398.352	0.177256	1.47091	0	0	0	0	23.58
398.354	0.177081	1.46931	0	0	0	0	23.64
398.355	0.176906	1.46771	0	0	0	0	23.7
398.357	0.176731	1.46612	0	0	0	0	23.76
398.359	0.176557	1.46453	0	0	0	0	23.82
398.361	0.176384	1.46295	0	0	0	0	23.88
398.362	0.17621	1.46138	0	0	0	0	23.94
398.364	0.176037	1.45981	0	0	0	0	24
398.366	0.175865	1.45825	0	0	0	0	24.06
398.368	0.175692	1.45669	0	0	0	0	24.12
398.369	0.17552	1.45514	0	0	0	0	24.18
398.371	0.175349	1.45359	0	0	0	0	24.24
398.373	0.175178	1.45205	0	0	0	0	24.3
398.374	0.175007	1.45052	0	0	0	0	24.36
398.376	0.174836	1.44899	0	0	0	0	24.42
398.378	0.174666	1.44746	0	0	0	0	24.48
398.38	0.174496	1.44594	0	0	0	0	24.54
398.381	0.174327	1.44442	0	0	0	0	24.6
398.383	0.174157	1.44291	0	0	0	0	24.66
398.385	0.173989	1.4414	0	0	0	0	24.72
398.386	0.17382	1.4399	0	0	0	0	24.78
398.388	0.173652	1.43841	0	0	0	0	24.84
398.39	0.173484	1.43691	0	0	0	0	24.9
398.391	0.173317	1.43543	0	0	0	0	24.96
398.393	0.173149	1.43394	0	0	0	0	25.02
398.395	0.172983	1.43246	0	0	0	0	25.08
398.396	0.172816	1.43099	0	0	0	0	25.14
398.398	0.17265	1.42952	0	0	0	0	25.2
398.399	0.172484	1.42805	0	0	0	0	25.26
398.401	0.172319	1.42659	0	0	0	0	25.32
398.403	0.172153	1.42513	0	0	0	0	25.38
398.404	0.171989	1.42368	0	0	0	0	25.44
398.406	0.171824	1.42223	0	0	0	0	25.5
398.408	0.17166	1.42078	0	0	0	0	25.56
398.409	0.171496	1.41934	0	0	0	0	25.62
398.411	0.171332	1.4179	0	0	0	0	25.68
398.412	0.171169	1.41647	0	0	0	0	25.74
398.414	0.171006	1.41504	0	0	0	0	25.8
398.416	0.170844	1.41361	0	0	0	0	25.86
398.417	0.170681	1.41219	0	0	0	0	25.92
398.419	0.170519	1.41077	0	0	0	0	25.98
398.42	0.170358	1.40936	0	0	0	0	26.04
398.422	0.170196	1.40795	0	0	0	0	26.1
398.423	0.170035	1.40654	0	0	0	0	26.16
398.425	0.169875	1.40514	0	0	0	0	26.22
398.427	0.169714	1.40374	0	0	0	0	26.28
398.428	0.169554	1.40234	0	0	0	0	26.34
398.43	0.169394	1.40095	0	0	0	0	26.4
398.431	0.169235	1.39956	0	0	0	0	26.46
398.433	0.169076	1.39817	0	0	0	0	26.52
398.434	0.168917	1.39679	0	0	0	0	26.58
398.436	0.168758	1.39541	0	0	0	0	26.64
398.437	0.1686	1.39403	0	0	0	0	26.7
398.439	0.168442	1.39266	0	0	0	0	26.76
398.44	0.168285	1.39129	0	0	0	0	26.82
398.442	0.168127	1.38992	0	0	0	0	26.88
398.443	0.16797	1.38856	0	0	0	0	26.94
398.445	0.167813	1.3872	0	0	0	0	27
398.446	0.167657	1.38585	0	0	0	0	27.06
398.448	0.167501	1.38449	0	0	0	0	27.12
398.45	0.167345	1.38314	0	0	0	0	27.18
398.451	0.167189	1.38179	0	0	0	0	27.24
398.453	0.167034	1.38045	0	0	0	0	27.3
398.454	0.166879	1.37911	0	0	0	0	27.36
398.456	0.166724	1.37777	0	0	0	0	27.42
398.457	0.16657	1.37644	0	0	0	0	27.48
398.458	0.166416	1.37511	0	0	0	0	27.54
398.46	0.166262	1.37378	0	0	0	0	27.6
398.461	0.166109	1.37245	0	0	0	0	27.66
398.463	0.165955	1.37113	0	0	0	0	27.72
398.464	0.165803	1.36981	0	0	0	0	27.78
398.466	0.16565	1.36849	0	0	0	0	27.84
398.467	0.165498	1.36718	0	0	0	0	27.9
398.469	0.165345	1.36587	0	0	0	0	27.96
398.47	0.165194	1.36456	0	0	0	0	28.02
398.472	0.165042	1.36325	0	0	0	0	28.08
398.473	0.164891	1.36195	0	0	0	0	28.14
398.475	0.16474	1.36065	0	0	0	0	28.2
398.476	0.164589	1.35935	0	0	0	0	28.26
398.478	0.164439	1.35806	0	0	0	0	28.32
398.479	0.164289	1.35677	0	0	0	0	28.38
398.48	0.164139	1.35548	0	0	0	0	28.44
398.482	0.16399	1.35419	0	0	0	0	28.5
398.483	0.16384	1.35291	0	0	0	0	28.56
398.485	0.163691	1.35163	0	0	0	0	28.62
398.486	0.163543	1.35035	0	0	0	0	28.68
398.488	0.163394	1.34908	0	0	0	0	28.74
398.489	0.163246	1.3478	0	0	0	0	28.8
398.49	0.163098	1.34653	0	0	0	0	28.86
398.492	0.16295	1.34527	0	0	0	0	28.92
398.493	0.162803	1.344	0	0	0	0	28.98
398.495	0.162656	1.34274	0	0	0	0	29.04
398.496	0.162509	1.34148	0	0	0	0	29.1
398.497	0.162363	1.34022	0	0	0	0	29.16
398.499	0.162216	1.33897	0	0	0	0	29.22
398.5	0.16207	1.33772	0	0	0	0	29.28
398.502	0.161925	1.33647	0	0	0	0	29.34
398.503	0.161779	1.33522	0	0	0	0	29.4
398.504	0.161634	1.33398	0	0	0	0	29.46
398.506	0.161489	1.33274	0	0	0	0	29.52
398.507	0.161344	1.3315	0	0	0	0	29.58
398.509	0.1612	1.33026	0	0	0	0	29.64
398.51	0.161056	1.32903	0	0	0	0	29.7
398.511	0.160912	1.32779	0	0	0	0	29.76
398.513	0.160768	1.32656	0	0	0	0	29.82
398.514	0.160625	1.32534	0	0	0	0	29.88
398.515	0.160482	1.32411	0	0	0	0	29.94
398.517	0.160339	1.32289	0	0	0	0	30
398.518	0.160196	1.32167	0	0	0	0	30.06
398.519	0.160054	1.32045	0	0	0	0	30.12
398.521	0.159912	1.31924	0	0	0	0	30.18
398.522	0.15977	1.31803	0	0	0	0	30.24
398.524	0.159629	1.31682	0	0	0	0	30.3
398.525	0.159487	1.31561	0	0	0	0	30.36
398.526	0.159346	1.3144	0	0	0	0	30.42
398.528	0.159206	1.3132	0	0	0	0	30.48
398.529	0.159065	1.312	0	0	0	0	30.54
398.53	0.158925	1.3108	0	0	0	0	30.6
398.532	0.158785	1.30961	0	0	0	0	30.66
398.533	0.158645	1.30841	0	0	0	0	30.72
398.534	0.158505	1.30722	0	0	0	0	30.78
398.536	0.158366	1.30603	0	0	0	0	30.84
398.537	0.158227	1.30484	0	0	0	0	30.9
398.538	0.158088	1.30366	0	0	0	0	30.96
398.54	0.15795	1.30248	0	0	0	0	31.02
398.541	0.157811	1.3013	0	0	0	0	31.08
398.542	0.157673	1.30012	0	0	0	0	31.14
398.544	0.157535	1.29894	0	0	0	0	31.2
398.545	0.157398	1.29777	0	0	0	0	31.26
398.546	0.157261	1.2966	0	0	0	0	31.32
398.547	0.157124	1.29543	0	0	0	0	31.38
398.549	0.156987	1.29426	0	0	0	0	31.44
398.55	0.15685	1.2931	0	0	0	0	31.5
398.551	0.156714	1.29193	0	0	0	0	31.56
398.553	0.156578	1.29077	0	0	0	0	31.62
398.554	0.156442	1.28962	0	0	0	0	31.68
398.555	0.156306	1.28846	0	0	0	0	31.74
398.557	0.156171	1.28731	0	0	0	0	31.8
398.558	0.156036	1.28615	0	0	0	0	31.86
398.559	0.155901	1.285	0	0	0	0	31.92
398.56	0.155766	1.28386	0	0	0	0	31.98
398.562	0.155631	1.28271	0	0	0	0	32.04
398.563	0.155497	1.28157	0	0	0	0	32.1
398.564	0.155363	1.28043	0	0	0	0	32.16
398.565	0.15523	1.27929	0	0	0	0	32.22
398.567	0.155096	1.27815	0	0	0	0	32.28
398.568	0.154963	1.27702	0	0	0	0	32.34
398.569	0.15483	1.27588	0	0	0	0	32.4
398.571	0.154697	1.27475	0	0	0	0	32.46
398.572	0.154564	1.27362	0	0	0	0	32.52
398.573	0.154432	1.2725	0	0	0	0	32.58
398.574	0.1543	1.27137	0	0	0	0	32.64
398.576	0.154168	1.27025	0	0	0	0	32.7
398.577	0.154036	1.26913	0	0	0	0	32.76
398.578	0.153905	1.26801	0	0	0	0	32.82
398.579	0.153774	1.2669	0	0	0	0	32.88
398.581	0.153643	1.26578	0	0	0	0	32.94
398.582	0.153512	1.26467	0	0	0	0	33
398.583	0.153381	1.26356	0	0	0	0	33.06
398.584	0.153251	1.26245	0	0	0	0	33.12
398.586	0.153121	1.26134	0	0	0	0	33.18
398.587	0.152991	1.26024	0	0	0	0	33.24
398.588	0.152861	1.25914	0	0	0	0	33.3
398.589	0.152732	1.25804	0	0	0	0	33.36
398.59	0.152603	1.25694	0	0	0	0	33.42
398.592	0.152474	1.25584	0	0	0	0	33.48
398.593	0.152345	1.25475	0	0	0	0	33.54
398.594	0.152217	1.25366	0	0	0	0	33.6
398.595	0.152088	1.25257	0	0	0	0	33.66
398.597	0.15196	1.25148	0	0	0	0	33.72
398.598	0.151832	1.25039	0	0	0	0	33.78
398.599	0.151705	1.24931	0	0	0	0	33.84
398.6	0.151577	1.24822	0	0	0	0	33.9
398.601	0.15145	1.24714	0	0	0	0	33.96
398.603	0.151323	1.24606	0	0	0	0	34.02
398.604	0.151196	1.24499	0	0	0	0	34.08
398.605	0.15107	1.24391	0	0	0	0	34.14
398.606	0.150943	1.24284	0	0	0	0	34.2
398.607	0.150817	1.24177	0	0	0	0	34.26
398.609	0.150691	1.2407	0	0	0	0	34.32
398.61	0.150566	1.23963	0	0	0	0	34.38
398.611	0.15044	1.23856	0	0	0	0	34.44
398.612	0.150315	1.2375	0	0	0	0	34.5
398.613	0.15019	1.23644	0	0	0	0	34.56
398.615	0.150065	1.23538	0	0	0	0	34.62
398.616	0.14994	1.23432	0	0	0	0	34.68
398.617	0.149816	1.23326	0	0	0	0	34.74
398.618	0.149692	1.23221	0	0	0	0	34.8
398.619	0.149567	1.23116	0	0	0	0	34.86
398.62	0.149444	1.23011	0	0	0	0	34.92
398.622	0.14932	1.22906	0	0	0	0	34.98
398.623	0.149197	1.22801	0	0	0	0	35.04
398.624	0.149073	1.22696	0	0	0	0	35.1
398.625	0.14895	1.22592	0	0	0	0	35.16
398.626	0.148828	1.22488	0	0	0	0	35.22
398.627	0.148705	1.22384	0	0	0	0	35.28
398.629	0.148583	1.2228	0	0	0	0	35.34
398.63	0.148461	1.22176	0	0	0	0	35.4
398.631	0.148339	1.22073	0	0	0	0	35.46
398.632	0.148217	1.2197	0	0	0	0	35.52
398.633	0.148095	1.21867	0	0	0	0	35.58
398.634	0.147974	1.21764	0	0	0	0	35.64
398.636	0.147853	1.21661	0	0	0	0	35.7
398.637	0.147732	1.21558	0	0	0	0	35.76
398.638	0.147611	1.21456	0	0	0	0	35.82
398.639	0.14749	1.21354	0	0	0	0	35.88
398.64	0.14737	1.21252	0	0	0	0	35.94
398.641	0.14725	1.2115	0	0	0	0	36
398.642	0.14713	1.21048	0	0	0	0	36.06
398.644	0.14701	1.20947	0	0	0	0	36.12
398.645	0.146891	1.20845	0	0	0	0	36.18
398.646	0.146771	1.20744	0	0	0	0	36.24
398.647	0.146652	1.20643	0	0	0	0	36.3
398.648	0.146533	1.20542	0	0	0	0	36.36
398.649	0.146414	1.20442	0	0	0	0	36.42
398.65	0.146296	1.20341	0	0	0	0	36.48
398.651	0.146177	1.20241	0	0	0	0	36.54
398.653	0.146059	1.20141	0	0	0	0	36.6
398.654	0.145941	1.20041	0	0	0	0	36.66
398.655	0.145823	1.19941	0	0	0	0	36.72
398.656	0.145706	1.19841	0	0	0	0	36.78
398.657	0.145588	1.19742	0	0	0	0	36.84
398.658	0.145471	1.19642	0	0	0	0	36.9
398.659	0.145354	1.19543	0	0	0	0	36.96
398.66	0.145237	1.19444	0	0	0	0	37.02
398.661	0.14512	1.19345	0	0	0	0	37.08
398.663	0.145004	1.19247	0	0	0	0	37.14
398.664	0.144888	1.19148	0	0	0	0	37.2
398.665	0.144772	1.1905	0	0	0	0	37.26
398.666	0.144656	1.18952	0	0	0	0	37.32
398.667	0.14454	1.18854	0	0	0	0	37.38
398.668	0.144424	1.18756	0	0	0	0	37.44
398.669	0.144309	1.18658	0	0	0	0	37.5
398.67	0.144194	1.18561	0	0	0	0	37.56
398.671	0.144079	1.18464	0	0	0	0	37.62
398.672	0.143964	1.18366	0	0	0	0	37.68
398.673	0.14385	1.18269	0	0	0	0	37.74
398.675	0.143735	1.18173	0	0	0	0	37.8
398.676	0.143621	1.18076	0	0	0	0	37.86
398.677	0.143507	1.17979	0	0	0	0	37.92
398.678	0.143393	1.17883	0	0	0	0	37.98
398.679	0.143279	1.17787	0	0	0	0	38.04
398.68	0.143166	1.17691	0	0	0	0	38.1
398.681	0.143053	1.17595	0	0	0	0	38.16
398.682	0.142939	1.17499	0	0	0	0	38.22
398.683	0.142826	1.17404	0	0	0	0	38.28
398.684	0.142714	1.17308	0	0	0	0	38.34
398.685	0.142601	1.17213	0	0	0	0	38.4
398.686	0.142489	1.17118	0	0	0	0	38.46
398.687	0.142376	1.17023	0	0	0	0	38.52
398.688	0.142264	1.16928	0	0	0	0	38.58
398.69	0.142152	1.16834	0	0	0	0	38.64
398.691	0.142041	1.16739	0	0	0	0	38.7
398.692	0.141929	1.16645	0	0	0	0	38.76
398.693	0.141818	1.16551	0	0	0	0	38.82
398.694	0.141707	1.16457	0	0	0	0	38.88
398.695	0.141596	1.16363	0	0	0	0	38.94
398.696	0.141485	1.16269	0	0	0	0	39
398.697	0.141374	1.16176	0	0	0	0	39.06
398.698	0.141264	1.16082	0	0	0	0	39.12
398.699	0.141154	1.15989	0	0	0	0	39.18
398.7	0.141043	1.15896	0	0	0	0	39.24
398.701	0.140934	1.15803	0	0	0	0	39.3
398.702	0.140824	1.1571	0	0	0	0	39.36
398.703	0.140714	1.15618	0	0	0	0	39.42
398.704	0.140605	1.15525	0	0	0	0	39.48
398.705	0.140495	1.15433	0	0	0	0	39.54
398.706	0.140386	1.15341	0	0	0	0	39.6
398.707	0.140277	1.15249	0	0	0	0	39.66
398.708	0.140169	1.15157	0	0	0	0	39.72
398.709	0.14006	1.15065	0	0	0	0	39.78
398.71	0.139952	1.14973	0	0	0	0	39.84
398.711	0.139844	1.14882	0	0	0	0	39.9
398.712	0.139736	1.14791	0	0	0	0	39.96
398.713	0.139628	1.14699	0	0	0	0	40.02
398.714	0.13952	1.14608	0	0	0	0	40.08
398.715	0.139412	1.14518	0	0	0	0	40.14
398.716	0.139305	1.14427	0	0	0	0	40.2
398.717	0.139198	1.14336	0	0	0	0	40.26
398.718	0.139091	1.14246	0	0	0	0	40.32
398.719	0.138984	1.14156	0	0	0	0	40.38
398.72	0.138877	1.14066	0	0	0	0	40.44
398.721	0.138771	1.13976	0	0	0	0	40.5
398.722	0.138664	1.13886	0	0	0	0	40.56
398.723	0.138558	1.13796	0	0	0	0	40.62
398.724	0.138452	1.13706	0	0	0	0	40.68
398.725	0.138346	1.13617	0	0	0	0	40.74
398.726	0.13824	1.13528	0	0	0	0	40.8
398.727	0.138135	1.13439	0	0	0	0	40.86
398.728	0.138029	1.1335	0	0	0	0	40.92
398.729	0.137924	1.13261	0	0	0	0	40.98
398.73	0.137819	1.13172	0	0	0	0	41.04
398.731	0.137714	1.13084	0	0	0	0	41.1
398.732	0.137609	1.12995	0	0	0	0	41.16
398.733	0.137505	1.12907	0	0	0	0	41.22
398.734	0.1374	1.12819	0	0	0	0	41.28
398.735	0.137296	1.12731	0	0	0	0	41.34
398.736	0.137192	1.12643	0	0	0	0	41.4
398.737	0.137088	1.12555	0	0	0	0	41.46
398.738	0.136984	1.12468	0	0	0	0	41.52
398.739	0.136881	1.1238	0	0	0	0	41.58
398.74	0.136777	1.12293	0	0	0	0	41.64
398.741	0.136674	1.12206	0	0	0	0	41.7
398.742	0.136571	1.12119	0	0	0	0	41.76
398.743	0.136468	1.12032	0	0	0	0	41.82
398.744	0.136365	1.11945	0	0	0	0	41.88
398.745	0.136262	1.11858	0	0	0	0	41.94
398.746	0.13616	1.11772	0	0	0	0	42
398.747	0.136057	1.11686	0	0	0	0	42.06
398.748	0.135955	1.11599	0	0	0	0	42.12
398.749	0.135853	1.11513	0	0	0	0	42.18
398.75	0.135751	1.11427	0	0	0	0	42.24
398.751	0.135649	1.11341	0	0	0	0	42.3
398.752	0.135548	1.11256	0	0	0	0	42.36
398.753	0.135446	1.1117	0	0	0	0	42.42
398.754	0.135345	1.11085	0	0	0	0	42.48
398.755	0.135244	1.11	0	0	0	0	42.54
398.756	0.135143	1.10914	0	0	0	0	42.6
398.757	0.135042	1.10829	0	0	0	0	42.66
398.758	0.134941	1.10745	0	0	0	0	42.72
398.759	0.134841	1.1066	0	0	0	0	42.78
398.76	0.13474	1.10575	0	0	0	0	42.84
398.76	0.13464	1.10491	0	0	0	0	42.9
398.761	0.13454	1.10406	0	0	0	0	42.96
398.762	0.13444	1.10322	0	0	0	0	43.02
398.763	0.13434	1.10238	0	0	0	0	43.08
398.764	0.134241	1.10154	0	0	0	0	43.14
398.765	0.134141	1.1007	0	0	0	0	43.2
398.766	0.134042	1.09986	0	0	0	0	43.26
398.767	0.133943	1.09903	0	0	0	0	43.32
398.768	0.133844	1.09819	0	0	0	0	43.38
398.769	0.133745	1.09736	0	0	0	0	43.44
398.77	0.133646	1.09653	0	0	0	0	43.5
398.771	0.133548	1.0957	0	0	0	0	43.56
398.772	0.133449	1.09487	0	0	0	0	43.62
398.773	0.133351	1.09404	0	0	0	0	43.68
398.774	0.133253	1.09321	0	0	0	0	43.74
398.774	0.133155	1.09239	0	0	0	0	43.8
398.775	0.133057	1.09156	0	0	0	0	43.86
398.776	0.132959	1.09074	0	0	0	0	43.92
398.777	0.132862	1.08992	0	0	0	0	43.98
398.778	0.132764	1.0891	0	0	0	0	44.04
398.779	0.132667	1.08828	0	0	0	0	44.1
398.78	0.13257	1.08746	0	0	0	0	44.16
398.781	0.132473	1.08664	0	0	0	0	44.22
398.782	0.132376	1.08583	0	0	0	0	44.28
398.783	0.132279	1.08502	0	0	0	0	44.34
398.784	0.132183	1.0842	0	0	0	0	44.4
398.785	0.132086	1.08339	0	0	0	0	44.46
398.785	0.13199	1.08258	0	0	0	0	44.52
398.786	0.131894	1.08177	0	0	0	0	44.58
398.787	0.131798	1.08096	0	0	0	0	44.64
398.788	0.131702	1.08016	0	0	0	0	44.7
398.789	0.131606	1.07935	0	0	0	0	44.76
398.79	0.131511	1.07854	0	0	0	0	44.82
398.791	0.131415	1.07774	0	0	0	0	44.88
398.792	0.13132	1.07694	0	0	0	0	44.94
398.793	0.131225	1.07614	0	0	0	0	45
398.794	0.13113	1.07534	0	0	0	0	45.06
398.794	0.131035	1.07454	0	0	0	0	45.12
398.795	0.13094	1.07374	0	0	0	0	45.18
398.796	0.130846	1.07295	0	0	0	0	45.24
398.797	0.130751	1.07215	0	0	0	0	45.3
398.798	0.130657	1.07136	0	0	0	0	45.36
398.799	0.130563	1.07057	0	0	0	0	45.42
398.8	0.130469	1.06977	0	0	0	0	45.48
398.801	0.130375	1.06898	0	0	0	0	45.54
398.802	0.130281	1.0682	0	0	0	0	45.6
398.802	0.130188	1.06741	0	0	0	0	45.66
398.803	0.130094	1.06662	0	0	0	0	45.72
398.804	0.130001	1.06584	0	0	0	0	45.78
398.805	0.129907	1.06505	0	0	0	0	45.84
398.806	0.129814	1.06427	0	0	0	0	45.9
398.807	0.129721	1.06349	0	0	0	0	45.96
398.808	0.129629	1.06271	0	0	0	0	46.02
398.809	0.129536	1.06193	0	0	0	0	46.08
398.809	0.129443	1.06115	0	0	0	0	46.14
398.81	0.129351	1.06037	0	0	0	0	46.2
398.811	0.129259	1.05959	0	0	0	0	46.26
398.812	0.129167	1.05882	0	0	0	0	46.32
398.813	0.129075	1.05805	0	0	0	0	46.38
398.814	0.128983	1.05727	0	0	0	0	46.44
398.815	0.128891	1.0565	0	0	0	0	46.5
398.815	0.128799	1.05573	0	0	0	0	46.56
398.816	0.128708	1.05496	0	0	0	0	46.62
398.817	0.128616	1.05419	0	0	0	0	46.68
398.818	0.128525	1.05343	0	0	0	0	46.74
398.819	0.128434	1.05266	0	0	0	0	46.8
398.82	0.128343	1.0519	0	0	0	0	46.86
398.821	0.128252	1.05113	0	0	0	0	46.92
398.821	0.128162	1.05037	0	0	0	0	46.98
398.822	0.128071	1.04961	0	0	0	0	47.04
398.823	0.127981	1.04885	0	0	0	0	47.1
398.824	0.12789	1.04809	0	0	0	0	47.16
398.825	0.1278	1.04733	0	0	0	0	47.22
398.826	0.12771	1.04657	0	0	0	0	47.28
398.827	0.12762	1.04582	0	0	0	0	47.34
398.827	0.12753	1.04506	0	0	0	0	47.4
398.828	0.127441	1.04431	0	0	0	0	47.46
398.829	0.127351	1.04356	0	0	0	0	47.52
398.83	0.127262	1.04281	0	0	0	0	47.58
398.831	0.127172	1.04206	0	0	0	0	47.64
398.832	0.127083	1.04131	0	0	0	0	47.7
398.832	0.126994	1.04056	0	0	0	0	47.76
398.833	0.126905	1.03981	0	0	0	0	47.82
398.834	0.126817	1.03907	0	0	0	0	47.88
398.835	0.126728	1.03832	0	0	0	0	47.94
398.836	0.126639	1.03758	0	0	0	0	48
398.837	0.126551	1.03683	0	0	0	0	48.06
398.837	0.126463	1.03609	0	0	0	0	48.12
398.838	0.126374	1.03535	0	0	0	0	48.18
398.839	0.126286	1.03461	0	0	0	0	48.24
398.84	0.126199	1.03387	0	0	0	0	48.3
398.841	0.126111	1.03314	0	0	0	0	48.36
398.842	0.126023	1.0324	0	0	0	0	48.42
398.842	0.125936	1.03167	0	0	0	0	48.48
398.843	0.125848	1.03093	0	0	0	0	48.54
398.844	0.125761	1.0302	0	0	0	0	48.6
398.845	0.125674	1.02947	0	0	0	0	48.66
398.846	0.125587	1.02873	0	0	0	0	48.72
398.846	0.1255	1.028	0	0	0	0	48.78
398.847	0.125413	1.02728	0	0	0	0	48.84
398.848	0.125326	1.02655	0	0	0	0	48.9
398.849	0.12524	1.02582	0	0	0	0	48.96
398.85	0.125153	1.0251	0	0	0	0	49.02
398.851	0.125067	1.02437	0	0	0	0	49.08
398.851	0.124981	1.02365	0	0	0	0	49.14
398.852	0.124895	1.02292	0	0	0	0	49.2
398.853	0.124809	1.0222	0	0	0	0	49.26
398.854	0.124723	1.02148	0	0	0	0	49.32
398.855	0.124637	1.02076	0	0	0	0	49.38
398.855	0.124551	1.02004	0	0	0	0	49.44
398.856	0.124466	1.01933	0	0	0	0	49.5
398.857	0.124381	1.01861	0	0	0	0	49.56
398.858	0.124295	1.01789	0	0	0	0	49.62
398.859	0.12421	1.01718	0	0	0	0	49.68
398.859	0.124125	1.01647	0	0	0	0	49.74
398.86	0.12404	1.01575	0	0	0	0	49.8
398.861	0.123955	1.01504	0	0	0	0	49.86
398.862	0.123871	1.01433	0	0	0	0	49.92
398.863	0.123786	1.01362	0	0	0	0	49.98
398.863	0.123702	1.01291	0	0	0	0	50.04
398.864	0.123618	1.01221	0	0	0	0	50.1
398.865	0.123533	1.0115	0	0	0	0	50.16
398.866	0.123449	1.0108	0	0	0	0	50.22
398.867	0.123365	1.01009	0	0	0	0	50.28
398.867	0.123281	1.00939	0	0	0	0	50.34
398.868	0.123198	1.00868	0	0	0	0	50.4
398.869	0.123114	1.00798	0	0	0	0	50.46
398.87	0.123031	1.00728	0	0	0	0	50.52
398.87	0.122947	1.00658	0	0	0	0	50.58
398.871	0.122864	1.00588	0	0	0	0	50.64
398.872	0.122781	1.00519	0	0	0	0	50.7
398.873	0.122698	1.00449	0	0	0	0	50.76
398.874	0.122615	1.0038	0	0	0	0	50.82
398.874	0.122532	1.0031	0	0	0	0	50.88
398.875	0.122449	1.00241	0	0	0	0	50.94
398.876	0.122367	1.00171	0	0	0	0	51
398.877	0.122284	1.00102	0	0	0	0	51.06
398.877	0.122202	1.00033	0	0	0	0	51.12
398.878	0.12212	0.999642	0	0	0	0	51.18
398.879	0.122037	0.998953	0	0	0	0	51.24
398.88	0.121955	0.998266	0	0	0	0	51.3
398.881	0.121873	0.997579	0	0	0	0	51.36
398.881	0.121792	0.996893	0	0	0	0	51.42
398.882	0.12171	0.996208	0	0	0	0	51.48
398.883	0.121628	0.995524	0	0	0	0	51.54
398.884	0.121547	0.994841	0	0	0	0	51.6
398.884	0.121465	0.994159	0	0	0	0	51.66
398.885	0.121384	0.993477	0	0	0	0	51.72
398.886	0.121303	0.992797	0	0	0	0	51.78
398.887	0.121222	0.992118	0	0	0	0	51.84
398.887	0.121141	0.99144	0	0	0	0	51.9
398.888	0.12106	0.990762	0	0	0	0	51.96
398.889	0.12098	0.990086	0	0	0	0	52.02
398.89	0.120899	0.98941	0	0	0	0	52.08
398.89	0.120818	0.988736	0	0	0	0	52.14
398.891	0.120738	0.988062	0	0	0	0	52.2
398.892	0.120658	0.987389	0	0	0	0	52.26
398.893	0.120578	0.986717	0	0	0	0	52.32
398.893	0.120498	0.986046	0	0	0	0	52.38
398.894	0.120418	0.985376	0	0	0	0	52.44
398.895	0.120338	0.984707	0	0	0	0	52.5
398.896	0.120258	0.984039	0	0	0	0	52.56
398.896	0.120178	0.983372	0	0	0	0	52.62
398.897	0.120099	0.982706	0	0	0	0	52.68
398.898	0.120019	0.98204	0	0	0	0	52.74
398.899	0.11994	0.981376	0	0	0	0	52.8
398.899	0.119861	0.980712	0	0	0	0	52.86
398.9	0.119782	0.98005	0	0	0	0	52.92
398.901	0.119703	0.979388	0	0	0	0	52.98
398.902	0.119624	0.978727	0	0	0	0	53.04
398.902	0.119545	0.978067	0	0	0	0	53.1
398.903	0.119466	0.977408	0	0	0	0	53.16
398.904	0.119388	0.97675	0	0	0	0	53.22
398.905	0.119309	0.976092	0	0	0	0	53.28
398.905	0.119231	0.975436	0	0	0	0	53.34
398.906	0.119153	0.974781	0	0	0	0	53.4
398.907	0.119075	0.974126	0	0	0	0	53.46
398.908	0.118996	0.973472	0	0	0	0	53.52
398.908	0.118919	0.97282	0	0	0	0	53.58
398.909	0.118841	0.972168	0	0	0	0	53.64
398.91	0.118763	0.971517	0	0	0	0	53.7
398.91	0.118685	0.970866	0	0	0	0	53.76
398.911	0.118608	0.970217	0	0	0	0	53.82
398.912	0.11853	0.969569	0	0	0	0	53.88
398.913	0.118453	0.968921	0	0	0	0	53.94
398.913	0.118376	0.968275	0	0	0	0	54
398.914	0.118299	0.967629	0	0	0	0	54.06
398.915	0.118222	0.966984	0	0	0	0	54.12
398.916	0.118145	0.96634	0	0	0	0	54.18
398.916	0.118068	0.965697	0	0	0	0	54.24
398.917	0.117991	0.965054	0	0	0	0	54.3
398.918	0.117914	0.964413	0	0	0	0	54.36
398.918	0.117838	0.963772	0	0	0	0	54.42
398.919	0.117761	0.963133	0	0	0	0	54.48
398.92	0.117685	0.962494	0	0	0	0	54.54
398.921	0.117609	0.961856	0	0	0	0	54.6
398.921	0.117533	0.961219	0	0	0	0	54.66
398.922	0.117457	0.960582	0	0	0	0	54.72
398.923	0.117381	0.959947	0	0	0	0	54.78
398.923	0.117305	0.959312	0	0	0	0	54.84
398.924	0.117229	0.958678	0	0	0	0	54.9
398.925	0.117154	0.958046	0	0	0	0	54.96
398.926	0.117078	0.957413	0	0	0	0	55.02
398.926	0.117003	0.956782	0	0	0	0	55.08
398.927	0.116927	0.956152	0	0	0	0	55.14
398.928	0.116852	0.955522	0	0	0	0	55.2
398.928	0.116777	0.954894	0	0	0	0	55.26
398.929	0.116702	0.954266	0	0	0	0	55.32
398.93	0.116627	0.953639	0	0	0	0	55.38
398.93	0.116552	0.953013	0	0	0	0	55.44
398.931	0.116477	0.952387	0	0	0	0	55.5
398.932	0.116403	0.951763	0	0	0	0	55.56
398.933	0.116328	0.951139	0	0	0	0	55.62
398.933	0.116254	0.950516	0	0	0	0	55.68
398.934	0.116179	0.949894	0	0	0	0	55.74
398.935	0.116105	0.949273	0	0	0	0	55.8
398.935	0.116031	0.948652	0	0	0	0	55.86
398.936	0.115957	0.948033	0	0	0	0	55.92
398.937	0.115883	0.947414	0	0	0	0	55.98
398.937	0.115809	0.946796	0	0	0	0	56.04
398.938	0.115735	0.946179	0	0	0	0	56.1
398.939	0.115661	0.945562	0	0	0	0	56.16
398.939	0.115588	0.944947	0	0	0	0	56.22
398.94	0.115514	0.944332	0	0	0	0	56.28
398.941	0.115441	0.943718	0	0	0	0	56.34
398.942	0.115367	0.943105	0	0	0	0	56.4
398.942	0.115294	0.942493	0	0	0	0	56.46
398.943	0.115221	0.941881	0	0	0	0	56.52
398.944	0.115148	0.941271	0	0	0	0	56.58
398.944	0.115075	0.940661	0	0	0	0	56.64
398.945	0.115002	0.940052	0	0	0	0	56.7
398.946	0.114929	0.939443	0	0	0	0	56.76
398.946	0.114857	0.938836	0	0	0	0	56.82
398.947	0.114784	0.938229	0	0	0	0	56.88
398.948	0.114712	0.937623	0	0	0	0	56.94
398.948	0.114639	0.937018	0	0	0	0	57
398.949	0.114567	0.936414	0	0	0	0	57.06
398.95	0.114495	0.93581	0	0	0	0	57.12
398.95	0.114423	0.935208	0	0	0	0	57.18
398.951	0.114351	0.934606	0	0	0	0	57.24
398.952	0.114279	0.934004	0	0	0	0	57.3
398.952	0.114207	0.933404	0	0	0	0	57.36
398.953	0.114135	0.932804	0	0	0	0	57.42
398.954	0.114064	0.932206	0	0	0	0	57.48
398.954	0.113992	0.931607	0	0	0	0	57.54
398.955	0.113921	0.93101	0	0	0	0	57.6
398.956	0.113849	0.930414	0	0	0	0	57.66
398.956	0.113778	0.929818	0	0	0	0	57.72
398.957	0.113707	0.929223	0	0	0	0	57.78
398.958	0.113636	0.928629	0	0	0	0	57.84
398.958	0.113564	0.928035	0	0	0	0	57.9
398.959	0.113494	0.927443	0	0	0	0	57.96
398.96	0.113423	0.926851	0	0	0	0	58.02
398.96	0.113352	0.92626	0	0	0	0	58.08
398.961	0.113281	0.925669	0	0	0	0	58.14
398.962	0.113211	0.925079	0	0	0	0	58.2
398.962	0.11314	0.924491	0	0	0	0	58.26
398.963	0.11307	0.923903	0	0	0	0	58.32
398.964	0.112999	0.923315	0	0	0	0	58.38
398.964	0.112929	0.922729	0	0	0	0	58.44
398.965	0.112859	0.922143	0	0	0	0	58.5
398.966	0.112789	0.921558	0	0	0	0	58.56
398.966	0.112719	0.920973	0	0	0	0	58.62
398.967	0.112649	0.92039	0	0	0	0	58.68
398.968	0.112579	0.919807	0	0	0	0	58.74
398.968	0.11251	0.919225	0	0	0	0	58.8
398.969	0.11244	0.918643	0	0	0	0	58.86
398.97	0.112371	0.918063	0	0	0	0	58.92
398.97	0.112301	0.917483	0	0	0	0	58.98
398.971	0.112232	0.916904	0	0	0	0	59.04
398.972	0.112163	0.916325	0	0	0	0	59.1
398.972	0.112093	0.915748	0	0	0	0	59.16
398.973	0.112024	0.915171	0	0	0	0	59.22
398.973	0.111955	0.914594	0	0	0	0	59.28
398.974	0.111886	0.914019	0	0	0	0	59.34
398.975	0.111818	0.913444	0	0	0	0	59.4
398.975	0.111749	0.91287	0	0	0	0	59.46
398.976	0.11168	0.912297	0	0	0	0	59.52
398.977	0.111612	0.911724	0	0	0	0	59.58
398.977	0.111543	0.911153	0	0	0	0	59.64
398.978	0.111475	0.910582	0	0	0	0	59.7
398.979	0.111406	0.910011	0	0	0	0	59.76
398.979	0.111338	0.909442	0	0	0	0	59.82
398.98	0.11127	0.908873	0	0	0	0	59.88
398.98	0.111202	0.908304	0	0	0	0	59.94
