S	I	R	e	d	dI	f	t
300	100	0	0	0	0	0	0
295.461	106.028	-1.48957	0	0	0	0	0.015
290.67	112.287	-2.95737	0	0	0	0	0.03
285.673	118.66	-4.33299	0	0	0	0	0.045
280.481	125.073	-5.55414	0	0	0	0	0.06
275.108	131.447	-6.55539	0	0	0	0	0.075
269.573	137.697	-7.26978	0	0	0	0	0.09
263.898	143.734	-7.63112	0	0	0	0	0.105
258.107	149.469	-7.57649	0	0	0	0	0.12
252.231	154.818	-7.04881	0	0	0	0	0.135
246.3	159.699	-5.99922	0	0	0	0	0.15
240.345	164.044	-4.38927	0	0	0	0	0.165
234.401	167.791	-2.19251	0	0	0	0	0.18
228.499	170.897	0.604408	0	0	0	0	0.195
222.671	173.328	4.00125	0	0	0	0	0.21
216.947	175.068	7.98444	0	0	0	0	0.225
211.354	176.118	12.5278	0	0	0	0	0.24
205.917	176.489	17.594	0	0	0	0	0.255
200.657	176.207	23.1361	0	0	0	0	0.27
195.592	175.309	29.0995	0	0	0	0	0.285
190.736	173.84	35.4242	0	0	0	0	0.3
186.1	171.854	42.0467	0	0	0	0	0.315
181.692	169.406	48.9019	0	0	0	0	0.33
177.517	166.558	55.9251	0	0	0	0	0.345
173.576	163.371	63.0533	0	0	0	0	0.36
169.87	159.904	70.2268	0	0	0	0	0.375
166.395	156.216	77.3894	0	0	0	0	0.39
163.147	152.362	84.4902	0	0	0	0	0.405
160.121	148.396	91.4829	0	0	0	0	0.42
157.309	144.364	98.3271	0	0	0	0	0.435
154.703	140.309	104.987	0	0	0	0	0.45
152.295	136.271	111.434	0	0	0	0	0.465
150.074	132.283	117.642	0	0	0	0	0.48
148.032	128.375	123.592	0	0	0	0	0.495
146.159	124.573	129.268	0	0	0	0	0.51
144.445	120.896	134.659	0	0	0	0	0.525
142.879	117.364	139.757	0	0	0	0	0.54
141.453	113.99	144.557	0	0	0	0	0.555
140.157	110.785	149.058	0	0	0	0	0.57
138.981	107.759	153.261	0	0	0	0	0.585
137.916	104.916	157.168	0	0	0	0	0.6
136.954	102.263	160.784	0	0	0	0	0.615
136.086	99.7995	164.114	0	0	0	0	0.63
135.304	97.5282	167.167	0	0	0	0	0.645
134.601	95.4483	169.95	0	0	0	0	0.66
133.969	93.5584	172.473	0	0	0	0	0.675
133.4	91.8561	174.743	0	0	0	0	0.69
132.889	90.3384	176.773	0	0	0	0	0.705
132.428	89.0015	178.57	0	0	0	0	0.72
132.012	87.8412	180.147	0	0	0	0	0.735
131.634	86.8526	181.513	0	0	0	0	0.75
131.29	86.0307	182.679	0	0	0	0	0.765
130.973	85.3699	183.657	0	0	0	0	0.78
130.68	84.864	184.456	0	0	0	0	0.795
130.404	84.5067	185.089	0	0	0	0	0.81
130.143	84.2911	185.566	0	0	0	0	0.825
129.892	84.2098	185.899	0	0	0	0	0.84
129.646	84.2549	186.099	0	0	0	0	0.855
129.404	84.4179	186.178	0	0	0	0	0.87
129.161	84.6896	186.149	0	0	0	0	0.885
128.915	85.0603	186.025	0	0	0	0	0.9
128.663	85.5192	185.818	0	0	0	0	0.915
128.403	86.0552	185.541	0	0	0	0	0.93
128.134	86.656	185.21	0	0	0	0	0.945
127.854	87.3086	184.837	0	0	0	0	0.96
127.562	87.9995	184.438	0	0	0	0	0.975
127.258	88.7143	184.028	0	0	0	0	0.99
126.941	89.438	183.621	0	0	0	0	1.005
126.611	90.155	183.234	0	0	0	0	1.02
126.269	90.8497	182.881	0	0	0	0	1.035
125.917	91.506	182.577	0	0	0	0	1.05
125.555	92.1081	182.337	0	0	0	0	1.065
125.186	92.6403	182.174	0	0	0	0	1.08
124.811	93.0877	182.101	0	0	0	0	1.095
124.433	93.4361	182.131	0	0	0	0	1.11
124.055	93.6723	182.272	0	0	0	0	1.125
123.68	93.7846	182.535	0	0	0	0	1.14
123.311	93.7629	182.926	0	0	0	0	1.155
122.952	93.5988	183.449	0	0	0	0	1.17
122.606	93.286	184.108	0	0	0	0	1.185
122.276	92.8202	184.904	0	0	0	0	1.2
121.967	92.1995	185.834	0	0	0	0	1.215
121.681	91.4239	186.895	0	0	0	0	1.23
121.422	90.496	188.082	0	0	0	0	1.245
121.193	89.4203	189.386	0	0	0	0	1.26
120.998	88.2034	190.798	0	0	0	0	1.275
120.839	86.8537	192.307	0	0	0	0	1.29
120.719	85.3811	193.9	0	0	0	0	1.305
120.639	83.7973	195.564	0	0	0	0	1.32
120.602	82.1148	197.283	0	0	0	0	1.335
120.609	80.347	199.044	0	0	0	0	1.35
120.662	78.5081	200.83	0	0	0	0	1.365
120.761	76.6124	202.627	0	0	0	0	1.38
120.907	74.6746	204.419	0	0	0	0	1.395
121.099	72.7089	206.192	0	0	0	0	1.41
121.339	70.7293	207.932	0	0	0	0	1.425
121.625	68.7494	209.626	0	0	0	0	1.44
121.957	66.7819	211.262	0	0	0	0	1.455
122.333	64.8386	212.829	0	0	0	0	1.47
122.752	62.9307	214.317	0	0	0	0	1.485
123.213	61.0682	215.718	0	0	0	0	1.5
123.715	59.26	217.025	0	0	0	0	1.515
124.254	57.5141	218.231	0	0	0	0	1.53
124.83	55.8374	219.332	0	0	0	0	1.545
125.44	54.236	220.324	0	0	0	0	1.56
126.082	52.7146	221.203	0	0	0	0	1.575
126.754	51.2775	221.969	0	0	0	0	1.59
127.452	49.9278	222.62	0	0	0	0	1.605
128.175	48.6681	223.156	0	0	0	0	1.62
128.921	47.5002	223.579	0	0	0	0	1.635
129.686	46.4252	223.889	0	0	0	0	1.65
130.468	45.4438	224.088	0	0	0	0	1.665
131.264	44.5563	224.179	0	0	0	0	1.68
132.073	43.7624	224.165	0	0	0	0	1.695
132.891	43.0615	224.048	0	0	0	0	1.71
133.716	42.4529	223.831	0	0	0	0	1.725
134.546	41.9355	223.519	0	0	0	0	1.74
135.377	41.5079	223.115	0	0	0	0	1.755
136.209	41.1686	222.623	0	0	0	0	1.77
137.038	40.9159	222.046	0	0	0	0	1.785
137.861	40.748	221.391	0	0	0	0	1.8
138.678	40.6627	220.659	0	0	0	0	1.815
139.485	40.6578	219.857	0	0	0	0	1.83
140.281	40.7305	218.988	0	0	0	0	1.845
141.064	40.8782	218.058	0	0	0	0	1.86
141.83	41.0975	217.072	0	0	0	0	1.875
142.58	41.385	216.035	0	0	0	0	1.89
143.31	41.7366	214.953	0	0	0	0	1.905
144.02	42.148	213.832	0	0	0	0	1.92
144.707	42.6139	212.679	0	0	0	0	1.935
145.371	43.129	211.5	0	0	0	0	1.95
146.01	43.6869	210.303	0	0	0	0	1.965
146.623	44.2808	209.096	0	0	0	0	1.98
147.21	44.9032	207.886	0	0	0	0	1.995
147.771	45.546	206.683	0	0	0	0	2.01
148.304	46.2002	205.496	0	0	0	0	2.025
148.81	46.8565	204.334	0	0	0	0	2.04
149.289	47.5051	203.206	0	0	0	0	2.055
149.742	48.1357	202.123	0	0	0	0	2.07
150.169	48.7377	201.093	0	0	0	0	2.085
150.573	49.3005	200.126	0	0	0	0	2.1
150.954	49.8137	199.232	0	0	0	0	2.115
151.315	50.2669	198.418	0	0	0	0	2.13
151.657	50.6505	197.692	0	0	0	0	2.145
151.984	50.9555	197.061	0	0	0	0	2.16
152.297	51.1738	196.53	0	0	0	0	2.175
152.599	51.2985	196.102	0	0	0	0	2.19
152.894	51.324	195.782	0	0	0	0	2.205
153.185	51.2463	195.569	0	0	0	0	2.22
153.475	51.0627	195.463	0	0	0	0	2.235
153.767	50.7725	195.461	0	0	0	0	2.25
154.064	50.3766	195.559	0	0	0	0	2.265
154.37	49.8773	195.753	0	0	0	0	2.28
154.688	49.2788	196.033	0	0	0	0	2.295
155.02	48.5867	196.393	0	0	0	0	2.31
155.369	47.8079	196.823	0	0	0	0	2.325
155.738	46.9504	197.311	0	0	0	0	2.34
156.129	46.0232	197.848	0	0	0	0	2.355
156.543	45.0361	198.42	0	0	0	0	2.37
156.983	43.9993	199.018	0	0	0	0	2.385
157.449	42.9233	199.628	0	0	0	0	2.4
157.942	41.8188	200.24	0	0	0	0	2.415
158.462	40.696	200.842	0	0	0	0	2.43
159.011	39.5652	201.424	0	0	0	0	2.445
159.588	38.436	201.976	0	0	0	0	2.46
160.192	37.3175	202.49	0	0	0	0	2.475
160.824	36.218	202.958	0	0	0	0	2.49
161.482	35.1454	203.373	0	0	0	0	2.505
162.165	34.1064	203.729	0	0	0	0	2.52
162.872	33.1071	204.021	0	0	0	0	2.535
163.602	32.1528	204.245	0	0	0	0	2.55
164.353	31.2481	204.399	0	0	0	0	2.565
165.123	30.3968	204.481	0	0	0	0	2.58
165.91	29.602	204.488	0	0	0	0	2.595
166.714	28.8663	204.42	0	0	0	0	2.61
167.531	28.1917	204.278	0	0	0	0	2.625
168.359	27.5798	204.061	0	0	0	0	2.64
169.198	27.0317	203.77	0	0	0	0	2.655
170.044	26.5482	203.408	0	0	0	0	2.67
170.896	26.13	202.974	0	0	0	0	2.685
171.751	25.7772	202.472	0	0	0	0	2.7
172.607	25.4902	201.903	0	0	0	0	2.715
173.463	25.2689	201.268	0	0	0	0	2.73
174.315	25.1133	200.571	0	0	0	0	2.745
175.163	25.0232	199.814	0	0	0	0	2.76
176.003	24.9984	198.998	0	0	0	0	2.775
176.834	25.0388	198.127	0	0	0	0	2.79
177.654	25.1438	197.202	0	0	0	0	2.805
178.46	25.3132	196.227	0	0	0	0	2.82
179.25	25.5464	195.203	0	0	0	0	2.835
180.023	25.8427	194.134	0	0	0	0	2.85
180.776	26.2012	193.023	0	0	0	0	2.865
181.508	26.6207	191.872	0	0	0	0	2.88
182.216	27.0997	190.685	0	0	0	0	2.895
182.898	27.6364	189.466	0	0	0	0	2.91
183.553	28.2282	188.219	0	0	0	0	2.925
184.179	28.8723	186.949	0	0	0	0	2.94
184.775	29.5651	185.66	0	0	0	0	2.955
185.338	30.3023	184.359	0	0	0	0	2.97
185.869	31.0787	183.053	0	0	0	0	2.985
186.365	31.8884	181.747	0	0	0	0	3
186.826	32.7245	180.449	0	0	0	0	3.015
187.251	33.5795	179.169	0	0	0	0	3.03
187.641	34.4448	177.914	0	0	0	0	3.045
187.995	35.3109	176.694	0	0	0	0	3.06
188.314	36.1678	175.518	0	0	0	0	3.075
188.598	37.0049	174.397	0	0	0	0	3.09
188.849	37.811	173.34	0	0	0	0	3.105
189.068	38.5749	172.357	0	0	0	0	3.12
189.258	39.2853	171.457	0	0	0	0	3.135
189.42	39.9311	170.649	0	0	0	0	3.15
189.558	40.502	169.94	0	0	0	0	3.165
189.675	40.9883	169.337	0	0	0	0	3.18
189.773	41.3814	168.845	0	0	0	0	3.195
189.857	41.6743	168.468	0	0	0	0	3.21
189.931	41.8613	168.207	0	0	0	0	3.225
189.999	41.9385	168.063	0	0	0	0	3.24
190.064	41.9039	168.032	0	0	0	0	3.255
190.131	41.7574	168.112	0	0	0	0	3.27
190.203	41.5008	168.296	0	0	0	0	3.285
190.285	41.1378	168.577	0	0	0	0	3.3
190.38	40.6738	168.946	0	0	0	0	3.315
190.491	40.1156	169.393	0	0	0	0	3.33
190.623	39.4716	169.906	0	0	0	0	3.345
190.776	38.7512	170.473	0	0	0	0	3.36
190.955	37.9646	171.081	0	0	0	0	3.375
191.16	37.1225	171.718	0	0	0	0	3.39
191.393	36.2362	172.371	0	0	0	0	3.405
191.656	35.3167	173.028	0	0	0	0	3.42
191.949	34.375	173.676	0	0	0	0	3.435
192.272	33.4217	174.306	0	0	0	0	3.45
192.626	32.4669	174.907	0	0	0	0	3.465
193.011	31.5201	175.469	0	0	0	0	3.48
193.425	30.5897	175.986	0	0	0	0	3.495
193.867	29.6836	176.449	0	0	0	0	3.51
194.337	28.8087	176.854	0	0	0	0	3.525
194.833	27.9711	177.196	0	0	0	0	3.54
195.354	27.1761	177.47	0	0	0	0	3.555
195.897	26.428	177.675	0	0	0	0	3.57
196.461	25.7307	177.809	0	0	0	0	3.585
197.043	25.0872	177.87	0	0	0	0	3.6
197.642	24.5	177.858	0	0	0	0	3.615
198.256	23.9711	177.773	0	0	0	0	3.63
198.881	23.502	177.617	0	0	0	0	3.645
199.517	23.0939	177.389	0	0	0	0	3.66
200.16	22.7479	177.093	0	0	0	0	3.675
200.808	22.4647	176.728	0	0	0	0	3.69
201.459	22.2448	176.297	0	0	0	0	3.705
202.11	22.0888	175.801	0	0	0	0	3.72
202.759	21.9972	175.244	0	0	0	0	3.735
203.404	21.9704	174.625	0	0	0	0	3.75
204.043	22.0089	173.949	0	0	0	0	3.765
204.672	22.1131	173.215	0	0	0	0	3.78
205.289	22.2834	172.428	0	0	0	0	3.795
205.892	22.5203	171.587	0	0	0	0	3.81
206.479	22.8241	170.696	0	0	0	0	3.825
207.047	23.1953	169.757	0	0	0	0	3.84
207.594	23.6339	168.772	0	0	0	0	3.855
208.117	24.1399	167.743	0	0	0	0	3.87
208.613	24.713	166.674	0	0	0	0	3.885
209.081	25.3524	165.566	0	0	0	0	3.9
209.518	26.0571	164.425	0	0	0	0	3.915
209.922	26.8253	163.253	0	0	0	0	3.93
210.291	27.6544	162.055	0	0	0	0	3.945
210.622	28.5413	160.837	0	0	0	0	3.96
210.914	29.4818	159.605	0	0	0	0	3.975
211.165	30.4705	158.365	0	0	0	0	3.99
211.373	31.5012	157.126	0	0	0	0	4.005
211.539	32.5664	155.895	0	0	0	0	4.02
211.66	33.6573	154.683	0	0	0	0	4.035
211.737	34.7641	153.499	0	0	0	0	4.05
211.769	35.8758	152.355	0	0	0	0	4.065
211.758	36.9802	151.262	0	0	0	0	4.08
211.703	38.0644	150.233	0	0	0	0	4.095
211.607	39.115	149.278	0	0	0	0	4.11
211.472	40.1179	148.41	0	0	0	0	4.125
211.3	41.0592	147.64	0	0	0	0	4.14
211.095	41.925	146.98	0	0	0	0	4.155
210.86	42.7024	146.438	0	0	0	0	4.17
210.599	43.3791	146.022	0	0	0	0	4.185
210.317	43.9446	145.739	0	0	0	0	4.2
210.018	44.3898	145.593	0	0	0	0	4.215
209.707	44.7077	145.585	0	0	0	0	4.23
209.391	44.8936	145.716	0	0	0	0	4.245
209.073	44.9449	145.982	0	0	0	0	4.26
208.76	44.8617	146.378	0	0	0	0	4.275
208.456	44.6463	146.897	0	0	0	0	4.29
208.167	44.3034	147.53	0	0	0	0	4.305
207.896	43.8398	148.264	0	0	0	0	4.32
207.649	43.2643	149.087	0	0	0	0	4.335
207.428	42.5871	149.985	0	0	0	0	4.35
207.238	41.8198	150.942	0	0	0	0	4.365
207.081	40.9749	151.944	0	0	0	0	4.38
206.96	40.0656	152.975	0	0	0	0	4.395
206.876	39.1051	154.019	0	0	0	0	4.41
206.83	38.1069	155.063	0	0	0	0	4.425
206.824	37.084	156.092	0	0	0	0	4.44
206.858	36.0488	157.093	0	0	0	0	4.455
206.931	35.0131	158.056	0	0	0	0	4.47
207.042	33.9877	158.97	0	0	0	0	4.485
207.192	32.9824	159.826	0	0	0	0	4.5
207.378	32.0062	160.616	0	0	0	0	4.515
207.599	31.0668	161.334	0	0	0	0	4.53
207.853	30.171	161.976	0	0	0	0	4.545
208.137	29.3246	162.538	0	0	0	0	4.56
208.451	28.5324	163.017	0	0	0	0	4.575
208.791	27.7985	163.411	0	0	0	0	4.59
209.154	27.1261	163.72	0	0	0	0	4.605
209.538	26.5181	163.943	0	0	0	0	4.62
209.941	25.9764	164.082	0	0	0	0	4.635
210.36	25.5027	164.138	0	0	0	0	4.65
210.791	25.0985	164.111	0	0	0	0	4.665
211.232	24.7646	164.003	0	0	0	0	4.68
211.681	24.5021	163.817	0	0	0	0	4.695
212.133	24.3116	163.555	0	0	0	0	4.71
212.588	24.1939	163.218	0	0	0	0	4.725
213.04	24.1496	162.81	0	0	0	0	4.74
213.489	24.1793	162.332	0	0	0	0	4.755
213.93	24.2838	161.786	0	0	0	0	4.77
214.362	24.4637	161.174	0	0	0	0	4.785
214.78	24.7199	160.5	0	0	0	0	4.8
215.183	25.0529	159.764	0	0	0	0	4.815
215.567	25.4634	158.97	0	0	0	0	4.83
215.929	25.9521	158.119	0	0	0	0	4.845
216.266	26.5193	157.215	0	0	0	0	4.86
216.576	27.165	156.259	0	0	0	0	4.875
216.856	27.889	155.255	0	0	0	0	4.89
217.102	28.6906	154.207	0	0	0	0	4.905
217.312	29.5684	153.119	0	0	0	0	4.92
217.484	30.5202	151.996	0	0	0	0	4.935
217.614	31.543	150.843	0	0	0	0	4.95
217.701	32.6327	149.666	0	0	0	0	4.965
217.743	33.7841	148.473	0	0	0	0	4.98
217.737	34.9906	147.273	0	0	0	0	4.995
217.682	36.2443	146.074	0	0	0	0	5.01
217.577	37.5357	144.888	0	0	0	0	5.025
217.421	38.8542	143.725	0	0	0	0	5.04
217.214	40.1873	142.599	0	0	0	0	5.055
216.957	41.5214	141.522	0	0	0	0	5.07
216.65	42.8417	140.509	0	0	0	0	5.085
216.294	44.1325	139.573	0	0	0	0	5.1
215.894	45.3772	138.729	0	0	0	0	5.115
215.45	46.5592	137.991	0	0	0	0	5.13
214.966	47.6617	137.372	0	0	0	0	5.145
214.447	48.6687	136.884	0	0	0	0	5.16
213.897	49.5648	136.538	0	0	0	0	5.175
213.322	50.3365	136.341	0	0	0	0	5.19
212.727	50.9717	136.302	0	0	0	0	5.205
212.117	51.4607	136.422	0	0	0	0	5.22
211.5	51.7963	136.704	0	0	0	0	5.235
210.881	51.9742	137.145	0	0	0	0	5.25
210.267	51.9926	137.741	0	0	0	0	5.265
209.663	51.8528	138.484	0	0	0	0	5.28
209.076	51.5589	139.365	0	0	0	0	5.295
208.511	51.1177	140.371	0	0	0	0	5.31
207.974	50.5382	141.488	0	0	0	0	5.325
207.469	49.8315	142.7	0	0	0	0	5.34
207	49.0106	143.989	0	0	0	0	5.355
206.571	48.0897	145.339	0	0	0	0	5.37
206.185	47.0837	146.732	0	0	0	0	5.385
205.844	46.0082	148.148	0	0	0	0	5.4
205.549	44.879	149.572	0	0	0	0	5.415
205.303	43.7114	150.986	0	0	0	0	5.43
205.105	42.5204	152.375	0	0	0	0	5.445
204.955	41.3202	153.725	0	0	0	0	5.46
204.854	40.1239	155.023	0	0	0	0	5.475
204.799	38.9436	156.258	0	0	0	0	5.49
204.789	37.7903	157.421	0	0	0	0	5.505
204.823	36.6738	158.503	0	0	0	0	5.52
204.899	35.6024	159.499	0	0	0	0	5.535
205.014	34.5835	160.402	0	0	0	0	5.55
205.166	33.6233	161.211	0	0	0	0	5.565
205.351	32.727	161.922	0	0	0	0	5.58
205.568	31.8989	162.533	0	0	0	0	5.595
205.813	31.1423	163.045	0	0	0	0	5.61
206.083	30.46	163.457	0	0	0	0	5.625
206.375	29.8541	163.771	0	0	0	0	5.64
206.686	29.3263	163.988	0	0	0	0	5.655
207.012	28.878	164.11	0	0	0	0	5.67
207.351	28.51	164.139	0	0	0	0	5.685
207.698	28.2232	164.078	0	0	0	0	5.7
208.052	28.0183	163.93	0	0	0	0	5.715
208.408	27.8959	163.696	0	0	0	0	5.73
208.764	27.8564	163.379	0	0	0	0	5.745
209.116	27.9005	162.983	0	0	0	0	5.76
209.462	28.0287	162.51	0	0	0	0	5.775
209.797	28.2416	161.962	0	0	0	0	5.79
210.119	28.5397	161.342	0	0	0	0	5.805
210.424	28.9234	160.653	0	0	0	0	5.82
210.71	29.3932	159.897	0	0	0	0	5.835
210.972	29.9492	159.078	0	0	0	0	5.85
211.209	30.5914	158.199	0	0	0	0	5.865
211.417	31.3193	157.264	0	0	0	0	5.88
211.592	32.1321	156.276	0	0	0	0	5.895
211.733	33.0281	155.239	0	0	0	0	5.91
211.835	34.0052	154.159	0	0	0	0	5.925
211.897	35.0602	153.043	0	0	0	0	5.94
211.916	36.1888	151.895	0	0	0	0	5.955
211.889	37.3856	150.725	0	0	0	0	5.97
211.815	38.644	149.541	0	0	0	0	5.985
211.692	39.9557	148.352	0	0	0	0	6
211.519	41.3112	147.17	0	0	0	0	6.015
211.294	42.6993	146.006	0	0	0	0	6.03
211.018	44.1074	144.874	0	0	0	0	6.045
210.691	45.5212	143.788	0	0	0	0	6.06
210.313	46.9256	142.761	0	0	0	0	6.075
209.887	48.304	141.809	0	0	0	0	6.09
209.413	49.6392	140.948	0	0	0	0	6.105
208.896	50.9134	140.191	0	0	0	0	6.12
208.338	52.1091	139.553	0	0	0	0	6.135
207.743	53.2089	139.048	0	0	0	0	6.15
207.117	54.1963	138.687	0	0	0	0	6.165
206.464	55.0561	138.48	0	0	0	0	6.18
205.79	55.7751	138.435	0	0	0	0	6.195
205.101	56.3421	138.557	0	0	0	0	6.21
204.403	56.7483	138.849	0	0	0	0	6.225
203.703	56.988	139.309	0	0	0	0	6.24
203.008	57.0582	139.934	0	0	0	0	6.255
202.323	56.959	140.718	0	0	0	0	6.27
201.655	56.6935	141.652	0	0	0	0	6.285
201.009	56.2677	142.723	0	0	0	0	6.3
200.392	55.69	143.918	0	0	0	0	6.315
199.808	54.9713	145.221	0	0	0	0	6.33
199.261	54.1245	146.614	0	0	0	0	6.345
198.756	53.1638	148.08	0	0	0	0	6.36
198.296	52.1047	149.599	0	0	0	0	6.375
197.884	50.9635	151.153	0	0	0	0	6.39
197.52	49.7566	152.723	0	0	0	0	6.405
197.208	48.5006	154.292	0	0	0	0	6.42
196.947	47.2113	155.842	0	0	0	0	6.435
196.738	45.9043	157.358	0	0	0	0	6.45
196.58	44.5941	158.826	0	0	0	0	6.465
196.472	43.2939	160.234	0	0	0	0	6.48
196.414	42.016	161.57	0	0	0	0	6.495
196.403	40.7715	162.825	0	0	0	0	6.51
196.438	39.5699	163.992	0	0	0	0	6.525
196.516	38.4196	165.064	0	0	0	0	6.54
196.635	37.328	166.037	0	0	0	0	6.555
196.792	36.301	166.907	0	0	0	0	6.57
196.984	35.3436	167.672	0	0	0	0	6.585
197.208	34.46	168.332	0	0	0	0	6.6
197.461	33.6534	168.886	0	0	0	0	6.615
197.739	32.9264	169.334	0	0	0	0	6.63
198.04	32.281	169.679	0	0	0	0	6.645
198.361	31.7186	169.921	0	0	0	0	6.66
198.697	31.2403	170.063	0	0	0	0	6.675
199.046	30.847	170.107	0	0	0	0	6.69
199.404	30.5393	170.057	0	0	0	0	6.705
199.768	30.3177	169.914	0	0	0	0	6.72
200.136	30.1825	169.682	0	0	0	0	6.735
200.502	30.134	169.364	0	0	0	0	6.75
200.866	30.1726	168.962	0	0	0	0	6.765
201.222	30.2984	168.48	0	0	0	0	6.78
201.568	30.5118	167.92	0	0	0	0	6.795
201.901	30.8129	167.286	0	0	0	0	6.81
202.217	31.2017	166.581	0	0	0	0	6.825
202.514	31.6782	165.808	0	0	0	0	6.84
202.788	32.2421	164.97	0	0	0	0	6.855
203.036	32.8926	164.072	0	0	0	0	6.87
203.255	33.6288	163.116	0	0	0	0	6.885
203.443	34.4489	162.109	0	0	0	0	6.9
203.596	35.3508	161.054	0	0	0	0	6.915
203.712	36.3312	159.957	0	0	0	0	6.93
203.788	37.3863	158.826	0	0	0	0	6.945
203.822	38.5109	157.667	0	0	0	0	6.96
203.812	39.6986	156.489	0	0	0	0	6.975
203.757	40.942	155.301	0	0	0	0	6.99
203.654	42.2318	154.114	0	0	0	0	7.005
203.504	43.5579	152.938	0	0	0	0	7.02
203.305	44.9082	151.787	0	0	0	0	7.035
203.057	46.2696	150.674	0	0	0	0	7.05
202.761	47.6275	149.611	0	0	0	0	7.065
202.419	48.9665	148.615	0	0	0	0	7.08
202.031	50.2699	147.699	0	0	0	0	7.095
201.601	51.521	146.878	0	0	0	0	7.11
201.131	52.7024	146.167	0	0	0	0	7.125
200.625	53.7973	145.578	0	0	0	0	7.14
200.086	54.7892	145.124	0	0	0	0	7.155
199.521	55.6629	144.816	0	0	0	0	7.17
198.933	56.4048	144.662	0	0	0	0	7.185
198.329	57.0028	144.668	0	0	0	0	7.2
197.715	57.4476	144.838	0	0	0	0	7.215
197.095	57.732	145.173	0	0	0	0	7.23
196.477	57.8518	145.671	0	0	0	0	7.245
195.867	57.8057	146.327	0	0	0	0	7.26
195.27	57.5951	147.135	0	0	0	0	7.275
194.693	57.2244	148.083	0	0	0	0	7.29
194.14	56.7005	149.159	0	0	0	0	7.305
193.617	56.0329	150.35	0	0	0	0	7.32
193.128	55.2329	151.639	0	0	0	0	7.335
192.678	54.3136	153.009	0	0	0	0	7.35
192.269	53.2897	154.442	0	0	0	0	7.365
191.904	52.1765	155.919	0	0	0	0	7.38
191.587	50.9899	157.423	0	0	0	0	7.395
191.318	49.746	158.936	0	0	0	0	7.41
191.098	48.4607	160.441	0	0	0	0	7.425
190.928	47.1496	161.922	0	0	0	0	7.44
190.809	45.8272	163.364	0	0	0	0	7.455
190.738	44.5073	164.755	0	0	0	0	7.47
190.716	43.2026	166.081	0	0	0	0	7.485
190.741	41.9247	167.334	0	0	0	0	7.5
190.811	40.6837	168.505	0	0	0	0	7.515
190.925	39.4887	169.586	0	0	0	0	7.53
191.079	38.3475	170.573	0	0	0	0	7.545
191.272	37.2668	171.461	0	0	0	0	7.56
191.501	36.2522	172.247	0	0	0	0	7.575
191.762	35.3081	172.93	0	0	0	0	7.59
192.054	34.4385	173.508	0	0	0	0	7.605
192.372	33.6461	173.982	0	0	0	0	7.62
192.714	32.9334	174.353	0	0	0	0	7.635
193.077	32.3019	174.621	0	0	0	0	7.65
193.457	31.7531	174.79	0	0	0	0	7.665
193.852	31.2879	174.86	0	0	0	0	7.68
194.258	30.9069	174.835	0	0	0	0	7.695
194.672	30.6106	174.718	0	0	0	0	7.71
195.09	30.3993	174.511	0	0	0	0	7.725
195.51	30.2733	174.216	0	0	0	0	7.74
195.929	30.2328	173.838	0	0	0	0	7.755
196.344	30.278	173.378	0	0	0	0	7.77
196.75	30.4089	172.841	0	0	0	0	7.785
197.146	30.6255	172.229	0	0	0	0	7.8
197.528	30.928	171.544	0	0	0	0	7.815
197.893	31.3161	170.791	0	0	0	0	7.83
198.238	31.7894	169.973	0	0	0	0	7.845
198.56	32.3475	169.092	0	0	0	0	7.86
198.857	32.9893	168.154	0	0	0	0	7.875
199.125	33.7135	167.162	0	0	0	0	7.89
199.361	34.518	166.121	0	0	0	0	7.905
199.564	35.4004	165.036	0	0	0	0	7.92
199.73	36.357	163.913	0	0	0	0	7.935
199.857	37.3835	162.759	0	0	0	0	7.95
199.944	38.4745	161.582	0	0	0	0	7.965
199.987	39.6232	160.389	0	0	0	0	7.98
199.987	40.8219	159.191	0	0	0	0	7.995
199.941	42.0613	157.998	0	0	0	0	8.01
199.849	43.3308	156.82	0	0	0	0	8.025
199.71	44.6186	155.671	0	0	0	0	8.04
199.526	45.9114	154.563	0	0	0	0	8.055
199.296	47.195	153.509	0	0	0	0	8.07
199.021	48.4542	152.525	0	0	0	0	8.085
198.704	49.6731	151.623	0	0	0	0	8.1
198.347	50.8353	150.818	0	0	0	0	8.115
197.953	51.9245	150.122	0	0	0	0	8.13
197.526	52.9248	149.549	0	0	0	0	8.145
197.07	53.8208	149.11	0	0	0	0	8.16
196.589	54.5985	148.813	0	0	0	0	8.175
196.088	55.2454	148.667	0	0	0	0	8.19
195.573	55.751	148.676	0	0	0	0	8.205
195.049	56.107	148.844	0	0	0	0	8.22
194.523	56.3076	149.169	0	0	0	0	8.235
194	56.3497	149.651	0	0	0	0	8.25
193.485	56.2329	150.282	0	0	0	0	8.265
192.984	55.9597	151.056	0	0	0	0	8.28
192.504	55.535	151.961	0	0	0	0	8.295
192.048	54.9664	152.986	0	0	0	0	8.31
191.621	54.2634	154.116	0	0	0	0	8.325
191.228	53.4376	155.335	0	0	0	0	8.34
190.872	52.5021	156.626	0	0	0	0	8.355
190.557	51.4711	157.972	0	0	0	0	8.37
190.284	50.3596	159.357	0	0	0	0	8.385
190.056	49.1829	160.761	0	0	0	0	8.4
189.875	47.9566	162.169	0	0	0	0	8.415
189.74	46.6958	163.564	0	0	0	0	8.43
189.653	45.415	164.932	0	0	0	0	8.445
189.614	44.1283	166.258	0	0	0	0	8.46
189.621	42.8485	167.531	0	0	0	0	8.475
189.673	41.5874	168.739	0	0	0	0	8.49
189.77	40.3558	169.874	0	0	0	0	8.505
189.91	39.1632	170.927	0	0	0	0	8.52
190.089	38.0179	171.893	0	0	0	0	8.535
190.307	36.9271	172.766	0	0	0	0	8.55
190.561	35.897	173.542	0	0	0	0	8.565
190.847	34.9325	174.22	0	0	0	0	8.58
191.164	34.0379	174.798	0	0	0	0	8.595
191.508	33.2165	175.275	0	0	0	0	8.61
191.877	32.4709	175.652	0	0	0	0	8.625
192.268	31.8033	175.929	0	0	0	0	8.64
192.676	31.2151	176.109	0	0	0	0	8.655
193.101	30.7074	176.192	0	0	0	0	8.67
193.537	30.2812	176.182	0	0	0	0	8.685
193.983	29.937	176.08	0	0	0	0	8.7
194.435	29.6752	175.889	0	0	0	0	8.715
194.891	29.4962	175.613	0	0	0	0	8.73
195.346	29.4001	175.254	0	0	0	0	8.745
195.799	29.3872	174.814	0	0	0	0	8.76
196.245	29.4576	174.297	0	0	0	0	8.775
196.683	29.6114	173.706	0	0	0	0	8.79
197.109	29.8487	173.042	0	0	0	0	8.805
197.52	30.1694	172.311	0	0	0	0	8.82
197.913	30.5734	171.514	0	0	0	0	8.835
198.285	31.0603	170.655	0	0	0	0	8.85
198.634	31.6294	169.737	0	0	0	0	8.865
198.956	32.2797	168.764	0	0	0	0	8.88
199.249	33.0098	167.741	0	0	0	0	8.895
199.51	33.8176	166.672	0	0	0	0	8.91
199.737	34.7003	165.563	0	0	0	0	8.925
199.927	35.6543	164.419	0	0	0	0	8.94
200.078	36.6751	163.247	0	0	0	0	8.955
200.188	37.7571	162.055	0	0	0	0	8.97
200.256	38.8933	160.851	0	0	0	0	8.985
200.279	40.0759	159.645	0	0	0	0	9
200.257	41.2955	158.447	0	0	0	0	9.015
200.19	42.5413	157.269	0	0	0	0	9.03
200.077	43.8015	156.122	0	0	0	0	9.045
199.918	45.0629	155.019	0	0	0	0	9.06
199.714	46.3113	153.975	0	0	0	0	9.075
199.467	47.5315	153.002	0	0	0	0	9.09
199.178	48.708	152.114	0	0	0	0	9.105
198.851	49.8247	151.325	0	0	0	0	9.12
198.487	50.8658	150.647	0	0	0	0	9.135
198.092	51.8157	150.092	0	0	0	0	9.15
197.668	52.6598	149.672	0	0	0	0	9.165
197.222	53.3848	149.394	0	0	0	0	9.18
196.756	53.9791	149.264	0	0	0	0	9.195
196.278	54.4327	149.289	0	0	0	0	9.21
195.793	54.7384	149.469	0	0	0	0	9.225
195.305	54.8911	149.804	0	0	0	0	9.24
194.822	54.8886	150.289	0	0	0	0	9.255
194.348	54.7314	150.921	0	0	0	0	9.27
193.889	54.4224	151.689	0	0	0	0	9.285
193.45	53.9673	152.582	0	0	0	0	9.3
193.037	53.374	153.589	0	0	0	0	9.315
192.653	52.6525	154.695	0	0	0	0	9.33
192.302	51.8147	155.883	0	0	0	0	9.345
191.989	50.8736	157.138	0	0	0	0	9.36
191.715	49.8435	158.441	0	0	0	0	9.375
191.484	48.7391	159.777	0	0	0	0	9.39
191.296	47.5756	161.128	0	0	0	0	9.405
191.154	46.3681	162.478	0	0	0	0	9.42
191.058	45.1312	163.81	0	0	0	0	9.435
191.009	43.8792	165.112	0	0	0	0	9.45
191.005	42.6254	166.37	0	0	0	0	9.465
191.046	41.382	167.572	0	0	0	0	9.48
191.131	40.1605	168.708	0	0	0	0	9.495
191.259	38.9709	169.77	0	0	0	0	9.51
191.428	37.8222	170.75	0	0	0	0	9.525
191.636	36.7222	171.642	0	0	0	0	9.54
191.879	35.6777	172.443	0	0	0	0	9.555
192.157	34.6943	173.148	0	0	0	0	9.57
192.467	33.7767	173.757	0	0	0	0	9.585
192.804	32.9287	174.267	0	0	0	0	9.6
193.168	32.1534	174.679	0	0	0	0	9.615
193.554	31.4533	174.992	0	0	0	0	9.63
193.961	30.8301	175.209	0	0	0	0	9.645
194.384	30.2852	175.331	0	0	0	0	9.66
194.821	29.8198	175.359	0	0	0	0	9.675
195.269	29.4345	175.297	0	0	0	0	9.69
195.725	29.13	175.145	0	0	0	0	9.705
196.185	28.9066	174.908	0	0	0	0	9.72
196.648	28.7647	174.588	0	0	0	0	9.735
197.109	28.7044	174.187	0	0	0	0	9.75
197.566	28.7262	173.708	0	0	0	0	9.765
198.015	28.83	173.155	0	0	0	0	9.78
198.455	29.0162	172.529	0	0	0	0	9.795
198.881	29.2848	171.834	0	0	0	0	9.81
199.292	29.6358	171.072	0	0	0	0	9.825
199.683	30.069	170.248	0	0	0	0	9.84
200.052	30.5842	169.363	0	0	0	0	9.855
200.397	31.1806	168.422	0	0	0	0	9.87
200.714	31.8573	167.428	0	0	0	0	9.885
201.001	32.6126	166.386	0	0	0	0	9.9
201.255	33.4444	165.301	0	0	0	0	9.915
201.474	34.3499	164.177	0	0	0	0	9.93
201.654	35.3252	163.02	0	0	0	0	9.945
201.795	36.3656	161.839	0	0	0	0	9.96
201.895	37.4653	160.64	0	0	0	0	9.975
201.95	38.6171	159.433	0	0	0	0	9.99
201.961	39.8129	158.226	0	0	0	0	10.005
201.927	41.0428	157.031	0	0	0	0	10.02
201.846	42.296	155.858	0	0	0	0	10.035
201.718	43.5602	154.721	0	0	0	0	10.05
201.545	44.8219	153.633	0	0	0	0	10.065
201.327	46.0667	152.606	0	0	0	0	10.08
201.066	47.2794	151.654	0	0	0	0	10.095
200.764	48.4441	150.792	0	0	0	0	10.11
200.423	49.5449	150.032	0	0	0	0	10.125
200.046	50.5658	149.388	0	0	0	0	10.14
199.639	51.4917	148.869	0	0	0	0	10.155
199.204	52.3081	148.488	0	0	0	0	10.17
198.747	53.0022	148.251	0	0	0	0	10.185
198.273	53.5628	148.164	0	0	0	0	10.2
197.787	53.9806	148.232	0	0	0	0	10.215
197.295	54.2491	148.456	0	0	0	0	10.23
196.803	54.3639	148.833	0	0	0	0	10.245
196.316	54.3236	149.361	0	0	0	0	10.26
195.84	54.1293	150.031	0	0	0	0	10.275
195.38	53.7849	150.835	0	0	0	0	10.29
194.942	53.2968	151.761	0	0	0	0	10.305
194.53	52.6734	152.797	0	0	0	0	10.32
194.149	51.9254	153.926	0	0	0	0	10.335
193.802	51.065	155.133	0	0	0	0	10.35
193.494	50.1056	156.401	0	0	0	0	10.365
193.225	49.0618	157.713	0	0	0	0	10.38
193	47.9484	159.051	0	0	0	0	10.395
192.819	46.7806	160.4	0	0	0	0	10.41
192.684	45.5734	161.742	0	0	0	0	10.425
192.595	44.3414	163.064	0	0	0	0	10.44
192.552	43.0984	164.35	0	0	0	0	10.455
192.555	41.8574	165.588	0	0	0	0	10.47
192.603	40.6306	166.767	0	0	0	0	10.485
192.694	39.4287	167.878	0	0	0	0	10.5
192.827	38.2616	168.911	0	0	0	0	10.515
193.001	37.1379	169.862	0	0	0	0	10.53
193.212	36.0649	170.723	0	0	0	0	10.545
193.459	35.0491	171.492	0	0	0	0	10.56
193.739	34.0958	172.165	0	0	0	0	10.575
194.05	33.2094	172.74	0	0	0	0	10.59
194.389	32.3934	173.218	0	0	0	0	10.605
194.752	31.6508	173.598	0	0	0	0	10.62
195.137	30.9836	173.88	0	0	0	0	10.635
195.541	30.3937	174.066	0	0	0	0	10.65
195.96	29.8822	174.157	0	0	0	0	10.665
196.393	29.4503	174.157	0	0	0	0	10.68
196.835	29.0984	174.066	0	0	0	0	10.695
197.285	28.8273	173.888	0	0	0	0	10.71
197.738	28.6373	173.625	0	0	0	0	10.725
198.191	28.5287	173.28	0	0	0	0	10.74
198.643	28.5018	172.856	0	0	0	0	10.755
199.089	28.5568	172.355	0	0	0	0	10.77
199.526	28.6941	171.78	0	0	0	0	10.785
199.953	28.9137	171.134	0	0	0	0	10.8
200.365	29.2158	170.419	0	0	0	0	10.815
200.76	29.6005	169.64	0	0	0	0	10.83
201.134	30.0675	168.798	0	0	0	0	10.845
201.486	30.6166	167.898	0	0	0	0	10.86
201.812	31.2469	166.942	0	0	0	0	10.875
202.108	31.9574	165.934	0	0	0	0	10.89
202.374	32.7463	164.88	0	0	0	0	10.905
202.605	33.6114	163.783	0	0	0	0	10.92
202.8	34.5495	162.65	0	0	0	0	10.935
202.956	35.5566	161.487	0	0	0	0	10.95
203.071	36.6276	160.301	0	0	0	0	10.965
203.144	37.7563	159.1	0	0	0	0	10.98
203.172	38.9352	157.893	0	0	0	0	10.995
203.154	40.1556	156.69	0	0	0	0	11.01
203.09	41.4073	155.503	0	0	0	0	11.025
202.979	42.6789	154.342	0	0	0	0	11.04
202.821	43.9577	153.221	0	0	0	0	11.055
202.618	45.2297	152.153	0	0	0	0	11.07
202.369	46.4801	151.151	0	0	0	0	11.085
202.077	47.6933	150.23	0	0	0	0	11.1
201.744	48.8533	149.403	0	0	0	0	11.115
201.373	49.9438	148.683	0	0	0	0	11.13
200.968	50.9491	148.083	0	0	0	0	11.145
200.532	51.854	147.614	0	0	0	0	11.16
200.071	52.6444	147.285	0	0	0	0	11.175
199.588	53.3076	147.104	0	0	0	0	11.19
199.09	53.8331	147.077	0	0	0	0	11.205
198.582	54.2124	147.205	0	0	0	0	11.22
198.07	54.4394	147.491	0	0	0	0	11.235
197.559	54.5107	147.931	0	0	0	0	11.25
197.055	54.4257	148.519	0	0	0	0	11.265
196.564	54.1865	149.249	0	0	0	0	11.28
196.092	53.7977	150.111	0	0	0	0	11.295
195.643	53.2665	151.091	0	0	0	0	11.31
195.222	52.6021	152.176	0	0	0	0	11.325
194.833	51.816	153.351	0	0	0	0	11.34
194.48	50.9208	154.599	0	0	0	0	11.355
194.167	49.9305	155.902	0	0	0	0	11.37
193.896	48.8599	157.244	0	0	0	0	11.385
193.668	47.7241	158.608	0	0	0	0	11.4
193.486	46.5385	159.975	0	0	0	0	11.415
193.35	45.3179	161.332	0	0	0	0	11.43
193.261	44.0768	162.662	0	0	0	0	11.445
193.218	42.8291	163.952	0	0	0	0	11.46
193.222	41.5874	165.191	0	0	0	0	11.475
193.27	40.3636	166.366	0	0	0	0	11.49
193.362	39.1683	167.47	0	0	0	0	11.505
193.496	38.0108	168.493	0	0	0	0	11.52
193.67	36.8995	169.431	0	0	0	0	11.535
193.881	35.8415	170.278	0	0	0	0	11.55
194.127	34.8428	171.03	0	0	0	0	11.565
194.406	33.9084	171.685	0	0	0	0	11.58
194.715	33.0426	172.242	0	0	0	0	11.595
195.051	32.2486	172.7	0	0	0	0	11.61
195.412	31.529	173.059	0	0	0	0	11.625
195.793	30.886	173.321	0	0	0	0	11.64
196.192	30.3211	173.487	0	0	0	0	11.655
196.606	29.8354	173.558	0	0	0	0	11.67
197.033	29.4298	173.538	0	0	0	0	11.685
197.468	29.1051	173.427	0	0	0	0	11.7
197.909	28.8615	173.229	0	0	0	0	11.715
198.353	28.6997	172.947	0	0	0	0	11.73
198.797	28.6198	172.584	0	0	0	0	11.745
199.237	28.6221	172.141	0	0	0	0	11.76
199.671	28.7069	171.622	0	0	0	0	11.775
200.096	28.8745	171.029	0	0	0	0	11.79
200.509	29.125	170.366	0	0	0	0	11.805
200.906	29.4585	169.636	0	0	0	0	11.82
201.285	29.875	168.84	0	0	0	0	11.835
201.642	30.3744	167.983	0	0	0	0	11.85
201.976	30.956	167.068	0	0	0	0	11.865
202.282	31.6191	166.098	0	0	0	0	11.88
202.559	32.3625	165.078	0	0	0	0	11.895
202.803	33.1841	164.013	0	0	0	0	11.91
203.012	34.0814	162.906	0	0	0	0	11.925
203.184	35.051	161.765	0	0	0	0	11.94
203.316	36.0885	160.596	0	0	0	0	11.955
203.406	37.1884	159.406	0	0	0	0	11.97
203.452	38.3441	158.204	0	0	0	0	11.985
203.453	39.5476	156.999	0	0	0	0	12
203.408	40.7895	155.802	0	0	0	0	12.015
203.316	42.0593	154.624	0	0	0	0	12.03
203.178	43.345	153.477	0	0	0	0	12.045
202.992	44.6333	152.375	0	0	0	0	12.06
202.76	45.91	151.33	0	0	0	0	12.075
202.483	47.1597	150.357	0	0	0	0	12.09
202.164	48.3665	149.469	0	0	0	0	12.105
201.805	49.5142	148.681	0	0	0	0	12.12
201.409	50.5866	148.005	0	0	0	0	12.135
200.979	51.5678	147.453	0	0	0	0	12.15
200.52	52.443	147.037	0	0	0	0	12.165
200.037	53.1983	146.764	0	0	0	0	12.18
199.535	53.8218	146.643	0	0	0	0	12.195
199.019	54.3034	146.677	0	0	0	0	12.21
198.495	54.6354	146.869	0	0	0	0	12.225
197.969	54.8125	147.218	0	0	0	0	12.24
197.447	54.8323	147.721	0	0	0	0	12.255
196.933	54.6951	148.372	0	0	0	0	12.27
196.435	54.4039	149.161	0	0	0	0	12.285
195.957	53.9641	150.079	0	0	0	0	12.3
195.505	53.384	151.111	0	0	0	0	12.315
195.082	52.6734	152.244	0	0	0	0	12.33
194.694	51.8443	153.462	0	0	0	0	12.345
194.343	50.9101	154.747	0	0	0	0	12.36
194.032	49.8851	156.083	0	0	0	0	12.375
193.765	48.7842	157.451	0	0	0	0	12.39
193.542	47.623	158.835	0	0	0	0	12.405
193.366	46.4166	160.217	0	0	0	0	12.42
193.236	45.1801	161.583	0	0	0	0	12.435
193.154	43.9277	162.918	0	0	0	0	12.45
193.119	42.673	164.209	0	0	0	0	12.465
193.129	41.4285	165.443	0	0	0	0	12.48
193.184	40.2056	166.61	0	0	0	0	12.495
193.283	39.0147	167.702	0	0	0	0	12.51
193.423	37.8647	168.712	0	0	0	0	12.525
193.603	36.7637	169.633	0	0	0	0	12.54
193.82	35.7185	170.461	0	0	0	0	12.555
194.072	34.7347	171.193	0	0	0	0	12.57
194.355	33.8171	171.827	0	0	0	0	12.585
194.668	32.9696	172.362	0	0	0	0	12.6
195.007	32.1953	172.797	0	0	0	0	12.615
195.37	31.4966	173.134	0	0	0	0	12.63
195.752	30.8755	173.372	0	0	0	0	12.645
196.152	30.3332	173.515	0	0	0	0	12.66
196.566	29.871	173.563	0	0	0	0	12.675
196.991	29.4895	173.519	0	0	0	0	12.69
197.425	29.1895	173.386	0	0	0	0	12.705
197.863	28.9712	173.166	0	0	0	0	12.72
198.303	28.8351	172.862	0	0	0	0	12.735
198.742	28.7814	172.477	0	0	0	0	12.75
199.177	28.8105	172.013	0	0	0	0	12.765
199.604	28.9225	171.473	0	0	0	0	12.78
200.021	29.1177	170.861	0	0	0	0	12.795
200.425	29.3963	170.179	0	0	0	0	12.81
200.813	29.7582	169.429	0	0	0	0	12.825
201.181	30.2034	168.615	0	0	0	0	12.84
201.527	30.7316	167.741	0	0	0	0	12.855
201.849	31.3422	166.809	0	0	0	0	12.87
202.142	32.0341	165.824	0	0	0	0	12.885
202.404	32.806	164.79	0	0	0	0	12.9
202.633	33.6556	163.711	0	0	0	0	12.915
202.826	34.58	162.594	0	0	0	0	12.93
202.981	35.5755	161.444	0	0	0	0	12.945
203.095	36.6374	160.268	0	0	0	0	12.96
203.167	37.7596	159.074	0	0	0	0	12.975
203.194	38.9351	157.871	0	0	0	0	12.99
203.176	40.1554	156.668	0	0	0	0	13.005
203.112	41.4108	155.477	0	0	0	0	13.02
203	42.6901	154.309	0	0	0	0	13.035
202.842	43.9808	153.177	0	0	0	0	13.05
202.637	45.2692	152.094	0	0	0	0	13.065
202.386	46.5407	151.073	0	0	0	0	13.08
202.091	47.7797	150.129	0	0	0	0	13.095
201.755	48.9701	149.275	0	0	0	0	13.11
201.379	50.0955	148.526	0	0	0	0	13.125
200.967	51.1399	147.893	0	0	0	0	13.14
200.524	52.0876	147.388	0	0	0	0	13.155
200.053	52.9241	147.022	0	0	0	0	13.17
199.56	53.636	146.804	0	0	0	0	13.185
199.05	54.2121	146.738	0	0	0	0	13.2
198.527	54.6429	146.83	0	0	0	0	13.215
197.999	54.9217	147.079	0	0	0	0	13.23
197.471	55.0442	147.485	0	0	0	0	13.245
196.948	55.0087	148.043	0	0	0	0	13.26
196.437	54.8165	148.747	0	0	0	0	13.275
195.943	54.4716	149.586	0	0	0	0	13.29
195.471	53.9804	150.549	0	0	0	0	13.305
195.026	53.3516	151.623	0	0	0	0	13.32
194.612	52.596	152.792	0	0	0	0	13.335
194.234	51.7261	154.04	0	0	0	0	13.35
193.895	50.7555	155.35	0	0	0	0	13.365
193.597	49.6991	156.704	0	0	0	0	13.38
193.343	48.5719	158.085	0	0	0	0	13.395
193.135	47.3893	159.476	0	0	0	0	13.41
192.973	46.1667	160.86	0	0	0	0	13.425
192.859	44.9188	162.222	0	0	0	0	13.44
192.791	43.6597	163.549	0	0	0	0	13.455
192.771	42.4026	164.827	0	0	0	0	13.47
192.796	41.1598	166.044	0	0	0	0	13.485
192.865	39.9423	167.192	0	0	0	0	13.5
192.978	38.76	168.262	0	0	0	0	13.515
193.131	37.6216	169.247	0	0	0	0	13.53
193.324	36.5347	170.142	0	0	0	0	13.545
193.552	35.5057	170.942	0	0	0	0	13.56
193.815	34.54	171.645	0	0	0	0	13.575
194.109	33.6421	172.249	0	0	0	0	13.59
194.431	32.8156	172.754	0	0	0	0	13.605
194.778	32.0633	173.159	0	0	0	0	13.62
195.148	31.3874	173.465	0	0	0	0	13.635
195.537	30.7898	173.673	0	0	0	0	13.65
195.942	30.2717	173.786	0	0	0	0	13.665
196.361	29.834	173.805	0	0	0	0	13.68
196.789	29.4775	173.733	0	0	0	0	13.695
197.225	29.2027	173.572	0	0	0	0	13.71
197.665	29.01	173.325	0	0	0	0	13.725
198.106	28.8997	172.995	0	0	0	0	13.74
198.544	28.872	172.584	0	0	0	0	13.755
198.978	28.9273	172.095	0	0	0	0	13.77
199.403	29.0657	171.532	0	0	0	0	13.785
199.817	29.2875	170.896	0	0	0	0	13.8
200.216	29.5927	170.191	0	0	0	0	13.815
200.599	29.9813	169.42	0	0	0	0	13.83
200.961	30.4532	168.586	0	0	0	0	13.845
201.3	31.008	167.692	0	0	0	0	13.86
201.613	31.6449	166.742	0	0	0	0	13.875
201.897	32.3627	165.74	0	0	0	0	13.89
202.15	33.1597	164.69	0	0	0	0	13.905
202.369	34.0336	163.598	0	0	0	0	13.92
202.55	34.9811	162.468	0	0	0	0	13.935
202.693	35.9981	161.309	0	0	0	0	13.95
202.795	37.0795	160.126	0	0	0	0	13.965
202.854	38.2189	158.928	0	0	0	0	13.98
202.868	39.4088	157.724	0	0	0	0	13.995
202.836	40.6403	156.524	0	0	0	0	14.01
202.758	41.9031	155.339	0	0	0	0	14.025
202.633	43.1856	154.182	0	0	0	0	14.04
202.46	44.4749	153.065	0	0	0	0	14.055
202.242	45.7571	152.001	0	0	0	0	14.07
201.979	47.017	151.004	0	0	0	0	14.085
201.672	48.239	150.089	0	0	0	0	14.1
201.325	49.4068	149.269	0	0	0	0	14.115
200.939	50.5042	148.557	0	0	0	0	14.13
200.519	51.5152	147.965	0	0	0	0	14.145
200.069	52.4245	147.506	0	0	0	0	14.16
199.594	53.2179	147.189	0	0	0	0	14.175
199.097	53.8829	147.02	0	0	0	0	14.19
198.585	54.4086	147.006	0	0	0	0	14.205
198.063	54.7867	147.15	0	0	0	0	14.22
197.538	55.0112	147.451	0	0	0	0	14.235
197.014	55.0786	147.907	0	0	0	0	14.25
196.498	54.9883	148.514	0	0	0	0	14.265
195.995	54.7426	149.262	0	0	0	0	14.28
195.511	54.3462	150.143	0	0	0	0	14.295
195.051	53.8063	151.143	0	0	0	0	14.31
194.62	53.1324	152.248	0	0	0	0	14.325
194.221	52.3359	153.443	0	0	0	0	14.34
193.859	51.4297	154.712	0	0	0	0	14.355
193.536	50.4278	156.036	0	0	0	0	14.37
193.256	49.3452	157.398	0	0	0	0	14.385
193.021	48.1971	158.782	0	0	0	0	14.4
192.831	46.9989	160.17	0	0	0	0	14.415
192.688	45.7657	161.546	0	0	0	0	14.43
192.592	44.512	162.896	0	0	0	0	14.445
192.543	43.2518	164.205	0	0	0	0	14.46
192.541	41.9978	165.461	0	0	0	0	14.475
192.584	40.7618	166.655	0	0	0	0	14.49
192.67	39.5547	167.775	0	0	0	0	14.505
192.8	38.3858	168.815	0	0	0	0	14.52
192.969	37.2635	169.768	0	0	0	0	14.535
193.176	36.1949	170.629	0	0	0	0	14.55
193.419	35.1861	171.395	0	0	0	0	14.565
193.695	34.2422	172.063	0	0	0	0	14.58
194	33.3673	172.632	0	0	0	0	14.595
194.333	32.5648	173.102	0	0	0	0	14.61
194.691	31.8373	173.472	0	0	0	0	14.625
195.07	31.1869	173.743	0	0	0	0	14.64
195.467	30.6152	173.918	0	0	0	0	14.655
195.879	30.1232	173.998	0	0	0	0	14.67
196.303	29.712	173.985	0	0	0	0	14.685
196.737	29.382	173.881	0	0	0	0	14.7
197.177	29.1339	173.69	0	0	0	0	14.715
197.619	28.9678	173.413	0	0	0	0	14.73
198.062	28.8843	173.054	0	0	0	0	14.745
198.501	28.8834	172.616	0	0	0	0	14.76
198.934	28.9655	172.1	0	0	0	0	14.775
199.358	29.1307	171.511	0	0	0	0	14.79
199.77	29.3793	170.851	0	0	0	0	14.805
200.166	29.7112	170.123	0	0	0	0	14.82
200.544	30.1264	169.329	0	0	0	0	14.835
200.901	30.6247	168.474	0	0	0	0	14.85
201.235	31.2055	167.56	0	0	0	0	14.865
201.541	31.8681	166.591	0	0	0	0	14.88
201.817	32.6109	165.572	0	0	0	0	14.895
202.061	33.4321	164.507	0	0	0	0	14.91
202.27	34.329	163.401	0	0	0	0	14.925
202.442	35.2982	162.26	0	0	0	0	14.94
202.574	36.3352	161.091	0	0	0	0	14.955
202.664	37.4345	159.902	0	0	0	0	14.97
202.711	38.5893	158.7	0	0	0	0	14.985
