S	I	R	t
300	100	0	0
295.028	101.639	3.33304	0.0166667
290.072	103.224	6.70375	0.0333333
285.154	104.747	10.0984	0.05
280.278	106.207	13.5146	0.0666667
275.45	107.6	16.9499	0.0833333
270.674	108.924	20.4021	0.1
265.954	110.178	23.8686	0.116667
261.295	111.358	27.347	0.133333
256.7	112.465	30.8347	0.15
252.175	113.496	34.3292	0.166667
247.721	114.451	37.8278	0.183333
243.342	115.33	41.3281	0.2
239.042	116.131	44.8274	0.216667
234.823	116.854	48.3231	0.233333
230.687	117.5	51.8128	0.25
226.637	118.069	55.2939	0.266667
222.674	118.562	58.7639	0.283333
218.801	118.978	62.2205	0.3
215.019	119.32	65.6611	0.316667
211.328	119.589	69.0835	0.333333
207.73	119.785	72.4853	0.35
204.226	119.91	75.8645	0.366667
200.816	119.966	79.2187	0.383333
197.5	119.954	82.546	0.4
194.278	119.877	85.8444	0.416667
191.151	119.737	89.112	0.433333
188.118	119.535	92.3469	0.45
185.178	119.274	95.5474	0.466667
182.332	118.956	98.7118	0.483333
179.578	118.584	101.839	0.5
176.915	118.159	104.926	0.516667
174.343	117.684	107.974	0.533333
171.86	117.161	110.979	0.55
169.465	116.593	113.942	0.566667
167.158	115.982	116.86	0.583333
164.935	115.331	119.734	0.6
162.798	114.641	122.561	0.616667
160.743	113.916	125.342	0.633333
158.769	113.157	128.074	0.65
156.874	112.367	130.759	0.666667
155.058	111.547	133.394	0.683333
153.319	110.701	135.98	0.7
151.654	109.83	138.516	0.716667
150.062	108.936	141.002	0.733333
148.542	108.02	143.437	0.75
147.092	107.086	145.821	0.766667
145.71	106.135	148.154	0.783333
144.395	105.169	150.436	0.8
143.144	104.189	152.667	0.816667
141.957	103.197	154.847	0.833333
140.831	102.195	156.975	0.85
139.765	101.183	159.052	0.866667
138.757	100.165	161.078	0.883333
137.806	99.14	163.053	0.9
136.911	98.1106	164.978	0.916667
136.069	97.0778	166.853	0.933333
135.279	96.0427	168.678	0.95
134.541	95.0064	170.453	0.966667
133.851	93.97	172.179	0.983333
133.209	92.9346	173.856	1
132.614	91.901	175.485	1.01667
132.063	90.8702	177.066	1.03333
131.557	89.8429	178.6	1.05
131.093	88.82	180.087	1.06667
130.67	87.8022	181.528	1.08333
130.287	86.7902	182.923	1.1
129.942	85.7846	184.273	1.11667
129.636	84.7859	185.578	1.13333
129.365	83.7949	186.84	1.15
129.13	82.8119	188.058	1.16667
128.929	81.8373	189.234	1.18333
128.761	80.8718	190.367	1.2
128.625	79.9155	191.46	1.21667
128.52	78.969	192.511	1.23333
128.445	78.0324	193.522	1.25
128.399	77.1062	194.495	1.26667
128.382	76.1905	195.428	1.28333
128.391	75.2856	196.323	1.3
128.427	74.3917	197.181	1.31667
128.488	73.509	198.003	1.33333
128.574	72.6377	198.788	1.35
128.684	71.7778	199.538	1.36667
128.817	70.9295	200.254	1.38333
128.972	70.0929	200.935	1.4
129.149	69.2681	201.583	1.41667
129.346	68.4551	202.199	1.43333
129.564	67.6539	202.782	1.45
129.801	66.8647	203.335	1.46667
130.056	66.0874	203.856	1.48333
130.33	65.3219	204.348	1.5
130.621	64.5684	204.811	1.51667
130.929	63.8267	205.244	1.53333
131.253	63.0969	205.65	1.55
131.593	62.3789	206.028	1.56667
131.948	61.6726	206.379	1.58333
132.318	60.978	206.704	1.6
132.701	60.295	207.004	1.61667
133.098	59.6235	207.278	1.63333
133.508	58.9634	207.528	1.65
133.931	58.3147	207.754	1.66667
134.365	57.6773	207.957	1.68333
134.812	57.051	208.138	1.7
135.269	56.4357	208.296	1.71667
135.737	55.8314	208.432	1.73333
136.215	55.2379	208.547	1.75
136.703	54.6552	208.642	1.76667
137.2	54.083	208.717	1.78333
137.706	53.5213	208.773	1.8
138.221	52.9699	208.809	1.81667
138.744	52.4287	208.827	1.83333
139.275	51.8977	208.827	1.85
139.814	51.3766	208.809	1.86667
140.36	50.8653	208.775	1.88333
140.913	50.3637	208.724	1.9
141.472	49.8717	208.656	1.91667
142.037	49.3891	208.574	1.93333
142.609	48.9159	208.476	1.95
143.186	48.4518	208.363	1.96667
143.768	47.9968	208.235	1.98333
144.355	47.5506	208.094	2
144.947	47.1133	207.94	2.01667
145.544	46.6846	207.772	2.03333
146.144	46.2644	207.591	2.05
146.749	45.8526	207.398	2.06667
147.357	45.4491	207.194	2.08333
147.969	45.0537	206.977	2.1
148.584	44.6664	206.749	2.11667
149.202	44.2869	206.511	2.13333
149.823	43.9151	206.262	2.15
150.446	43.5511	206.003	2.16667
151.072	43.1945	205.734	2.18333
151.7	42.8453	205.455	2.2
152.329	42.5034	205.167	2.21667
152.961	42.1687	204.871	2.23333
153.593	41.841	204.566	2.25
154.228	41.5203	204.252	2.26667
154.863	41.2064	203.931	2.28333
155.499	40.8992	203.602	2.3
156.136	40.5986	203.265	2.31667
156.774	40.3045	202.922	2.33333
157.412	40.0167	202.571	2.35
158.05	39.7353	202.215	2.36667
158.689	39.46	201.851	2.38333
159.327	39.1909	201.482	2.4
159.965	38.9277	201.107	2.41667
160.603	38.6704	200.726	2.43333
161.241	38.4189	200.341	2.45
161.877	38.173	199.95	2.46667
162.513	37.9328	199.554	2.48333
163.149	37.6981	199.153	2.5
163.783	37.4688	198.749	2.51667
164.416	37.2449	198.34	2.53333
165.047	37.0261	197.927	2.55
165.678	36.8126	197.51	2.56667
166.306	36.6041	197.09	2.58333
166.933	36.4006	196.666	2.6
167.559	36.2021	196.239	2.61667
168.182	36.0083	195.809	2.63333
168.804	35.8193	195.377	2.65
169.424	35.635	194.941	2.66667
170.041	35.4554	194.504	2.68333
170.656	35.2802	194.064	2.7
171.269	35.1095	193.622	2.71667
171.879	34.9432	193.178	2.73333
172.487	34.7812	192.732	2.75
173.092	34.6235	192.285	2.76667
173.694	34.47	191.836	2.78333
174.294	34.3205	191.386	2.8
174.891	34.1752	190.934	2.81667
175.484	34.0338	190.482	2.83333
176.075	33.8964	190.029	2.85
176.663	33.7628	189.575	2.86667
177.247	33.6331	189.12	2.88333
177.828	33.5071	188.665	2.9
178.406	33.3848	188.21	2.91667
178.98	33.2662	187.754	2.93333
179.551	33.1511	187.298	2.95
180.118	33.0396	186.842	2.96667
180.682	32.9315	186.387	2.98333
181.242	32.8269	185.931	3
181.798	32.7257	185.476	3.01667
182.351	32.6278	185.022	3.03333
182.899	32.5332	184.568	3.05
183.444	32.4418	184.114	3.06667
183.985	32.3536	183.662	3.08333
184.521	32.2686	183.21	3.1
185.054	32.1866	182.759	3.11667
185.583	32.1077	182.31	3.13333
186.107	32.0318	181.861	3.15
186.627	31.9588	181.414	3.16667
187.143	31.8888	180.968	3.18333
187.655	31.8217	180.523	3.2
188.162	31.7574	180.08	3.21667
188.665	31.6959	179.639	3.23333
189.164	31.6371	179.199	3.25
189.658	31.5811	178.761	3.26667
190.147	31.5278	178.325	3.28333
190.632	31.4771	177.891	3.3
191.113	31.4291	177.458	3.31667
191.588	31.3836	177.028	3.33333
192.06	31.3406	176.6	3.35
192.526	31.3002	176.174	3.36667
192.988	31.2622	175.75	3.38333
193.445	31.2267	175.328	3.4
193.897	31.1936	174.909	3.41667
194.345	31.1629	174.492	3.43333
194.787	31.1344	174.078	3.45
195.225	31.1084	173.666	3.46667
195.658	31.0845	173.257	3.48333
196.086	31.063	172.851	3.5
196.51	31.0436	172.447	3.51667
196.928	31.0265	172.046	3.53333
197.341	31.0115	171.647	3.55
197.75	30.9986	171.252	3.56667
198.153	30.9879	170.859	3.58333
198.551	30.9792	170.469	3.6
198.945	30.9726	170.083	3.61667
199.333	30.968	169.699	3.63333
199.716	30.9653	169.318	3.65
200.094	30.9647	168.941	3.66667
200.467	30.966	168.567	3.68333
200.835	30.9692	168.195	3.7
201.198	30.9743	167.827	3.71667
201.556	30.9812	167.463	3.73333
201.909	30.99	167.101	3.75
202.256	31.0007	166.743	3.76667
202.599	31.0131	166.388	3.78333
202.936	31.0272	166.037	3.8
203.268	31.0431	165.689	3.81667
203.595	31.0607	165.344	3.83333
203.917	31.08	165.003	3.85
204.233	31.101	164.666	3.86667
204.545	31.1236	164.332	3.88333
204.851	31.1479	164.001	3.9
205.152	31.1737	163.674	3.91667
205.448	31.2012	163.351	3.93333
205.739	31.2301	163.031	3.95
206.024	31.2606	162.715	3.96667
206.305	31.2926	162.403	3.98333
206.58	31.3261	162.094	4
206.85	31.3611	161.789	4.01667
207.115	31.3975	161.488	4.03333
207.375	31.4353	161.19	4.05
207.629	31.4745	160.896	4.06667
207.879	31.5151	160.606	4.08333
208.123	31.5571	160.32	4.1
208.362	31.6003	160.037	4.11667
208.597	31.6449	159.759	4.13333
208.826	31.6908	159.484	4.15
209.049	31.7379	159.213	4.16667
209.268	31.7863	158.945	4.18333
209.482	31.8359	158.682	4.2
209.691	31.8867	158.422	4.21667
209.895	31.9387	158.167	4.23333
210.093	31.9919	157.915	4.25
210.287	32.0461	157.667	4.26667
210.476	32.1015	157.423	4.28333
210.659	32.158	157.183	4.3
210.838	32.2156	156.946	4.31667
211.012	32.2742	156.714	4.33333
211.181	32.3339	156.485	4.35
211.345	32.3946	156.261	4.36667
211.504	32.4562	156.04	4.38333
211.658	32.5189	155.823	4.4
211.807	32.5824	155.61	4.41667
211.952	32.6469	155.401	4.43333
212.092	32.7123	155.196	4.45
212.227	32.7786	154.995	4.46667
212.357	32.8458	154.797	4.48333
212.482	32.9138	154.604	4.5
212.603	32.9826	154.414	4.51667
212.719	33.0522	154.229	4.53333
212.831	33.1226	154.047	4.55
212.938	33.1937	153.869	4.56667
213.04	33.2656	153.694	4.58333
213.138	33.3382	153.524	4.6
213.231	33.4115	153.358	4.61667
213.32	33.4854	153.195	4.63333
213.404	33.56	153.036	4.65
213.484	33.6352	152.881	4.66667
213.559	33.7111	152.73	4.68333
213.63	33.7875	152.582	4.7
213.697	33.8645	152.439	4.71667
213.759	33.942	152.299	4.73333
213.818	34.0201	152.162	4.75
213.871	34.0986	152.03	4.76667
213.921	34.1776	151.901	4.78333
213.967	34.2571	151.776	4.8
214.008	34.3371	151.655	4.81667
214.046	34.4174	151.537	4.83333
214.079	34.4981	151.423	4.85
214.108	34.5792	151.313	4.86667
214.134	34.6607	151.206	4.88333
214.155	34.7424	151.103	4.9
214.172	34.8245	151.003	4.91667
214.186	34.9069	150.907	4.93333
214.196	34.9895	150.814	4.95
214.202	35.0724	150.725	4.96667
214.205	35.1555	150.64	4.98333
