S	I	R	e	d	dI	f	t
300	100	0	0	0	0	0	0
297.013	99.9875	2.99989	0	0	0	0	0.01
294.07	99.9454	5.9841	0	0	0	0	0.02
291.174	99.8741	8.95177	0	0	0	0	0.03
288.324	99.7741	11.9021	0	0	0	0	0.04
285.52	99.646	14.8343	0	0	0	0	0.05
282.762	99.4903	17.7477	0	0	0	0	0.06
280.051	99.3077	20.6415	0	0	0	0	0.07
277.386	99.0987	23.515	0	0	0	0	0.08
274.768	98.864	26.3676	0	0	0	0	0.09
272.197	98.6043	29.1985	0	0	0	0	0.1
269.673	98.3201	32.0072	0	0	0	0	0.11
267.195	98.0121	34.793	0	0	0	0	0.12
264.764	97.6811	37.5553	0	0	0	0	0.13
262.379	97.3277	40.2937	0	0	0	0	0.14
260.04	96.9526	43.0074	0	0	0	0	0.15
257.747	96.5566	45.6961	0	0	0	0	0.16
255.5	96.1403	48.3592	0	0	0	0	0.17
253.299	95.7045	50.9962	0	0	0	0	0.18
251.143	95.2498	53.6068	0	0	0	0	0.19
249.033	94.777	56.1904	0	0	0	0	0.2
246.966	94.2869	58.7467	0	0	0	0	0.21
244.945	93.78	61.2753	0	0	0	0	0.22
242.967	93.2572	63.7758	0	0	0	0	0.23
241.033	92.719	66.248	0	0	0	0	0.24
239.142	92.1664	68.6915	0	0	0	0	0.25
237.294	91.5998	71.106	0	0	0	0	0.26
235.489	91.02	73.4913	0	0	0	0	0.27
233.725	90.4277	75.8471	0	0	0	0	0.28
232.003	89.8236	78.1731	0	0	0	0	0.29
230.322	89.2083	80.4693	0	0	0	0	0.3
228.682	88.5824	82.7355	0	0	0	0	0.31
227.082	87.9467	84.9714	0	0	0	0	0.32
225.522	87.3016	87.1769	0	0	0	0	0.33
224	86.6479	89.3519	0	0	0	0	0.34
222.518	85.9861	91.4963	0	0	0	0	0.35
221.073	85.3169	93.6101	0	0	0	0	0.36
219.666	84.6407	95.6931	0	0	0	0	0.37
218.296	83.9582	97.7454	0	0	0	0	0.38
216.963	83.2699	99.7668	0	0	0	0	0.39
215.666	82.5764	101.757	0	0	0	0	0.4
214.405	81.8781	103.717	0	0	0	0	0.41
213.178	81.1756	105.646	0	0	0	0	0.42
211.986	80.4693	107.544	0	0	0	0	0.43
210.828	79.7598	109.412	0	0	0	0	0.44
209.704	79.0475	111.249	0	0	0	0	0.45
208.612	78.3328	113.055	0	0	0	0	0.46
207.553	77.6162	114.831	0	0	0	0	0.47
206.526	76.8981	116.576	0	0	0	0	0.48
205.53	76.179	118.291	0	0	0	0	0.49
204.565	75.4591	119.976	0	0	0	0	0.5
203.63	74.7389	121.631	0	0	0	0	0.51
202.725	74.0187	123.256	0	0	0	0	0.52
201.85	73.2989	124.851	0	0	0	0	0.53
201.003	72.5798	126.417	0	0	0	0	0.54
200.185	71.8618	127.953	0	0	0	0	0.55
199.394	71.1451	129.461	0	0	0	0	0.56
198.631	70.4301	130.939	0	0	0	0	0.57
197.895	69.717	132.388	0	0	0	0	0.58
197.185	69.0061	133.809	0	0	0	0	0.59
196.501	68.2977	135.201	0	0	0	0	0.6
195.843	67.592	136.565	0	0	0	0	0.61
195.21	66.8893	137.901	0	0	0	0	0.62
194.601	66.1897	139.21	0	0	0	0	0.63
194.016	65.4935	140.49	0	0	0	0	0.64
193.455	64.801	141.744	0	0	0	0	0.65
192.917	64.1121	142.971	0	0	0	0	0.66
192.402	63.4273	144.171	0	0	0	0	0.67
191.909	62.7466	145.344	0	0	0	0	0.68
191.438	62.0702	146.491	0	0	0	0	0.69
190.989	61.3982	147.613	0	0	0	0	0.7
190.561	60.7309	148.708	0	0	0	0	0.71
190.154	60.0682	149.778	0	0	0	0	0.72
189.766	59.4105	150.823	0	0	0	0	0.73
189.399	58.7576	151.843	0	0	0	0	0.74
189.052	58.1099	152.839	0	0	0	0	0.75
188.723	57.4674	153.81	0	0	0	0	0.76
188.413	56.8301	154.757	0	0	0	0	0.77
188.122	56.1982	155.68	0	0	0	0	0.78
187.849	55.5718	156.579	0	0	0	0	0.79
187.593	54.9509	157.456	0	0	0	0	0.8
187.355	54.3355	158.309	0	0	0	0	0.81
187.134	53.7258	159.14	0	0	0	0	0.82
186.929	53.1218	159.949	0	0	0	0	0.83
186.741	52.5236	160.735	0	0	0	0	0.84
186.569	51.9311	161.5	0	0	0	0	0.85
186.413	51.3445	162.243	0	0	0	0	0.86
186.271	50.7638	162.965	0	0	0	0	0.87
186.145	50.1889	163.666	0	0	0	0	0.88
186.034	49.62	164.346	0	0	0	0	0.89
185.937	49.0569	165.006	0	0	0	0	0.9
185.855	48.4999	165.645	0	0	0	0	0.91
185.786	47.9488	166.265	0	0	0	0	0.92
185.731	47.4036	166.866	0	0	0	0	0.93
185.689	46.8644	167.447	0	0	0	0	0.94
185.66	46.3312	168.009	0	0	0	0	0.95
185.644	45.8039	168.552	0	0	0	0	0.96
185.641	45.2826	169.077	0	0	0	0	0.97
185.649	44.7673	169.583	0	0	0	0	0.98
185.67	44.2578	170.072	0	0	0	0	0.99
185.703	43.7543	170.543	0	0	0	0	1
185.747	43.2566	170.997	0	0	0	0	1.01
185.802	42.7649	171.433	0	0	0	0	1.02
185.868	42.2789	171.853	0	0	0	0	1.03
185.945	41.7988	172.256	0	0	0	0	1.04
186.033	41.3245	172.643	0	0	0	0	1.05
186.131	40.8559	173.013	0	0	0	0	1.06
186.239	40.3931	173.368	0	0	0	0	1.07
186.357	39.9359	173.707	0	0	0	0	1.08
186.484	39.4845	174.031	0	0	0	0	1.09
186.621	39.0386	174.34	0	0	0	0	1.1
186.768	38.5983	174.634	0	0	0	0	1.11
186.923	38.1635	174.913	0	0	0	0	1.12
187.087	37.7343	175.178	0	0	0	0	1.13
187.26	37.3105	175.429	0	0	0	0	1.14
187.442	36.8921	175.666	0	0	0	0	1.15
187.632	36.4791	175.889	0	0	0	0	1.16
187.83	36.0714	176.099	0	0	0	0	1.17
188.035	35.669	176.296	0	0	0	0	1.18
188.249	35.2718	176.479	0	0	0	0	1.19
188.47	34.8798	176.65	0	0	0	0	1.2
188.699	34.4929	176.808	0	0	0	0	1.21
188.935	34.1111	176.954	0	0	0	0	1.22
189.177	33.7343	177.088	0	0	0	0	1.23
189.427	33.3626	177.21	0	0	0	0	1.24
189.684	32.9957	177.32	0	0	0	0	1.25
189.947	32.6337	177.419	0	0	0	0	1.26
190.217	32.2766	177.506	0	0	0	0	1.27
190.493	31.9243	177.583	0	0	0	0	1.28
190.775	31.5766	177.648	0	0	0	0	1.29
191.063	31.2337	177.703	0	0	0	0	1.3
191.357	30.8953	177.747	0	0	0	0	1.31
191.657	30.5616	177.781	0	0	0	0	1.32
191.963	30.2324	177.805	0	0	0	0	1.33
192.274	29.9076	177.819	0	0	0	0	1.34
192.59	29.5872	177.823	0	0	0	0	1.35
192.911	29.2713	177.818	0	0	0	0	1.36
193.238	28.9596	177.803	0	0	0	0	1.37
193.569	28.6522	177.779	0	0	0	0	1.38
193.906	28.349	177.745	0	0	0	0	1.39
194.247	28.0499	177.703	0	0	0	0	1.4
194.592	27.755	177.653	0	0	0	0	1.41
194.942	27.4641	177.593	0	0	0	0	1.42
195.297	27.1773	177.526	0	0	0	0	1.43
195.656	26.8944	177.45	0	0	0	0	1.44
196.019	26.6154	177.366	0	0	0	0	1.45
196.386	26.3402	177.274	0	0	0	0	1.46
196.756	26.0689	177.175	0	0	0	0	1.47
197.131	25.8013	177.067	0	0	0	0	1.48
197.51	25.5374	176.953	0	0	0	0	1.49
197.892	25.2772	176.831	0	0	0	0	1.5
198.278	25.0206	176.702	0	0	0	0	1.51
198.667	24.7676	176.566	0	0	0	0	1.52
199.059	24.518	176.423	0	0	0	0	1.53
199.455	24.272	176.273	0	0	0	0	1.54
199.854	24.0294	176.117	0	0	0	0	1.55
200.256	23.7901	175.954	0	0	0	0	1.56
200.661	23.5542	175.785	0	0	0	0	1.57
201.068	23.3216	175.61	0	0	0	0	1.58
201.479	23.0922	175.429	0	0	0	0	1.59
201.892	22.866	175.242	0	0	0	0	1.6
202.308	22.643	175.048	0	0	0	0	1.61
202.727	22.4231	174.85	0	0	0	0	1.62
203.148	22.2063	174.645	0	0	0	0	1.63
203.572	21.9925	174.436	0	0	0	0	1.64
203.998	21.7816	174.221	0	0	0	0	1.65
204.426	21.5737	174	0	0	0	0	1.66
204.856	21.3687	173.775	0	0	0	0	1.67
205.289	21.1666	173.545	0	0	0	0	1.68
205.723	20.9673	173.31	0	0	0	0	1.69
206.16	20.7708	173.07	0	0	0	0	1.7
206.598	20.577	172.825	0	0	0	0	1.71
207.038	20.386	172.576	0	0	0	0	1.72
207.48	20.1976	172.322	0	0	0	0	1.73
207.924	20.0118	172.064	0	0	0	0	1.74
208.37	19.8286	171.802	0	0	0	0	1.75
208.817	19.648	171.535	0	0	0	0	1.76
209.265	19.4699	171.265	0	0	0	0	1.77
209.715	19.2942	170.99	0	0	0	0	1.78
210.167	19.121	170.712	0	0	0	0	1.79
210.62	18.9503	170.43	0	0	0	0	1.8
211.074	18.7819	170.144	0	0	0	0	1.81
211.529	18.6158	169.855	0	0	0	0	1.82
211.986	18.4521	169.562	0	0	0	0	1.83
212.444	18.2906	169.266	0	0	0	0	1.84
212.902	18.1314	168.966	0	0	0	0	1.85
213.362	17.9744	168.663	0	0	0	0	1.86
213.823	17.8196	168.357	0	0	0	0	1.87
214.285	17.6669	168.048	0	0	0	0	1.88
214.748	17.5164	167.736	0	0	0	0	1.89
215.211	17.3679	167.421	0	0	0	0	1.9
215.675	17.2215	167.103	0	0	0	0	1.91
216.14	17.0771	166.782	0	0	0	0	1.92
216.606	16.9347	166.459	0	0	0	0	1.93
217.073	16.7943	166.133	0	0	0	0	1.94
217.54	16.6559	165.804	0	0	0	0	1.95
218.007	16.5193	165.473	0	0	0	0	1.96
218.475	16.3847	165.14	0	0	0	0	1.97
218.944	16.2519	164.804	0	0	0	0	1.98
219.413	16.1209	164.466	0	0	0	0	1.99
219.883	15.9917	164.126	0	0	0	0	2
220.353	15.8643	163.783	0	0	0	0	2.01
220.823	15.7387	163.439	0	0	0	0	2.02
221.293	15.6148	163.092	0	0	0	0	2.03
221.764	15.4926	162.743	0	0	0	0	2.04
222.235	15.3721	162.393	0	0	0	0	2.05
222.706	15.2533	162.041	0	0	0	0	2.06
223.177	15.136	161.687	0	0	0	0	2.07
223.649	15.0204	161.331	0	0	0	0	2.08
224.12	14.9064	160.973	0	0	0	0	2.09
224.592	14.7939	160.614	0	0	0	0	2.1
225.063	14.683	160.254	0	0	0	0	2.11
225.535	14.5736	159.891	0	0	0	0	2.12
226.006	14.4657	159.528	0	0	0	0	2.13
226.478	14.3593	159.163	0	0	0	0	2.14
226.949	14.2543	158.797	0	0	0	0	2.15
227.42	14.1508	158.429	0	0	0	0	2.16
227.891	14.0487	158.06	0	0	0	0	2.17
228.362	13.9479	157.69	0	0	0	0	2.18
228.833	13.8486	157.319	0	0	0	0	2.19
229.303	13.7506	156.946	0	0	0	0	2.2
229.773	13.6539	156.573	0	0	0	0	2.21
230.243	13.5586	156.198	0	0	0	0	2.22
230.712	13.4646	155.823	0	0	0	0	2.23
231.182	13.3718	155.447	0	0	0	0	2.24
231.65	13.2803	155.069	0	0	0	0	2.25
232.119	13.19	154.691	0	0	0	0	2.26
232.587	13.101	154.312	0	0	0	0	2.27
233.054	13.0132	153.933	0	0	0	0	2.28
233.521	12.9266	153.552	0	0	0	0	2.29
233.987	12.8411	153.171	0	0	0	0	2.3
234.453	12.7569	152.79	0	0	0	0	2.31
234.919	12.6737	152.407	0	0	0	0	2.32
235.384	12.5917	152.025	0	0	0	0	2.33
235.848	12.5108	151.641	0	0	0	0	2.34
236.312	12.431	151.257	0	0	0	0	2.35
236.775	12.3523	150.873	0	0	0	0	2.36
237.237	12.2746	150.488	0	0	0	0	2.37
237.699	12.198	150.103	0	0	0	0	2.38
238.16	12.1224	149.717	0	0	0	0	2.39
238.62	12.0479	149.332	0	0	0	0	2.4
239.08	11.9744	148.946	0	0	0	0	2.41
239.539	11.9018	148.559	0	0	0	0	2.42
239.997	11.8303	148.172	0	0	0	0	2.43
240.455	11.7597	147.786	0	0	0	0	2.44
240.911	11.6901	147.399	0	0	0	0	2.45
241.367	11.6214	147.011	0	0	0	0	2.46
241.822	11.5536	146.624	0	0	0	0	2.47
242.276	11.4868	146.237	0	0	0	0	2.48
242.73	11.4209	145.849	0	0	0	0	2.49
243.182	11.3558	145.462	0	0	0	0	2.5
243.634	11.2917	145.075	0	0	0	0	2.51
244.084	11.2284	144.687	0	0	0	0	2.52
244.534	11.166	144.3	0	0	0	0	2.53
244.983	11.1044	143.912	0	0	0	0	2.54
245.431	11.0436	143.525	0	0	0	0	2.55
245.878	10.9837	143.138	0	0	0	0	2.56
246.324	10.9246	142.751	0	0	0	0	2.57
246.769	10.8663	142.365	0	0	0	0	2.58
247.213	10.8088	141.978	0	0	0	0	2.59
247.656	10.7521	141.592	0	0	0	0	2.6
248.098	10.6961	141.206	0	0	0	0	2.61
248.539	10.6409	140.82	0	0	0	0	2.62
248.979	10.5865	140.434	0	0	0	0	2.63
249.418	10.5327	140.049	0	0	0	0	2.64
249.856	10.4798	139.664	0	0	0	0	2.65
250.293	10.4275	139.279	0	0	0	0	2.66
250.729	10.376	138.895	0	0	0	0	2.67
251.164	10.3252	138.511	0	0	0	0	2.68
251.597	10.275	138.128	0	0	0	0	2.69
252.03	10.2256	137.745	0	0	0	0	2.7
252.461	10.1768	137.362	0	0	0	0	2.71
252.891	10.1287	136.98	0	0	0	0	2.72
253.32	10.0813	136.599	0	0	0	0	2.73
253.748	10.0345	136.217	0	0	0	0	2.74
254.175	9.98832	135.837	0	0	0	0	2.75
254.6	9.94282	135.457	0	0	0	0	2.76
255.025	9.89794	135.077	0	0	0	0	2.77
255.448	9.85368	134.698	0	0	0	0	2.78
255.87	9.81003	134.32	0	0	0	0	2.79
256.291	9.76699	133.942	0	0	0	0	2.8
256.711	9.72455	133.565	0	0	0	0	2.81
257.129	9.6827	133.188	0	0	0	0	2.82
257.547	9.64143	132.812	0	0	0	0	2.83
257.963	9.60074	132.437	0	0	0	0	2.84
258.377	9.56061	132.062	0	0	0	0	2.85
258.791	9.52105	131.688	0	0	0	0	2.86
259.203	9.48205	131.315	0	0	0	0	2.87
259.614	9.44359	130.942	0	0	0	0	2.88
260.024	9.40568	130.57	0	0	0	0	2.89
260.433	9.3683	130.199	0	0	0	0	2.9
260.84	9.33145	129.829	0	0	0	0	2.91
261.246	9.29513	129.459	0	0	0	0	2.92
261.65	9.25932	129.09	0	0	0	0	2.93
262.054	9.22402	128.722	0	0	0	0	2.94
262.456	9.18923	128.355	0	0	0	0	2.95
262.857	9.15494	127.988	0	0	0	0	2.96
263.256	9.12114	127.622	0	0	0	0	2.97
263.655	9.08783	127.258	0	0	0	0	2.98
264.051	9.055	126.894	0	0	0	0	2.99
264.447	9.02264	126.53	0	0	0	0	3
264.841	8.99076	126.168	0	0	0	0	3.01
265.234	8.95934	125.806	0	0	0	0	3.02
265.626	8.92839	125.446	0	0	0	0	3.03
266.016	8.89788	125.086	0	0	0	0	3.04
266.405	8.86783	124.727	0	0	0	0	3.05
266.793	8.83822	124.369	0	0	0	0	3.06
267.179	8.80906	124.012	0	0	0	0	3.07
267.564	8.78033	123.656	0	0	0	0	3.08
267.947	8.75202	123.301	0	0	0	0	3.09
268.329	8.72415	122.946	0	0	0	0	3.1
268.71	8.69669	122.593	0	0	0	0	3.11
269.09	8.66965	122.241	0	0	0	0	3.12
269.468	8.64303	121.889	0	0	0	0	3.13
269.844	8.61681	121.539	0	0	0	0	3.14
270.22	8.59099	121.189	0	0	0	0	3.15
270.594	8.56557	120.841	0	0	0	0	3.16
270.966	8.54055	120.493	0	0	0	0	3.17
271.337	8.51591	120.147	0	0	0	0	3.18
271.707	8.49166	119.801	0	0	0	0	3.19
272.076	8.4678	119.456	0	0	0	0	3.2
272.443	8.44431	119.113	0	0	0	0	3.21
272.808	8.42119	118.77	0	0	0	0	3.22
273.173	8.39845	118.429	0	0	0	0	3.23
273.535	8.37607	118.088	0	0	0	0	3.24
273.897	8.35405	117.749	0	0	0	0	3.25
274.257	8.33239	117.411	0	0	0	0	3.26
274.616	8.31109	117.073	0	0	0	0	3.27
274.973	8.29014	116.737	0	0	0	0	3.28
275.329	8.26954	116.402	0	0	0	0	3.29
275.683	8.24928	116.068	0	0	0	0	3.3
276.036	8.22936	115.734	0	0	0	0	3.31
276.388	8.20978	115.402	0	0	0	0	3.32
276.738	8.19053	115.071	0	0	0	0	3.33
277.087	8.17162	114.742	0	0	0	0	3.34
277.434	8.15303	114.413	0	0	0	0	3.35
277.78	8.13477	114.085	0	0	0	0	3.36
278.125	8.11682	113.758	0	0	0	0	3.37
278.468	8.0992	113.433	0	0	0	0	3.38
278.81	8.08189	113.109	0	0	0	0	3.39
279.15	8.06489	112.785	0	0	0	0	3.4
279.489	8.04821	112.463	0	0	0	0	3.41
279.826	8.03183	112.142	0	0	0	0	3.42
280.162	8.01575	111.822	0	0	0	0	3.43
280.497	7.99997	111.503	0	0	0	0	3.44
280.83	7.98449	111.185	0	0	0	0	3.45
281.162	7.96931	110.869	0	0	0	0	3.46
281.492	7.95442	110.553	0	0	0	0	3.47
281.821	7.93982	110.239	0	0	0	0	3.48
282.149	7.9255	109.926	0	0	0	0	3.49
282.475	7.91147	109.614	0	0	0	0	3.5
282.799	7.89772	109.303	0	0	0	0	3.51
283.123	7.88426	108.993	0	0	0	0	3.52
283.444	7.87106	108.685	0	0	0	0	3.53
283.765	7.85815	108.377	0	0	0	0	3.54
284.084	7.8455	108.071	0	0	0	0	3.55
284.401	7.83313	107.766	0	0	0	0	3.56
284.717	7.82102	107.462	0	0	0	0	3.57
285.032	7.80918	107.159	0	0	0	0	3.58
285.345	7.7976	106.857	0	0	0	0	3.59
285.657	7.78628	106.557	0	0	0	0	3.6
285.967	7.77522	106.257	0	0	0	0	3.61
286.276	7.76441	105.959	0	0	0	0	3.62
286.584	7.75386	105.662	0	0	0	0	3.63
286.89	7.74356	105.366	0	0	0	0	3.64
287.195	7.73352	105.072	0	0	0	0	3.65
287.498	7.72372	104.778	0	0	0	0	3.66
287.8	7.71416	104.486	0	0	0	0	3.67
288.1	7.70485	104.195	0	0	0	0	3.68
288.399	7.69578	103.905	0	0	0	0	3.69
288.697	7.68696	103.616	0	0	0	0	3.7
288.993	7.67837	103.329	0	0	0	0	3.71
289.288	7.67001	103.042	0	0	0	0	3.72
289.581	7.66189	102.757	0	0	0	0	3.73
289.873	7.65401	102.473	0	0	0	0	3.74
290.164	7.64635	102.19	0	0	0	0	3.75
290.453	7.63893	101.908	0	0	0	0	3.76
290.74	7.63173	101.628	0	0	0	0	3.77
291.027	7.62475	101.349	0	0	0	0	3.78
291.311	7.61801	101.071	0	0	0	0	3.79
291.595	7.61148	100.794	0	0	0	0	3.8
291.877	7.60517	100.518	0	0	0	0	3.81
292.157	7.59909	100.244	0	0	0	0	3.82
292.437	7.59322	99.9702	0	0	0	0	3.83
292.714	7.58756	99.6981	0	0	0	0	3.84
292.991	7.58212	99.4271	0	0	0	0	3.85
293.266	7.5769	99.1574	0	0	0	0	3.86
293.539	7.57188	98.8889	0	0	0	0	3.87
293.811	7.56708	98.6215	0	0	0	0	3.88
294.082	7.56248	98.3554	0	0	0	0	3.89
294.352	7.55809	98.0904	0	0	0	0	3.9
294.619	7.55391	97.8266	0	0	0	0	3.91
294.886	7.54993	97.5641	0	0	0	0	3.92
295.151	7.54615	97.3027	0	0	0	0	3.93
295.415	7.54258	97.0425	0	0	0	0	3.94
295.677	7.5392	96.7836	0	0	0	0	3.95
295.938	7.53602	96.5258	0	0	0	0	3.96
296.198	7.53305	96.2692	0	0	0	0	3.97
296.456	7.53026	96.0138	0	0	0	0	3.98
296.713	7.52768	95.7596	0	0	0	0	3.99
296.968	7.52528	95.5066	0	0	0	0	4
297.222	7.52308	95.2548	0	0	0	0	4.01
297.475	7.52107	95.0042	0	0	0	0	4.02
297.726	7.51925	94.7548	0	0	0	0	4.03
297.976	7.51762	94.5066	0	0	0	0	4.04
298.224	7.51617	94.2595	0	0	0	0	4.05
298.471	7.51492	94.0137	0	0	0	0	4.06
298.717	7.51384	93.7691	0	0	0	0	4.07
298.961	7.51296	93.5256	0	0	0	0	4.08
299.204	7.51225	93.2834	0	0	0	0	4.09
299.446	7.51173	93.0423	0	0	0	0	4.1
299.686	7.51139	92.8025	0	0	0	0	4.11
299.925	7.51123	92.5638	0	0	0	0	4.12
300.162	7.51125	92.3263	0	0	0	0	4.13
300.399	7.51144	92.09	0	0	0	0	4.14
300.633	7.51182	91.8549	0	0	0	0	4.15
300.867	7.51236	91.621	0	0	0	0	4.16
301.099	7.51309	91.3883	0	0	0	0	4.17
301.329	7.51399	91.1567	0	0	0	0	4.18
301.559	7.51506	90.9264	0	0	0	0	4.19
301.786	7.5163	90.6972	0	0	0	0	4.2
302.013	7.51771	90.4692	0	0	0	0	4.21
302.238	7.5193	90.2424	0	0	0	0	4.22
302.462	7.52105	90.0168	0	0	0	0	4.23
302.685	7.52297	89.7924	0	0	0	0	4.24
302.906	7.52506	89.5692	0	0	0	0	4.25
303.126	7.52732	89.3471	0	0	0	0	4.26
303.344	7.52974	89.1262	0	0	0	0	4.27
303.561	7.53233	88.9065	0	0	0	0	4.28
303.777	7.53508	88.688	0	0	0	0	4.29
303.991	7.53799	88.4706	0	0	0	0	4.3
304.204	7.54107	88.2544	0	0	0	0	4.31
304.416	7.5443	88.0394	0	0	0	0	4.32
304.627	7.5477	87.8256	0	0	0	0	4.33
304.836	7.55126	87.613	0	0	0	0	4.34
305.044	7.55498	87.4015	0	0	0	0	4.35
305.25	7.55885	87.1912	0	0	0	0	4.36
305.455	7.56289	86.982	0	0	0	0	4.37
305.659	7.56708	86.7741	0	0	0	0	4.38
305.861	7.57143	86.5672	0	0	0	0	4.39
306.062	7.57593	86.3616	0	0	0	0	4.4
306.262	7.58059	86.1571	0	0	0	0	4.41
306.461	7.5854	85.9538	0	0	0	0	4.42
306.658	7.59036	85.7517	0	0	0	0	4.43
306.854	7.59548	85.5507	0	0	0	0	4.44
307.048	7.60075	85.3509	0	0	0	0	4.45
307.242	7.60617	85.1522	0	0	0	0	4.46
307.434	7.61174	84.9547	0	0	0	0	4.47
307.624	7.61746	84.7584	0	0	0	0	4.48
307.814	7.62333	84.5632	0	0	0	0	4.49
308.002	7.62935	84.3691	0	0	0	0	4.5
308.188	7.63551	84.1762	0	0	0	0	4.51
308.374	7.64183	83.9845	0	0	0	0	4.52
308.558	7.64829	83.7939	0	0	0	0	4.53
308.741	7.65489	83.6045	0	0	0	0	4.54
308.922	7.66164	83.4162	0	0	0	0	4.55
309.102	7.66854	83.229	0	0	0	0	4.56
309.281	7.67558	83.043	0	0	0	0	4.57
309.459	7.68276	82.8582	0	0	0	0	4.58
309.635	7.69009	82.6744	0	0	0	0	4.59
309.811	7.69756	82.4919	0	0	0	0	4.6
309.984	7.70517	82.3104	0	0	0	0	4.61
310.157	7.71292	82.1301	0	0	0	0	4.62
310.328	7.72081	81.951	0	0	0	0	4.63
310.498	7.72885	81.7729	0	0	0	0	4.64
310.667	7.73702	81.596	0	0	0	0	4.65
310.834	7.74533	81.4203	0	0	0	0	4.66
311.001	7.75378	81.2456	0	0	0	0	4.67
311.166	7.76236	81.0721	0	0	0	0	4.68
311.329	7.77109	80.8997	0	0	0	0	4.69
311.492	7.77995	80.7285	0	0	0	0	4.7
311.653	7.78895	80.5584	0	0	0	0	4.71
311.813	7.79808	80.3894	0	0	0	0	4.72
311.971	7.80735	80.2215	0	0	0	0	4.73
312.129	7.81675	80.0547	0	0	0	0	4.74
312.285	7.82628	79.889	0	0	0	0	4.75
312.44	7.83595	79.7245	0	0	0	0	4.76
312.593	7.84576	79.5611	0	0	0	0	4.77
312.746	7.85569	79.3988	0	0	0	0	4.78
312.897	7.86576	79.2376	0	0	0	0	4.79
313.047	7.87596	79.0775	0	0	0	0	4.8
313.195	7.88629	78.9185	0	0	0	0	4.81
313.343	7.89675	78.7606	0	0	0	0	4.82
313.489	7.90734	78.6039	0	0	0	0	4.83
313.634	7.91806	78.4482	0	0	0	0	4.84
313.777	7.92891	78.2936	0	0	0	0	4.85
313.92	7.93989	78.1402	0	0	0	0	4.86
314.061	7.95099	77.9878	0	0	0	0	4.87
314.201	7.96222	77.8365	0	0	0	0	4.88
314.34	7.97358	77.6864	0	0	0	0	4.89
314.478	7.98507	77.5373	0	0	0	0	4.9
314.614	7.99668	77.3893	0	0	0	0	4.91
314.749	8.00842	77.2424	0	0	0	0	4.92
314.883	8.02029	77.0966	0	0	0	0	4.93
315.016	8.03227	76.9519	0	0	0	0	4.94
315.147	8.04439	76.8082	0	0	0	0	4.95
315.278	8.05662	76.6657	0	0	0	0	4.96
315.407	8.06898	76.5242	0	0	0	0	4.97
315.535	8.08147	76.3838	0	0	0	0	4.98
315.661	8.09407	76.2445	0	0	0	0	4.99
315.787	8.1068	76.1062	0	0	0	0	5
315.911	8.11965	75.9691	0	0	0	0	5.01
316.034	8.13262	75.833	0	0	0	0	5.02
316.156	8.14571	75.6979	0	0	0	0	5.03
316.277	8.15892	75.564	0	0	0	0	5.04
316.397	8.17225	75.4311	0	0	0	0	5.05
316.515	8.1857	75.2993	0	0	0	0	5.06
316.632	8.19927	75.1685	0	0	0	0	5.07
316.748	8.21295	75.0388	0	0	0	0	5.08
316.863	8.22676	74.9102	0	0	0	0	5.09
316.977	8.24068	74.7826	0	0	0	0	5.1
317.089	8.25472	74.6561	0	0	0	0	5.11
317.2	8.26887	74.5306	0	0	0	0	5.12
317.311	8.28314	74.4062	0	0	0	0	5.13
317.42	8.29753	74.2829	0	0	0	0	5.14
317.527	8.31203	74.1606	0	0	0	0	5.15
317.634	8.32665	74.0393	0	0	0	0	5.16
317.74	8.34138	73.9191	0	0	0	0	5.17
317.844	8.35622	73.7999	0	0	0	0	5.18
317.947	8.37118	73.6818	0	0	0	0	5.19
318.049	8.38625	73.5647	0	0	0	0	5.2
318.15	8.40143	73.4487	0	0	0	0	5.21
318.25	8.41673	73.3337	0	0	0	0	5.22
318.348	8.43214	73.2197	0	0	0	0	5.23
318.446	8.44765	73.1067	0	0	0	0	5.24
318.542	8.46328	72.9948	0	0	0	0	5.25
318.637	8.47902	72.884	0	0	0	0	5.26
318.731	8.49487	72.7741	0	0	0	0	5.27
318.824	8.51082	72.6653	0	0	0	0	5.28
318.916	8.52689	72.5575	0	0	0	0	5.29
319.006	8.54306	72.4507	0	0	0	0	5.3
319.096	8.55935	72.3449	0	0	0	0	5.31
319.184	8.57574	72.2402	0	0	0	0	5.32
319.271	8.59223	72.1365	0	0	0	0	5.33
319.357	8.60883	72.0338	0	0	0	0	5.34
319.442	8.62554	71.9321	0	0	0	0	5.35
319.526	8.64236	71.8314	0	0	0	0	5.36
319.609	8.65928	71.7317	0	0	0	0	5.37
319.691	8.6763	71.633	0	0	0	0	5.38
319.771	8.69343	71.5354	0	0	0	0	5.39
319.851	8.71066	71.4387	0	0	0	0	5.4
319.929	8.72799	71.3431	0	0	0	0	5.41
320.006	8.74543	71.2484	0	0	0	0	5.42
320.082	8.76297	71.1547	0	0	0	0	5.43
320.157	8.78061	71.0621	0	0	0	0	5.44
320.231	8.79835	70.9704	0	0	0	0	5.45
320.304	8.81619	70.8797	0	0	0	0	5.46
320.376	8.83413	70.79	0	0	0	0	5.47
320.446	8.85217	70.7013	0	0	0	0	5.48
320.516	8.87031	70.6136	0	0	0	0	5.49
320.585	8.88855	70.5269	0	0	0	0	5.5
320.652	8.90689	70.4411	0	0	0	0	5.51
320.718	8.92533	70.3564	0	0	0	0	5.52
320.784	8.94386	70.2726	0	0	0	0	5.53
320.848	8.96249	70.1898	0	0	0	0	5.54
320.911	8.98121	70.1079	0	0	0	0	5.55
320.973	9.00003	70.0271	0	0	0	0	5.56
321.034	9.01895	69.9472	0	0	0	0	5.57
321.094	9.03796	69.8682	0	0	0	0	5.58
321.153	9.05706	69.7903	0	0	0	0	5.59
321.21	9.07626	69.7133	0	0	0	0	5.6
321.267	9.09555	69.6372	0	0	0	0	5.61
321.323	9.11493	69.5622	0	0	0	0	5.62
321.378	9.1344	69.488	0	0	0	0	5.63
321.431	9.15397	69.4149	0	0	0	0	5.64
321.484	9.17362	69.3427	0	0	0	0	5.65
321.535	9.19337	69.2714	0	0	0	0	5.66
321.586	9.2132	69.2011	0	0	0	0	5.67
321.635	9.23313	69.1317	0	0	0	0	5.68
321.684	9.25314	69.0633	0	0	0	0	5.69
321.731	9.27324	68.9958	0	0	0	0	5.7
321.777	9.29343	68.9293	0	0	0	0	5.71
321.823	9.3137	68.8637	0	0	0	0	5.72
321.867	9.33406	68.7991	0	0	0	0	5.73
321.91	9.35451	68.7354	0	0	0	0	5.74
321.952	9.37504	68.6726	0	0	0	0	5.75
321.994	9.39566	68.6107	0	0	0	0	5.76
322.034	9.41636	68.5498	0	0	0	0	5.77
322.073	9.43714	68.4898	0	0	0	0	5.78
322.111	9.458	68.4307	0	0	0	0	5.79
322.148	9.47895	68.3726	0	0	0	0	5.8
322.185	9.49998	68.3153	0	0	0	0	5.81
322.22	9.52109	68.259	0	0	0	0	5.82
322.254	9.54228	68.2036	0	0	0	0	5.83
322.287	9.56354	68.1491	0	0	0	0	5.84
322.32	9.58489	68.0956	0	0	0	0	5.85
322.351	9.60632	68.0429	0	0	0	0	5.86
322.381	9.62782	67.9911	0	0	0	0	5.87
322.41	9.6494	67.9403	0	0	0	0	5.88
322.439	9.67106	67.8903	0	0	0	0	5.89
322.466	9.69279	67.8413	0	0	0	0	5.9
322.492	9.71459	67.7931	0	0	0	0	5.91
322.518	9.73648	67.7459	0	0	0	0	5.92
322.542	9.75843	67.6995	0	0	0	0	5.93
322.565	9.78046	67.6541	0	0	0	0	5.94
322.588	9.80256	67.6095	0	0	0	0	5.95
322.609	9.82473	67.5658	0	0	0	0	5.96
322.63	9.84697	67.523	0	0	0	0	5.97
322.65	9.86929	67.481	0	0	0	0	5.98
322.668	9.89167	67.44	0	0	0	0	5.99
322.686	9.91412	67.3998	0	0	0	0	6
322.703	9.93664	67.3605	0	0	0	0	6.01
322.719	9.95923	67.3221	0	0	0	0	6.02
322.734	9.98188	67.2846	0	0	0	0	6.03
322.748	10.0046	67.2479	0	0	0	0	6.04
322.761	10.0274	67.2121	0	0	0	0	6.05
322.773	10.0502	67.1771	0	0	0	0	6.06
322.784	10.0731	67.143	0	0	0	0	6.07
322.794	10.0961	67.1098	0	0	0	0	6.08
322.803	10.1192	67.0774	0	0	0	0	6.09
322.812	10.1423	67.0459	0	0	0	0	6.1
322.819	10.1654	67.0152	0	0	0	0	6.11
322.826	10.1886	66.9854	0	0	0	0	6.12
322.832	10.2119	66.9564	0	0	0	0	6.13
322.836	10.2353	66.9283	0	0	0	0	6.14
322.84	10.2587	66.901	0	0	0	0	6.15
322.843	10.2821	66.8745	0	0	0	0	6.16
322.845	10.3056	66.8489	0	0	0	0	6.17
322.847	10.3292	66.8241	0	0	0	0	6.18
322.847	10.3528	66.8002	0	0	0	0	6.19
322.846	10.3765	66.7771	0	0	0	0	6.2
322.845	10.4002	66.7548	0	0	0	0	6.21
322.843	10.424	66.7333	0	0	0	0	6.22
322.84	10.4478	66.7127	0	0	0	0	6.23
322.835	10.4717	66.6928	0	0	0	0	6.24
322.831	10.4957	66.6738	0	0	0	0	6.25
322.825	10.5196	66.6556	0	0	0	0	6.26
322.818	10.5437	66.6382	0	0	0	0	6.27
322.811	10.5677	66.6216	0	0	0	0	6.28
322.802	10.5919	66.6059	0	0	0	0	6.29
322.793	10.616	66.5909	0	0	0	0	6.3
322.783	10.6403	66.5767	0	0	0	0	6.31
322.772	10.6645	66.5634	0	0	0	0	6.32
322.76	10.6888	66.5508	0	0	0	0	6.33
322.748	10.7132	66.539	0	0	0	0	6.34
322.734	10.7376	66.528	0	0	0	0	6.35
322.72	10.762	66.5178	0	0	0	0	6.36
322.705	10.7864	66.5084	0	0	0	0	6.37
322.689	10.811	66.4997	0	0	0	0	6.38
322.673	10.8355	66.4919	0	0	0	0	6.39
322.655	10.8601	66.4848	0	0	0	0	6.4
322.637	10.8847	66.4785	0	0	0	0	6.41
322.618	10.9094	66.4729	0	0	0	0	6.42
322.598	10.934	66.4681	0	0	0	0	6.43
322.577	10.9588	66.4641	0	0	0	0	6.44
322.556	10.9835	66.4609	0	0	0	0	6.45
322.533	11.0083	66.4584	0	0	0	0	6.46
322.51	11.0331	66.4567	0	0	0	0	6.47
322.486	11.058	66.4557	0	0	0	0	6.48
322.462	11.0829	66.4555	0	0	0	0	6.49
322.436	11.1078	66.456	0	0	0	0	6.5
322.41	11.1327	66.4572	0	0	0	0	6.51
322.383	11.1577	66.4592	0	0	0	0	6.52
322.355	11.1826	66.462	0	0	0	0	6.53
322.327	11.2076	66.4655	0	0	0	0	6.54
322.298	11.2327	66.4697	0	0	0	0	6.55
322.268	11.2577	66.4746	0	0	0	0	6.56
322.237	11.2828	66.4803	0	0	0	0	6.57
322.205	11.3079	66.4867	0	0	0	0	6.58
322.173	11.333	66.4938	0	0	0	0	6.59
322.14	11.3582	66.5016	0	0	0	0	6.6
322.106	11.3833	66.5102	0	0	0	0	6.61
322.072	11.4085	66.5195	0	0	0	0	6.62
322.037	11.4337	66.5294	0	0	0	0	6.63
322.001	11.4589	66.5401	0	0	0	0	6.64
321.964	11.4841	66.5515	0	0	0	0	6.65
321.927	11.5093	66.5636	0	0	0	0	6.66
321.889	11.5346	66.5764	0	0	0	0	6.67
321.85	11.5598	66.5898	0	0	0	0	6.68
321.811	11.5851	66.604	0	0	0	0	6.69
321.771	11.6104	66.6188	0	0	0	0	6.7
321.73	11.6356	66.6344	0	0	0	0	6.71
321.689	11.6609	66.6506	0	0	0	0	6.72
321.646	11.6862	66.6675	0	0	0	0	6.73
321.603	11.7115	66.685	0	0	0	0	6.74
321.56	11.7368	66.7033	0	0	0	0	6.75
321.516	11.7621	66.7222	0	0	0	0	6.76
321.471	11.7874	66.7417	0	0	0	0	6.77
321.425	11.8127	66.762	0	0	0	0	6.78
321.379	11.838	66.7829	0	0	0	0	6.79
321.332	11.8634	66.8044	0	0	0	0	6.8
321.285	11.8887	66.8266	0	0	0	0	6.81
321.237	11.914	66.8494	0	0	0	0	6.82
321.188	11.9393	66.8729	0	0	0	0	6.83
321.138	11.9646	66.8971	0	0	0	0	6.84
321.088	11.9898	66.9218	0	0	0	0	6.85
321.038	12.0151	66.9472	0	0	0	0	6.86
320.986	12.0404	66.9733	0	0	0	0	6.87
320.934	12.0657	66.9999	0	0	0	0	6.88
320.882	12.0909	67.0272	0	0	0	0	6.89
320.829	12.1162	67.0551	0	0	0	0	6.9
320.775	12.1414	67.0836	0	0	0	0	6.91
320.721	12.1666	67.1128	0	0	0	0	6.92
320.666	12.1918	67.1425	0	0	0	0	6.93
320.61	12.217	67.1729	0	0	0	0	6.94
320.554	12.2422	67.2038	0	0	0	0	6.95
320.497	12.2673	67.2354	0	0	0	0	6.96
320.44	12.2925	67.2676	0	0	0	0	6.97
320.382	12.3176	67.3003	0	0	0	0	6.98
320.324	12.3427	67.3337	0	0	0	0	6.99
320.265	12.3678	67.3676	0	0	0	0	7
320.205	12.3928	67.4021	0	0	0	0	7.01
320.145	12.4178	67.4372	0	0	0	0	7.02
320.084	12.4428	67.4728	0	0	0	0	7.03
320.023	12.4678	67.5091	0	0	0	0	7.04
319.961	12.4928	67.5459	0	0	0	0	7.05
319.899	12.5177	67.5832	0	0	0	0	7.06
319.836	12.5426	67.6212	0	0	0	0	7.07
319.773	12.5675	67.6596	0	0	0	0	7.08
319.709	12.5923	67.6987	0	0	0	0	7.09
319.645	12.6171	67.7383	0	0	0	0	7.1
319.58	12.6419	67.7784	0	0	0	0	7.11
319.514	12.6666	67.8191	0	0	0	0	7.12
319.448	12.6913	67.8603	0	0	0	0	7.13
319.382	12.716	67.902	0	0	0	0	7.14
319.315	12.7406	67.9443	0	0	0	0	7.15
319.248	12.7652	67.9871	0	0	0	0	7.16
319.18	12.7898	68.0304	0	0	0	0	7.17
319.111	12.8143	68.0743	0	0	0	0	7.18
319.043	12.8388	68.1187	0	0	0	0	7.19
318.973	12.8632	68.1635	0	0	0	0	7.2
318.904	12.8876	68.2089	0	0	0	0	7.21
318.833	12.9119	68.2548	0	0	0	0	7.22
318.763	12.9362	68.3012	0	0	0	0	7.23
318.691	12.9605	68.3481	0	0	0	0	7.24
318.62	12.9847	68.3954	0	0	0	0	7.25
318.548	13.0088	68.4433	0	0	0	0	7.26
318.475	13.0329	68.4917	0	0	0	0	7.27
318.403	13.057	68.5405	0	0	0	0	7.28
318.329	13.081	68.5898	0	0	0	0	7.29
318.255	13.105	68.6396	0	0	0	0	7.3
318.181	13.1289	68.6898	0	0	0	0	7.31
318.107	13.1527	68.7405	0	0	0	0	7.32
318.032	13.1765	68.7917	0	0	0	0	7.33
317.956	13.2002	68.8434	0	0	0	0	7.34
317.881	13.2239	68.8954	0	0	0	0	7.35
317.804	13.2475	68.948	0	0	0	0	7.36
317.728	13.2711	69.001	0	0	0	0	7.37
317.651	13.2946	69.0544	0	0	0	0	7.38
317.574	13.318	69.1082	0	0	0	0	7.39
317.496	13.3414	69.1625	0	0	0	0	7.4
317.418	13.3647	69.2173	0	0	0	0	7.41
317.34	13.388	69.2724	0	0	0	0	7.42
317.261	13.4112	69.328	0	0	0	0	7.43
317.182	13.4343	69.384	0	0	0	0	7.44
317.102	13.4573	69.4404	0	0	0	0	7.45
317.023	13.4803	69.4972	0	0	0	0	7.46
316.942	13.5033	69.5544	0	0	0	0	7.47
316.862	13.5261	69.612	0	0	0	0	7.48
316.781	13.5489	69.67	0	0	0	0	7.49
316.7	13.5716	69.7284	0	0	0	0	7.5
316.619	13.5942	69.7872	0	0	0	0	7.51
316.537	13.6168	69.8464	0	0	0	0	7.52
316.455	13.6393	69.9059	0	0	0	0	7.53
316.372	13.6617	69.9658	0	0	0	0	7.54
316.29	13.684	70.0261	0	0	0	0	7.55
316.207	13.7063	70.0868	0	0	0	0	7.56
316.124	13.7285	70.1478	0	0	0	0	7.57
316.04	13.7506	70.2092	0	0	0	0	7.58
315.956	13.7726	70.271	0	0	0	0	7.59
315.872	13.7945	70.3331	0	0	0	0	7.6
315.788	13.8164	70.3955	0	0	0	0	7.61
315.704	13.8382	70.4583	0	0	0	0	7.62
315.619	13.8599	70.5214	0	0	0	0	7.63
315.534	13.8815	70.5849	0	0	0	0	7.64
315.448	13.903	70.6487	0	0	0	0	7.65
315.363	13.9244	70.7128	0	0	0	0	7.66
315.277	13.9458	70.7772	0	0	0	0	7.67
315.191	13.9671	70.842	0	0	0	0	7.68
315.105	13.9882	70.907	0	0	0	0	7.69
315.018	14.0093	70.9724	0	0	0	0	7.7
314.932	14.0303	71.0381	0	0	0	0	7.71
314.845	14.0513	71.1041	0	0	0	0	7.72
314.758	14.0721	71.1704	0	0	0	0	7.73
314.67	14.0928	71.2369	0	0	0	0	7.74
314.583	14.1134	71.3038	0	0	0	0	7.75
314.495	14.134	71.3709	0	0	0	0	7.76
314.407	14.1544	71.4384	0	0	0	0	7.77
314.319	14.1748	71.506	0	0	0	0	7.78
314.231	14.195	71.574	0	0	0	0	7.79
314.143	14.2152	71.6422	0	0	0	0	7.8
314.054	14.2353	71.7107	0	0	0	0	7.81
313.965	14.2552	71.7795	0	0	0	0	7.82
313.876	14.2751	71.8485	0	0	0	0	7.83
313.787	14.2949	71.9178	0	0	0	0	7.84
313.698	14.3145	71.9873	0	0	0	0	7.85
313.609	14.3341	72.057	0	0	0	0	7.86
313.519	14.3536	72.127	0	0	0	0	7.87
313.43	14.3729	72.1972	0	0	0	0	7.88
313.34	14.3922	72.2676	0	0	0	0	7.89
313.25	14.4113	72.3383	0	0	0	0	7.9
313.16	14.4304	72.4092	0	0	0	0	7.91
313.07	14.4493	72.4803	0	0	0	0	7.92
312.98	14.4682	72.5516	0	0	0	0	7.93
312.89	14.4869	72.6231	0	0	0	0	7.94
312.8	14.5055	72.6949	0	0	0	0	7.95
312.709	14.5241	72.7668	0	0	0	0	7.96
312.619	14.5425	72.8389	0	0	0	0	7.97
312.528	14.5608	72.9112	0	0	0	0	7.98
312.437	14.579	72.9837	0	0	0	0	7.99
312.347	14.5971	73.0564	0	0	0	0	8
312.256	14.615	73.1292	0	0	0	0	8.01
312.165	14.6329	73.2023	0	0	0	0	8.02
312.074	14.6507	73.2755	0	0	0	0	8.03
311.983	14.6683	73.3488	0	0	0	0	8.04
311.892	14.6858	73.4224	0	0	0	0	8.05
311.801	14.7033	73.496	0	0	0	0	8.06
311.71	14.7206	73.5699	0	0	0	0	8.07
311.618	14.7377	73.6439	0	0	0	0	8.08
311.527	14.7548	73.718	0	0	0	0	8.09
311.436	14.7718	73.7923	0	0	0	0	8.1
311.345	14.7886	73.8667	0	0	0	0	8.11
311.253	14.8054	73.9412	0	0	0	0	8.12
311.162	14.822	74.0159	0	0	0	0	8.13
311.071	14.8385	74.0906	0	0	0	0	8.14
310.98	14.8548	74.1655	0	0	0	0	8.15
310.888	14.8711	74.2406	0	0	0	0	8.16
310.797	14.8872	74.3157	0	0	0	0	8.17
310.706	14.9033	74.3909	0	0	0	0	8.18
310.615	14.9192	74.4663	0	0	0	0	8.19
310.523	14.935	74.5417	0	0	0	0	8.2
310.432	14.9506	74.6173	0	0	0	0	8.21
310.341	14.9662	74.6929	0	0	0	0	8.22
310.25	14.9816	74.7686	0	0	0	0	8.23
310.159	14.9969	74.8444	0	0	0	0	8.24
310.068	15.0121	74.9203	0	0	0	0	8.25
309.977	15.0272	74.9962	0	0	0	0	8.26
309.886	15.0421	75.0722	0	0	0	0	8.27
309.795	15.0569	75.1483	0	0	0	0	8.28
309.704	15.0716	75.2245	0	0	0	0	8.29
309.613	15.0862	75.3007	0	0	0	0	8.3
309.522	15.1006	75.377	0	0	0	0	8.31
309.432	15.115	75.4533	0	0	0	0	8.32
309.341	15.1292	75.5296	0	0	0	0	8.33
309.251	15.1433	75.606	0	0	0	0	8.34
309.16	15.1572	75.6825	0	0	0	0	8.35
309.07	15.171	75.759	0	0	0	0	8.36
308.98	15.1847	75.8355	0	0	0	0	8.37
308.89	15.1983	75.912	0	0	0	0	8.38
308.8	15.2118	75.9886	0	0	0	0	8.39
308.71	15.2251	76.0651	0	0	0	0	8.4
308.62	15.2383	76.1417	0	0	0	0	8.41
308.53	15.2514	76.2183	0	0	0	0	8.42
308.441	15.2644	76.2949	0	0	0	0	8.43
308.351	15.2772	76.3716	0	0	0	0	8.44
308.262	15.2899	76.4482	0	0	0	0	8.45
308.173	15.3025	76.5248	0	0	0	0	8.46
308.084	15.3149	76.6014	0	0	0	0	8.47
307.995	15.3273	76.678	0	0	0	0	8.48
307.906	15.3395	76.7546	0	0	0	0	8.49
307.817	15.3515	76.8311	0	0	0	0	8.5
307.729	15.3635	76.9077	0	0	0	0	8.51
307.64	15.3753	76.9842	0	0	0	0	8.52
307.552	15.387	77.0607	0	0	0	0	8.53
307.464	15.3986	77.1371	0	0	0	0	8.54
307.376	15.41	77.2135	0	0	0	0	8.55
307.289	15.4213	77.2899	0	0	0	0	8.56
307.201	15.4325	77.3663	0	0	0	0	8.57
307.114	15.4436	77.4425	0	0	0	0	8.58
307.027	15.4545	77.5188	0	0	0	0	8.59
306.94	15.4653	77.5949	0	0	0	0	8.6
306.853	15.476	77.6711	0	0	0	0	8.61
306.766	15.4866	77.7471	0	0	0	0	8.62
306.68	15.497	77.8231	0	0	0	0	8.63
306.594	15.5073	77.899	0	0	0	0	8.64
306.508	15.5175	77.9749	0	0	0	0	8.65
306.422	15.5275	78.0507	0	0	0	0	8.66
306.336	15.5374	78.1264	0	0	0	0	8.67
306.251	15.5472	78.202	0	0	0	0	8.68
306.166	15.5569	78.2775	0	0	0	0	8.69
306.081	15.5664	78.3529	0	0	0	0	8.7
305.996	15.5758	78.4283	0	0	0	0	8.71
305.911	15.5851	78.5035	0	0	0	0	8.72
305.827	15.5943	78.5787	0	0	0	0	8.73
305.743	15.6033	78.6537	0	0	0	0	8.74
305.659	15.6122	78.7287	0	0	0	0	8.75
305.575	15.621	78.8035	0	0	0	0	8.76
305.492	15.6297	78.8782	0	0	0	0	8.77
305.409	15.6382	78.9528	0	0	0	0	8.78
305.326	15.6466	79.0273	0	0	0	0	8.79
305.243	15.6549	79.1017	0	0	0	0	8.8
305.161	15.663	79.1759	0	0	0	0	8.81
305.079	15.6711	79.25	0	0	0	0	8.82
304.997	15.679	79.324	0	0	0	0	8.83
304.915	15.6868	79.3979	0	0	0	0	8.84
304.834	15.6944	79.4716	0	0	0	0	8.85
304.753	15.702	79.5451	0	0	0	0	8.86
304.672	15.7094	79.6186	0	0	0	0	8.87
304.591	15.7166	79.6919	0	0	0	0	8.88
304.511	15.7238	79.765	0	0	0	0	8.89
304.431	15.7309	79.838	0	0	0	0	8.9
304.351	15.7378	79.9108	0	0	0	0	8.91
304.272	15.7446	79.9834	0	0	0	0	8.92
304.193	15.7512	80.056	0	0	0	0	8.93
304.114	15.7578	80.1283	0	0	0	0	8.94
304.035	15.7642	80.2005	0	0	0	0	8.95
303.957	15.7705	80.2725	0	0	0	0	8.96
303.879	15.7767	80.3443	0	0	0	0	8.97
303.801	15.7828	80.416	0	0	0	0	8.98
303.724	15.7888	80.4874	0	0	0	0	8.99
303.647	15.7946	80.5587	0	0	0	0	9
303.57	15.8003	80.6299	0	0	0	0	9.01
303.493	15.8059	80.7008	0	0	0	0	9.02
303.417	15.8114	80.7715	0	0	0	0	9.03
303.341	15.8167	80.8421	0	0	0	0	9.04
303.266	15.8219	80.9124	0	0	0	0	9.05
303.19	15.8271	80.9826	0	0	0	0	9.06
303.115	15.8321	81.0526	0	0	0	0	9.07
303.041	15.8369	81.1223	0	0	0	0	9.08
302.966	15.8417	81.1919	0	0	0	0	9.09
302.892	15.8464	81.2612	0	0	0	0	9.1
302.819	15.8509	81.3304	0	0	0	0	9.11
302.745	15.8553	81.3993	0	0	0	0	9.12
302.672	15.8596	81.468	0	0	0	0	9.13
302.6	15.8638	81.5365	0	0	0	0	9.14
302.527	15.8679	81.6048	0	0	0	0	9.15
302.455	15.8719	81.6729	0	0	0	0	9.16
302.384	15.8757	81.7407	0	0	0	0	9.17
302.312	15.8794	81.8083	0	0	0	0	9.18
302.241	15.8831	81.8757	0	0	0	0	9.19
302.171	15.8866	81.9429	0	0	0	0	9.2
302.1	15.89	82.0098	0	0	0	0	9.21
302.03	15.8933	82.0765	0	0	0	0	9.22
301.961	15.8965	82.1429	0	0	0	0	9.23
301.891	15.8995	82.2092	0	0	0	0	9.24
301.822	15.9025	82.2751	0	0	0	0	9.25
301.754	15.9053	82.3409	0	0	0	0	9.26
301.686	15.9081	82.4064	0	0	0	0	9.27
301.618	15.9107	82.4716	0	0	0	0	9.28
301.55	15.9133	82.5366	0	0	0	0	9.29
301.483	15.9157	82.6013	0	0	0	0	9.3
301.416	15.918	82.6658	0	0	0	0	9.31
301.35	15.9202	82.7301	0	0	0	0	9.32
301.284	15.9223	82.7941	0	0	0	0	9.33
301.218	15.9243	82.8578	0	0	0	0	9.34
301.153	15.9262	82.9212	0	0	0	0	9.35
301.088	15.928	82.9844	0	0	0	0	9.36
301.023	15.9297	83.0474	0	0	0	0	9.37
300.959	15.9313	83.1101	0	0	0	0	9.38
300.895	15.9328	83.1725	0	0	0	0	9.39
300.831	15.9341	83.2346	0	0	0	0	9.4
300.768	15.9354	83.2965	0	0	0	0	9.41
300.705	15.9366	83.3581	0	0	0	0	9.42
300.643	15.9377	83.4194	0	0	0	0	9.43
300.581	15.9387	83.4804	0	0	0	0	9.44
300.519	15.9396	83.5412	0	0	0	0	9.45
300.458	15.9403	83.6017	0	0	0	0	9.46
300.397	15.941	83.6619	0	0	0	0	9.47
300.337	15.9416	83.7218	0	0	0	0	9.48
300.276	15.9421	83.7815	0	0	0	0	9.49
300.217	15.9425	83.8408	0	0	0	0	9.5
300.157	15.9428	83.8999	0	0	0	0	9.51
300.098	15.943	83.9587	0	0	0	0	9.52
300.04	15.9432	84.0172	0	0	0	0	9.53
299.981	15.9432	84.0754	0	0	0	0	9.54
299.924	15.9431	84.1333	0	0	0	0	9.55
299.866	15.943	84.191	0	0	0	0	9.56
299.809	15.9427	84.2483	0	0	0	0	9.57
299.752	15.9424	84.3053	0	0	0	0	9.58
299.696	15.9419	84.3621	0	0	0	0	9.59
299.64	15.9414	84.4185	0	0	0	0	9.6
299.585	15.9408	84.4747	0	0	0	0	9.61
299.529	15.9401	84.5305	0	0	0	0	9.62
299.475	15.9393	84.586	0	0	0	0	9.63
299.42	15.9384	84.6413	0	0	0	0	9.64
299.366	15.9375	84.6962	0	0	0	0	9.65
299.313	15.9364	84.7508	0	0	0	0	9.66
299.26	15.9353	84.8052	0	0	0	0	9.67
299.207	15.9341	84.8592	0	0	0	0	9.68
299.154	15.9328	84.9129	0	0	0	0	9.69
299.102	15.9314	84.9663	0	0	0	0	9.7
299.051	15.9299	85.0194	0	0	0	0	9.71
298.999	15.9284	85.0722	0	0	0	0	9.72
298.949	15.9268	85.1246	0	0	0	0	9.73
298.898	15.9251	85.1768	0	0	0	0	9.74
298.848	15.9233	85.2286	0	0	0	0	9.75
298.798	15.9214	85.2802	0	0	0	0	9.76
298.749	15.9195	85.3314	0	0	0	0	9.77
298.7	15.9174	85.3823	0	0	0	0	9.78
298.652	15.9153	85.4329	0	0	0	0	9.79
298.604	15.9132	85.4832	0	0	0	0	9.8
298.556	15.9109	85.5331	0	0	0	0	9.81
298.509	15.9086	85.5827	0	0	0	0	9.82
298.462	15.9062	85.6321	0	0	0	0	9.83
298.415	15.9037	85.681	0	0	0	0	9.84
298.369	15.9011	85.7297	0	0	0	0	9.85
298.323	15.8985	85.7781	0	0	0	0	9.86
298.278	15.8958	85.8261	0	0	0	0	9.87
298.233	15.8931	85.8738	0	0	0	0	9.88
298.189	15.8902	85.9212	0	0	0	0	9.89
298.144	15.8873	85.9683	0	0	0	0	9.9
298.101	15.8843	86.015	0	0	0	0	9.91
298.057	15.8813	86.0614	0	0	0	0	9.92
298.014	15.8782	86.1075	0	0	0	0	9.93
297.972	15.875	86.1533	0	0	0	0	9.94
297.93	15.8718	86.1987	0	0	0	0	9.95
297.888	15.8684	86.2438	0	0	0	0	9.96
297.846	15.8651	86.2886	0	0	0	0	9.97
297.805	15.8616	86.3331	0	0	0	0	9.98
297.765	15.8581	86.3772	0	0	0	0	9.99
