S	I	R	e	d	dI	f	t
300	100	0	0.264	2.4	0.06	0	0
281.584	92.9984	22.9329	0.26236	2.38509	0.0557991	0	0.06
266.2	85.7543	43.3874	0.260926	2.37205	0.0514526	0	0.12
253.334	78.4511	61.4002	0.259502	2.35911	0.0470706	0	0.18
242.683	71.3053	77.0653	0.258095	2.34632	0.0427832	0	0.24
233.956	64.4692	90.5176	0.256702	2.33366	0.0386815	0	0.3
226.889	58.0436	101.918	0.255322	2.32111	0.0348262	0	0.36
221.247	52.0872	111.442	0.253952	2.30866	0.0312523	0	0.42
216.821	46.6263	119.27	0.252593	2.2963	0.0279758	0	0.48
213.431	41.6634	125.578	0.251244	2.28403	0.024998	0	0.54
210.919	37.1845	130.536	0.249903	2.27184	0.0223107	0	0.6
209.151	33.1645	134.305	0.24857	2.25972	0.0198987	0	0.66
208.008	29.572	137.032	0.247244	2.24768	0.0177432	0	0.72
207.393	26.3721	138.851	0.245927	2.2357	0.0158232	0	0.78
207.217	23.529	139.884	0.244616	2.22378	0.0141174	0	0.84
207.408	21.0074	140.24	0.243313	2.21193	0.0126045	0	0.9
207.902	18.7739	140.015	0.242016	2.20015	0.0112643	0	0.96
208.646	16.7969	139.295	0.240727	2.18843	0.0100781	0	1.02
209.591	15.0476	138.155	0.239444	2.17677	0.00902856	0	1.08
210.699	13.4998	136.662	0.238168	2.16517	0.00809991	0	1.14
211.935	12.13	134.873	0.236899	2.15363	0.00727799	0	1.2
213.269	10.917	132.84	0.235637	2.14215	0.00655017	0	1.26
214.677	9.84201	130.604	0.234381	2.13074	0.00590521	0	1.32
216.136	8.88858	128.206	0.233132	2.11938	0.00533315	0	1.38
217.628	8.04204	125.678	0.23189	2.10809	0.00482522	0	1.44
219.138	7.28954	123.049	0.230654	2.09686	0.00437372	0	1.5
220.651	6.61977	120.343	0.229425	2.08568	0.00397186	0	1.56
222.157	6.02285	117.582	0.228202	2.07457	0.00361371	0	1.62
223.645	5.4901	114.783	0.226986	2.06351	0.00329406	0	1.68
225.108	5.01391	111.964	0.225776	2.05251	0.00300835	0	1.74
226.538	4.58765	109.137	0.224573	2.04157	0.00275259	0	1.8
227.93	4.20549	106.313	0.223376	2.03069	0.00252329	0	1.86
229.279	3.86233	103.504	0.222186	2.01987	0.0023174	0	1.92
230.582	3.5537	100.716	0.221002	2.00911	0.00213222	0	1.98
231.834	3.27568	97.9568	0.219824	1.9984	0.00196541	0	2.04
233.034	3.02485	95.2326	0.218653	1.98775	0.00181491	0	2.1
234.18	2.79817	92.5481	0.217487	1.97716	0.0016789	0	2.16
235.27	2.593	89.9073	0.216328	1.96662	0.0015558	0	2.22
236.303	2.40699	87.3135	0.215176	1.95614	0.0014442	0	2.28
237.279	2.23811	84.7694	0.214029	1.94572	0.00134286	0	2.34
238.197	2.08452	82.2771	0.212888	1.93535	0.00125071	0	2.4
239.057	1.94462	79.8382	0.211754	1.92504	0.00116677	0	2.46
239.859	1.81701	77.4539	0.210626	1.91478	0.0010902	0	2.52
240.604	1.70042	75.1251	0.209503	1.90458	0.00102025	0	2.58
241.292	1.59375	72.8523	0.208387	1.89443	0.000956248	0	2.64
241.924	1.496	70.6358	0.207277	1.88433	0.0008976	0	2.7
242.5	1.4063	68.4755	0.206172	1.87429	0.000843782	0	2.76
243.022	1.32388	66.3714	0.205074	1.86431	0.000794327	0	2.82
243.491	1.24803	64.3231	0.203981	1.85437	0.000748816	0	2.88
243.907	1.17813	62.33	0.202894	1.84449	0.000706877	0	2.94
244.272	1.11363	60.3916	0.201813	1.83466	0.000668177	0	3
244.587	1.05403	58.5072	0.200738	1.82489	0.000632418	0	3.06
244.853	0.99889	56.676	0.199668	1.81516	0.000599334	0	3.12
245.071	0.947809	54.8971	0.198604	1.80549	0.000568685	0	3.18
245.242	0.900427	53.1696	0.197546	1.79587	0.000540256	0	3.24
245.369	0.856424	51.4924	0.196494	1.78631	0.000513854	0	3.3
245.451	0.815507	49.8647	0.195447	1.77679	0.000489304	0	3.36
245.491	0.777416	48.2853	0.194405	1.76732	0.00046645	0	3.42
245.489	0.741914	46.7531	0.19337	1.75791	0.000445148	0	3.48
245.447	0.708786	45.2671	0.192339	1.74854	0.000425272	0	3.54
245.367	0.67784	43.8262	0.191315	1.73922	0.000406704	0	3.6
245.248	0.648899	42.4293	0.190295	1.72996	0.00038934	0	3.66
245.093	0.621806	41.0753	0.189281	1.72074	0.000373083	0	3.72
244.903	0.596414	39.763	0.188273	1.71157	0.000357848	0	3.78
244.678	0.572592	38.4915	0.18727	1.70245	0.000343555	0	3.84
244.421	0.550221	37.2595	0.186272	1.69338	0.000330133	0	3.9
244.132	0.529191	36.0661	0.18528	1.68436	0.000317515	0	3.96
243.812	0.509403	34.9102	0.184293	1.67539	0.000305642	0	4.02
243.462	0.490765	33.7906	0.183311	1.66646	0.000294459	0	4.08
243.084	0.473194	32.7065	0.182334	1.65758	0.000283916	0	4.14
242.679	0.456613	31.6568	0.181363	1.64875	0.000273968	0	4.2
242.247	0.440954	30.6405	0.180397	1.63997	0.000264572	0	4.26
241.789	0.42615	29.6566	0.179436	1.63123	0.00025569	0	4.32
241.308	0.412144	28.7042	0.17848	1.62254	0.000247287	0	4.38
240.802	0.398882	27.7823	0.177529	1.6139	0.000239329	0	4.44
240.274	0.386312	26.8901	0.176583	1.6053	0.000231787	0	4.5
239.724	0.37439	26.0265	0.175642	1.59675	0.000224634	0	4.56
239.153	0.363072	25.1909	0.174707	1.58824	0.000217843	0	4.62
238.562	0.352321	24.3823	0.173776	1.57978	0.000211392	0	4.68
237.952	0.342098	23.5998	0.17285	1.57137	0.000205259	0	4.74
237.324	0.332372	22.8427	0.171929	1.56299	0.000199423	0	4.8
236.678	0.323111	22.1103	0.171013	1.55467	0.000193866	0	4.86
236.015	0.314285	21.4016	0.170102	1.54638	0.000188571	0	4.92
235.336	0.30587	20.7161	0.169196	1.53815	0.000183522	0	4.98
234.641	0.29784	20.0529	0.168295	1.52995	0.000178704	0	5.04
233.932	0.290171	19.4114	0.167398	1.5218	0.000174103	0	5.1
233.209	0.282843	18.7908	0.166506	1.5137	0.000169706	0	5.16
232.472	0.275837	18.1906	0.165619	1.50563	0.000165502	0	5.22
231.723	0.269132	17.61	0.164737	1.49761	0.000161479	0	5.28
230.961	0.262713	17.0484	0.16386	1.48963	0.000157628	0	5.34
230.188	0.256563	16.5053	0.162987	1.4817	0.000153938	0	5.4
229.403	0.250667	15.98	0.162118	1.4738	0.0001504	0	5.46
228.608	0.245011	15.472	0.161255	1.46595	0.000147007	0	5.52
227.803	0.239582	14.9806	0.160396	1.45814	0.000143749	0	5.58
226.989	0.234369	14.5055	0.159541	1.45037	0.000140621	0	5.64
226.166	0.229358	14.0459	0.158691	1.44265	0.000137615	0	5.7
225.334	0.22454	13.6015	0.157846	1.43496	0.000134724	0	5.76
224.495	0.219905	13.1718	0.157005	1.42732	0.000131943	0	5.82
223.647	0.215443	12.7562	0.156169	1.41971	0.000129266	0	5.88
222.793	0.211146	12.3543	0.155337	1.41215	0.000126688	0	5.94
221.932	0.207005	11.9656	0.154509	1.40463	0.000124203	0	6
221.065	0.203011	11.5898	0.153686	1.39715	0.000121807	0	6.06
220.192	0.199159	11.2264	0.152867	1.3897	0.000119496	0	6.12
219.313	0.195441	10.875	0.152053	1.3823	0.000117265	0	6.18
218.429	0.191851	10.5351	0.151243	1.37494	0.00011511	0	6.24
217.54	0.188382	10.2065	0.150437	1.36761	0.000113029	0	6.3
216.647	0.185028	9.88874	0.149636	1.36033	0.000111017	0	6.36
215.75	0.181785	9.58145	0.148839	1.35308	0.000109071	0	6.42
214.849	0.178647	9.28431	0.148046	1.34587	0.000107188	0	6.48
213.944	0.17561	8.99697	0.147257	1.3387	0.000105366	0	6.54
213.037	0.172668	8.71911	0.146473	1.33157	0.000103601	0	6.6
212.126	0.169817	8.45043	0.145693	1.32448	0.00010189	0	6.66
211.213	0.167054	8.1906	0.144916	1.31742	0.000100232	0	6.72
210.297	0.164374	7.93935	0.144144	1.3104	9.86242e-05	0	6.78
209.379	0.161774	7.69638	0.143377	1.30342	9.70642e-05	0	6.84
208.459	0.15925	7.46142	0.142613	1.29648	9.55499e-05	0	6.9
207.538	0.156799	7.2342	0.141853	1.28957	9.40795e-05	0	6.96
206.615	0.154418	7.01447	0.141097	1.2827	9.2651e-05	0	7.02
205.691	0.152105	6.80198	0.140346	1.27587	9.12627e-05	0	7.08
204.766	0.149855	6.59648	0.139598	1.26907	8.99129e-05	0	7.14
203.84	0.147667	6.39775	0.138854	1.26231	8.86001e-05	0	7.2
202.914	0.145538	6.20555	0.138115	1.25559	8.73226e-05	0	7.26
201.987	0.143465	6.01967	0.137379	1.2489	8.60792e-05	0	7.32
201.06	0.141447	5.8399	0.136647	1.24225	8.48683e-05	0	7.38
200.133	0.139481	5.66603	0.135919	1.23563	8.36888e-05	0	7.44
199.206	0.137565	5.49786	0.135195	1.22905	8.25393e-05	0	7.5
198.279	0.135698	5.33522	0.134475	1.2225	8.14187e-05	0	7.56
197.353	0.133877	5.1779	0.133759	1.21599	8.03259e-05	0	7.62
196.427	0.1321	5.02574	0.133046	1.20951	7.92599e-05	0	7.68
195.502	0.130366	4.87856	0.132337	1.20307	7.82195e-05	0	7.74
194.578	0.128673	4.73619	0.131632	1.19666	7.72039e-05	0	7.8
193.655	0.12702	4.59848	0.130931	1.19028	7.62121e-05	0	7.86
192.733	0.125405	4.46526	0.130234	1.18394	7.52433e-05	0	7.92
191.812	0.123828	4.33639	0.12954	1.17764	7.42965e-05	0	7.98
190.893	0.122285	4.21172	0.12885	1.17136	7.33711e-05	0	8.04
189.975	0.120777	4.09111	0.128163	1.16512	7.24662e-05	0	8.1
189.059	0.119302	3.97443	0.127481	1.15892	7.15811e-05	0	8.16
188.144	0.117859	3.86154	0.126802	1.15274	7.07152e-05	0	8.22
187.232	0.116446	3.75231	0.126126	1.1466	6.98677e-05	0	8.28
186.321	0.115063	3.64663	0.125454	1.14049	6.9038e-05	0	8.34
185.412	0.113709	3.54437	0.124786	1.13442	6.82255e-05	0	8.4
184.505	0.112383	3.44541	0.124121	1.12838	6.74297e-05	0	8.46
183.6	0.111083	3.34966	0.12346	1.12236	6.66499e-05	0	8.52
182.697	0.109809	3.257	0.122802	1.11639	6.58857e-05	0	8.58
181.797	0.108561	3.16733	0.122148	1.11044	6.51364e-05	0	8.64
180.899	0.107336	3.08054	0.121498	1.10452	6.44018e-05	0	8.7
180.004	0.106135	2.99655	0.12085	1.09864	6.36812e-05	0	8.76
179.111	0.104957	2.91525	0.120207	1.09279	6.29742e-05	0	8.82
178.221	0.103801	2.83656	0.119566	1.08697	6.22804e-05	0	8.88
177.333	0.102666	2.76039	0.118929	1.08118	6.15994e-05	0	8.94
176.448	0.101551	2.68665	0.118296	1.07542	6.09308e-05	0	9
175.565	0.100457	2.61527	0.117666	1.06969	6.02742e-05	0	9.06
174.686	0.0993821	2.54616	0.117039	1.06399	5.96293e-05	0	9.12
173.809	0.098326	2.47925	0.116415	1.05832	5.89956e-05	0	9.18
172.935	0.0972882	2.41447	0.115795	1.05268	5.83729e-05	0	9.24
172.065	0.0962681	2.35174	0.115178	1.04708	5.77609e-05	0	9.3
171.197	0.0952652	2.29099	0.114565	1.0415	5.71591e-05	0	9.36
170.332	0.0942791	2.23217	0.113954	1.03595	5.65674e-05	0	9.42
169.47	0.0933091	2.17519	0.113347	1.03043	5.59855e-05	0	9.48
168.611	0.092355	2.12002	0.112744	1.02494	5.5413e-05	0	9.54
167.756	0.0914162	2.06657	0.112143	1.01948	5.48497e-05	0	9.6
166.903	0.0904923	2.0148	0.111546	1.01405	5.42954e-05	0	9.66
166.054	0.089583	1.96465	0.110951	1.00865	5.37498e-05	0	9.72
165.208	0.0886877	1.91606	0.11036	1.00328	5.32126e-05	0	9.78
164.365	0.0878062	1.86899	0.109773	0.997932	5.26837e-05	0	9.84
163.526	0.0869381	1.82338	0.109188	0.992616	5.21629e-05	0	9.9
162.69	0.086083	1.77918	0.108606	0.987329	5.16498e-05	0	9.96
161.857	0.0852406	1.73635	0.108028	0.982069	5.11444e-05	0	10.02
161.027	0.0844106	1.69484	0.107452	0.976838	5.06464e-05	0	10.08
160.201	0.0835927	1.65461	0.10688	0.971634	5.01556e-05	0	10.14
159.378	0.0827864	1.61561	0.10631	0.966458	4.96719e-05	0	10.2
158.559	0.0819917	1.57781	0.105744	0.96131	4.9195e-05	0	10.26
157.742	0.0812081	1.54115	0.105181	0.956189	4.87249e-05	0	10.32
156.93	0.0804355	1.50562	0.104621	0.951096	4.82613e-05	0	10.38
156.121	0.0796734	1.47116	0.104063	0.946029	4.78041e-05	0	10.44
155.315	0.0789218	1.43775	0.103509	0.94099	4.73531e-05	0	10.5
154.513	0.0781804	1.40535	0.102957	0.935977	4.69082e-05	0	10.56
153.714	0.0774488	1.37392	0.102409	0.930991	4.64693e-05	0	10.62
152.918	0.076727	1.34343	0.101863	0.926032	4.60362e-05	0	10.68
152.127	0.0760146	1.31385	0.101321	0.921099	4.56087e-05	0	10.74
151.338	0.0753114	1.28516	0.100781	0.916192	4.51869e-05	0	10.8
150.553	0.0746174	1.25732	0.100244	0.911312	4.47704e-05	0	10.86
149.772	0.0739321	1.2303	0.0997103	0.906457	4.43593e-05	0	10.92
148.994	0.0732556	1.20408	0.0991791	0.901628	4.39533e-05	0	10.98
148.22	0.0725875	1.17863	0.0986508	0.896825	4.35525e-05	0	11.04
147.449	0.0719277	1.15392	0.0981253	0.892048	4.31566e-05	0	11.1
146.681	0.071276	1.12994	0.0976026	0.887296	4.27656e-05	0	11.16
145.918	0.0706323	1.10665	0.0970827	0.88257	4.23794e-05	0	11.22
145.157	0.0699964	1.08404	0.0965655	0.877868	4.19978e-05	0	11.28
144.401	0.0693681	1.06208	0.0960511	0.873192	4.16209e-05	0	11.34
143.647	0.0687473	1.04075	0.0955394	0.86854	4.12484e-05	0	11.4
142.897	0.0681338	1.02004	0.0950305	0.863914	4.08803e-05	0	11.46
142.151	0.0675275	0.999909	0.0945243	0.859312	4.05165e-05	0	11.52
141.408	0.0669283	0.980352	0.0940208	0.854734	4.0157e-05	0	11.58
140.669	0.066336	0.961349	0.0935199	0.850181	3.98016e-05	0	11.64
139.933	0.0657505	0.942879	0.0930217	0.845652	3.94503e-05	0	11.7
139.201	0.0651716	0.924928	0.0925262	0.841147	3.9103e-05	0	11.76
138.472	0.0645993	0.907476	0.0920333	0.836667	3.87596e-05	0	11.82
137.747	0.0640333	0.890509	0.0915431	0.83221	3.842e-05	0	11.88
137.025	0.0634737	0.87401	0.0910554	0.827777	3.80842e-05	0	11.94
136.307	0.0629203	0.857965	0.0905704	0.823367	3.77522e-05	0	12
135.592	0.0623729	0.842359	0.0900879	0.818981	3.74237e-05	0	12.06
134.881	0.0618315	0.827177	0.089608	0.814618	3.70989e-05	0	12.12
134.173	0.061296	0.812406	0.0891307	0.810279	3.67776e-05	0	12.18
133.468	0.0607662	0.798033	0.0886559	0.805963	3.64597e-05	0	12.24
132.767	0.0602422	0.784045	0.0881836	0.801669	3.61453e-05	0	12.3
132.07	0.0597236	0.77043	0.0877139	0.797399	3.58342e-05	0	12.36
131.375	0.0592106	0.757176	0.0872466	0.793151	3.55264e-05	0	12.42
130.685	0.058703	0.744271	0.0867819	0.788926	3.52218e-05	0	12.48
129.997	0.0582006	0.731704	0.0863196	0.784724	3.49204e-05	0	12.54
129.313	0.0577035	0.719465	0.0858598	0.780543	3.46221e-05	0	12.6
128.633	0.0572115	0.707543	0.0854024	0.776385	3.43269e-05	0	12.66
127.956	0.0567246	0.695927	0.0849475	0.77225	3.40348e-05	0	12.72
127.282	0.0562427	0.684609	0.084495	0.768136	3.37456e-05	0	12.78
126.611	0.0557656	0.673579	0.0840449	0.764044	3.34594e-05	0	12.84
125.944	0.0552934	0.662828	0.0835972	0.759974	3.3176e-05	0	12.9
125.28	0.0548259	0.652347	0.0831518	0.755926	3.28955e-05	0	12.96
124.62	0.0543631	0.642128	0.0827089	0.751899	3.26179e-05	0	13.02
123.963	0.0539049	0.632162	0.0822683	0.747894	3.2343e-05	0	13.08
123.309	0.0534513	0.622442	0.0818301	0.74391	3.20708e-05	0	13.14
122.659	0.0530022	0.612959	0.0813942	0.739947	3.18013e-05	0	13.2
122.011	0.0525574	0.603707	0.0809606	0.736005	3.15345e-05	0	13.26
121.367	0.052117	0.594679	0.0805293	0.732085	3.12702e-05	0	13.32
120.727	0.0516809	0.585867	0.0801003	0.728185	3.10086e-05	0	13.38
120.089	0.0512491	0.577265	0.0796737	0.724306	3.07495e-05	0	13.44
119.455	0.0508214	0.568866	0.0792492	0.720448	3.04928e-05	0	13.5
118.824	0.0503978	0.560665	0.0788271	0.71661	3.02387e-05	0	13.56
118.196	0.0499783	0.552654	0.0784072	0.712793	2.9987e-05	0	13.62
117.572	0.0495628	0.544829	0.0779895	0.708996	2.97377e-05	0	13.68
116.95	0.0491512	0.537184	0.0775741	0.705219	2.94907e-05	0	13.74
116.332	0.0487436	0.529712	0.0771608	0.701462	2.92461e-05	0	13.8
115.717	0.0483398	0.52241	0.0767498	0.697726	2.90039e-05	0	13.86
115.105	0.0479397	0.515272	0.076341	0.694009	2.87638e-05	0	13.92
114.496	0.0475435	0.508292	0.0759343	0.690312	2.85261e-05	0	13.98
113.89	0.0471509	0.501467	0.0755298	0.686635	2.82906e-05	0	14.04
113.288	0.046762	0.494792	0.0751275	0.682977	2.80572e-05	0	14.1
112.689	0.0463767	0.488261	0.0747273	0.679339	2.7826e-05	0	14.16
112.092	0.045995	0.481872	0.0743292	0.67572	2.7597e-05	0	14.22
111.499	0.0456168	0.475619	0.0739333	0.672121	2.73701e-05	0	14.28
110.909	0.045242	0.469499	0.0735394	0.66854	2.71452e-05	0	14.34
110.321	0.0448707	0.463507	0.0731477	0.664979	2.69224e-05	0	14.4
109.737	0.0445028	0.457641	0.072758	0.661437	2.67017e-05	0	14.46
109.156	0.0441382	0.451896	0.0723705	0.657913	2.64829e-05	0	14.52
108.578	0.043777	0.446269	0.0719849	0.654409	2.62662e-05	0	14.58
108.003	0.043419	0.440756	0.0716015	0.650923	2.60514e-05	0	14.64
107.431	0.0430643	0.435355	0.0712201	0.647455	2.58386e-05	0	14.7
106.862	0.0427127	0.430062	0.0708407	0.644006	2.56276e-05	0	14.76
106.295	0.0423644	0.424873	0.0704633	0.640576	2.54186e-05	0	14.82
105.732	0.0420191	0.419787	0.070088	0.637163	2.52115e-05	0	14.88
105.172	0.0416769	0.414799	0.0697146	0.633769	2.50062e-05	0	14.94
104.614	0.0413378	0.409908	0.0693433	0.630393	2.48027e-05	0	15
104.06	0.0410017	0.405111	0.0689739	0.627035	2.4601e-05	0	15.06
103.508	0.0406686	0.400404	0.0686065	0.623695	2.44012e-05	0	15.12
102.959	0.0403384	0.395786	0.068241	0.620373	2.42031e-05	0	15.18
102.413	0.0400112	0.391254	0.0678775	0.617068	2.40067e-05	0	15.24
101.87	0.0396868	0.386806	0.0675159	0.613781	2.38121e-05	0	15.3
101.33	0.0393653	0.382439	0.0671563	0.610511	2.36192e-05	0	15.36
100.793	0.0390467	0.378151	0.0667985	0.607259	2.3428e-05	0	15.42
100.258	0.0387308	0.37394	0.0664427	0.604025	2.32385e-05	0	15.48
99.7263	0.0384177	0.369804	0.0660888	0.600807	2.30506e-05	0	15.54
99.1972	0.0381073	0.365741	0.0657367	0.597606	2.28644e-05	0	15.6
98.671	0.0377996	0.361749	0.0653865	0.594423	2.26798e-05	0	15.66
98.1475	0.0374946	0.357826	0.0650382	0.591257	2.24968e-05	0	15.72
97.6267	0.0371923	0.35397	0.0646918	0.588107	2.23154e-05	0	15.78
97.1086	0.0368926	0.35018	0.0643472	0.584974	2.21355e-05	0	15.84
96.5933	0.0365955	0.346454	0.0640044	0.581858	2.19573e-05	0	15.9
96.0807	0.0363009	0.342789	0.0636635	0.578759	2.17805e-05	0	15.96
95.5708	0.0360089	0.339186	0.0633243	0.575676	2.16053e-05	0	16.02
95.0635	0.0357194	0.335641	0.062987	0.572609	2.14316e-05	0	16.08
94.5589	0.0354324	0.332154	0.0626515	0.569559	2.12594e-05	0	16.14
94.057	0.0351478	0.328723	0.0623177	0.566525	2.10887e-05	0	16.2
93.5576	0.0348657	0.325347	0.0619858	0.563507	2.09194e-05	0	16.26
93.061	0.034586	0.322024	0.0616556	0.560505	2.07516e-05	0	16.32
92.5669	0.0343087	0.318752	0.0613272	0.55752	2.05852e-05	0	16.38
92.0754	0.0340338	0.315532	0.0610005	0.55455	2.04203e-05	0	16.44
91.5865	0.0337612	0.312361	0.0606755	0.551596	2.02567e-05	0	16.5
91.1002	0.0334909	0.309238	0.0603523	0.548657	2.00945e-05	0	16.56
90.6164	0.0332229	0.306163	0.0600308	0.545735	1.99338e-05	0	16.62
90.1352	0.0329572	0.303133	0.0597111	0.542828	1.97743e-05	0	16.68
89.6565	0.0326938	0.300148	0.059393	0.539936	1.96163e-05	0	16.74
89.1804	0.0324326	0.297207	0.0590766	0.53706	1.94595e-05	0	16.8
88.7067	0.0321736	0.294309	0.0587619	0.534199	1.93041e-05	0	16.86
88.2356	0.0319168	0.291452	0.0584489	0.531354	1.91501e-05	0	16.92
87.7669	0.0316621	0.288636	0.0581375	0.528523	1.89973e-05	0	16.98
87.3007	0.0314096	0.28586	0.0578278	0.525708	1.88458e-05	0	17.04
86.8369	0.0311592	0.283124	0.0575198	0.522907	1.86955e-05	0	17.1
86.3756	0.030911	0.280425	0.0572134	0.520122	1.85466e-05	0	17.16
85.9168	0.0306648	0.277763	0.0569086	0.517351	1.83989e-05	0	17.22
85.4603	0.0304207	0.275138	0.0566055	0.514595	1.82524e-05	0	17.28
85.0063	0.0301786	0.272548	0.056304	0.511854	1.81071e-05	0	17.34
84.5547	0.0299385	0.269993	0.056004	0.509128	1.79631e-05	0	17.4
84.1054	0.0297005	0.267473	0.0557057	0.506415	1.78203e-05	0	17.46
83.6585	0.0294644	0.264985	0.055409	0.503718	1.76787e-05	0	17.52
83.214	0.0292304	0.26253	0.0551138	0.501035	1.75382e-05	0	17.58
82.7718	0.0289982	0.260108	0.0548202	0.498366	1.73989e-05	0	17.64
82.332	0.028768	0.257716	0.0545282	0.495711	1.72608e-05	0	17.7
81.8945	0.0285398	0.255355	0.0542377	0.49307	1.71239e-05	0	17.76
81.4593	0.0283134	0.253024	0.0539488	0.490444	1.6988e-05	0	17.82
81.0264	0.0280889	0.250722	0.0536614	0.487831	1.68533e-05	0	17.88
80.5958	0.0278663	0.248449	0.0533756	0.485233	1.67198e-05	0	17.94
80.1675	0.0276455	0.246204	0.0530913	0.482648	1.65873e-05	0	18
79.7414	0.0274265	0.243987	0.0528085	0.480077	1.64559e-05	0	18.06
79.3176	0.0272094	0.241796	0.0525272	0.47752	1.63256e-05	0	18.12
78.896	0.026994	0.239633	0.0522473	0.474976	1.61964e-05	0	18.18
78.4767	0.0267805	0.237495	0.051969	0.472446	1.60683e-05	0	18.24
78.0596	0.0265687	0.235383	0.0516922	0.469929	1.59412e-05	0	18.3
77.6447	0.0263586	0.233295	0.0514168	0.467426	1.58152e-05	0	18.36
77.2319	0.0261503	0.231233	0.051143	0.464936	1.56902e-05	0	18.42
76.8214	0.0259437	0.229194	0.0508705	0.462459	1.55662e-05	0	18.48
76.413	0.0257388	0.227179	0.0505995	0.459996	1.54433e-05	0	18.54
76.0069	0.0255356	0.225187	0.05033	0.457545	1.53214e-05	0	18.6
75.6028	0.0253341	0.223218	0.0500619	0.455108	1.52004e-05	0	18.66
75.2009	0.0251342	0.221272	0.0497952	0.452684	1.50805e-05	0	18.72
74.8011	0.0249359	0.219347	0.04953	0.450272	1.49616e-05	0	18.78
74.4035	0.0247393	0.217444	0.0492661	0.447874	1.48436e-05	0	18.84
74.0079	0.0245443	0.215562	0.0490037	0.445488	1.47266e-05	0	18.9
73.6145	0.0243509	0.2137	0.0487427	0.443115	1.46106e-05	0	18.96
73.2231	0.0241591	0.21186	0.048483	0.440755	1.44955e-05	0	19.02
72.8338	0.0239689	0.210039	0.0482248	0.438407	1.43813e-05	0	19.08
72.4466	0.0237802	0.208238	0.0479679	0.436072	1.42681e-05	0	19.14
72.0614	0.023593	0.206457	0.0477123	0.433749	1.41558e-05	0	19.2
71.6782	0.0234074	0.204694	0.0474582	0.431438	1.40444e-05	0	19.26
71.2971	0.0232233	0.20295	0.0472054	0.42914	1.3934e-05	0	19.32
70.9181	0.0230407	0.201225	0.0469539	0.426854	1.38244e-05	0	19.38
70.541	0.0228596	0.199518	0.0467038	0.42458	1.37158e-05	0	19.44
70.1659	0.02268	0.197829	0.046455	0.422318	1.3608e-05	0	19.5
69.7928	0.0225018	0.196157	0.0462076	0.420069	1.35011e-05	0	19.56
69.4217	0.0223251	0.194503	0.0459614	0.417831	1.33951e-05	0	19.62
69.0526	0.0221498	0.192866	0.0457166	0.415605	1.32899e-05	0	19.68
68.6854	0.021976	0.191245	0.0454731	0.413392	1.31856e-05	0	19.74
68.3201	0.0218035	0.189641	0.0452308	0.411189	1.30821e-05	0	19.8
67.9568	0.0216325	0.188054	0.0449899	0.408999	1.29795e-05	0	19.86
67.5955	0.0214628	0.186482	0.0447502	0.40682	1.28777e-05	0	19.92
67.236	0.0212946	0.184926	0.0445119	0.404653	1.27767e-05	0	19.98
66.8785	0.0211277	0.183386	0.0442748	0.402498	1.26766e-05	0	20.04
66.5228	0.0209621	0.18186	0.0440389	0.400354	1.25773e-05	0	20.1
66.169	0.0207979	0.18035	0.0438043	0.398221	1.24787e-05	0	20.16
65.8172	0.020635	0.178855	0.043571	0.3961	1.2381e-05	0	20.22
65.4671	0.0204735	0.177375	0.0433389	0.39399	1.22841e-05	0	20.28
65.119	0.0203132	0.175909	0.043108	0.391891	1.21879e-05	0	20.34
64.7727	0.0201543	0.174457	0.0428784	0.389804	1.20926e-05	0	20.4
64.4282	0.0199966	0.173019	0.04265	0.387727	1.19979e-05	0	20.46
64.0855	0.0198402	0.171595	0.0424228	0.385662	1.19041e-05	0	20.52
63.7447	0.0196851	0.170185	0.0421968	0.383607	1.1811e-05	0	20.58
63.4057	0.0195312	0.168788	0.041972	0.381564	1.17187e-05	0	20.64
63.0685	0.0193785	0.167404	0.0417485	0.379532	1.16271e-05	0	20.7
62.733	0.0192271	0.166034	0.0415261	0.37751	1.15363e-05	0	20.76
62.3994	0.0190769	0.164676	0.0413049	0.375499	1.14462e-05	0	20.82
62.0675	0.018928	0.163332	0.0410849	0.373499	1.13568e-05	0	20.88
61.7374	0.0187802	0.161999	0.040866	0.371509	1.12681e-05	0	20.94
61.409	0.0186336	0.16068	0.0406483	0.36953	1.11802e-05	0	21
61.0824	0.0184882	0.159372	0.0404318	0.367562	1.10929e-05	0	21.06
60.7575	0.018344	0.158077	0.0402164	0.365604	1.10064e-05	0	21.12
60.4344	0.0182009	0.156793	0.0400022	0.363656	1.09205e-05	0	21.18
60.1129	0.018059	0.155522	0.0397891	0.361719	1.08354e-05	0	21.24
59.7932	0.0179182	0.154262	0.0395771	0.359792	1.07509e-05	0	21.3
59.4752	0.0177786	0.153013	0.0393663	0.357876	1.06671e-05	0	21.36
59.1588	0.01764	0.151776	0.0391566	0.355969	1.0584e-05	0	21.42
58.8441	0.0175026	0.15055	0.038948	0.354073	1.05016e-05	0	21.48
58.5311	0.0173663	0.149336	0.0387406	0.352187	1.04198e-05	0	21.54
58.2198	0.0172311	0.148132	0.0385342	0.350311	1.03387e-05	0	21.6
57.9101	0.017097	0.146939	0.0383289	0.348445	1.02582e-05	0	21.66
57.6021	0.0169639	0.145757	0.0381248	0.346589	1.01783e-05	0	21.72
57.2957	0.0168319	0.144585	0.0379217	0.344743	1.00991e-05	0	21.78
56.9909	0.016701	0.143424	0.0377197	0.342906	1.00206e-05	0	21.84
56.6878	0.0165711	0.142273	0.0375188	0.34108	9.94265e-06	0	21.9
56.3862	0.0164422	0.141132	0.0373189	0.339263	9.86534e-06	0	21.96
56.0863	0.0163144	0.140001	0.0371201	0.337456	9.78865e-06	0	22.02
55.7879	0.0161876	0.138881	0.0369224	0.335658	9.71257e-06	0	22.08
55.4912	0.0160618	0.13777	0.0367257	0.33387	9.63711e-06	0	22.14
55.196	0.0159371	0.136669	0.0365301	0.332091	9.56224e-06	0	22.2
54.9024	0.0158133	0.135578	0.0363355	0.330322	9.48798e-06	0	22.26
54.6103	0.0156905	0.134496	0.0361419	0.328563	9.4143e-06	0	22.32
54.3198	0.0155687	0.133424	0.0359494	0.326813	9.34122e-06	0	22.38
54.0308	0.0154479	0.132361	0.0357579	0.325072	9.26872e-06	0	22.44
53.7434	0.015328	0.131307	0.0355674	0.32334	9.19679e-06	0	22.5
53.4575	0.0152091	0.130262	0.035378	0.321618	9.12545e-06	0	22.56
53.1731	0.0150911	0.129226	0.0351895	0.319905	9.05467e-06	0	22.62
52.8902	0.0149741	0.1282	0.0350021	0.318201	8.98445e-06	0	22.68
52.6089	0.014858	0.127182	0.0348156	0.316506	8.91479e-06	0	22.74
52.329	0.0147428	0.126173	0.0346302	0.31482	8.84569e-06	0	22.8
52.0506	0.0146286	0.125172	0.0344457	0.313143	8.77714e-06	0	22.86
51.7737	0.0145152	0.12418	0.0342622	0.311474	8.70914e-06	0	22.92
51.4983	0.0144028	0.123197	0.0340797	0.309815	8.64167e-06	0	22.98
51.2243	0.0142912	0.122222	0.0338981	0.308165	8.57475e-06	0	23.04
50.9518	0.0141806	0.121255	0.0337176	0.306523	8.50835e-06	0	23.1
50.6807	0.0140708	0.120296	0.033538	0.304891	8.44248e-06	0	23.16
50.4111	0.0139619	0.119346	0.0333593	0.303267	8.37714e-06	0	23.22
50.1429	0.0138539	0.118404	0.0331816	0.301651	8.31232e-06	0	23.28
49.8762	0.0137467	0.117469	0.0330049	0.300044	8.24801e-06	0	23.34
49.6108	0.0136404	0.116543	0.0328291	0.298446	8.18421e-06	0	23.4
49.3469	0.0135349	0.115624	0.0326542	0.296856	8.12092e-06	0	23.46
49.0843	0.0134302	0.114713	0.0324802	0.295275	8.05813e-06	0	23.52
48.8232	0.0133264	0.113809	0.0323072	0.293702	7.99584e-06	0	23.58
48.5634	0.0132234	0.112914	0.0321351	0.292137	7.93404e-06	0	23.64
48.3051	0.0131212	0.112025	0.0319639	0.290581	7.87274e-06	0	23.7
48.0481	0.0130199	0.111144	0.0317937	0.289033	7.81191e-06	0	23.76
47.7924	0.0129193	0.110271	0.0316243	0.287494	7.75158e-06	0	23.82
47.5382	0.0128195	0.109405	0.0314559	0.285962	7.69172e-06	0	23.88
47.2853	0.0127205	0.108546	0.0312883	0.284439	7.63233e-06	0	23.94
47.0337	0.0126224	0.107694	0.0311216	0.282924	7.57341e-06	0	24
46.7834	0.0125249	0.106849	0.0309559	0.281417	7.51496e-06	0	24.06
46.5345	0.0124283	0.106011	0.030791	0.279918	7.45698e-06	0	24.12
46.2869	0.0123324	0.10518	0.0306269	0.278427	7.39945e-06	0	24.18
46.0407	0.0122373	0.104356	0.0304638	0.276944	7.34237e-06	0	24.24
45.7957	0.0121429	0.103539	0.0303015	0.275468	7.28575e-06	0	24.3
45.5521	0.0120493	0.102729	0.0301401	0.274001	7.22958e-06	0	24.36
45.3097	0.0119564	0.101925	0.0299796	0.272541	7.17385e-06	0	24.42
45.0686	0.0118643	0.101128	0.0298199	0.27109	7.11856e-06	0	24.48
44.8288	0.0117728	0.100337	0.029661	0.269646	7.0637e-06	0	24.54
44.5903	0.0116821	0.0995533	0.029503	0.268209	7.00928e-06	0	24.6
44.3531	0.0115922	0.0987756	0.0293459	0.266781	6.95529e-06	0	24.66
44.1171	0.0115029	0.0980044	0.0291895	0.265359	6.90173e-06	0	24.72
43.8823	0.0114143	0.0972394	0.0290341	0.263946	6.84858e-06	0	24.78
43.6488	0.0113264	0.0964807	0.0288794	0.26254	6.79586e-06	0	24.84
43.4166	0.0112393	0.0957282	0.0287256	0.261141	6.74355e-06	0	24.9
43.1856	0.0111528	0.0949819	0.0285725	0.25975	6.69166e-06	0	24.96
42.9558	0.011067	0.0942416	0.0284203	0.258367	6.64017e-06	0	25.02
42.7273	0.0109818	0.0935074	0.0282689	0.25699	6.58909e-06	0	25.08
42.4999	0.0108974	0.0927791	0.0281184	0.255621	6.53841e-06	0	25.14
42.2738	0.0108136	0.0920568	0.0279686	0.25426	6.48814e-06	0	25.2
42.0488	0.0107304	0.0913403	0.0278196	0.252905	6.43825e-06	0	25.26
41.8251	0.0106479	0.0906297	0.0276714	0.251558	6.38876e-06	0	25.32
41.6026	0.0105661	0.0899248	0.027524	0.250218	6.33966e-06	0	25.38
41.3812	0.0104849	0.0892256	0.0273774	0.248885	6.29095e-06	0	25.44
41.161	0.0104044	0.0885322	0.0272316	0.24756	6.24262e-06	0	25.5
40.942	0.0103244	0.0878443	0.0270865	0.246241	6.19466e-06	0	25.56
40.7241	0.0102452	0.087162	0.0269422	0.244929	6.14709e-06	0	25.62
40.5074	0.0101665	0.0864852	0.0267987	0.243625	6.09989e-06	0	25.68
40.2919	0.0100884	0.0858138	0.0266559	0.242327	6.05306e-06	0	25.74
40.0775	0.010011	0.0851479	0.026514	0.241036	6.0066e-06	0	25.8
39.8642	0.00993417	0.0844873	0.0263727	0.239752	5.9605e-06	0	25.86
39.6521	0.00985795	0.0838321	0.0262322	0.238475	5.91477e-06	0	25.92
39.4411	0.00978232	0.0831822	0.0260925	0.237205	5.86939e-06	0	25.98
39.2313	0.00970729	0.0825374	0.0259535	0.235941	5.82437e-06	0	26.04
39.0225	0.00963284	0.0818979	0.0258153	0.234684	5.77971e-06	0	26.1
38.8149	0.00955898	0.0812635	0.0256778	0.233434	5.73539e-06	0	26.16
38.6083	0.0094857	0.0806342	0.025541	0.232191	5.69142e-06	0	26.22
38.4029	0.009413	0.0800099	0.0254049	0.230954	5.6478e-06	0	26.28
38.1985	0.00934086	0.0793907	0.0252696	0.229724	5.60452e-06	0	26.34
37.9953	0.00926929	0.0787764	0.025135	0.2285	5.56157e-06	0	26.4
37.7931	0.00919828	0.078167	0.0250011	0.227283	5.51897e-06	0	26.46
37.592	0.00912782	0.0775625	0.0248679	0.226072	5.47669e-06	0	26.52
37.3919	0.00905792	0.0769629	0.0247355	0.224868	5.43475e-06	0	26.58
37.193	0.00898856	0.076368	0.0246037	0.22367	5.39314e-06	0	26.64
36.995	0.00891975	0.0757779	0.0244726	0.222478	5.35185e-06	0	26.7
36.7982	0.00885148	0.0751925	0.0243423	0.221293	5.31089e-06	0	26.76
36.6024	0.00878374	0.0746118	0.0242126	0.220115	5.27024e-06	0	26.82
36.4076	0.00871653	0.0740357	0.0240836	0.218942	5.22992e-06	0	26.88
36.2139	0.00864984	0.0734642	0.0239553	0.217776	5.18991e-06	0	26.94
36.0211	0.00858368	0.0728973	0.0238277	0.216616	5.15021e-06	0	27
35.8295	0.00851803	0.0723348	0.0237008	0.215462	5.11082e-06	0	27.06
35.6388	0.0084529	0.0717769	0.0235746	0.214314	5.07174e-06	0	27.12
35.4491	0.00838828	0.0712234	0.023449	0.213173	5.03297e-06	0	27.18
35.2605	0.00832416	0.0706743	0.0233241	0.212037	4.99449e-06	0	27.24
35.0729	0.00826054	0.0701295	0.0231998	0.210908	4.95632e-06	0	27.3
34.8862	0.00819742	0.0695891	0.0230762	0.209784	4.91845e-06	0	27.36
34.7006	0.00813479	0.069053	0.0229533	0.208667	4.88087e-06	0	27.42
34.5159	0.00807265	0.0685211	0.0228311	0.207555	4.84359e-06	0	27.48
34.3322	0.00801099	0.0679935	0.0227094	0.206449	4.80659e-06	0	27.54
34.1495	0.00794981	0.06747	0.0225885	0.20535	4.76989e-06	0	27.6
33.9678	0.00788912	0.0669507	0.0224681	0.204256	4.73347e-06	0	27.66
33.787	0.00782889	0.0664355	0.0223485	0.203168	4.69734e-06	0	27.72
33.6072	0.00776914	0.0659243	0.0222294	0.202086	4.66148e-06	0	27.78
33.4284	0.00770985	0.0654173	0.022111	0.201009	4.62591e-06	0	27.84
33.2505	0.00765102	0.0649142	0.0219932	0.199938	4.59061e-06	0	27.9
33.0736	0.00759265	0.0644151	0.0218761	0.198873	4.55559e-06	0	27.96
32.8975	0.00753474	0.06392	0.0217595	0.197814	4.52084e-06	0	28.02
32.7225	0.00747727	0.0634287	0.0216436	0.19676	4.48636e-06	0	28.08
32.5483	0.00742026	0.0629414	0.0215283	0.195712	4.45215e-06	0	28.14
32.3751	0.00736368	0.0624579	0.0214137	0.19467	4.41821e-06	0	28.2
32.2028	0.00730755	0.0619782	0.0212996	0.193633	4.38453e-06	0	28.26
32.0315	0.00725186	0.0615023	0.0211861	0.192601	4.35111e-06	0	28.32
31.861	0.00719659	0.0610301	0.0210733	0.191575	4.31796e-06	0	28.38
31.6914	0.00714176	0.0605617	0.020961	0.190555	4.28506e-06	0	28.44
31.5228	0.00708736	0.060097	0.0208494	0.18954	4.25241e-06	0	28.5
31.355	0.00703337	0.0596359	0.0207383	0.18853	4.22002e-06	0	28.56
31.1881	0.00697981	0.0591785	0.0206278	0.187526	4.18789e-06	0	28.62
31.0222	0.00692666	0.0587246	0.020518	0.186527	4.156e-06	0	28.68
30.8571	0.00687393	0.0582744	0.0204087	0.185533	4.12436e-06	0	28.74
30.6929	0.0068216	0.0578276	0.0203	0.184545	4.09296e-06	0	28.8
30.5295	0.00676968	0.0573844	0.0201918	0.183562	4.06181e-06	0	28.86
30.367	0.00671817	0.0569447	0.0200843	0.182584	4.0309e-06	0	28.92
30.2054	0.00666705	0.0565084	0.0199773	0.181612	4.00023e-06	0	28.98
30.0447	0.00661633	0.0560755	0.0198709	0.180644	3.9698e-06	0	29.04
29.8848	0.00656601	0.0556461	0.019765	0.179682	3.9396e-06	0	29.1
29.7257	0.00651607	0.05522	0.0196597	0.178725	3.90964e-06	0	29.16
29.5675	0.00646652	0.0547973	0.019555	0.177773	3.87991e-06	0	29.22
29.4102	0.00641736	0.0543778	0.0194508	0.176826	3.85042e-06	0	29.28
29.2537	0.00636858	0.0539617	0.0193472	0.175884	3.82115e-06	0	29.34
29.098	0.00632017	0.0535488	0.0192442	0.174947	3.7921e-06	0	29.4
28.9431	0.00627214	0.0531392	0.0191417	0.174015	3.76329e-06	0	29.46
28.7891	0.00622449	0.0527328	0.0190397	0.173088	3.73469e-06	0	29.52
28.6359	0.0061772	0.0523295	0.0189383	0.172166	3.70632e-06	0	29.58
28.4834	0.00613027	0.0519295	0.0188374	0.171249	3.67816e-06	0	29.64
28.3319	0.00608372	0.0515325	0.0187371	0.170337	3.65023e-06	0	29.7
28.1811	0.00603752	0.0511387	0.0186372	0.169429	3.62251e-06	0	29.76
28.0311	0.00599168	0.0507479	0.018538	0.168527	3.59501e-06	0	29.82
27.8819	0.00594619	0.0503602	0.0184392	0.167629	3.56772e-06	0	29.88
27.7335	0.00590106	0.0499755	0.018341	0.166736	3.54063e-06	0	29.94
27.5859	0.00585627	0.0495938	0.0182433	0.165848	3.51376e-06	0	30
27.4391	0.00581183	0.0492151	0.0181461	0.164965	3.4871e-06	0	30.06
27.2931	0.00576774	0.0488394	0.0180495	0.164086	3.46064e-06	0	30.12
27.1478	0.00572399	0.0484666	0.0179533	0.163212	3.43439e-06	0	30.18
27.0033	0.00568057	0.0480967	0.0178577	0.162343	3.40834e-06	0	30.24
26.8596	0.00563749	0.0477297	0.0177626	0.161478	3.38249e-06	0	30.3
26.7166	0.00559474	0.0473656	0.0176679	0.160618	3.35685e-06	0	30.36
26.5745	0.00555233	0.0470043	0.0175738	0.159762	3.3314e-06	0	30.42
26.433	0.00551024	0.0466458	0.0174802	0.158911	3.30614e-06	0	30.48
26.2923	0.00546847	0.0462901	0.0173871	0.158065	3.28108e-06	0	30.54
26.1524	0.00542703	0.0459372	0.0172945	0.157223	3.25622e-06	0	30.6
26.0132	0.00538591	0.045587	0.0172024	0.156385	3.23155e-06	0	30.66
25.8748	0.0053451	0.0452396	0.0171107	0.155552	3.20706e-06	0	30.72
25.737	0.00530461	0.0448949	0.0170196	0.154723	3.18277e-06	0	30.78
25.6001	0.00526444	0.0445528	0.0169289	0.153899	3.15866e-06	0	30.84
25.4638	0.00522457	0.0442135	0.0168387	0.153079	3.13474e-06	0	30.9
25.3283	0.00518501	0.0438767	0.016749	0.152264	3.11101e-06	0	30.96
25.1935	0.00514575	0.0435426	0.0166598	0.151453	3.08745e-06	0	31.02
25.0594	0.0051068	0.0432111	0.0165711	0.150646	3.06408e-06	0	31.08
24.926	0.00506815	0.0428821	0.0164828	0.149844	3.04089e-06	0	31.14
24.7933	0.0050298	0.0425557	0.016395	0.149046	3.01788e-06	0	31.2
24.6614	0.00499174	0.0422319	0.0163077	0.148252	2.99504e-06	0	31.26
24.5301	0.00495397	0.0419105	0.0162208	0.147462	2.97238e-06	0	31.32
24.3996	0.0049165	0.0415917	0.0161344	0.146676	2.9499e-06	0	31.38
24.2697	0.00487931	0.0412753	0.0160485	0.145895	2.92759e-06	0	31.44
24.1405	0.00484241	0.0409614	0.015963	0.145118	2.90545e-06	0	31.5
24.012	0.00480579	0.04065	0.0158779	0.144345	2.88348e-06	0	31.56
23.8842	0.00476946	0.0403409	0.0157934	0.143576	2.86168e-06	0	31.62
23.7571	0.00473341	0.0400343	0.0157092	0.142811	2.84004e-06	0	31.68
23.6307	0.00469763	0.03973	0.0156256	0.142051	2.81858e-06	0	31.74
23.5049	0.00466213	0.0394281	0.0155423	0.141294	2.79728e-06	0	31.8
23.3798	0.0046269	0.0391285	0.0154595	0.140541	2.77614e-06	0	31.86
23.2553	0.00459194	0.0388313	0.0153772	0.139793	2.75516e-06	0	31.92
23.1316	0.00455725	0.0385363	0.0152953	0.139048	2.73435e-06	0	31.98
23.0084	0.00452283	0.0382436	0.0152138	0.138307	2.7137e-06	0	32.04
22.886	0.00448867	0.0379533	0.0151328	0.137571	2.6932e-06	0	32.1
22.7642	0.00445478	0.0376651	0.0150521	0.136838	2.67287e-06	0	32.16
22.643	0.00442114	0.0373792	0.014972	0.136109	2.65268e-06	0	32.22
22.5225	0.00438776	0.0370955	0.0148922	0.135384	2.63266e-06	0	32.28
22.4026	0.00435464	0.036814	0.0148129	0.134663	2.61279e-06	0	32.34
22.2834	0.00432178	0.0365347	0.014734	0.133945	2.59307e-06	0	32.4
22.1648	0.00428916	0.0362575	0.0146555	0.133232	2.5735e-06	0	32.46
22.0468	0.0042568	0.0359825	0.0145774	0.132522	2.55408e-06	0	32.52
21.9294	0.00422469	0.0357096	0.0144998	0.131816	2.53481e-06	0	32.58
21.8127	0.00419282	0.0354388	0.0144225	0.131114	2.51569e-06	0	32.64
21.6966	0.00416119	0.0351701	0.0143457	0.130416	2.49672e-06	0	32.7
21.5811	0.00412981	0.0349035	0.0142693	0.129721	2.47789e-06	0	32.76
21.4662	0.00409867	0.0346389	0.0141933	0.12903	2.4592e-06	0	32.82
21.352	0.00406777	0.0343764	0.0141177	0.128343	2.44066e-06	0	32.88
21.2383	0.0040371	0.0341159	0.0140425	0.127659	2.42226e-06	0	32.94
21.1253	0.00400667	0.0338575	0.0139677	0.126979	2.404e-06	0	33
21.0128	0.00397648	0.033601	0.0138933	0.126303	2.38589e-06	0	33.06
20.901	0.00394651	0.0333465	0.0138193	0.12563	2.36791e-06	0	33.12
20.7897	0.00391678	0.033094	0.0137457	0.124961	2.35007e-06	0	33.18
20.6791	0.00388727	0.0328434	0.0136724	0.124295	2.33236e-06	0	33.24
20.569	0.00385799	0.0325947	0.0135996	0.123633	2.31479e-06	0	33.3
20.4595	0.00382893	0.032348	0.0135272	0.122974	2.29736e-06	0	33.36
20.3506	0.00380009	0.0321032	0.0134551	0.122319	2.28006e-06	0	33.42
20.2423	0.00377148	0.0318602	0.0133834	0.121668	2.26289e-06	0	33.48
20.1346	0.00374308	0.0316191	0.0133121	0.12102	2.24585e-06	0	33.54
20.0274	0.0037149	0.0313799	0.0132412	0.120375	2.22894e-06	0	33.6
19.9208	0.00368694	0.0311426	0.0131707	0.119734	2.21217e-06	0	33.66
19.8147	0.00365919	0.030907	0.0131005	0.119096	2.19552e-06	0	33.72
19.7093	0.00363166	0.0306733	0.0130308	0.118461	2.17899e-06	0	33.78
19.6044	0.00360433	0.0304414	0.0129614	0.11783	2.1626e-06	0	33.84
19.5	0.00357721	0.0302112	0.0128923	0.117203	2.14633e-06	0	33.9
19.3962	0.0035503	0.0299828	0.0128236	0.116578	2.13018e-06	0	33.96
19.293	0.0035236	0.0297562	0.0127553	0.115958	2.11416e-06	0	34.02
19.1903	0.0034971	0.0295314	0.0126874	0.11534	2.09826e-06	0	34.08
19.0881	0.0034708	0.0293082	0.0126198	0.114725	2.08248e-06	0	34.14
18.9865	0.00344471	0.0290868	0.0125526	0.114114	2.06682e-06	0	34.2
18.8855	0.00341881	0.0288671	0.0124857	0.113506	2.05129e-06	0	34.26
18.7849	0.00339311	0.028649	0.0124192	0.112902	2.03587e-06	0	34.32
18.6849	0.00336761	0.0284327	0.012353	0.1123	2.02056e-06	0	34.38
18.5855	0.0033423	0.028218	0.0122872	0.111702	2.00538e-06	0	34.44
18.4865	0.00331718	0.0280049	0.0122218	0.111107	1.99031e-06	0	34.5
18.3881	0.00329226	0.0277935	0.0121567	0.110515	1.97536e-06	0	34.56
18.2903	0.00326753	0.0275838	0.0120919	0.109927	1.96052e-06	0	34.62
18.1929	0.00324298	0.0273756	0.0120275	0.109341	1.94579e-06	0	34.68
18.0961	0.00321863	0.027169	0.0119635	0.108759	1.93118e-06	0	34.74
17.9997	0.00319446	0.026964	0.0118997	0.108179	1.91667e-06	0	34.8
17.9039	0.00317047	0.0267606	0.0118363	0.107603	1.90228e-06	0	34.86
17.8086	0.00314666	0.0265588	0.0117733	0.10703	1.888e-06	0	34.92
17.7138	0.00312304	0.0263585	0.0117106	0.10646	1.87383e-06	0	34.98
17.6195	0.0030996	0.0261597	0.0116482	0.105893	1.85976e-06	0	35.04
17.5257	0.00307634	0.0259625	0.0115862	0.105329	1.8458e-06	0	35.1
17.4324	0.00305325	0.0257667	0.0115244	0.104768	1.83195e-06	0	35.16
17.3396	0.00303034	0.0255725	0.011463	0.10421	1.8182e-06	0	35.22
17.2473	0.0030076	0.0253798	0.011402	0.103654	1.80456e-06	0	35.28
17.1555	0.00298504	0.0251885	0.0113412	0.103102	1.79102e-06	0	35.34
17.0642	0.00296265	0.0249987	0.0112808	0.102553	1.77759e-06	0	35.4
16.9734	0.00294043	0.0248104	0.0112207	0.102007	1.76426e-06	0	35.46
16.883	0.00291838	0.0246235	0.011161	0.101463	1.75103e-06	0	35.52
16.7932	0.00289649	0.024438	0.0111015	0.100923	1.7379e-06	0	35.58
16.7038	0.00287478	0.0242539	0.0110424	0.100385	1.72487e-06	0	35.64
16.6148	0.00285323	0.0240713	0.0109836	0.0998506	1.71194e-06	0	35.7
16.5264	0.00283184	0.0238901	0.0109251	0.0993187	1.6991e-06	0	35.76
16.4384	0.00281061	0.0237102	0.0108669	0.0987897	1.68637e-06	0	35.82
16.3509	0.00278955	0.0235317	0.010809	0.0982635	1.67373e-06	0	35.88
16.2639	0.00276865	0.0233546	0.0107514	0.09774	1.66119e-06	0	35.94
16.1773	0.0027479	0.0231789	0.0106941	0.0972194	1.64874e-06	0	36
16.0912	0.00272732	0.0230045	0.0106372	0.0967015	1.63639e-06	0	36.06
16.0055	0.00270689	0.0228314	0.0105805	0.0961864	1.62413e-06	0	36.12
15.9203	0.00268661	0.0226596	0.0105241	0.0956741	1.61197e-06	0	36.18
15.8356	0.00266649	0.0224892	0.0104681	0.0951644	1.59989e-06	0	36.24
15.7513	0.00264652	0.02232	0.0104123	0.0946575	1.58791e-06	0	36.3
15.6674	0.00262671	0.0221522	0.0103569	0.0941533	1.57602e-06	0	36.36
15.584	0.00260704	0.0219856	0.0103017	0.0936518	1.56423e-06	0	36.42
15.5011	0.00258753	0.0218204	0.0102468	0.0931529	1.55252e-06	0	36.48
15.4186	0.00256816	0.0216563	0.0101922	0.0926567	1.5409e-06	0	36.54
15.3365	0.00254894	0.0214935	0.0101379	0.0921631	1.52936e-06	0	36.6
15.2548	0.00252986	0.021332	0.0100839	0.0916722	1.51792e-06	0	36.66
15.1736	0.00251093	0.0211717	0.0100302	0.0911839	1.50656e-06	0	36.72
15.0929	0.00249215	0.0210126	0.0099768	0.0906982	1.49529e-06	0	36.78
15.0125	0.0024735	0.0208548	0.00992365	0.090215	1.4841e-06	0	36.84
14.9326	0.002455	0.0206981	0.00987079	0.0897345	1.473e-06	0	36.9
14.8531	0.00243664	0.0205427	0.00981821	0.0892565	1.46198e-06	0	36.96
14.774	0.00241842	0.0203884	0.00976591	0.088781	1.45105e-06	0	37.02
14.6954	0.00240033	0.0202353	0.00971389	0.0883081	1.4402e-06	0	37.08
14.6172	0.00238239	0.0200834	0.00966215	0.0878377	1.42943e-06	0	37.14
14.5393	0.00236458	0.0199326	0.00961068	0.0873698	1.41875e-06	0	37.2
14.4619	0.0023469	0.019783	0.00955949	0.0869044	1.40814e-06	0	37.26
14.385	0.00232936	0.0196345	0.00950857	0.0864415	1.39761e-06	0	37.32
14.3084	0.00231195	0.0194872	0.00945792	0.0859811	1.38717e-06	0	37.38
14.2322	0.00229467	0.0193409	0.00940754	0.0855231	1.3768e-06	0	37.44
14.1564	0.00227753	0.0191958	0.00935742	0.0850675	1.36652e-06	0	37.5
14.0811	0.00226051	0.0190518	0.00930758	0.0846144	1.35631e-06	0	37.56
14.0061	0.00224362	0.0189089	0.009258	0.0841636	1.34617e-06	0	37.62
13.9316	0.00222686	0.0187671	0.00920869	0.0837153	1.33612e-06	0	37.68
13.8574	0.00221023	0.0186263	0.00915963	0.0832694	1.32614e-06	0	37.74
13.7836	0.00219372	0.0184867	0.00911084	0.0828258	1.31623e-06	0	37.8
13.7102	0.00217734	0.0183481	0.00906231	0.0823846	1.30641e-06	0	37.86
13.6373	0.00216108	0.0182105	0.00901404	0.0819458	1.29665e-06	0	37.92
13.5647	0.00214495	0.018074	0.00896602	0.0815093	1.28697e-06	0	37.98
13.4925	0.00212894	0.0179385	0.00891826	0.0810751	1.27736e-06	0	38.04
13.4206	0.00211305	0.0178041	0.00887076	0.0806432	1.26783e-06	0	38.1
13.3492	0.00209728	0.0176707	0.0088235	0.0802137	1.25837e-06	0	38.16
13.2781	0.00208162	0.0175383	0.0087765	0.0797864	1.24897e-06	0	38.22
13.2074	0.00206609	0.0174069	0.00872975	0.0793614	1.23965e-06	0	38.28
13.1371	0.00205068	0.0172765	0.00868325	0.0789386	1.23041e-06	0	38.34
13.0672	0.00203538	0.0171471	0.008637	0.0785182	1.22123e-06	0	38.4
12.9976	0.00202019	0.0170187	0.00859099	0.0780999	1.21212e-06	0	38.46
12.9284	0.00200512	0.0168913	0.00854523	0.0776839	1.20307e-06	0	38.52
12.8596	0.00199017	0.0167648	0.00849971	0.0772701	1.1941e-06	0	38.58
12.7911	0.00197533	0.0166393	0.00845443	0.0768585	1.1852e-06	0	38.64
12.723	0.0019606	0.0165147	0.0084094	0.0764491	1.17636e-06	0	38.7
12.6553	0.00194598	0.0163911	0.0083646	0.0760419	1.16759e-06	0	38.76
12.5879	0.00193147	0.0162684	0.00832005	0.0756368	1.15888e-06	0	38.82
12.5209	0.00191707	0.0161467	0.00827573	0.0752339	1.15024e-06	0	38.88
12.4543	0.00190278	0.0160259	0.00823165	0.0748331	1.14167e-06	0	38.94
12.388	0.0018886	0.015906	0.0081878	0.0744345	1.13316e-06	0	39
12.322	0.00187453	0.015787	0.00814418	0.074038	1.12472e-06	0	39.06
12.2564	0.00186056	0.0156689	0.0081008	0.0736436	1.11634e-06	0	39.12
12.1912	0.0018467	0.0155517	0.00805765	0.0732514	1.10802e-06	0	39.18
12.1263	0.00183294	0.0154354	0.00801473	0.0728612	1.09976e-06	0	39.24
12.0617	0.00181929	0.01532	0.00797204	0.0724731	1.09157e-06	0	39.3
11.9975	0.00180573	0.0152054	0.00792957	0.072087	1.08344e-06	0	39.36
11.9336	0.00179229	0.0150918	0.00788733	0.071703	1.07537e-06	0	39.42
11.8701	0.00177894	0.0149789	0.00784532	0.0713211	1.06736e-06	0	39.48
11.8069	0.00176569	0.014867	0.00780353	0.0709412	1.05941e-06	0	39.54
11.744	0.00175254	0.0147559	0.00776196	0.0705633	1.05153e-06	0	39.6
11.6815	0.0017395	0.0146456	0.00772061	0.0701874	1.0437e-06	0	39.66
11.6193	0.00172655	0.0145362	0.00767949	0.0698135	1.03593e-06	0	39.72
11.5575	0.0017137	0.0144276	0.00763858	0.0694417	1.02822e-06	0	39.78
11.4959	0.00170094	0.0143198	0.00759789	0.0690718	1.02056e-06	0	39.84
11.4347	0.00168828	0.0142128	0.00755742	0.0687038	1.01297e-06	0	39.9
11.3739	0.00167572	0.0141067	0.00751716	0.0683379	1.00543e-06	0	39.96
11.3133	0.00166325	0.0140013	0.00747712	0.0679738	9.9795e-07	0	40.02
11.2531	0.00165088	0.0138968	0.00743729	0.0676118	9.90526e-07	0	40.08
11.1932	0.00163859	0.013793	0.00739768	0.0672516	9.83157e-07	0	40.14
11.1336	0.00162641	0.01369	0.00735827	0.0668934	9.75844e-07	0	40.2
11.0743	0.00161431	0.0135878	0.00731908	0.066537	9.68585e-07	0	40.26
11.0153	0.0016023	0.0134864	0.00728009	0.0661826	9.61382e-07	0	40.32
10.9567	0.00159039	0.0133858	0.00724131	0.0658301	9.54233e-07	0	40.38
10.8984	0.00157856	0.0132859	0.00720274	0.0654794	9.47137e-07	0	40.44
10.8404	0.00156682	0.0131867	0.00716437	0.0651306	9.40095e-07	0	40.5
10.7826	0.00155518	0.0130883	0.00712621	0.0647837	9.33106e-07	0	40.56
10.7252	0.00154362	0.0129907	0.00708825	0.0644386	9.2617e-07	0	40.62
10.6681	0.00153214	0.0128938	0.00705049	0.0640954	9.19285e-07	0	40.68
10.6113	0.00152075	0.0127976	0.00701293	0.0637539	9.12453e-07	0	40.74
10.5548	0.00150945	0.0127022	0.00697558	0.0634143	9.05672e-07	0	40.8
10.4987	0.00149824	0.0126074	0.00693842	0.0630765	8.98942e-07	0	40.86
10.4428	0.0014871	0.0125134	0.00690146	0.0627405	8.92262e-07	0	40.92
10.3872	0.00147606	0.0124201	0.0068647	0.0624063	8.85633e-07	0	40.98
10.3319	0.00146509	0.0123275	0.00682813	0.0620739	8.79054e-07	0	41.04
10.2769	0.00145421	0.0122357	0.00679176	0.0617433	8.72524e-07	0	41.1
10.2221	0.00144341	0.0121445	0.00675558	0.0614144	8.66043e-07	0	41.16
10.1677	0.00143269	0.0120539	0.0067196	0.0610872	8.59611e-07	0	41.22
10.1136	0.00142205	0.0119641	0.0066838	0.0607618	8.53228e-07	0	41.28
10.0597	0.00141149	0.011875	0.0066482	0.0604382	8.46892e-07	0	41.34
10.0062	0.00140101	0.0117865	0.00661279	0.0601162	8.40604e-07	0	41.4
9.95291	0.00139061	0.0116987	0.00657756	0.059796	8.34363e-07	0	41.46
9.89992	0.00138028	0.0116115	0.00654252	0.0594775	8.28169e-07	0	41.52
9.84722	0.00137004	0.011525	0.00650767	0.0591607	8.22022e-07	0	41.58
9.79479	0.00135987	0.0114392	0.00647301	0.0588455	8.15921e-07	0	41.64
9.74264	0.00134978	0.011354	0.00643853	0.0585321	8.09865e-07	0	41.7
9.69077	0.00133976	0.0112695	0.00640423	0.0582203	8.03855e-07	0	41.76
9.63918	0.00132982	0.0111856	0.00637012	0.0579102	7.97891e-07	0	41.82
9.58786	0.00131995	0.0111023	0.00633619	0.0576017	7.91971e-07	0	41.88
9.53681	0.00131016	0.0110197	0.00630244	0.0572949	7.86095e-07	0	41.94
9.48604	0.00130044	0.0109376	0.00626886	0.0569897	7.80264e-07	0	42
9.43554	0.00129079	0.0108562	0.00623547	0.0566861	7.74476e-07	0	42.06
9.3853	0.00128122	0.0107754	0.00620226	0.0563841	7.68732e-07	0	42.12
9.33533	0.00127172	0.0106952	0.00616922	0.0560838	7.63031e-07	0	42.18
9.28563	0.00126229	0.0106157	0.00613636	0.0557851	7.57372e-07	0	42.24
9.23619	0.00125293	0.0105367	0.00610367	0.0554879	7.51756e-07	0	42.3
9.18702	0.00124364	0.0104583	0.00607116	0.0551923	7.46183e-07	0	42.36
9.13811	0.00123442	0.0103805	0.00603882	0.0548983	7.40651e-07	0	42.42
9.08946	0.00122527	0.0103033	0.00600665	0.0546059	7.3516e-07	0	42.48
9.04106	0.00121618	0.0102267	0.00597465	0.054315	7.29711e-07	0	42.54
8.99293	0.00120717	0.0101506	0.00594283	0.0540257	7.24302e-07	0	42.6
8.94505	0.00119822	0.0100752	0.00591117	0.0537379	7.18934e-07	0	42.66
8.89742	0.00118934	0.0100003	0.00587969	0.0534517	7.13607e-07	0	42.72
8.85005	0.00118053	0.00992591	0.00584837	0.053167	7.08319e-07	0	42.78
8.80293	0.00117178	0.00985212	0.00581721	0.0528838	7.03071e-07	0	42.84
8.75607	0.0011631	0.00977889	0.00578623	0.0526021	6.97862e-07	0	42.9
8.70945	0.00115449	0.00970622	0.0057554	0.0523219	6.92692e-07	0	42.96
8.66308	0.00114594	0.00963409	0.00572475	0.0520431	6.87561e-07	0	43.02
8.61695	0.00113745	0.0095625	0.00569425	0.0517659	6.82469e-07	0	43.08
8.57108	0.00112902	0.00949145	0.00566392	0.0514902	6.77414e-07	0	43.14
8.52544	0.00112066	0.00942093	0.00563375	0.0512159	6.72398e-07	0	43.2
8.48005	0.00111236	0.00935095	0.00560374	0.0509431	6.67419e-07	0	43.26
8.4349	0.00110413	0.00928149	0.00557389	0.0506717	6.62477e-07	0	43.32
8.38999	0.00109595	0.00921255	0.0055442	0.0504018	6.57572e-07	0	43.38
8.34532	0.00108784	0.00914413	0.00551467	0.0501333	6.52704e-07	0	43.44
8.30089	0.00107979	0.00907623	0.00548529	0.0498663	6.47872e-07	0	43.5
8.2567	0.0010718	0.00900883	0.00545607	0.0496007	6.43077e-07	0	43.56
8.21274	0.00106386	0.00894195	0.00542701	0.0493365	6.38317e-07	0	43.62
8.16901	0.00105599	0.00887556	0.0053981	0.0490737	6.33594e-07	0	43.68
8.12552	0.00104817	0.00880968	0.00536935	0.0488122	6.28905e-07	0	43.74
8.08226	0.00104042	0.00874429	0.00534075	0.0485522	6.24251e-07	0	43.8
8.03922	0.00103272	0.00867939	0.0053123	0.0482936	6.19633e-07	0	43.86
7.99642	0.00102508	0.00861497	0.005284	0.0480364	6.15049e-07	0	43.92
7.95385	0.0010175	0.00855104	0.00525585	0.0477805	6.10499e-07	0	43.98
7.9115	0.00100997	0.0084876	0.00522786	0.047526	6.05983e-07	0	44.04
7.86938	0.0010025	0.00842462	0.00520001	0.0472728	6.01501e-07	0	44.1
7.82748	0.000995087	0.00836212	0.00517231	0.047021	5.97052e-07	0	44.16
7.7858	0.000987729	0.00830009	0.00514476	0.0467705	5.92637e-07	0	44.22
7.74435	0.000980425	0.00823853	0.00511735	0.0465214	5.88255e-07	0	44.28
7.70311	0.000973176	0.00817743	0.0050901	0.0462736	5.83905e-07	0	44.34
7.6621	0.00096598	0.00811678	0.00506298	0.0460271	5.79588e-07	0	44.4
7.62131	0.000958839	0.00805659	0.00503601	0.0457819	5.75304e-07	0	44.46
7.58073	0.000951751	0.00799686	0.00500919	0.0455381	5.71051e-07	0	44.52
7.54037	0.000944716	0.00793757	0.0049825	0.0452955	5.6683e-07	0	44.58
7.50022	0.000937734	0.00787872	0.00495596	0.0450542	5.6264e-07	0	44.64
7.46029	0.000930804	0.00782032	0.00492956	0.0448142	5.58482e-07	0	44.7
7.42056	0.000923925	0.00776235	0.00490331	0.0445755	5.54355e-07	0	44.76
7.38106	0.000917098	0.00770482	0.00487719	0.0443381	5.50259e-07	0	44.82
7.34176	0.000910322	0.00764772	0.00485121	0.0441019	5.46193e-07	0	44.88
7.30267	0.000903596	0.00759105	0.00482537	0.043867	5.42158e-07	0	44.94
7.26378	0.000896921	0.0075348	0.00479966	0.0436333	5.38153e-07	0	45
7.22511	0.000890296	0.00747898	0.0047741	0.0434009	5.34177e-07	0	45.06
7.18664	0.00088372	0.00742357	0.00474867	0.0431697	5.30232e-07	0	45.12
7.14838	0.000877193	0.00736858	0.00472337	0.0429397	5.26316e-07	0	45.18
7.11032	0.000870714	0.007314	0.00469821	0.042711	5.22429e-07	0	45.24
7.07246	0.000864284	0.00725983	0.00467318	0.0424835	5.18571e-07	0	45.3
7.0348	0.000857903	0.00720606	0.00464829	0.0422572	5.14742e-07	0	45.36
6.99735	0.000851568	0.0071527	0.00462353	0.0420321	5.10941e-07	0	45.42
6.96009	0.000845281	0.00709973	0.0045989	0.0418082	5.07169e-07	0	45.48
6.92303	0.000839041	0.00704717	0.00457441	0.0415855	5.03425e-07	0	45.54
6.88617	0.000832847	0.006995	0.00455004	0.041364	4.99708e-07	0	45.6
6.84951	0.0008267	0.00694321	0.0045258	0.0411437	4.9602e-07	0	45.66
6.81304	0.000820598	0.00689182	0.00450169	0.0409245	4.92359e-07	0	45.72
6.77676	0.000814542	0.00684081	0.00447771	0.0407065	4.88725e-07	0	45.78
6.74068	0.000808531	0.00679018	0.00445386	0.0404897	4.85119e-07	0	45.84
6.70479	0.000802565	0.00673993	0.00443014	0.040274	4.81539e-07	0	45.9
6.66909	0.000796643	0.00669006	0.00440654	0.0400595	4.77986e-07	0	45.96
6.63358	0.000790766	0.00664056	0.00438307	0.0398461	4.7446e-07	0	46.02
6.59826	0.000784932	0.00659143	0.00435972	0.0396338	4.70959e-07	0	46.08
6.56313	0.000779142	0.00654266	0.0043365	0.0394227	4.67485e-07	0	46.14
6.52818	0.000773395	0.00649427	0.0043134	0.0392127	4.64037e-07	0	46.2
6.49342	0.000767691	0.00644623	0.00429042	0.0390038	4.60614e-07	0	46.26
6.45885	0.000762029	0.00639855	0.00426757	0.0387961	4.57217e-07	0	46.32
6.42446	0.000756409	0.00635123	0.00424484	0.0385894	4.53845e-07	0	46.38
6.39025	0.000750831	0.00630427	0.00422222	0.0383839	4.50499e-07	0	46.44
6.35623	0.000745295	0.00625765	0.00419973	0.0381794	4.47177e-07	0	46.5
6.32239	0.0007398	0.00621138	0.00417736	0.037976	4.4388e-07	0	46.56
6.28872	0.000734346	0.00616546	0.00415511	0.0377737	4.40608e-07	0	46.62
6.25524	0.000728933	0.00611988	0.00413298	0.0375725	4.3736e-07	0	46.68
6.22193	0.000723559	0.00607465	0.00411096	0.0373724	4.34136e-07	0	46.74
6.1888	0.000718226	0.00602975	0.00408906	0.0371733	4.30936e-07	0	46.8
6.15585	0.000712933	0.00598518	0.00406728	0.0369753	4.2776e-07	0	46.86
6.12307	0.000707679	0.00594095	0.00404562	0.0367783	4.24607e-07	0	46.92
6.09047	0.000702464	0.00589705	0.00402407	0.0365824	4.21478e-07	0	46.98
6.05804	0.000697287	0.00585348	0.00400263	0.0363876	4.18372e-07	0	47.04
6.02579	0.00069215	0.00581023	0.00398131	0.0361937	4.1529e-07	0	47.1
5.9937	0.00068705	0.0057673	0.0039601	0.0360009	4.1223e-07	0	47.16
5.96179	0.000681989	0.0057247	0.00393901	0.0358092	4.09193e-07	0	47.22
5.93005	0.000676965	0.00568241	0.00391803	0.0356184	4.06179e-07	0	47.28
5.89847	0.000671978	0.00564044	0.00389716	0.0354287	4.03187e-07	0	47.34
5.86706	0.000667029	0.00559878	0.0038764	0.03524	4.00217e-07	0	47.4
5.83583	0.000662116	0.00555744	0.00385575	0.0350523	3.9727e-07	0	47.46
5.80475	0.00065724	0.0055164	0.00383521	0.0348656	3.94344e-07	0	47.52
5.77384	0.000652401	0.00547567	0.00381478	0.0346798	3.9144e-07	0	47.58
5.7431	0.000647597	0.00543524	0.00379446	0.0344951	3.88558e-07	0	47.64
5.71252	0.000642829	0.00539511	0.00377425	0.0343114	3.85697e-07	0	47.7
5.6821	0.000638096	0.00535529	0.00375414	0.0341286	3.82858e-07	0	47.76
5.65185	0.000633398	0.00531576	0.00373415	0.0339468	3.80039e-07	0	47.82
5.62176	0.000628736	0.00527652	0.00371426	0.033766	3.77241e-07	0	47.88
5.59182	0.000624108	0.00523758	0.00369447	0.0335861	3.74465e-07	0	47.94
5.56205	0.000619514	0.00519893	0.00367479	0.0334072	3.71709e-07	0	48
5.53243	0.000614955	0.00516056	0.00365522	0.0332293	3.68973e-07	0	48.06
5.50297	0.000610429	0.00512248	0.00363575	0.0330522	3.66257e-07	0	48.12
5.47367	0.000605937	0.00508469	0.00361638	0.0328762	3.63562e-07	0	48.18
5.44453	0.000601479	0.00504718	0.00359712	0.0327011	3.60887e-07	0	48.24
5.41554	0.000597053	0.00500994	0.00357796	0.0325269	3.58232e-07	0	48.3
5.3867	0.00059266	0.00497299	0.0035589	0.0323536	3.55596e-07	0	48.36
5.35802	0.0005883	0.00493631	0.00353994	0.0321813	3.5298e-07	0	48.42
5.32949	0.000583973	0.0048999	0.00352108	0.0320099	3.50384e-07	0	48.48
5.30111	0.000579677	0.00486376	0.00350233	0.0318393	3.47806e-07	0	48.54
5.27289	0.000575414	0.0048279	0.00348367	0.0316697	3.45248e-07	0	48.6
5.24481	0.000571182	0.0047923	0.00346512	0.031501	3.42709e-07	0	48.66
5.21688	0.000566981	0.00475696	0.00344666	0.0313332	3.40189e-07	0	48.72
5.18911	0.000562812	0.00472189	0.0034283	0.0311663	3.37687e-07	0	48.78
5.16148	0.000558673	0.00468708	0.00341004	0.0310003	3.35204e-07	0	48.84
5.13399	0.000554566	0.00465253	0.00339187	0.0308352	3.32739e-07	0	48.9
5.10666	0.000550488	0.00461824	0.0033738	0.0306709	3.30293e-07	0	48.96
5.07946	0.000546441	0.0045842	0.00335583	0.0305076	3.27865e-07	0	49.02
5.05242	0.000542424	0.00455041	0.00333796	0.0303451	3.25455e-07	0	49.08
5.02552	0.000538437	0.00451688	0.00332018	0.0301834	3.23062e-07	0	49.14
4.99876	0.00053448	0.00448359	0.00330249	0.0300226	3.20688e-07	0	49.2
4.97214	0.000530551	0.00445056	0.0032849	0.0298627	3.18331e-07	0	49.26
4.94566	0.000526652	0.00441777	0.0032674	0.0297037	3.15991e-07	0	49.32
4.91933	0.000522782	0.00438522	0.00325	0.0295454	3.13669e-07	0	49.38
4.89314	0.00051894	0.00435291	0.00323269	0.029388	3.11364e-07	0	49.44
4.86708	0.000515127	0.00432085	0.00321547	0.0292315	3.09076e-07	0	49.5
4.84117	0.000511343	0.00428902	0.00319834	0.0290758	3.06806e-07	0	49.56
4.81539	0.000507586	0.00425743	0.0031813	0.0289209	3.04552e-07	0	49.62
4.78975	0.000503857	0.00422608	0.00316436	0.0287669	3.02314e-07	0	49.68
4.76424	0.000500156	0.00419496	0.0031475	0.0286136	3.00093e-07	0	49.74
4.73888	0.000496482	0.00416407	0.00313073	0.0284612	2.97889e-07	0	49.8
4.71364	0.000492835	0.00413341	0.00311406	0.0283096	2.95701e-07	0	49.86
4.68854	0.000489216	0.00410298	0.00309747	0.0281588	2.93529e-07	0	49.92
4.66358	0.000485623	0.00407277	0.00308097	0.0280088	2.91374e-07	0	49.98
4.63875	0.000482057	0.00404279	0.00306456	0.0278596	2.89234e-07	0	50.04
4.61405	0.000478517	0.00401303	0.00304823	0.0277112	2.8711e-07	0	50.1
4.58948	0.000475004	0.00398349	0.003032	0.0275636	2.85002e-07	0	50.16
4.56504	0.000471516	0.00395417	0.00301585	0.0274168	2.8291e-07	0	50.22
4.54073	0.000468055	0.00392507	0.00299978	0.0272707	2.80833e-07	0	50.28
4.51655	0.000464619	0.00389619	0.0029838	0.0271255	2.78771e-07	0	50.34
4.4925	0.000461208	0.00386752	0.00296791	0.026981	2.76725e-07	0	50.4
4.46858	0.000457823	0.00383906	0.0029521	0.0268373	2.74694e-07	0	50.46
4.44479	0.000454462	0.00381082	0.00293637	0.0266943	2.72677e-07	0	50.52
4.42112	0.000451127	0.00378278	0.00292073	0.0265521	2.70676e-07	0	50.58
4.39758	0.000447816	0.00375495	0.00290518	0.0264107	2.6869e-07	0	50.64
4.37416	0.00044453	0.00372733	0.0028897	0.02627	2.66718e-07	0	50.7
4.35087	0.000441268	0.00369992	0.00287431	0.0261301	2.64761e-07	0	50.76
4.3277	0.00043803	0.0036727	0.002859	0.0259909	2.62818e-07	0	50.82
4.30466	0.000434817	0.00364569	0.00284377	0.0258524	2.6089e-07	0	50.88
4.28174	0.000431627	0.00361888	0.00282862	0.0257147	2.58976e-07	0	50.94
4.25894	0.00042846	0.00359227	0.00281355	0.0255777	2.57076e-07	0	51
4.23626	0.000425317	0.00356586	0.00279857	0.0254415	2.5519e-07	0	51.06
4.2137	0.000422198	0.00353964	0.00278366	0.025306	2.53319e-07	0	51.12
4.19126	0.000419101	0.00351362	0.00276883	0.0251712	2.51461e-07	0	51.18
4.16895	0.000416027	0.00348779	0.00275408	0.0250371	2.49616e-07	0	51.24
4.14675	0.000412976	0.00346215	0.00273941	0.0249037	2.47786e-07	0	51.3
4.12467	0.000409948	0.0034367	0.00272482	0.0247711	2.45969e-07	0	51.36
4.1027	0.000406942	0.00341144	0.0027103	0.0246391	2.44165e-07	0	51.42
4.08086	0.000403958	0.00338637	0.00269587	0.0245079	2.42375e-07	0	51.48
4.05913	0.000400996	0.00336148	0.00268151	0.0243773	2.40598e-07	0	51.54
4.03751	0.000398056	0.00333678	0.00266722	0.0242475	2.38834e-07	0	51.6
4.01601	0.000395138	0.00331226	0.00265302	0.0241183	2.37083e-07	0	51.66
3.99463	0.000392241	0.00328793	0.00263888	0.0239899	2.35345e-07	0	51.72
3.97336	0.000389366	0.00326377	0.00262483	0.0238621	2.3362e-07	0	51.78
3.9522	0.000386512	0.00323979	0.00261085	0.023735	2.31907e-07	0	51.84
3.93116	0.000383679	0.00321599	0.00259694	0.0236085	2.30208e-07	0	51.9
3.91022	0.000380868	0.00319237	0.00258311	0.0234828	2.28521e-07	0	51.96
3.8894	0.000378076	0.00316892	0.00256935	0.0233577	2.26846e-07	0	52.02
3.86869	0.000375306	0.00314565	0.00255566	0.0232333	2.25184e-07	0	52.08
3.84809	0.000372556	0.00312255	0.00254205	0.0231095	2.23534e-07	0	52.14
3.8276	0.000369826	0.00309962	0.00252851	0.0229864	2.21896e-07	0	52.2
3.80722	0.000367117	0.00307685	0.00251504	0.022864	2.2027e-07	0	52.26
3.78694	0.000364427	0.00305426	0.00250164	0.0227422	2.18656e-07	0	52.32
3.76678	0.000361757	0.00303184	0.00248831	0.022621	2.17054e-07	0	52.38
3.74672	0.000359107	0.00300958	0.00247506	0.0225005	2.15464e-07	0	52.44
3.72677	0.000356477	0.00298748	0.00246188	0.0223807	2.13886e-07	0	52.5
3.70693	0.000353866	0.00296555	0.00244876	0.0222615	2.1232e-07	0	52.56
3.68719	0.000351274	0.00294379	0.00243572	0.0221429	2.10765e-07	0	52.62
3.66755	0.000348702	0.00292218	0.00242274	0.0220249	2.09221e-07	0	52.68
3.64802	0.000346148	0.00290073	0.00240984	0.0219076	2.07689e-07	0	52.74
3.6286	0.000343613	0.00287944	0.002397	0.0217909	2.06168e-07	0	52.8
3.60928	0.000341097	0.00285831	0.00238423	0.0216749	2.04658e-07	0	52.86
3.59006	0.0003386	0.00283734	0.00237153	0.0215594	2.0316e-07	0	52.92
3.57094	0.000336121	0.00281652	0.0023589	0.0214446	2.01673e-07	0	52.98
3.55192	0.00033366	0.00279585	0.00234634	0.0213303	2.00196e-07	0	53.04
3.53301	0.000331218	0.00277534	0.00233384	0.0212167	1.98731e-07	0	53.1
3.5142	0.000328793	0.00275498	0.00232141	0.0211037	1.97276e-07	0	53.16
3.49548	0.000326386	0.00273477	0.00230904	0.0209913	1.95832e-07	0	53.22
3.47687	0.000323997	0.00271471	0.00229674	0.0208795	1.94398e-07	0	53.28
3.45836	0.000321626	0.0026948	0.00228451	0.0207682	1.92976e-07	0	53.34
3.43994	0.000319272	0.00267504	0.00227234	0.0206576	1.91563e-07	0	53.4
3.42162	0.000316936	0.00265542	0.00226023	0.0205476	1.90162e-07	0	53.46
3.4034	0.000314617	0.00263594	0.00224819	0.0204381	1.8877e-07	0	53.52
3.38528	0.000312315	0.00261662	0.00223622	0.0203293	1.87389e-07	0	53.58
3.36725	0.000310029	0.00259743	0.00222431	0.020221	1.86018e-07	0	53.64
3.34932	0.000307761	0.00257838	0.00221246	0.0201133	1.84657e-07	0	53.7
3.33149	0.00030551	0.00255948	0.00220067	0.0200061	1.83306e-07	0	53.76
3.31375	0.000303275	0.00254072	0.00218895	0.0198996	1.81965e-07	0	53.82
3.2961	0.000301056	0.00252209	0.00217729	0.0197936	1.80634e-07	0	53.88
3.27855	0.000298854	0.0025036	0.00216569	0.0196881	1.79312e-07	0	53.94
3.26109	0.000296668	0.00248525	0.00215416	0.0195832	1.78001e-07	0	54
3.24373	0.000294498	0.00246704	0.00214268	0.0194789	1.76699e-07	0	54.06
3.22645	0.000292344	0.00244896	0.00213127	0.0193752	1.75407e-07	0	54.12
3.20927	0.000290206	0.00243101	0.00211992	0.019272	1.74124e-07	0	54.18
3.19218	0.000288084	0.0024132	0.00210862	0.0191693	1.72851e-07	0	54.24
3.17519	0.000285978	0.00239551	0.00209739	0.0190672	1.71587e-07	0	54.3
3.15828	0.000283887	0.00237796	0.00208622	0.0189656	1.70332e-07	0	54.36
3.14146	0.000281811	0.00236054	0.00207511	0.0188646	1.69087e-07	0	54.42
3.12473	0.000279751	0.00234324	0.00206405	0.0187641	1.6785e-07	0	54.48
3.10809	0.000277706	0.00232608	0.00205306	0.0186642	1.66623e-07	0	54.54
3.09154	0.000275675	0.00230904	0.00204212	0.0185648	1.65405e-07	0	54.6
3.07508	0.00027366	0.00229212	0.00203124	0.0184659	1.64196e-07	0	54.66
3.0587	0.00027166	0.00227534	0.00202042	0.0183675	1.62996e-07	0	54.72
3.04242	0.000269674	0.00225867	0.00200966	0.0182697	1.61805e-07	0	54.78
3.02621	0.000267703	0.00224213	0.00199896	0.0181723	1.60622e-07	0	54.84
3.0101	0.000265747	0.00222571	0.00198831	0.0180755	1.59448e-07	0	54.9
2.99407	0.000263805	0.00220941	0.00197772	0.0179793	1.58283e-07	0	54.96
2.97813	0.000261877	0.00219323	0.00196718	0.0178835	1.57126e-07	0	55.02
2.96227	0.000259964	0.00217717	0.00195671	0.0177882	1.55978e-07	0	55.08
2.94649	0.000258064	0.00216123	0.00194628	0.0176935	1.54838e-07	0	55.14
2.9308	0.000256179	0.00214541	0.00193592	0.0175992	1.53707e-07	0	55.2
2.9152	0.000254307	0.0021297	0.0019256	0.0175055	1.52584e-07	0	55.26
2.89967	0.000252449	0.00211411	0.00191535	0.0174122	1.5147e-07	0	55.32
2.88423	0.000250605	0.00209864	0.00190514	0.0173195	1.50363e-07	0	55.38
2.86887	0.000248774	0.00208328	0.001895	0.0172272	1.49265e-07	0	55.44
2.8536	0.000246957	0.00206803	0.0018849	0.0171355	1.48174e-07	0	55.5
2.8384	0.000245153	0.0020529	0.00187486	0.0170442	1.47092e-07	0	55.56
2.82329	0.000243363	0.00203787	0.00186487	0.0169534	1.46018e-07	0	55.62
2.80825	0.000241586	0.00202296	0.00185494	0.0168631	1.44951e-07	0	55.68
2.7933	0.000239821	0.00200816	0.00184506	0.0167733	1.43893e-07	0	55.74
2.77842	0.00023807	0.00199346	0.00183523	0.0166839	1.42842e-07	0	55.8
2.76363	0.000236332	0.00197888	0.00182546	0.0165951	1.41799e-07	0	55.86
2.74891	0.000234606	0.0019644	0.00181573	0.0165067	1.40764e-07	0	55.92
2.73427	0.000232893	0.00195003	0.00180606	0.0164187	1.39736e-07	0	55.98
2.71971	0.000231193	0.00193576	0.00179644	0.0163313	1.38716e-07	0	56.04
2.70523	0.000229505	0.0019216	0.00178687	0.0162443	1.37703e-07	0	56.1
2.69082	0.00022783	0.00190755	0.00177735	0.0161577	1.36698e-07	0	56.16
2.67649	0.000226166	0.0018936	0.00176788	0.0160717	1.357e-07	0	56.22
2.66224	0.000224516	0.00187975	0.00175847	0.0159861	1.34709e-07	0	56.28
2.64806	0.000222877	0.001866	0.0017491	0.0159009	1.33726e-07	0	56.34
2.63396	0.00022125	0.00185236	0.00173978	0.0158162	1.3275e-07	0	56.4
2.61994	0.000219635	0.00183881	0.00173052	0.015732	1.31781e-07	0	56.46
2.60598	0.000218032	0.00182537	0.0017213	0.0156482	1.30819e-07	0	56.52
2.59211	0.000216441	0.00181202	0.00171213	0.0155648	1.29865e-07	0	56.58
2.5783	0.000214862	0.00179877	0.00170301	0.0154819	1.28917e-07	0	56.64
2.56457	0.000213294	0.00178562	0.00169394	0.0153994	1.27976e-07	0	56.7
2.55092	0.000211738	0.00177257	0.00168492	0.0153174	1.27043e-07	0	56.76
2.53733	0.000210193	0.00175961	0.00167594	0.0152358	1.26116e-07	0	56.82
2.52382	0.00020866	0.00174675	0.00166701	0.0151547	1.25196e-07	0	56.88
2.51038	0.000207137	0.00173398	0.00165813	0.0150739	1.24282e-07	0	56.94
2.49701	0.000205626	0.00172131	0.0016493	0.0149936	1.23376e-07	0	57
2.48372	0.000204126	0.00170873	0.00164052	0.0149138	1.22476e-07	0	57.06
2.47049	0.000202637	0.00169624	0.00163178	0.0148343	1.21582e-07	0	57.12
2.45733	0.000201159	0.00168384	0.00162308	0.0147553	1.20696e-07	0	57.18
2.44425	0.000199692	0.00167154	0.00161444	0.0146767	1.19815e-07	0	57.24
2.43123	0.000198236	0.00165933	0.00160584	0.0145985	1.18941e-07	0	57.3
2.41829	0.00019679	0.0016472	0.00159729	0.0145208	1.18074e-07	0	57.36
2.40541	0.000195355	0.00163517	0.00158878	0.0144434	1.17213e-07	0	57.42
2.3926	0.00019393	0.00162322	0.00158031	0.0143665	1.16358e-07	0	57.48
2.37986	0.000192516	0.00161136	0.0015719	0.01429	1.1551e-07	0	57.54
2.36718	0.000191113	0.00159959	0.00156352	0.0142138	1.14668e-07	0	57.6
2.35458	0.000189719	0.00158791	0.00155519	0.0141381	1.13832e-07	0	57.66
2.34204	0.000188336	0.00157631	0.00154691	0.0140628	1.13002e-07	0	57.72
2.32957	0.000186963	0.0015648	0.00153867	0.0139879	1.12178e-07	0	57.78
2.31716	0.0001856	0.00155337	0.00153047	0.0139134	1.1136e-07	0	57.84
2.30482	0.000184247	0.00154203	0.00152232	0.0138393	1.10548e-07	0	57.9
2.29255	0.000182904	0.00153076	0.00151421	0.0137656	1.09743e-07	0	57.96
2.28034	0.000181571	0.00151959	0.00150615	0.0136922	1.08943e-07	0	58.02
2.2682	0.000180248	0.00150849	0.00149812	0.0136193	1.08149e-07	0	58.08
2.25612	0.000178934	0.00149748	0.00149014	0.0135468	1.0736e-07	0	58.14
2.2441	0.00017763	0.00148654	0.00148221	0.0134746	1.06578e-07	0	58.2
2.23215	0.000176335	0.00147569	0.00147431	0.0134028	1.05801e-07	0	58.26
2.22027	0.00017505	0.00146492	0.00146646	0.0133314	1.0503e-07	0	58.32
2.20844	0.000173775	0.00145422	0.00145865	0.0132604	1.04265e-07	0	58.38
2.19668	0.000172509	0.00144361	0.00145088	0.0131898	1.03505e-07	0	58.44
2.18498	0.000171252	0.00143307	0.00144315	0.0131195	1.02751e-07	0	58.5
2.17335	0.000170004	0.00142261	0.00143546	0.0130496	1.02002e-07	0	58.56
2.16178	0.000168766	0.00141223	0.00142782	0.0129801	1.01259e-07	0	58.62
2.15026	0.000167536	0.00140192	0.00142021	0.012911	1.00522e-07	0	58.68
2.13881	0.000166316	0.00139169	0.00141264	0.0128422	9.97894e-08	0	58.74
2.12742	0.000165104	0.00138154	0.00140512	0.0127738	9.90625e-08	0	58.8
2.11609	0.000163902	0.00137146	0.00139764	0.0127058	9.8341e-08	0	58.86
2.10482	0.000162708	0.00136145	0.00139019	0.0126381	9.76247e-08	0	58.92
2.09362	0.000161523	0.00135152	0.00138279	0.0125708	9.69136e-08	0	58.98
2.08247	0.000160346	0.00134166	0.00137542	0.0125038	9.62078e-08	0	59.04
2.07138	0.000159179	0.00133187	0.00136809	0.0124372	9.55072e-08	0	59.1
2.06035	0.000158019	0.00132215	0.00136081	0.012371	9.48117e-08	0	59.16
2.04937	0.000156869	0.00131251	0.00135356	0.0123051	9.41213e-08	0	59.22
2.03846	0.000155727	0.00130293	0.00134635	0.0122395	9.34359e-08	0	59.28
2.02761	0.000154593	0.00129343	0.00133918	0.0121743	9.27556e-08	0	59.34
2.01681	0.000153467	0.001284	0.00133204	0.0121095	9.20802e-08	0	59.4
2.00607	0.00015235	0.00127463	0.00132495	0.012045	9.14098e-08	0	59.46
1.99538	0.000151241	0.00126534	0.00131789	0.0119808	9.07443e-08	0	59.52
1.98476	0.00015014	0.00125611	0.00131087	0.011917	9.00837e-08	0	59.58
1.97419	0.000149047	0.00124695	0.00130389	0.0118535	8.94279e-08	0	59.64
1.96368	0.000147962	0.00123786	0.00129694	0.0117904	8.8777e-08	0	59.7
1.95322	0.000146885	0.00122883	0.00129003	0.0117276	8.81308e-08	0	59.76
1.94282	0.000145816	0.00121987	0.00128316	0.0116651	8.74893e-08	0	59.82
1.93247	0.000144754	0.00121098	0.00127633	0.011603	8.68525e-08	0	59.88
1.92218	0.000143701	0.00120215	0.00126953	0.0115412	8.62204e-08	0	59.94
