S	I	R	t
300	100	0	0
290.018	106.636	3.34655	0.0333333
279.679	113.408	6.91253	0.0666667
269.155	120.199	10.646	0.1
258.504	126.953	14.5423	0.133333
247.789	133.614	18.5967	0.166667
237.07	140.127	22.8028	0.2
226.409	146.439	27.1524	0.233333
215.867	152.498	31.6358	0.266667
205.501	158.257	36.2416	0.3
195.366	163.677	40.9574	0.333333
185.511	168.72	45.7696	0.366667
175.979	173.358	50.6636	0.4
166.806	177.57	55.6243	0.433333
158.024	181.34	60.6364	0.466667
149.655	184.661	65.6841	0.5
141.716	187.532	70.7521	0.533333
134.219	189.956	75.8249	0.566667
127.167	191.945	80.888	0.6
120.562	193.511	85.9272	0.633333
114.398	194.673	90.9291	0.666667
108.666	195.453	95.8813	0.7
103.355	195.872	100.772	0.733333
98.4519	195.957	105.591	0.766667
93.9393	195.732	110.329	0.8
89.8001	195.223	114.977	0.833333
86.0161	194.457	119.527	0.866667
82.5684	193.458	123.973	0.9
79.4379	192.252	128.31	0.933333
76.6059	190.862	132.532	0.966667
74.0536	189.31	136.636	1
71.7631	187.618	140.619	1.03333
69.7169	185.806	144.478	1.06667
67.8984	183.891	148.211	1.1
66.2917	181.89	151.818	1.13333
64.8817	179.82	155.298	1.16667
63.6543	177.694	158.651	1.2
62.5961	175.526	161.878	1.23333
61.6945	173.327	164.979	1.26667
60.9379	171.107	167.955	1.3
60.3154	168.876	170.809	1.33333
59.8166	166.642	173.541	1.36667
59.4322	164.414	176.154	1.4
59.1533	162.196	178.65	1.43333
58.9718	159.996	181.032	1.46667
58.8799	157.818	183.302	1.5
58.8707	155.667	185.462	1.53333
58.9375	153.546	187.516	1.56667
59.0744	151.459	189.466	1.6
59.2755	149.409	191.316	1.63333
59.5357	147.397	193.067	1.66667
59.8501	145.427	194.723	1.7
60.2142	143.498	196.287	1.73333
60.6237	141.614	197.762	1.76667
61.0747	139.774	199.151	1.8
61.5635	137.98	200.457	1.83333
62.0867	136.231	201.682	1.86667
62.6413	134.529	202.83	1.9
63.2241	132.873	203.903	1.93333
63.8324	131.264	204.904	1.96667
64.4637	129.7	205.836	2
65.1156	128.183	206.701	2.03333
65.7856	126.712	207.503	2.06667
66.4718	125.285	208.243	2.1
67.1722	123.904	208.924	2.13333
67.8848	122.566	209.549	2.16667
68.608	121.272	210.12	2.2
69.3401	120.021	210.639	2.23333
70.0795	118.812	211.109	2.26667
70.8249	117.644	211.531	2.3
71.5748	116.517	211.908	2.33333
72.3279	115.429	212.243	2.36667
73.0831	114.381	212.536	2.4
73.8392	113.37	212.791	2.43333
74.5952	112.397	213.008	2.46667
75.35	111.46	213.19	2.5
76.1027	110.559	213.338	2.53333
76.8524	109.693	213.455	2.56667
77.5982	108.861	213.541	2.6
78.3395	108.061	213.599	2.63333
79.0754	107.294	213.63	2.66667
79.8052	106.559	213.636	2.7
80.5283	105.854	213.617	2.73333
81.2441	105.18	213.576	2.76667
81.952	104.534	213.514	2.8
82.6514	103.917	213.432	2.83333
83.3419	103.328	213.331	2.86667
84.023	102.765	213.212	2.9
84.6942	102.228	213.077	2.93333
85.3552	101.717	212.928	2.96667
86.0055	101.231	212.764	3
86.6449	100.769	212.587	3.03333
87.2729	100.33	212.397	3.06667
87.8894	99.9133	212.197	3.1
88.494	99.519	211.987	3.13333
89.0865	99.1461	211.767	3.16667
89.6666	98.794	211.539	3.2
90.2343	98.462	211.304	3.23333
90.7892	98.1495	211.061	3.26667
91.3313	97.8559	210.813	3.3
91.8603	97.5807	210.559	3.33333
92.3763	97.3233	210.3	3.36667
92.8791	97.083	210.038	3.4
93.3686	96.8594	209.772	3.43333
93.8447	96.6519	209.503	3.46667
94.3075	96.46	209.232	3.5
94.7569	96.2832	208.96	3.53333
95.1928	96.1208	208.686	3.56667
95.6154	95.9726	208.412	3.6
96.0246	95.8379	208.138	3.63333
96.4205	95.7162	207.863	3.66667
96.8031	95.6072	207.59	3.7
97.1724	95.5103	207.317	3.73333
97.5286	95.425	207.046	3.76667
97.8718	95.351	206.777	3.8
98.2021	95.2878	206.51	3.83333
98.5195	95.2349	206.246	3.86667
98.8242	95.192	205.984	3.9
99.1163	95.1585	205.725	3.93333
99.396	95.1342	205.47	3.96667
99.6635	95.1186	205.218	4
99.9189	95.1114	204.97	4.03333
100.162	95.112	204.726	4.06667
100.394	95.1202	204.486	4.1
100.614	95.1357	204.25	4.13333
100.823	95.1579	204.019	4.16667
101.021	95.1867	203.793	4.2
101.208	95.2215	203.571	4.23333
101.384	95.2622	203.354	4.26667
101.549	95.3084	203.142	4.3
101.705	95.3597	202.936	4.33333
101.85	95.4158	202.734	4.36667
101.985	95.4765	202.538	4.4
102.111	95.5414	202.347	4.43333
102.228	95.6102	202.162	4.46667
102.336	95.6827	201.982	4.5
102.435	95.7585	201.807	4.53333
102.525	95.8375	201.638	4.56667
102.607	95.9193	201.474	4.6
102.681	96.0036	201.316	4.63333
102.747	96.0904	201.163	4.66667
102.806	96.1792	201.015	4.7
102.857	96.2698	200.873	4.73333
102.901	96.3622	200.737	4.76667
102.939	96.4559	200.605	4.8
102.97	96.5509	200.479	4.83333
102.995	96.6468	200.358	4.86667
103.014	96.7436	200.243	4.9
103.027	96.841	200.132	4.93333
103.034	96.9389	200.027	4.96667
103.037	97.037	199.926	5
103.034	97.1352	199.831	5.03333
103.026	97.2334	199.74	5.06667
103.014	97.3314	199.654	5.1
102.998	97.429	199.573	5.13333
102.977	97.5261	199.496	5.16667
102.953	97.6226	199.424	5.2
102.925	97.7184	199.356	5.23333
102.894	97.8133	199.293	5.26667
102.859	97.9072	199.233	5.3
102.822	98.0001	199.178	5.33333
102.781	98.0918	199.127	5.36667
102.739	98.1822	199.079	5.4
102.693	98.2712	199.036	5.43333
102.646	98.3588	198.996	5.46667
102.596	98.4449	198.959	5.5
102.545	98.5294	198.926	5.53333
102.491	98.6123	198.896	5.56667
102.437	98.6935	198.87	5.6
102.381	98.7729	198.846	5.63333
102.324	98.8505	198.826	5.66667
102.265	98.9263	198.808	5.7
102.206	99.0002	198.793	5.73333
102.146	99.0722	198.781	5.76667
102.086	99.1423	198.772	5.8
102.025	99.2104	198.765	5.83333
101.964	99.2766	198.76	5.86667
101.902	99.3407	198.757	5.9
101.84	99.4029	198.757	5.93333
101.778	99.463	198.759	5.96667
101.717	99.5211	198.762	6
101.655	99.5772	198.768	6.03333
101.594	99.6313	198.775	6.06667
101.533	99.6834	198.784	6.1
101.472	99.7335	198.794	6.13333
101.413	99.7817	198.806	6.16667
101.353	99.8278	198.819	6.2
101.294	99.872	198.833	6.23333
101.237	99.9143	198.849	6.26667
101.179	99.9547	198.866	6.3
101.123	99.9933	198.884	6.33333
101.068	100.03	198.903	6.36667
101.013	100.065	198.922	6.4
100.96	100.098	198.943	6.43333
100.907	100.129	198.964	6.46667
100.856	100.159	198.986	6.5
100.805	100.187	199.008	6.53333
100.756	100.213	199.031	6.56667
100.708	100.237	199.054	6.6
100.661	100.26	199.078	6.63333
100.616	100.282	199.102	6.66667
100.571	100.302	199.127	6.7
100.528	100.32	199.152	6.73333
100.486	100.337	199.177	6.76667
100.445	100.353	199.202	6.8
100.406	100.367	199.227	6.83333
100.368	100.38	199.252	6.86667
100.331	100.392	199.277	6.9
100.295	100.403	199.302	6.93333
100.261	100.412	199.327	6.96667
100.228	100.42	199.352	7
100.196	100.428	199.377	7.03333
100.165	100.434	199.401	7.06667
100.135	100.439	199.426	7.1
100.107	100.443	199.45	7.13333
100.08	100.446	199.474	7.16667
100.054	100.449	199.497	7.2
100.03	100.45	199.52	7.23333
100.006	100.451	199.543	7.26667
99.9838	100.451	199.566	7.3
99.9626	100.45	199.588	7.33333
99.9424	100.448	199.609	7.36667
99.9233	100.446	199.631	7.4
99.9053	100.443	199.652	7.43333
99.8883	100.44	199.672	7.46667
99.8723	100.436	199.692	7.5
99.8574	100.431	199.711	7.53333
99.8433	100.426	199.73	7.56667
99.8303	100.421	199.749	7.6
99.8181	100.415	199.767	7.63333
99.8068	100.409	199.784	7.66667
99.7964	100.402	199.801	7.7
99.7869	100.395	199.818	7.73333
99.7781	100.388	199.834	7.76667
99.7702	100.38	199.849	7.8
99.763	100.373	199.864	7.83333
99.7565	100.365	199.879	7.86667
99.7508	100.356	199.893	7.9
99.7457	100.348	199.906	7.93333
99.7414	100.339	199.919	7.96667
99.7376	100.331	199.932	8
99.7345	100.322	199.944	8.03333
99.7319	100.313	199.955	8.06667
99.7299	100.304	199.966	8.1
99.7285	100.295	199.977	8.13333
99.7275	100.286	199.987	8.16667
99.7271	100.277	199.996	8.2
99.7271	100.268	200.005	8.23333
99.7276	100.259	200.014	8.26667
99.7285	100.249	200.022	8.3
99.7298	100.24	200.03	8.33333
99.7314	100.231	200.037	8.36667
99.7335	100.222	200.044	8.4
99.7358	100.214	200.051	8.43333
99.7385	100.205	200.057	8.46667
99.7415	100.196	200.062	8.5
99.7447	100.187	200.068	8.53333
99.7482	100.179	200.073	8.56667
99.752	100.171	200.077	8.6
99.756	100.162	200.082	8.63333
99.7601	100.154	200.086	8.66667
99.7645	100.146	200.089	8.7
99.769	100.139	200.092	8.73333
99.7737	100.131	200.095	8.76667
99.7786	100.123	200.098	8.8
99.7835	100.116	200.1	8.83333
99.7886	100.109	200.102	8.86667
99.7938	100.102	200.104	8.9
99.799	100.095	200.106	8.93333
99.8043	100.089	200.107	8.96667
99.8097	100.082	200.108	9
99.8151	100.076	200.109	9.03333
99.8206	100.07	200.11	9.06667
99.8261	100.064	200.11	9.1
99.8316	100.058	200.11	9.13333
99.8371	100.053	200.11	9.16667
99.8427	100.047	200.11	9.2
99.8482	100.042	200.11	9.23333
99.8536	100.037	200.109	9.26667
99.8591	100.032	200.109	9.3
99.8645	100.028	200.108	9.33333
99.8699	100.023	200.107	9.36667
99.8752	100.019	200.106	9.4
99.8805	100.015	200.105	9.43333
99.8857	100.011	200.103	9.46667
99.8908	100.007	200.102	9.5
99.8959	100.004	200.1	9.53333
99.9009	100	200.099	9.56667
99.9058	99.997	200.097	9.6
99.9106	99.9939	200.095	9.63333
99.9154	99.991	200.094	9.66667
99.92	99.9882	200.092	9.7
99.9246	99.9856	200.09	9.73333
99.929	99.9832	200.088	9.76667
99.9333	99.9809	200.086	9.8
99.9376	99.9787	200.084	9.83333
99.9417	99.9767	200.082	9.86667
99.9458	99.9748	200.079	9.9
99.9497	99.9731	200.077	9.93333
99.9535	99.9714	200.075	9.96667
