S	I	R	e	d	dI	f	t
300	100	0	0	0	0	0	0
295.444	107.579	-3.02333	0	0	0	0	0.015
290.544	115.628	-6.17179	0	0	0	0	0.03
285.347	124.01	-9.35616	0	0	0	0	0.045
279.86	132.65	-12.5096	0	0	0	0	0.06
274.093	141.465	-15.5583	0	0	0	0	0.075
268.063	150.359	-18.4225	0	0	0	0	0.09
261.791	159.227	-21.0185	0	0	0	0	0.105
255.303	167.959	-23.262	0	0	0	0	0.12
248.632	176.44	-25.0715	0	0	0	0	0.135
241.812	184.559	-26.3712	0	0	0	0	0.15
234.884	192.211	-27.0948	0	0	0	0	0.165
227.887	199.301	-27.1882	0	0	0	0	0.18
220.865	205.747	-26.6114	0	0	0	0	0.195
213.858	211.483	-25.3408	0	0	0	0	0.21
206.907	216.462	-23.3687	0	0	0	0	0.225
200.05	220.654	-20.7042	0	0	0	0	0.24
193.322	224.05	-17.3715	0	0	0	0	0.255
186.753	226.656	-13.4084	0	0	0	0	0.27
180.37	228.495	-8.86416	0	0	0	0	0.285
174.195	229.602	-3.79717	0	0	0	0	0.3
168.246	230.027	1.72764	0	0	0	0	0.315
162.536	229.823	7.64127	0	0	0	0	0.33
157.075	229.052	13.8729	0	0	0	0	0.345
151.868	227.78	20.3521	0	0	0	0	0.36
146.917	226.073	27.0102	0	0	0	0	0.375
142.222	223.996	33.782	0	0	0	0	0.39
137.779	221.614	40.6064	0	0	0	0	0.405
133.584	218.989	47.4275	0	0	0	0	0.42
129.629	216.177	54.1949	0	0	0	0	0.435
125.905	213.231	60.8635	0	0	0	0	0.45
122.405	210.201	67.3943	0	0	0	0	0.465
119.118	207.129	73.7532	0	0	0	0	0.48
116.033	204.056	79.9118	0	0	0	0	0.495
113.139	201.014	85.8462	0	0	0	0	0.51
110.427	198.036	91.537	0	0	0	0	0.525
107.885	195.146	96.9691	0	0	0	0	0.54
105.502	192.367	102.131	0	0	0	0	0.555
103.268	189.718	107.013	0	0	0	0	0.57
101.173	187.215	111.612	0	0	0	0	0.585
99.2074	184.87	115.922	0	0	0	0	0.6
97.3609	182.694	119.945	0	0	0	0	0.615
95.6247	180.695	123.68	0	0	0	0	0.63
93.9901	178.88	127.13	0	0	0	0	0.645
92.4488	177.251	130.3	0	0	0	0	0.66
90.9928	175.813	133.194	0	0	0	0	0.675
89.6147	174.566	135.819	0	0	0	0	0.69
88.3074	173.51	138.183	0	0	0	0	0.705
87.064	172.643	140.293	0	0	0	0	0.72
85.8784	171.963	142.159	0	0	0	0	0.735
84.7446	171.466	143.789	0	0	0	0	0.75
83.6571	171.147	145.196	0	0	0	0	0.765
82.6106	171.001	146.389	0	0	0	0	0.78
81.6006	171.02	147.38	0	0	0	0	0.795
80.6225	171.196	148.181	0	0	0	0	0.81
79.6723	171.522	148.806	0	0	0	0	0.825
78.7464	171.986	149.268	0	0	0	0	0.84
77.8415	172.578	149.581	0	0	0	0	0.855
76.9546	173.286	149.76	0	0	0	0	0.87
76.0832	174.097	149.819	0	0	0	0	0.885
75.2252	174.999	149.776	0	0	0	0	0.9
74.3787	175.975	149.646	0	0	0	0	0.915
73.5423	177.011	149.446	0	0	0	0	0.93
72.7147	178.092	149.193	0	0	0	0	0.945
71.8954	179.2	148.905	0	0	0	0	0.96
71.0837	180.318	148.598	0	0	0	0	0.975
70.2797	181.43	148.291	0	0	0	0	0.99
69.4835	182.517	147.999	0	0	0	0	1.005
68.6957	183.564	147.741	0	0	0	0	1.02
67.9169	184.552	147.531	0	0	0	0	1.035
67.1481	185.465	147.387	0	0	0	0	1.05
66.3907	186.288	147.321	0	0	0	0	1.065
65.6461	187.006	147.348	0	0	0	0	1.08
64.9157	187.604	147.48	0	0	0	0	1.095
64.2014	188.072	147.727	0	0	0	0	1.11
63.5049	188.397	148.098	0	0	0	0	1.125
62.8281	188.57	148.602	0	0	0	0	1.14
62.173	188.584	149.243	0	0	0	0	1.155
61.5415	188.433	150.025	0	0	0	0	1.17
60.9354	188.114	150.951	0	0	0	0	1.185
60.3566	187.623	152.021	0	0	0	0	1.2
59.8069	186.961	153.232	0	0	0	0	1.215
59.2879	186.129	154.583	0	0	0	0	1.23
58.8011	185.131	156.067	0	0	0	0	1.245
58.3481	183.972	157.68	0	0	0	0	1.26
57.93	182.658	159.412	0	0	0	0	1.275
57.5478	181.197	161.255	0	0	0	0	1.29
57.2026	179.598	163.199	0	0	0	0	1.305
56.8951	177.872	165.233	0	0	0	0	1.32
56.6258	176.028	167.346	0	0	0	0	1.335
56.395	174.08	169.525	0	0	0	0	1.35
56.2031	172.039	171.758	0	0	0	0	1.365
56.0499	169.918	174.032	0	0	0	0	1.38
55.9354	167.73	176.334	0	0	0	0	1.395
55.8592	165.489	178.652	0	0	0	0	1.41
55.8208	163.208	180.971	0	0	0	0	1.425
55.8196	160.899	183.281	0	0	0	0	1.44
55.8548	158.576	185.569	0	0	0	0	1.455
55.9254	156.251	187.824	0	0	0	0	1.47
56.0304	153.936	190.033	0	0	0	0	1.485
56.1687	151.644	192.188	0	0	0	0	1.5
56.3388	149.385	194.277	0	0	0	0	1.515
56.5395	147.169	196.291	0	0	0	0	1.53
56.7691	145.007	198.223	0	0	0	0	1.545
57.0262	142.909	200.065	0	0	0	0	1.56
57.3091	140.882	201.809	0	0	0	0	1.575
57.616	138.935	203.449	0	0	0	0	1.59
57.9451	137.075	204.979	0	0	0	0	1.605
58.2945	135.309	206.396	0	0	0	0	1.62
58.6624	133.643	207.695	0	0	0	0	1.635
59.0468	132.081	208.873	0	0	0	0	1.65
59.4458	130.628	209.927	0	0	0	0	1.665
59.8572	129.288	210.855	0	0	0	0	1.68
60.2791	128.064	211.657	0	0	0	0	1.695
60.7095	126.958	212.332	0	0	0	0	1.71
61.1463	125.973	212.881	0	0	0	0	1.725
61.5875	125.108	213.304	0	0	0	0	1.74
62.031	124.366	213.603	0	0	0	0	1.755
62.475	123.744	213.781	0	0	0	0	1.77
62.9174	123.243	213.84	0	0	0	0	1.785
63.3564	122.86	213.784	0	0	0	0	1.8
63.79	122.594	213.616	0	0	0	0	1.815
64.2166	122.44	213.343	0	0	0	0	1.83
64.6344	122.396	212.969	0	0	0	0	1.845
65.0417	122.457	212.501	0	0	0	0	1.86
65.4372	122.617	211.946	0	0	0	0	1.875
65.8194	122.87	211.311	0	0	0	0	1.89
66.187	123.21	210.603	0	0	0	0	1.905
66.539	123.628	209.833	0	0	0	0	1.92
66.8743	124.117	209.009	0	0	0	0	1.935
67.1921	124.667	208.141	0	0	0	0	1.95
67.4918	125.268	207.24	0	0	0	0	1.965
67.7731	125.911	206.316	0	0	0	0	1.98
68.0356	126.583	205.382	0	0	0	0	1.995
68.2792	127.273	204.448	0	0	0	0	2.01
68.5043	127.969	203.527	0	0	0	0	2.025
68.7112	128.659	202.63	0	0	0	0	2.04
68.9004	129.33	201.77	0	0	0	0	2.055
69.0729	129.969	200.958	0	0	0	0	2.07
69.2295	130.564	200.206	0	0	0	0	2.085
69.3717	131.104	199.525	0	0	0	0	2.1
69.5007	131.575	198.924	0	0	0	0	2.115
69.6181	131.968	198.414	0	0	0	0	2.13
69.7258	132.271	198.003	0	0	0	0	2.145
69.8255	132.476	197.698	0	0	0	0	2.16
69.9194	132.575	197.506	0	0	0	0	2.175
70.0094	132.56	197.431	0	0	0	0	2.19
70.0978	132.425	197.477	0	0	0	0	2.205
70.1867	132.168	197.645	0	0	0	0	2.22
70.2783	131.785	197.937	0	0	0	0	2.235
70.3748	131.276	198.35	0	0	0	0	2.25
70.4785	130.64	198.882	0	0	0	0	2.265
70.5912	129.88	199.529	0	0	0	0	2.28
70.7152	129	200.285	0	0	0	0	2.295
70.8521	128.004	201.144	0	0	0	0	2.31
71.0038	126.899	202.097	0	0	0	0	2.325
71.1719	125.692	203.136	0	0	0	0	2.34
71.3578	124.392	204.25	0	0	0	0	2.355
71.5627	123.008	205.429	0	0	0	0	2.37
71.7877	121.55	206.662	0	0	0	0	2.385
72.0337	120.029	207.937	0	0	0	0	2.4
72.3013	118.456	209.242	0	0	0	0	2.415
72.5911	116.843	210.566	0	0	0	0	2.43
72.9032	115.201	211.896	0	0	0	0	2.445
73.2378	113.542	213.22	0	0	0	0	2.46
73.5947	111.877	214.528	0	0	0	0	2.475
73.9737	110.218	215.808	0	0	0	0	2.49
74.3741	108.576	217.05	0	0	0	0	2.505
74.7954	106.961	218.244	0	0	0	0	2.52
75.2368	105.382	219.381	0	0	0	0	2.535
75.6971	103.851	220.452	0	0	0	0	2.55
76.1753	102.375	221.449	0	0	0	0	2.565
76.6701	100.964	222.366	0	0	0	0	2.58
77.18	99.6239	223.196	0	0	0	0	2.595
77.7036	98.3628	223.934	0	0	0	0	2.61
78.2392	97.1868	224.574	0	0	0	0	2.625
78.7851	96.1017	225.113	0	0	0	0	2.64
79.3394	95.1127	225.548	0	0	0	0	2.655
79.9004	94.2242	225.875	0	0	0	0	2.67
80.4659	93.4401	226.094	0	0	0	0	2.685
81.0341	92.7637	226.202	0	0	0	0	2.7
81.6028	92.1977	226.199	0	0	0	0	2.715
82.17	91.7443	226.086	0	0	0	0	2.73
82.7335	91.4049	225.862	0	0	0	0	2.745
83.2913	91.1806	225.528	0	0	0	0	2.76
83.8412	91.0717	225.087	0	0	0	0	2.775
84.3811	91.0781	224.541	0	0	0	0	2.79
84.9089	91.1989	223.892	0	0	0	0	2.805
85.4226	91.4327	223.145	0	0	0	0	2.82
85.9201	91.7774	222.302	0	0	0	0	2.835
86.3995	92.2303	221.37	0	0	0	0	2.85
86.859	92.7877	220.353	0	0	0	0	2.865
87.2968	93.4453	219.258	0	0	0	0	2.88
87.7112	94.198	218.091	0	0	0	0	2.895
88.1008	95.0398	216.859	0	0	0	0	2.91
88.4641	95.9637	215.572	0	0	0	0	2.925
88.8001	96.962	214.238	0	0	0	0	2.94
89.1077	98.0259	212.866	0	0	0	0	2.955
89.3861	99.1458	211.468	0	0	0	0	2.97
89.6348	100.311	210.054	0	0	0	0	2.985
89.8534	101.51	208.636	0	0	0	0	3
90.042	102.731	207.227	0	0	0	0	3.015
90.2007	103.961	205.839	0	0	0	0	3.03
90.3302	105.186	204.484	0	0	0	0	3.045
90.431	106.392	203.177	0	0	0	0	3.06
90.5045	107.565	201.93	0	0	0	0	3.075
90.5519	108.691	200.757	0	0	0	0	3.09
90.575	109.756	199.669	0	0	0	0	3.105
90.5755	110.746	198.678	0	0	0	0	3.12
90.5559	111.648	197.796	0	0	0	0	3.135
90.5183	112.449	197.032	0	0	0	0	3.15
90.4655	113.139	196.396	0	0	0	0	3.165
90.4002	113.706	195.893	0	0	0	0	3.18
90.3254	114.144	195.531	0	0	0	0	3.195
90.244	114.444	195.312	0	0	0	0	3.21
90.1591	114.602	195.239	0	0	0	0	3.225
90.0738	114.614	195.312	0	0	0	0	3.24
89.9912	114.479	195.529	0	0	0	0	3.255
89.9142	114.198	195.888	0	0	0	0	3.27
89.8458	113.773	196.381	0	0	0	0	3.285
89.7887	113.207	197.004	0	0	0	0	3.3
89.7455	112.508	197.747	0	0	0	0	3.315
89.7187	111.682	198.6	0	0	0	0	3.33
89.7103	110.738	199.552	0	0	0	0	3.345
89.7225	109.686	200.592	0	0	0	0	3.36
89.7568	108.537	201.707	0	0	0	0	3.375
89.8147	107.303	202.882	0	0	0	0	3.39
89.8974	105.997	204.106	0	0	0	0	3.405
90.0057	104.631	205.363	0	0	0	0	3.42
90.1403	103.219	206.641	0	0	0	0	3.435
90.3016	101.773	207.925	0	0	0	0	3.45
90.4895	100.307	209.203	0	0	0	0	3.465
90.704	98.8341	210.462	0	0	0	0	3.48
90.9447	97.366	211.689	0	0	0	0	3.495
91.2108	95.9148	212.874	0	0	0	0	3.51
91.5015	94.492	214.006	0	0	0	0	3.525
91.8158	93.1084	215.076	0	0	0	0	3.54
92.1524	91.7739	216.074	0	0	0	0	3.555
92.5098	90.4979	216.992	0	0	0	0	3.57
92.8864	89.2891	217.824	0	0	0	0	3.585
93.2806	88.1554	218.564	0	0	0	0	3.6
93.6904	87.1038	219.206	0	0	0	0	3.615
94.1138	86.141	219.745	0	0	0	0	3.63
94.5488	85.2726	220.179	0	0	0	0	3.645
94.9931	84.5039	220.503	0	0	0	0	3.66
95.4446	83.8392	220.716	0	0	0	0	3.675
95.9008	83.2825	220.817	0	0	0	0	3.69
96.3594	82.8371	220.804	0	0	0	0	3.705
96.818	82.5056	220.676	0	0	0	0	3.72
97.274	82.2904	220.436	0	0	0	0	3.735
97.7251	82.1931	220.082	0	0	0	0	3.75
98.1686	82.2147	219.617	0	0	0	0	3.765
98.6023	82.3559	219.042	0	0	0	0	3.78
99.0235	82.6166	218.36	0	0	0	0	3.795
99.4298	82.9963	217.574	0	0	0	0	3.81
99.8188	83.4937	216.687	0	0	0	0	3.825
100.188	84.1068	215.705	0	0	0	0	3.84
100.536	84.8331	214.631	0	0	0	0	3.855
100.86	85.6692	213.471	0	0	0	0	3.87
101.157	86.6106	212.232	0	0	0	0	3.885
101.427	87.6524	210.921	0	0	0	0	3.9
101.667	88.7882	209.545	0	0	0	0	3.915
101.876	90.0109	208.113	0	0	0	0	3.93
102.052	91.3122	206.636	0	0	0	0	3.945
102.194	92.6829	205.123	0	0	0	0	3.96
102.302	94.1124	203.585	0	0	0	0	3.975
102.375	95.5893	202.035	0	0	0	0	3.99
102.413	97.1009	200.486	0	0	0	0	4.005
102.415	98.6338	198.951	0	0	0	0	4.02
102.382	100.174	197.444	0	0	0	0	4.035
102.315	101.705	195.98	0	0	0	0	4.05
102.215	103.213	194.572	0	0	0	0	4.065
102.083	104.68	193.236	0	0	0	0	4.08
101.922	106.092	191.986	0	0	0	0	4.095
101.732	107.432	190.836	0	0	0	0	4.11
101.517	108.685	189.798	0	0	0	0	4.125
101.28	109.835	188.885	0	0	0	0	4.14
101.023	110.87	188.107	0	0	0	0	4.155
100.75	111.776	187.475	0	0	0	0	4.17
100.463	112.543	186.994	0	0	0	0	4.185
100.168	113.161	186.671	0	0	0	0	4.2
99.8665	113.623	186.51	0	0	0	0	4.215
99.5632	113.925	186.512	0	0	0	0	4.23
99.2616	114.062	186.677	0	0	0	0	4.245
98.9654	114.034	187.001	0	0	0	0	4.26
98.678	113.842	187.48	0	0	0	0	4.275
98.4028	113.489	188.108	0	0	0	0	4.29
98.1432	112.982	188.875	0	0	0	0	4.305
97.9019	112.327	189.772	0	0	0	0	4.32
97.6818	111.532	190.786	0	0	0	0	4.335
97.4853	110.61	191.905	0	0	0	0	4.35
97.3144	109.57	193.115	0	0	0	0	4.365
97.1711	108.427	194.402	0	0	0	0	4.38
97.0569	107.193	195.75	0	0	0	0	4.395
96.9728	105.883	197.144	0	0	0	0	4.41
96.9198	104.51	198.57	0	0	0	0	4.425
96.8983	103.091	200.011	0	0	0	0	4.44
96.9087	101.638	201.454	0	0	0	0	4.455
96.9508	100.166	202.883	0	0	0	0	4.47
97.0243	98.6888	204.287	0	0	0	0	4.485
97.1284	97.22	205.652	0	0	0	0	4.5
97.2624	95.7721	206.965	0	0	0	0	4.515
97.4251	94.357	208.218	0	0	0	0	4.53
97.6152	92.986	209.399	0	0	0	0	4.545
97.831	91.6693	210.5	0	0	0	0	4.56
98.071	90.4167	211.512	0	0	0	0	4.575
98.3332	89.237	212.43	0	0	0	0	4.59
98.6155	88.1381	213.246	0	0	0	0	4.605
98.9158	87.1273	213.957	0	0	0	0	4.62
99.2319	86.211	214.557	0	0	0	0	4.635
99.5614	85.395	215.044	0	0	0	0	4.65
99.9017	84.6844	215.414	0	0	0	0	4.665
100.25	84.0835	215.666	0	0	0	0	4.68
100.605	83.5961	215.799	0	0	0	0	4.695
100.963	83.2254	215.812	0	0	0	0	4.71
101.321	82.974	215.705	0	0	0	0	4.725
101.677	82.844	215.479	0	0	0	0	4.74
102.028	82.8368	215.135	0	0	0	0	4.755
102.371	82.9535	214.675	0	0	0	0	4.77
102.705	83.1944	214.101	0	0	0	0	4.785
103.025	83.5593	213.416	0	0	0	0	4.8
103.33	84.0474	212.623	0	0	0	0	4.815
103.616	84.6571	211.726	0	0	0	0	4.83
103.883	85.3863	210.731	0	0	0	0	4.845
104.126	86.2318	209.642	0	0	0	0	4.86
104.344	87.1899	208.466	0	0	0	0	4.875
104.535	88.2558	207.209	0	0	0	0	4.89
104.697	89.4237	205.879	0	0	0	0	4.905
104.828	90.6867	204.485	0	0	0	0	4.92
104.927	92.0371	203.036	0	0	0	0	4.935
104.991	93.4657	201.543	0	0	0	0	4.95
105.021	94.9623	200.017	0	0	0	0	4.965
105.015	96.5156	198.469	0	0	0	0	4.98
104.973	98.113	196.914	0	0	0	0	4.995
104.895	99.741	195.364	0	0	0	0	5.01
104.781	101.385	193.834	0	0	0	0	5.025
104.631	103.029	192.339	0	0	0	0	5.04
104.447	104.658	190.894	0	0	0	0	5.055
104.23	106.255	189.515	0	0	0	0	5.07
103.982	107.803	188.215	0	0	0	0	5.085
103.704	109.285	187.011	0	0	0	0	5.1
103.399	110.684	185.916	0	0	0	0	5.115
103.071	111.985	184.944	0	0	0	0	5.13
102.721	113.172	184.106	0	0	0	0	5.145
102.354	114.233	183.414	0	0	0	0	5.16
101.972	115.153	182.875	0	0	0	0	5.175
101.58	115.922	182.498	0	0	0	0	5.19
101.181	116.533	182.287	0	0	0	0	5.205
100.779	116.977	182.244	0	0	0	0	5.22
100.379	117.25	182.371	0	0	0	0	5.235
99.9829	117.351	182.666	0	0	0	0	5.25
99.5959	117.279	183.125	0	0	0	0	5.265
99.2212	117.036	183.743	0	0	0	0	5.28
98.8623	116.628	184.51	0	0	0	0	5.295
98.5223	116.06	185.418	0	0	0	0	5.31
98.2042	115.341	186.455	0	0	0	0	5.325
97.9107	114.482	187.608	0	0	0	0	5.34
97.6441	113.493	188.863	0	0	0	0	5.355
97.4065	112.387	190.207	0	0	0	0	5.37
97.1996	111.178	191.622	0	0	0	0	5.385
97.0247	109.88	193.095	0	0	0	0	5.4
96.8829	108.509	194.608	0	0	0	0	5.415
96.7749	107.078	196.147	0	0	0	0	5.43
96.701	105.604	197.695	0	0	0	0	5.445
96.6612	104.1	199.239	0	0	0	0	5.46
96.6553	102.582	200.763	0	0	0	0	5.475
96.6828	101.063	202.254	0	0	0	0	5.49
96.7428	99.5573	203.7	0	0	0	0	5.505
96.8343	98.0771	205.089	0	0	0	0	5.52
96.9559	96.6344	206.41	0	0	0	0	5.535
97.1063	95.2406	207.653	0	0	0	0	5.55
97.2836	93.9059	208.81	0	0	0	0	5.565
97.486	92.64	209.874	0	0	0	0	5.58
97.7115	91.4513	210.837	0	0	0	0	5.595
97.9579	90.3479	211.694	0	0	0	0	5.61
98.2229	89.3367	212.44	0	0	0	0	5.625
98.5042	88.4241	213.072	0	0	0	0	5.64
98.7993	87.6156	213.585	0	0	0	0	5.655
99.1056	86.916	213.978	0	0	0	0	5.67
99.4205	86.3296	214.25	0	0	0	0	5.685
99.7414	85.8599	214.399	0	0	0	0	5.7
100.065	85.5098	214.425	0	0	0	0	5.715
100.39	85.2818	214.328	0	0	0	0	5.73
100.713	85.1777	214.11	0	0	0	0	5.745
101.03	85.1986	213.771	0	0	0	0	5.76
101.34	85.3453	213.315	0	0	0	0	5.775
101.639	85.6177	212.743	0	0	0	0	5.79
101.926	86.0154	212.059	0	0	0	0	5.805
102.197	86.5372	211.266	0	0	0	0	5.82
102.449	87.181	210.37	0	0	0	0	5.835
102.681	87.9443	209.374	0	0	0	0	5.85
102.891	88.8236	208.286	0	0	0	0	5.865
103.075	89.8144	207.111	0	0	0	0	5.88
103.232	90.9115	205.857	0	0	0	0	5.895
103.36	92.1084	204.532	0	0	0	0	5.91
103.457	93.3979	203.145	0	0	0	0	5.925
103.522	94.7714	201.707	0	0	0	0	5.94
103.554	96.2192	200.227	0	0	0	0	5.955
103.551	97.7305	198.718	0	0	0	0	5.97
103.514	99.2933	197.193	0	0	0	0	5.985
103.441	100.895	195.664	0	0	0	0	6
103.333	102.52	194.147	0	0	0	0	6.015
103.191	104.155	192.654	0	0	0	0	6.03
103.014	105.783	191.203	0	0	0	0	6.045
102.804	107.389	189.807	0	0	0	0	6.06
102.563	108.955	188.482	0	0	0	0	6.075
102.293	110.464	187.243	0	0	0	0	6.09
101.995	111.901	186.104	0	0	0	0	6.105
101.672	113.247	185.08	0	0	0	0	6.12
101.328	114.489	184.184	0	0	0	0	6.135
100.964	115.611	183.425	0	0	0	0	6.15
100.585	116.599	182.816	0	0	0	0	6.165
100.194	117.443	182.363	0	0	0	0	6.18
99.7952	118.132	182.072	0	0	0	0	6.195
99.3918	118.659	181.949	0	0	0	0	6.21
98.9878	119.017	181.995	0	0	0	0	6.225
98.587	119.204	182.209	0	0	0	0	6.24
98.1933	119.217	182.589	0	0	0	0	6.255
97.8103	119.058	183.131	0	0	0	0	6.27
97.4415	118.731	183.828	0	0	0	0	6.285
97.0901	118.239	184.671	0	0	0	0	6.3
96.7592	117.591	185.649	0	0	0	0	6.315
96.4517	116.796	186.752	0	0	0	0	6.33
96.1699	115.865	187.965	0	0	0	0	6.345
95.9162	114.809	189.275	0	0	0	0	6.36
95.6924	113.641	190.667	0	0	0	0	6.375
95.5	112.375	192.125	0	0	0	0	6.39
95.3402	111.026	193.634	0	0	0	0	6.405
95.2139	109.609	195.177	0	0	0	0	6.42
95.1215	108.138	196.74	0	0	0	0	6.435
95.0635	106.629	198.307	0	0	0	0	6.45
95.0395	105.096	199.864	0	0	0	0	6.465
95.0494	103.554	201.397	0	0	0	0	6.48
95.0923	102.016	202.892	0	0	0	0	6.495
95.1675	100.495	204.337	0	0	0	0	6.51
95.2737	99.005	205.721	0	0	0	0	6.525
95.4096	97.5563	207.034	0	0	0	0	6.54
95.5736	96.1602	208.266	0	0	0	0	6.555
95.764	94.8267	209.409	0	0	0	0	6.57
95.9789	93.5651	210.456	0	0	0	0	6.585
96.2161	92.3838	211.4	0	0	0	0	6.6
96.4736	91.2903	212.236	0	0	0	0	6.615
96.7489	90.2914	212.96	0	0	0	0	6.63
97.0398	89.3931	213.567	0	0	0	0	6.645
97.3437	88.6008	214.056	0	0	0	0	6.66
97.658	87.9189	214.423	0	0	0	0	6.675
97.9802	87.3516	214.668	0	0	0	0	6.69
98.3076	86.902	214.79	0	0	0	0	6.705
98.6375	86.573	214.789	0	0	0	0	6.72
98.9673	86.3667	214.666	0	0	0	0	6.735
99.2941	86.2846	214.421	0	0	0	0	6.75
99.6154	86.3277	214.057	0	0	0	0	6.765
99.9284	86.4965	213.575	0	0	0	0	6.78
100.23	86.7907	212.979	0	0	0	0	6.795
100.519	87.2094	212.272	0	0	0	0	6.81
100.791	87.7512	211.457	0	0	0	0	6.825
101.045	88.4139	210.541	0	0	0	0	6.84
101.278	89.1944	209.527	0	0	0	0	6.855
101.488	90.0888	208.423	0	0	0	0	6.87
101.673	91.0924	207.235	0	0	0	0	6.885
101.83	92.1995	205.971	0	0	0	0	6.9
101.958	93.4034	204.638	0	0	0	0	6.915
102.056	94.6961	203.248	0	0	0	0	6.93
102.122	96.0689	201.809	0	0	0	0	6.945
102.154	97.5117	200.334	0	0	0	0	6.96
102.153	99.0132	198.834	0	0	0	0	6.975
102.118	100.561	197.321	0	0	0	0	6.99
102.048	102.142	195.81	0	0	0	0	7.005
101.943	103.742	194.315	0	0	0	0	7.02
101.805	105.345	192.85	0	0	0	0	7.035
101.633	106.936	191.43	0	0	0	0	7.05
101.43	108.499	190.071	0	0	0	0	7.065
101.197	110.016	188.788	0	0	0	0	7.08
100.935	111.47	187.594	0	0	0	0	7.095
100.648	112.847	186.505	0	0	0	0	7.11
100.337	114.129	185.534	0	0	0	0	7.125
100.005	115.302	184.693	0	0	0	0	7.14
99.6567	116.351	183.992	0	0	0	0	7.155
99.294	117.265	183.441	0	0	0	0	7.17
98.921	118.031	183.048	0	0	0	0	7.185
98.5412	118.641	182.818	0	0	0	0	7.2
98.1585	119.088	182.753	0	0	0	0	7.215
97.7765	119.367	182.856	0	0	0	0	7.23
97.3991	119.476	183.125	0	0	0	0	7.245
97.0298	119.413	183.558	0	0	0	0	7.26
96.6722	119.18	184.148	0	0	0	0	7.275
96.3298	118.782	184.888	0	0	0	0	7.29
96.0056	118.224	185.77	0	0	0	0	7.305
95.7026	117.515	186.783	0	0	0	0	7.32
95.4233	116.663	187.914	0	0	0	0	7.335
95.1703	115.679	189.15	0	0	0	0	7.35
94.9455	114.577	190.477	0	0	0	0	7.365
94.7507	113.369	191.88	0	0	0	0	7.38
94.5872	112.069	193.344	0	0	0	0	7.395
94.4562	110.691	194.853	0	0	0	0	7.41
94.3584	109.251	196.391	0	0	0	0	7.425
94.2941	107.763	197.943	0	0	0	0	7.44
94.2636	106.241	199.495	0	0	0	0	7.455
94.2667	104.702	201.032	0	0	0	0	7.47
94.3028	103.157	202.54	0	0	0	0	7.485
94.3713	101.622	204.007	0	0	0	0	7.5
94.4712	100.109	205.42	0	0	0	0	7.515
94.6012	98.629	206.77	0	0	0	0	7.53
94.76	97.1948	208.045	0	0	0	0	7.545
94.946	95.8164	209.238	0	0	0	0	7.56
95.1573	94.5036	210.339	0	0	0	0	7.575
95.3921	93.2653	211.343	0	0	0	0	7.59
95.6482	92.1096	212.242	0	0	0	0	7.605
95.9235	91.0436	213.033	0	0	0	0	7.62
96.2156	90.0741	213.71	0	0	0	0	7.635
96.5222	89.2065	214.271	0	0	0	0	7.65
96.8407	88.4462	214.713	0	0	0	0	7.665
97.1686	87.7973	215.034	0	0	0	0	7.68
97.5033	87.2637	215.233	0	0	0	0	7.695
97.8422	86.8484	215.309	0	0	0	0	7.71
98.1826	86.554	215.263	0	0	0	0	7.725
98.5218	86.3824	215.096	0	0	0	0	7.74
98.8571	86.3349	214.808	0	0	0	0	7.755
99.186	86.4125	214.402	0	0	0	0	7.77
99.5056	86.6152	213.879	0	0	0	0	7.785
99.8134	86.9426	213.244	0	0	0	0	7.8
100.107	87.3937	212.499	0	0	0	0	7.815
100.383	87.9668	211.65	0	0	0	0	7.83
100.641	88.6593	210.7	0	0	0	0	7.845
100.876	89.4679	209.656	0	0	0	0	7.86
101.088	90.3886	208.523	0	0	0	0	7.875
101.274	91.4162	207.31	0	0	0	0	7.89
101.432	92.5447	206.023	0	0	0	0	7.905
101.561	93.7672	204.672	0	0	0	0	7.92
101.659	95.0753	203.266	0	0	0	0	7.935
101.725	96.4599	201.815	0	0	0	0	7.95
101.757	97.9106	200.332	0	0	0	0	7.965
101.756	99.4158	198.828	0	0	0	0	7.98
101.72	100.963	197.317	0	0	0	0	7.995
101.65	102.539	195.812	0	0	0	0	8.01
101.546	104.128	194.327	0	0	0	0	8.025
101.408	105.716	192.877	0	0	0	0	8.04
101.237	107.286	191.477	0	0	0	0	8.055
101.036	108.822	190.142	0	0	0	0	8.07
100.805	110.308	188.887	0	0	0	0	8.085
100.546	111.727	187.727	0	0	0	0	8.1
100.263	113.062	186.675	0	0	0	0	8.115
99.9564	114.299	185.745	0	0	0	0	8.13
99.6309	115.422	184.947	0	0	0	0	8.145
99.2891	116.418	184.293	0	0	0	0	8.16
98.9344	117.275	183.791	0	0	0	0	8.175
98.5704	117.983	183.447	0	0	0	0	8.19
98.2009	118.533	183.266	0	0	0	0	8.205
97.8294	118.919	183.251	0	0	0	0	8.22
97.4599	119.137	183.403	0	0	0	0	8.235
97.0958	119.184	183.72	0	0	0	0	8.25
96.7409	119.062	184.197	0	0	0	0	8.265
96.3987	118.772	184.83	0	0	0	0	8.28
96.0723	118.319	185.609	0	0	0	0	8.295
95.765	117.709	186.526	0	0	0	0	8.31
95.4794	116.951	187.569	0	0	0	0	8.325
95.2182	116.056	188.726	0	0	0	0	8.34
94.9837	115.033	189.983	0	0	0	0	8.355
94.7776	113.896	191.326	0	0	0	0	8.37
94.6018	112.658	192.74	0	0	0	0	8.385
94.4574	111.334	194.209	0	0	0	0	8.4
94.3454	109.937	195.718	0	0	0	0	8.415
94.2665	108.482	197.251	0	0	0	0	8.43
94.221	106.985	198.794	0	0	0	0	8.445
94.2089	105.46	200.331	0	0	0	0	8.46
94.23	103.921	201.849	0	0	0	0	8.475
94.2838	102.383	203.334	0	0	0	0	8.49
94.3693	100.857	204.774	0	0	0	0	8.505
94.4856	99.3574	206.157	0	0	0	0	8.52
94.6314	97.8954	207.473	0	0	0	0	8.535
94.8053	96.4823	208.712	0	0	0	0	8.55
95.0055	95.1282	209.866	0	0	0	0	8.565
95.2303	93.8426	210.927	0	0	0	0	8.58
95.4777	92.634	211.888	0	0	0	0	8.595
95.7455	91.5103	212.744	0	0	0	0	8.61
96.0315	90.4785	213.49	0	0	0	0	8.625
96.3335	89.5448	214.122	0	0	0	0	8.64
96.6489	88.7147	214.636	0	0	0	0	8.655
96.9753	87.993	215.032	0	0	0	0	8.67
97.3102	87.3839	215.306	0	0	0	0	8.685
97.6508	86.8909	215.458	0	0	0	0	8.7
97.9947	86.517	215.488	0	0	0	0	8.715
98.339	86.2644	215.397	0	0	0	0	8.73
98.6812	86.1349	215.184	0	0	0	0	8.745
99.0186	86.1297	214.852	0	0	0	0	8.76
99.3484	86.2495	214.402	0	0	0	0	8.775
99.6681	86.4941	213.838	0	0	0	0	8.79
99.9751	86.863	213.162	0	0	0	0	8.805
100.267	87.3549	212.378	0	0	0	0	8.82
100.541	87.9678	211.492	0	0	0	0	8.835
100.794	88.6991	210.506	0	0	0	0	8.85
101.026	89.5451	209.429	0	0	0	0	8.865
101.233	90.5015	208.266	0	0	0	0	8.88
101.413	91.5629	207.024	0	0	0	0	8.895
101.565	92.7229	205.713	0	0	0	0	8.91
101.686	93.9742	204.34	0	0	0	0	8.925
101.777	95.3082	202.915	0	0	0	0	8.94
101.834	96.7154	201.45	0	0	0	0	8.955
101.858	98.1851	199.957	0	0	0	0	8.97
101.848	99.7052	198.446	0	0	0	0	8.985
101.804	101.263	196.933	0	0	0	0	9
101.725	102.845	195.43	0	0	0	0	9.015
101.612	104.435	193.953	0	0	0	0	9.03
101.466	106.019	192.515	0	0	0	0	9.045
101.287	107.58	191.133	0	0	0	0	9.06
101.078	109.102	189.82	0	0	0	0	9.075
100.84	110.567	188.593	0	0	0	0	9.09
100.575	111.961	187.464	0	0	0	0	9.105
100.285	113.266	186.448	0	0	0	0	9.12
99.9743	114.468	185.558	0	0	0	0	9.135
99.6447	115.552	184.804	0	0	0	0	9.15
99.3	116.504	184.196	0	0	0	0	9.165
98.9434	117.315	183.742	0	0	0	0	9.18
98.5786	117.973	183.449	0	0	0	0	9.195
98.2094	118.471	183.32	0	0	0	0	9.21
97.8394	118.804	183.357	0	0	0	0	9.225
97.4725	118.967	183.561	0	0	0	0	9.24
97.1122	118.96	183.928	0	0	0	0	9.255
96.7621	118.784	184.454	0	0	0	0	9.27
96.4257	118.441	185.133	0	0	0	0	9.285
96.1062	117.938	185.956	0	0	0	0	9.3
95.8065	117.281	186.913	0	0	0	0	9.315
95.5295	116.479	187.992	0	0	0	0	9.33
95.2776	115.542	189.181	0	0	0	0	9.345
95.0529	114.482	190.465	0	0	0	0	9.36
94.8572	113.313	191.83	0	0	0	0	9.375
94.6921	112.047	193.26	0	0	0	0	9.39
94.5589	110.7	194.741	0	0	0	0	9.405
94.4582	109.285	196.257	0	0	0	0	9.42
94.3908	107.817	197.792	0	0	0	0	9.435
94.3567	106.312	199.332	0	0	0	0	9.45
94.356	104.783	200.861	0	0	0	0	9.465
94.3883	103.245	202.367	0	0	0	0	9.48
94.453	101.711	203.836	0	0	0	0	9.495
94.5491	100.196	205.255	0	0	0	0	9.51
94.6755	98.7096	206.615	0	0	0	0	9.525
94.831	97.265	207.904	0	0	0	0	9.54
95.014	95.8728	209.113	0	0	0	0	9.555
95.2228	94.5427	210.235	0	0	0	0	9.57
95.4554	93.2841	211.261	0	0	0	0	9.585
95.7099	92.1052	212.185	0	0	0	0	9.6
95.9841	91.0135	213.002	0	0	0	0	9.615
96.2758	90.0158	213.708	0	0	0	0	9.63
96.5825	89.1181	214.299	0	0	0	0	9.645
96.9019	88.3257	214.772	0	0	0	0	9.66
97.2314	87.6431	215.126	0	0	0	0	9.675
97.5684	87.0744	215.357	0	0	0	0	9.69
97.9103	86.6227	215.467	0	0	0	0	9.705
98.2546	86.2909	215.455	0	0	0	0	9.72
98.5984	86.0811	215.321	0	0	0	0	9.735
98.9391	85.9949	215.066	0	0	0	0	9.75
99.2741	86.0332	214.693	0	0	0	0	9.765
99.6006	86.1964	214.203	0	0	0	0	9.78
99.9161	86.4845	213.599	0	0	0	0	9.795
100.218	86.8965	212.886	0	0	0	0	9.81
100.504	87.4309	212.065	0	0	0	0	9.825
100.771	88.0856	211.144	0	0	0	0	9.84
101.017	88.8575	210.126	0	0	0	0	9.855
101.24	89.7429	209.017	0	0	0	0	9.87
101.437	90.737	207.826	0	0	0	0	9.885
101.608	91.8342	206.558	0	0	0	0	9.9
101.749	93.0278	205.223	0	0	0	0	9.915
101.86	94.3099	203.83	0	0	0	0	9.93
101.938	95.6719	202.39	0	0	0	0	9.945
101.984	97.1036	200.912	0	0	0	0	9.96
101.996	98.594	199.41	0	0	0	0	9.975
101.974	100.131	197.895	0	0	0	0	9.99
101.917	101.701	196.382	0	0	0	0	10.005
101.825	103.29	194.885	0	0	0	0	10.02
101.7	104.883	193.417	0	0	0	0	10.035
101.542	106.464	191.995	0	0	0	0	10.05
101.351	108.016	190.632	0	0	0	0	10.065
101.131	109.524	189.345	0	0	0	0	10.08
100.882	110.971	188.147	0	0	0	0	10.095
100.607	112.34	187.053	0	0	0	0	10.11
100.308	113.615	186.077	0	0	0	0	10.125
99.9891	114.782	185.229	0	0	0	0	10.14
99.6524	115.826	184.521	0	0	0	0	10.155
99.3016	116.735	183.963	0	0	0	0	10.17
98.9401	117.499	183.561	0	0	0	0	10.185
98.5717	118.107	183.322	0	0	0	0	10.2
98.2	118.553	183.247	0	0	0	0	10.215
97.8288	118.831	183.34	0	0	0	0	10.23
97.4618	118.94	183.598	0	0	0	0	10.245
97.1027	118.879	184.019	0	0	0	0	10.26
96.755	118.648	184.597	0	0	0	0	10.275
96.422	118.253	185.325	0	0	0	0	10.29
96.107	117.699	186.194	0	0	0	0	10.305
95.8128	116.994	187.193	0	0	0	0	10.32
95.5421	116.147	188.311	0	0	0	0	10.335
95.2973	115.169	189.534	0	0	0	0	10.35
95.0804	114.072	190.847	0	0	0	0	10.365
94.8932	112.87	192.237	0	0	0	0	10.38
94.737	111.576	193.687	0	0	0	0	10.395
94.6129	110.205	195.182	0	0	0	0	10.41
94.5217	108.772	196.707	0	0	0	0	10.425
94.4639	107.29	198.246	0	0	0	0	10.44
94.4396	105.776	199.785	0	0	0	0	10.455
94.4485	104.243	201.309	0	0	0	0	10.47
94.4903	102.705	202.804	0	0	0	0	10.485
94.5642	101.177	204.259	0	0	0	0	10.5
94.6693	99.67	205.661	0	0	0	0	10.515
94.8044	98.1969	206.999	0	0	0	0	10.53
94.968	96.769	208.263	0	0	0	0	10.545
95.1586	95.3969	209.445	0	0	0	0	10.56
95.3744	94.0901	210.536	0	0	0	0	10.575
95.6134	92.8576	211.529	0	0	0	0	10.59
95.8737	91.7074	212.419	0	0	0	0	10.605
96.1529	90.6469	213.2	0	0	0	0	10.62
96.4488	89.6825	213.869	0	0	0	0	10.635
96.759	88.8199	214.421	0	0	0	0	10.65
97.0811	88.0642	214.855	0	0	0	0	10.665
97.4124	87.4198	215.168	0	0	0	0	10.68
97.7504	86.8904	215.359	0	0	0	0	10.695
98.0924	86.4792	215.428	0	0	0	0	10.71
98.4359	86.1886	215.376	0	0	0	0	10.725
98.778	86.0206	215.201	0	0	0	0	10.74
99.1162	85.9766	214.907	0	0	0	0	10.755
99.4477	86.0574	214.495	0	0	0	0	10.77
99.7699	86.2632	213.967	0	0	0	0	10.785
100.08	86.5937	213.326	0	0	0	0	10.8
100.376	87.0477	212.576	0	0	0	0	10.815
100.655	87.6235	211.722	0	0	0	0	10.83
100.914	88.3188	210.767	0	0	0	0	10.845
101.152	89.1301	209.718	0	0	0	0	10.86
101.366	90.0535	208.581	0	0	0	0	10.875
101.553	91.0839	207.363	0	0	0	0	10.89
101.713	92.2153	206.072	0	0	0	0	10.905
101.843	93.4406	204.716	0	0	0	0	10.92
101.942	94.7518	203.306	0	0	0	0	10.935
102.009	96.1396	201.851	0	0	0	0	10.95
102.043	97.5936	200.364	0	0	0	0	10.965
102.042	99.1024	198.855	0	0	0	0	10.98
102.007	100.653	197.34	0	0	0	0	10.995
101.937	102.233	195.83	0	0	0	0	11.01
101.833	103.826	194.34	0	0	0	0	11.025
101.696	105.418	192.886	0	0	0	0	11.04
101.525	106.993	191.481	0	0	0	0	11.055
101.324	108.534	190.142	0	0	0	0	11.07
101.092	110.025	188.883	0	0	0	0	11.085
100.833	111.449	187.718	0	0	0	0	11.1
100.549	112.79	186.662	0	0	0	0	11.115
100.242	114.032	185.727	0	0	0	0	11.13
99.915	115.16	184.925	0	0	0	0	11.145
99.572	116.162	184.266	0	0	0	0	11.16
99.2159	117.025	183.759	0	0	0	0	11.175
98.8505	117.738	183.411	0	0	0	0	11.19
98.4793	118.294	183.227	0	0	0	0	11.205
98.1061	118.685	183.209	0	0	0	0	11.22
97.7347	118.908	183.357	0	0	0	0	11.235
97.3687	118.961	183.671	0	0	0	0	11.25
97.0118	118.843	184.145	0	0	0	0	11.265
96.6675	118.558	184.775	0	0	0	0	11.28
96.339	118.109	185.552	0	0	0	0	11.295
96.0295	117.504	186.467	0	0	0	0	11.31
95.7418	116.75	187.508	0	0	0	0	11.325
95.4785	115.858	188.663	0	0	0	0	11.34
95.2417	114.839	189.919	0	0	0	0	11.355
95.0335	113.706	191.261	0	0	0	0	11.37
94.8555	112.471	192.673	0	0	0	0	11.385
94.709	111.15	194.141	0	0	0	0	11.4
94.5949	109.756	195.649	0	0	0	0	11.415
94.514	108.305	197.181	0	0	0	0	11.43
94.4665	106.81	198.723	0	0	0	0	11.445
94.4525	105.288	200.26	0	0	0	0	11.46
94.4716	103.752	201.777	0	0	0	0	11.475
94.5235	102.215	203.261	0	0	0	0	11.49
94.6072	100.692	204.7	0	0	0	0	11.505
94.7217	99.1951	206.083	0	0	0	0	11.52
94.8658	97.7356	207.399	0	0	0	0	11.535
95.0379	96.3249	208.637	0	0	0	0	11.55
95.2365	94.9732	209.79	0	0	0	0	11.565
95.4596	93.69	210.85	0	0	0	0	11.58
95.7054	92.4839	211.811	0	0	0	0	11.595
95.9716	91.3626	212.666	0	0	0	0	11.61
96.2561	90.3332	213.411	0	0	0	0	11.625
96.5566	89.402	214.041	0	0	0	0	11.64
96.8705	88.5743	214.555	0	0	0	0	11.655
97.1954	87.8552	214.949	0	0	0	0	11.67
97.5287	87.2486	215.223	0	0	0	0	11.685
97.8679	86.7582	215.374	0	0	0	0	11.7
98.2102	86.3869	215.403	0	0	0	0	11.715
98.553	86.137	215.31	0	0	0	0	11.73
98.8937	86.0102	215.096	0	0	0	0	11.745
99.2295	86.0078	214.763	0	0	0	0	11.76
99.5577	86.1303	214.312	0	0	0	0	11.775
99.8758	86.3779	213.746	0	0	0	0	11.79
100.181	86.7497	213.069	0	0	0	0	11.805
100.471	87.2447	212.284	0	0	0	0	11.82
100.743	87.8608	211.396	0	0	0	0	11.835
100.995	88.5953	210.409	0	0	0	0	11.85
101.225	89.4446	209.331	0	0	0	0	11.865
101.43	90.4045	208.166	0	0	0	0	11.88
101.608	91.4694	206.923	0	0	0	0	11.895
101.758	92.6332	205.609	0	0	0	0	11.91
101.877	93.8883	204.235	0	0	0	0	11.925
101.965	95.2263	202.808	0	0	0	0	11.94
102.021	96.6375	201.342	0	0	0	0	11.955
102.043	98.1113	199.846	0	0	0	0	11.97
102.03	99.6358	198.334	0	0	0	0	11.985
101.983	101.198	196.819	0	0	0	0	12
101.902	102.784	195.314	0	0	0	0	12.015
101.786	104.379	193.835	0	0	0	0	12.03
101.637	105.967	192.396	0	0	0	0	12.045
101.456	107.533	191.012	0	0	0	0	12.06
101.243	109.059	189.698	0	0	0	0	12.075
101.002	110.53	188.468	0	0	0	0	12.09
100.734	111.928	187.339	0	0	0	0	12.105
100.441	113.237	186.322	0	0	0	0	12.12
100.127	114.443	185.43	0	0	0	0	12.135
99.7944	115.531	184.675	0	0	0	0	12.15
99.4464	116.487	184.066	0	0	0	0	12.165
99.0865	117.301	183.612	0	0	0	0	12.18
98.7185	117.963	183.319	0	0	0	0	12.195
98.3459	118.464	183.19	0	0	0	0	12.21
97.9727	118.8	183.228	0	0	0	0	12.225
97.6024	118.966	183.432	0	0	0	0	12.24
97.2389	118.961	183.8	0	0	0	0	12.255
96.8856	118.787	184.327	0	0	0	0	12.27
96.546	118.446	185.008	0	0	0	0	12.285
96.2233	117.945	185.832	0	0	0	0	12.3
95.9206	117.289	186.791	0	0	0	0	12.315
95.6406	116.487	187.872	0	0	0	0	12.33
95.3857	115.552	189.063	0	0	0	0	12.345
95.1581	114.493	190.349	0	0	0	0	12.36
94.9597	113.324	191.716	0	0	0	0	12.375
94.7919	112.059	193.15	0	0	0	0	12.39
94.656	110.711	194.633	0	0	0	0	12.405
94.5528	109.296	196.151	0	0	0	0	12.42
94.4828	107.829	197.689	0	0	0	0	12.435
94.4464	106.323	199.231	0	0	0	0	12.45
94.4434	104.794	200.763	0	0	0	0	12.465
94.4734	103.256	202.271	0	0	0	0	12.48
94.5359	101.722	203.742	0	0	0	0	12.495
94.6299	100.206	205.164	0	0	0	0	12.51
94.7543	98.7203	206.525	0	0	0	0	12.525
94.9078	97.2756	207.817	0	0	0	0	12.54
95.0889	95.8832	209.028	0	0	0	0	12.555
95.2958	94.5531	210.151	0	0	0	0	12.57
95.5266	93.2944	211.179	0	0	0	0	12.585
95.7794	92.1155	212.105	0	0	0	0	12.6
96.0519	91.0239	212.924	0	0	0	0	12.615
96.3419	90.0264	213.632	0	0	0	0	12.63
96.647	89.1289	214.224	0	0	0	0	12.645
96.9648	88.3367	214.698	0	0	0	0	12.66
97.2928	87.6545	215.053	0	0	0	0	12.675
97.6283	87.0861	215.286	0	0	0	0	12.69
97.9688	86.6349	215.396	0	0	0	0	12.705
98.3115	86.3036	215.385	0	0	0	0	12.72
98.6539	86.0944	215.252	0	0	0	0	12.735
98.9932	86.0088	214.998	0	0	0	0	12.75
99.3267	86.0479	214.625	0	0	0	0	12.765
99.6519	86.2119	214.136	0	0	0	0	12.78
99.966	86.5008	213.533	0	0	0	0	12.795
100.266	86.9137	212.82	0	0	0	0	12.81
100.551	87.4492	212	0	0	0	0	12.825
100.816	88.1049	211.079	0	0	0	0	12.84
101.061	88.8779	210.061	0	0	0	0	12.855
101.283	89.7645	208.953	0	0	0	0	12.87
101.479	90.7598	207.761	0	0	0	0	12.885
101.648	91.8583	206.494	0	0	0	0	12.9
101.788	93.0532	205.159	0	0	0	0	12.915
101.897	94.3367	203.766	0	0	0	0	12.93
101.974	95.7001	202.326	0	0	0	0	12.945
102.019	97.1332	200.848	0	0	0	0	12.96
102.029	98.6251	199.346	0	0	0	0	12.975
102.005	100.163	197.831	0	0	0	0	12.99
101.947	101.735	196.318	0	0	0	0	13.005
101.854	103.325	194.821	0	0	0	0	13.02
101.727	104.92	193.353	0	0	0	0	13.035
101.567	106.502	191.931	0	0	0	0	13.05
101.376	108.056	190.569	0	0	0	0	13.065
101.154	109.565	189.281	0	0	0	0	13.08
100.903	111.013	188.084	0	0	0	0	13.095
100.627	112.383	186.99	0	0	0	0	13.11
100.327	113.659	186.014	0	0	0	0	13.125
100.006	114.827	185.167	0	0	0	0	13.14
99.668	115.872	184.46	0	0	0	0	13.155
99.3157	116.782	183.902	0	0	0	0	13.17
98.9529	117.546	183.501	0	0	0	0	13.185
98.583	118.155	183.262	0	0	0	0	13.2
98.21	118.601	183.189	0	0	0	0	13.215
97.8375	118.88	183.282	0	0	0	0	13.23
97.4692	118.989	183.542	0	0	0	0	13.245
97.1088	118.928	183.963	0	0	0	0	13.26
96.7599	118.698	184.543	0	0	0	0	13.275
96.4257	118.302	185.272	0	0	0	0	13.29
96.1096	117.748	186.142	0	0	0	0	13.305
95.8142	117.042	187.143	0	0	0	0	13.32
95.5425	116.195	188.262	0	0	0	0	13.335
95.2966	115.217	189.487	0	0	0	0	13.35
95.0787	114.12	190.802	0	0	0	0	13.365
94.8904	112.917	192.193	0	0	0	0	13.38
94.7333	111.623	193.644	0	0	0	0	13.395
94.6083	110.251	195.141	0	0	0	0	13.41
94.5163	108.817	196.667	0	0	0	0	13.425
94.4577	107.335	198.208	0	0	0	0	13.44
94.4325	105.82	199.748	0	0	0	0	13.455
94.4407	104.286	201.273	0	0	0	0	13.47
94.4817	102.748	202.77	0	0	0	0	13.485
94.5549	101.219	204.226	0	0	0	0	13.5
94.6593	99.7112	205.629	0	0	0	0	13.515
94.7937	98.2376	206.969	0	0	0	0	13.53
94.9567	96.8091	208.234	0	0	0	0	13.545
95.1467	95.4364	209.417	0	0	0	0	13.56
95.3619	94.129	210.509	0	0	0	0	13.575
95.6003	92.896	211.504	0	0	0	0	13.59
95.86	91.7454	212.395	0	0	0	0	13.605
96.1387	90.6843	213.177	0	0	0	0	13.62
96.4341	89.7194	213.846	0	0	0	0	13.635
96.7438	88.8564	214.4	0	0	0	0	13.65
97.0654	88.1003	214.834	0	0	0	0	13.665
97.3962	87.4556	215.148	0	0	0	0	13.68
97.7338	86.9258	215.34	0	0	0	0	13.695
98.0754	86.5142	215.41	0	0	0	0	13.71
98.4184	86.2234	215.358	0	0	0	0	13.725
98.7601	86.0551	215.185	0	0	0	0	13.74
99.0979	86.0109	214.891	0	0	0	0	13.755
99.429	86.0915	214.48	0	0	0	0	13.77
99.7508	86.2971	213.952	0	0	0	0	13.785
100.061	86.6274	213.312	0	0	0	0	13.8
100.356	87.0812	212.563	0	0	0	0	13.815
100.635	87.6569	211.708	0	0	0	0	13.83
100.894	88.352	210.754	0	0	0	0	13.845
101.131	89.1632	209.706	0	0	0	0	13.86
101.344	90.0865	208.569	0	0	0	0	13.875
101.532	91.1167	207.351	0	0	0	0	13.89
101.691	92.248	206.061	0	0	0	0	13.905
101.821	93.4732	204.705	0	0	0	0	13.92
101.92	94.7842	203.296	0	0	0	0	13.935
101.987	96.1719	201.841	0	0	0	0	13.95
102.02	97.6257	200.354	0	0	0	0	13.965
102.019	99.1343	198.846	0	0	0	0	13.98
101.984	100.685	197.331	0	0	0	0	13.995
101.914	102.264	195.822	0	0	0	0	14.01
101.81	103.858	194.333	0	0	0	0	14.025
101.672	105.449	192.878	0	0	0	0	14.04
101.502	107.024	191.474	0	0	0	0	14.055
101.3	108.565	190.135	0	0	0	0	14.07
101.068	110.055	188.877	0	0	0	0	14.085
100.809	111.479	187.712	0	0	0	0	14.1
100.524	112.819	186.656	0	0	0	0	14.115
100.217	114.061	185.722	0	0	0	0	14.13
99.8906	115.189	184.92	0	0	0	0	14.145
99.5475	116.19	184.262	0	0	0	0	14.16
99.1915	117.053	183.756	0	0	0	0	14.175
98.826	117.766	183.408	0	0	0	0	14.19
98.4548	118.321	183.224	0	0	0	0	14.205
98.0817	118.712	183.207	0	0	0	0	14.22
97.7103	118.934	183.356	0	0	0	0	14.235
97.3443	118.986	183.669	0	0	0	0	14.25
96.9875	118.868	184.144	0	0	0	0	14.265
96.6433	118.582	184.774	0	0	0	0	14.28
96.3149	118.133	185.552	0	0	0	0	14.295
96.0055	117.528	186.467	0	0	0	0	14.31
95.7178	116.774	187.509	0	0	0	0	14.325
95.4546	115.881	188.664	0	0	0	0	14.34
95.2179	114.862	189.92	0	0	0	0	14.355
95.0098	113.728	191.262	0	0	0	0	14.37
94.8319	112.493	192.675	0	0	0	0	14.385
94.6855	111.172	194.143	0	0	0	0	14.4
94.5715	109.777	195.651	0	0	0	0	14.415
94.4907	108.326	197.184	0	0	0	0	14.43
94.4433	106.831	198.726	0	0	0	0	14.445
94.4294	105.308	200.262	0	0	0	0	14.46
94.4486	103.772	201.78	0	0	0	0	14.475
94.5006	102.235	203.264	0	0	0	0	14.49
94.5844	100.712	204.704	0	0	0	0	14.505
94.699	99.2142	206.087	0	0	0	0	14.52
94.8431	97.7544	207.402	0	0	0	0	14.535
95.0154	96.3434	208.641	0	0	0	0	14.55
95.214	94.9915	209.795	0	0	0	0	14.565
95.4373	93.708	210.855	0	0	0	0	14.58
95.6831	92.5015	211.815	0	0	0	0	14.595
95.9495	91.38	212.671	0	0	0	0	14.61
96.234	90.3504	213.416	0	0	0	0	14.625
96.5346	89.4188	214.047	0	0	0	0	14.64
96.8485	88.5909	214.561	0	0	0	0	14.655
97.1735	87.8715	214.955	0	0	0	0	14.67
97.507	87.2647	215.228	0	0	0	0	14.685
97.8462	86.774	215.38	0	0	0	0	14.7
98.1886	86.4024	215.409	0	0	0	0	14.715
98.5316	86.1522	215.316	0	0	0	0	14.73
98.8723	86.0252	215.103	0	0	0	0	14.745
99.2082	86.0225	214.769	0	0	0	0	14.76
99.5366	86.1447	214.319	0	0	0	0	14.775
99.8548	86.392	213.753	0	0	0	0	14.79
100.16	86.7635	213.076	0	0	0	0	14.805
100.45	87.2582	212.291	0	0	0	0	14.82
100.723	87.874	211.403	0	0	0	0	14.835
100.975	88.6082	210.417	0	0	0	0	14.85
101.204	89.4572	209.338	0	0	0	0	14.865
101.409	90.4167	208.174	0	0	0	0	14.88
101.588	91.4814	206.931	0	0	0	0	14.895
101.738	92.6447	205.618	0	0	0	0	14.91
101.857	93.8995	204.243	0	0	0	0	14.925
101.946	95.2371	202.817	0	0	0	0	14.94
102.001	96.648	201.351	0	0	0	0	14.955
102.023	98.1214	199.855	0	0	0	0	14.97
102.011	99.6454	198.344	0	0	0	0	14.985
