S	I	R	e	d	dI	f	t
380	20	0	0.044	0.04	0.2	0	0
379.244	20.359	0.201065	0.0439784	0.0399804	0.20359	0	0.01
378.474	20.7243	0.40472	0.0439563	0.0399603	0.207243	0	0.02
377.692	21.0949	0.611007	0.0439338	0.0399398	0.210949	0	0.03
376.899	21.4709	0.819965	0.0439108	0.0399189	0.214709	0	0.04
376.093	21.8523	1.03163	0.0438875	0.0398977	0.218523	0	0.05
375.276	22.2391	1.24605	0.0438637	0.0398761	0.222391	0	0.06
374.446	22.6313	1.46326	0.0438395	0.0398541	0.226313	0	0.07
373.605	23.029	1.68331	0.0438149	0.0398317	0.23029	0	0.08
372.751	23.4322	1.90622	0.0437898	0.0398089	0.234322	0	0.09
371.884	23.841	2.13205	0.0437643	0.0397857	0.23841	0	0.1
371.005	24.2552	2.36083	0.0437383	0.0397621	0.242552	0	0.11
370.113	24.6751	2.5926	0.0437119	0.0397381	0.246751	0	0.12
369.208	25.1005	2.8274	0.043685	0.0397136	0.251005	0	0.13
368.291	25.5314	3.06528	0.0436576	0.0396887	0.255314	0	0.14
367.36	25.968	3.30627	0.0436298	0.0396634	0.25968	0	0.15
366.416	26.4102	3.55041	0.0436014	0.0396377	0.264102	0	0.16
365.459	26.858	3.79775	0.0435726	0.0396115	0.26858	0	0.17
364.488	27.3113	4.04832	0.0435433	0.0395848	0.273113	0	0.18
363.505	27.7703	4.30216	0.0435135	0.0395577	0.277703	0	0.19
362.507	28.2349	4.55932	0.0434832	0.0395301	0.282349	0	0.2
361.496	28.7051	4.81982	0.0434523	0.0395021	0.287051	0	0.21
360.471	29.1809	5.08372	0.043421	0.0394736	0.291809	0	0.22
359.433	29.6623	5.35104	0.0433891	0.0394446	0.296623	0	0.23
358.38	30.1493	5.62183	0.0433567	0.0394152	0.301493	0	0.24
357.314	30.6417	5.89612	0.0433237	0.0393852	0.306417	0	0.25
356.234	31.1397	6.17396	0.0432902	0.0393547	0.311397	0	0.26
355.139	31.6432	6.45537	0.0432562	0.0393238	0.316432	0	0.27
354.031	32.1522	6.7404	0.0432216	0.0392923	0.321522	0	0.28
352.908	32.6666	7.02907	0.0431864	0.0392604	0.326666	0	0.29
351.771	33.1864	7.32144	0.0431507	0.0392279	0.331864	0	0.3
350.62	33.7115	7.61752	0.0431144	0.0391949	0.337115	0	0.31
349.454	34.2419	7.91737	0.0430775	0.0391613	0.342419	0	0.32
348.274	34.7776	8.221	0.04304	0.0391273	0.347776	0	0.33
347.079	35.3186	8.52845	0.0430019	0.0390926	0.353186	0	0.34
345.871	35.8646	8.83975	0.0429632	0.0390575	0.358646	0	0.35
344.647	36.4157	9.15495	0.042924	0.0390218	0.364157	0	0.36
343.409	36.9719	9.47405	0.0428841	0.0389855	0.369719	0	0.37
342.157	37.533	9.79711	0.0428436	0.0389487	0.37533	0	0.38
340.89	38.0989	10.1241	0.0428025	0.0389114	0.380989	0	0.39
339.609	38.6697	10.4552	0.0427607	0.0388734	0.386697	0	0.4
338.314	39.2451	10.7902	0.0427184	0.0388349	0.392451	0	0.41
337.003	39.8252	11.1294	0.0426754	0.0387958	0.398252	0	0.42
335.679	40.4097	11.4726	0.0426317	0.0387561	0.404097	0	0.43
334.34	40.9987	11.8199	0.0425874	0.0387159	0.409987	0	0.44
332.987	41.592	12.1713	0.0425425	0.038675	0.41592	0	0.45
331.619	42.1895	12.5269	0.0424969	0.0386335	0.421895	0	0.46
330.237	42.7911	12.8866	0.0424506	0.0385915	0.427911	0	0.47
328.841	43.3967	13.2506	0.0424037	0.0385488	0.433967	0	0.48
327.431	44.0061	13.6187	0.0423561	0.0385056	0.440061	0	0.49
326.007	44.6192	13.9911	0.0423079	0.0384617	0.446192	0	0.5
324.569	45.2359	14.3677	0.0422589	0.0384172	0.452359	0	0.51
323.117	45.856	14.7486	0.0422093	0.0383721	0.45856	0	0.52
321.651	46.4794	15.1337	0.042159	0.0383264	0.464794	0	0.53
320.171	47.106	15.5231	0.042108	0.03828	0.47106	0	0.54
318.678	47.7355	15.9168	0.0420563	0.038233	0.477355	0	0.55
317.172	48.3679	16.3147	0.042004	0.0381854	0.483679	0	0.56
315.652	49.003	16.717	0.0419509	0.0381372	0.49003	0	0.57
314.119	49.6405	17.1236	0.0418971	0.0380883	0.496405	0	0.58
312.573	50.2803	17.5344	0.0418427	0.0380388	0.502803	0	0.59
311.014	50.9223	17.9496	0.0417875	0.0379886	0.509223	0	0.6
309.443	51.5662	18.3691	0.0417316	0.0379378	0.515662	0	0.61
307.859	52.2119	18.7928	0.041675	0.0378863	0.522119	0	0.62
306.262	52.8592	19.2209	0.0416177	0.0378342	0.528592	0	0.63
304.654	53.5078	19.6533	0.0415597	0.0377815	0.535078	0	0.64
303.034	54.1576	20.0899	0.0415009	0.0377281	0.541576	0	0.65
301.401	54.8084	20.5308	0.0414415	0.0376741	0.548084	0	0.66
299.758	55.4599	20.9759	0.0413813	0.0376194	0.554599	0	0.67
298.103	56.1119	21.4253	0.0413204	0.037564	0.561119	0	0.68
296.437	56.7642	21.8789	0.0412588	0.037508	0.567642	0	0.69
294.76	57.4166	22.3367	0.0411965	0.0374513	0.574166	0	0.7
293.073	58.0689	22.7987	0.0411334	0.037394	0.580689	0	0.71
291.375	58.7208	23.2648	0.0410697	0.0373361	0.587208	0	0.72
289.667	59.3721	23.7351	0.0410052	0.0372774	0.593721	0	0.73
287.95	60.0225	24.2095	0.04094	0.0372182	0.600225	0	0.74
286.223	60.6719	24.6879	0.0408741	0.0371583	0.606719	0	0.75
284.487	61.3199	25.1704	0.0408075	0.0370977	0.613199	0	0.76
282.742	61.9663	25.6569	0.0407401	0.0370365	0.619663	0	0.77
280.988	62.6109	26.1474	0.0406721	0.0369746	0.626109	0	0.78
279.226	63.2534	26.6417	0.0406033	0.0369121	0.632534	0	0.79
277.456	63.8936	27.14	0.0405339	0.036849	0.638936	0	0.8
275.678	64.5312	27.6421	0.0404637	0.0367852	0.645312	0	0.81
273.893	65.166	28.148	0.0403928	0.0367207	0.65166	0	0.82
272.101	65.7976	28.6577	0.0403212	0.0366557	0.657976	0	0.83
270.303	66.4259	29.171	0.040249	0.03659	0.664259	0	0.84
268.498	67.0506	29.688	0.040176	0.0365237	0.670506	0	0.85
266.687	67.6714	30.2086	0.0401024	0.0364567	0.676714	0	0.86
264.871	68.288	30.7327	0.0400281	0.0363892	0.68288	0	0.87
263.049	68.9002	31.2603	0.0399531	0.036321	0.689002	0	0.88
261.223	69.5078	31.7912	0.0398774	0.0362522	0.695078	0	0.89
259.392	70.1104	32.3256	0.0398011	0.0361828	0.701104	0	0.9
257.557	70.7078	32.8631	0.0397241	0.0361128	0.707078	0	0.91
255.718	71.2998	33.4039	0.0396464	0.0360422	0.712998	0	0.92
253.876	71.8861	33.9479	0.0395681	0.035971	0.718861	0	0.93
252.031	72.4664	34.4948	0.0394892	0.0358993	0.724664	0	0.94
250.184	73.0405	35.0448	0.0394096	0.0358269	0.730405	0	0.95
248.334	73.6082	35.5977	0.0393294	0.035754	0.736082	0	0.96
246.483	74.1691	36.1534	0.0392486	0.0356805	0.741691	0	0.97
244.63	74.723	36.7118	0.0391671	0.0356065	0.74723	0	0.98
242.776	75.2698	37.2729	0.0390851	0.0355319	0.752698	0	0.99
240.922	75.8091	37.8365	0.0390024	0.0354567	0.758091	0	1
239.067	76.3407	38.4027	0.0389192	0.0353811	0.763407	0	1.01
237.213	76.8644	38.9712	0.0388354	0.0353049	0.768644	0	1.02
235.36	77.3799	39.542	0.038751	0.0352281	0.773799	0	1.03
233.507	77.8871	40.115	0.038666	0.0351509	0.778871	0	1.04
231.656	78.3857	40.6902	0.0385805	0.0350732	0.783857	0	1.05
229.807	78.8754	41.2673	0.0384944	0.0349949	0.788754	0	1.06
227.959	79.3562	41.8464	0.0384078	0.0349162	0.793562	0	1.07
226.115	79.8277	42.4272	0.0383207	0.034837	0.798277	0	1.08
224.274	80.2897	43.0098	0.0382331	0.0347573	0.802897	0	1.09
222.436	80.7422	43.594	0.0381449	0.0346772	0.807422	0	1.1
220.602	81.1848	44.1797	0.0380563	0.0345966	0.811848	0	1.11
218.772	81.6175	44.7668	0.0379672	0.0345156	0.816175	0	1.12
216.946	82.04	45.3551	0.0378776	0.0344342	0.8204	0	1.13
215.126	82.4521	45.9447	0.0377875	0.0343523	0.824521	0	1.14
213.311	82.8538	46.5353	0.037697	0.03427	0.828538	0	1.15
211.502	83.2447	47.1269	0.0376061	0.0341873	0.832447	0	1.16
209.699	83.6249	47.7193	0.0375147	0.0341043	0.836249	0	1.17
207.902	83.9941	48.3125	0.0374229	0.0340208	0.839941	0	1.18
206.112	84.3523	48.9062	0.0373307	0.033937	0.843523	0	1.19
204.329	84.6992	49.5005	0.0372382	0.0338529	0.846992	0	1.2
202.554	85.0348	50.0952	0.0371452	0.0337684	0.850348	0	1.21
200.786	85.359	50.6901	0.0370519	0.0336835	0.85359	0	1.22
199.027	85.6716	51.2852	0.0369582	0.0335984	0.856716	0	1.23
197.276	85.9726	51.8804	0.0368642	0.0335129	0.859726	0	1.24
195.534	86.2618	52.4754	0.0367699	0.0334272	0.862618	0	1.25
193.802	86.5392	53.0703	0.0366752	0.0333411	0.865392	0	1.26
192.078	86.8048	53.6649	0.0365803	0.0332548	0.868048	0	1.27
190.365	87.0584	54.259	0.0364851	0.0331682	0.870584	0	1.28
188.662	87.3	54.8526	0.0363896	0.0330814	0.873	0	1.29
186.968	87.5295	55.4456	0.0362938	0.0329943	0.875295	0	1.3
185.286	87.7469	56.0377	0.0361978	0.0329071	0.877469	0	1.31
183.614	87.9523	56.629	0.0361015	0.0328196	0.879523	0	1.32
181.954	88.1454	57.2193	0.036005	0.0327318	0.881454	0	1.33
180.305	88.3264	57.8084	0.0359083	0.032644	0.883264	0	1.34
178.667	88.4952	58.3963	0.0358115	0.0325559	0.884952	0	1.35
177.042	88.6519	58.9828	0.0357144	0.0324676	0.886519	0	1.36
175.428	88.7964	59.5679	0.0356172	0.0323793	0.887964	0	1.37
173.827	88.9287	60.1513	0.0355198	0.0322907	0.889287	0	1.38
172.239	89.0489	60.7331	0.0354223	0.0322021	0.890489	0	1.39
170.663	89.1569	61.3131	0.0353246	0.0321133	0.891569	0	1.4
169.1	89.2529	61.8911	0.0352269	0.0320244	0.892529	0	1.41
167.551	89.3369	62.4671	0.035129	0.0319355	0.893369	0	1.42
166.014	89.409	63.041	0.0350311	0.0318464	0.89409	0	1.43
164.491	89.4691	63.6126	0.034933	0.0317573	0.894691	0	1.44
162.982	89.5173	64.1818	0.0348349	0.0316681	0.895173	0	1.45
161.487	89.5538	64.7486	0.0347368	0.0315789	0.895538	0	1.46
160.005	89.5786	65.3129	0.0346386	0.0314897	0.895786	0	1.47
158.538	89.5917	65.8744	0.0345404	0.0314004	0.895917	0	1.48
157.085	89.5934	66.4332	0.0344422	0.0313111	0.895934	0	1.49
155.646	89.5836	66.9891	0.034344	0.0312218	0.895836	0	1.5
154.221	89.5625	67.542	0.0342458	0.0311326	0.895625	0	1.51
152.811	89.5302	68.0918	0.0341477	0.0310433	0.895302	0	1.52
151.416	89.4868	68.6385	0.0340496	0.0309541	0.894868	0	1.53
150.036	89.4324	69.1819	0.0339515	0.030865	0.894324	0	1.54
148.67	89.3672	69.722	0.0338535	0.0307759	0.893672	0	1.55
147.319	89.2912	70.2586	0.0337556	0.0306869	0.892912	0	1.56
145.983	89.2046	70.7917	0.0336577	0.0305979	0.892046	0	1.57
144.662	89.1076	71.3212	0.03356	0.0305091	0.891076	0	1.58
143.356	89.0003	71.847	0.0334623	0.0304203	0.890003	0	1.59
142.065	88.8828	72.369	0.0333648	0.0303317	0.888828	0	1.6
140.789	88.7553	72.8871	0.0332674	0.0302431	0.887553	0	1.61
139.528	88.6179	73.4012	0.0331702	0.0301547	0.886179	0	1.62
138.283	88.4709	73.9113	0.0330731	0.0300665	0.884709	0	1.63
137.052	88.3142	74.4174	0.0329762	0.0299784	0.883142	0	1.64
135.837	88.1483	74.9192	0.0328795	0.0298904	0.881483	0	1.65
134.637	87.9731	75.4168	0.0327829	0.0298027	0.879731	0	1.66
133.452	87.7889	75.9101	0.0326866	0.0297151	0.877889	0	1.67
132.282	87.5958	76.399	0.0325904	0.0296277	0.875958	0	1.68
131.127	87.394	76.8835	0.0324945	0.0295404	0.87394	0	1.69
129.987	87.1837	77.3634	0.0323988	0.0294534	0.871837	0	1.7
128.863	86.965	77.8387	0.0323033	0.0293666	0.86965	0	1.71
127.753	86.7382	78.3095	0.0322081	0.0292801	0.867382	0	1.72
126.658	86.5034	78.7755	0.0321131	0.0291937	0.865034	0	1.73
125.578	86.2608	79.2368	0.0320184	0.0291076	0.862608	0	1.74
124.514	86.0106	79.6933	0.0319239	0.0290217	0.860106	0	1.75
123.463	85.753	80.1449	0.0318297	0.0289361	0.85753	0	1.76
122.428	85.4881	80.5916	0.0317359	0.0288508	0.854881	0	1.77
121.407	85.2162	81.0334	0.0316423	0.0287657	0.852162	0	1.78
120.401	84.9374	81.4702	0.031549	0.0286809	0.849374	0	1.79
119.41	84.6519	81.902	0.031456	0.0285964	0.846519	0	1.8
118.433	84.3599	82.3287	0.0313633	0.0285121	0.843599	0	1.81
117.47	84.0616	82.7502	0.031271	0.0284282	0.840616	0	1.82
116.521	83.7572	83.1667	0.031179	0.0283445	0.837572	0	1.83
115.587	83.4468	83.5779	0.0310873	0.0282612	0.834468	0	1.84
114.667	83.1306	83.984	0.030996	0.0281781	0.831306	0	1.85
113.761	82.8089	84.3847	0.030905	0.0280954	0.828089	0	1.86
112.868	82.4818	84.7803	0.0308143	0.028013	0.824818	0	1.87
111.99	82.1495	85.1705	0.0307241	0.027931	0.821495	0	1.88
111.125	81.8121	85.5554	0.0306342	0.0278492	0.818121	0	1.89
110.274	81.4699	85.9349	0.0305446	0.0277679	0.814699	0	1.9
109.436	81.123	86.3091	0.0304555	0.0276868	0.81123	0	1.91
108.612	80.7717	86.6779	0.0303667	0.0276061	0.807717	0	1.92
107.8	80.416	87.0413	0.0302783	0.0275258	0.80416	0	1.93
107.002	80.0561	87.3993	0.0301904	0.0274458	0.800561	0	1.94
106.217	79.6923	87.7519	0.0301028	0.0273662	0.796923	0	1.95
105.445	79.3247	88.099	0.0300156	0.0272869	0.793247	0	1.96
104.686	78.9535	88.4406	0.0299288	0.027208	0.789535	0	1.97
103.939	78.5787	88.7769	0.0298424	0.0271295	0.785787	0	1.98
103.205	78.2007	89.1076	0.0297565	0.0270513	0.782007	0	1.99
102.483	77.8196	89.4329	0.0296709	0.0269736	0.778196	0	2
101.774	77.4354	89.7527	0.0295858	0.0268962	0.774354	0	2.01
101.076	77.0485	90.067	0.0295011	0.0268192	0.770485	0	2.02
100.391	76.6589	90.3759	0.0294168	0.0267425	0.766589	0	2.03
99.7173	76.2667	90.6793	0.029333	0.0266663	0.762667	0	2.04
99.0555	75.8722	90.9772	0.0292495	0.0265905	0.758722	0	2.05
98.4053	75.4755	91.2696	0.0291666	0.0265151	0.754755	0	2.06
97.7667	75.0768	91.5566	0.029084	0.02644	0.750768	0	2.07
97.1394	74.6761	91.8382	0.0290019	0.0263654	0.746761	0	2.08
96.5233	74.2736	92.1143	0.0289202	0.0262911	0.742736	0	2.09
95.9183	73.8695	92.385	0.028839	0.0262173	0.738695	0	2.1
95.3243	73.4639	92.6503	0.0287582	0.0261439	0.734639	0	2.11
94.7411	73.0569	92.9102	0.0286779	0.0260708	0.730569	0	2.12
94.1686	72.6487	93.1646	0.028598	0.0259982	0.726487	0	2.13
93.6067	72.2394	93.4138	0.0285186	0.025926	0.722394	0	2.14
93.0552	71.8291	93.6575	0.0284396	0.0258542	0.718291	0	2.15
92.514	71.4179	93.8959	0.0283611	0.0257828	0.714179	0	2.16
91.983	71.006	94.129	0.028283	0.0257118	0.71006	0	2.17
91.462	70.5934	94.3568	0.0282053	0.0256412	0.705934	0	2.18
90.9509	70.1804	94.5793	0.0281282	0.0255711	0.701804	0	2.19
90.4495	69.7669	94.7966	0.0280514	0.0255013	0.697669	0	2.2
89.9579	69.3532	95.0086	0.0279752	0.025432	0.693532	0	2.21
89.4757	68.9393	95.2154	0.0278994	0.025363	0.689393	0	2.22
89.0029	68.5254	95.4171	0.027824	0.0252945	0.685254	0	2.23
88.5394	68.1114	95.6136	0.0277491	0.0252264	0.681114	0	2.24
88.0851	67.6976	95.8049	0.0276746	0.0251588	0.676976	0	2.25
87.6397	67.284	95.9912	0.0276006	0.0250915	0.67284	0	2.26
87.2032	66.8707	96.1723	0.0275271	0.0250246	0.668707	0	2.27
86.7755	66.4579	96.3485	0.027454	0.0249582	0.664579	0	2.28
86.3563	66.0456	96.5196	0.0273814	0.0248921	0.660456	0	2.29
85.9457	65.6338	96.6857	0.0273092	0.0248265	0.656338	0	2.3
85.5435	65.2227	96.8469	0.0272374	0.0247613	0.652227	0	2.31
85.1496	64.8124	97.0032	0.0271662	0.0246965	0.648124	0	2.32
84.7638	64.4029	97.1546	0.0270953	0.0246321	0.644029	0	2.33
84.386	63.9943	97.3011	0.027025	0.0245681	0.639943	0	2.34
84.0161	63.5867	97.4428	0.026955	0.0245046	0.635867	0	2.35
83.654	63.1802	97.5797	0.0268855	0.0244414	0.631802	0	2.36
83.2996	62.7748	97.7119	0.0268165	0.0243786	0.627748	0	2.37
82.9527	62.3706	97.8393	0.0267479	0.0243163	0.623706	0	2.38
82.6133	61.9677	97.9621	0.0266797	0.0242543	0.619677	0	2.39
82.2812	61.5661	98.0803	0.026612	0.0241928	0.615661	0	2.4
81.9564	61.1659	98.1938	0.0265448	0.0241316	0.611659	0	2.41
81.6386	60.7671	98.3028	0.0264779	0.0240709	0.607671	0	2.42
81.3278	60.3699	98.4072	0.0264115	0.0240105	0.603699	0	2.43
81.0239	59.9742	98.5072	0.0263456	0.0239505	0.599742	0	2.44
80.7268	59.5801	98.6027	0.0262801	0.023891	0.595801	0	2.45
80.4364	59.1877	98.6938	0.026215	0.0238318	0.591877	0	2.46
80.1525	58.797	98.7805	0.0261503	0.023773	0.58797	0	2.47
79.8751	58.4081	98.8629	0.0260861	0.0237146	0.584081	0	2.48
79.6041	58.0209	98.941	0.0260223	0.0236566	0.580209	0	2.49
79.3393	57.6357	99.0149	0.0259589	0.023599	0.576357	0	2.5
79.0807	57.2523	99.0845	0.0258959	0.0235417	0.572523	0	2.51
78.8281	56.8708	99.15	0.0258334	0.0234849	0.568708	0	2.52
78.5815	56.4913	99.2113	0.0257713	0.0234284	0.564913	0	2.53
78.3408	56.1139	99.2685	0.0257096	0.0233723	0.561139	0	2.54
78.1058	55.7384	99.3217	0.0256483	0.0233166	0.557384	0	2.55
77.8766	55.3651	99.3709	0.0255874	0.0232613	0.553651	0	2.56
77.6529	54.9938	99.4161	0.0255269	0.0232063	0.549938	0	2.57
77.4346	54.6247	99.4574	0.0254668	0.0231517	0.546247	0	2.58
77.2218	54.2577	99.4948	0.0254072	0.0230974	0.542577	0	2.59
77.0143	53.893	99.5284	0.0253479	0.0230436	0.53893	0	2.6
76.812	53.5304	99.5581	0.0252891	0.0229901	0.535304	0	2.61
76.6148	53.1701	99.5841	0.0252306	0.0229369	0.531701	0	2.62
76.4227	52.812	99.6064	0.0251725	0.0228841	0.52812	0	2.63
76.2356	52.4563	99.625	0.0251149	0.0228317	0.524563	0	2.64
76.0533	52.1028	99.64	0.0250576	0.0227796	0.521028	0	2.65
75.8758	51.7517	99.6514	0.0250007	0.0227279	0.517517	0	2.66
75.703	51.4029	99.6592	0.0249442	0.0226765	0.514029	0	2.67
75.5348	51.0564	99.6635	0.024888	0.0226255	0.510564	0	2.68
75.3712	50.7123	99.6644	0.0248323	0.0225748	0.507123	0	2.69
75.2121	50.3707	99.6618	0.0247769	0.0225245	0.503707	0	2.7
75.0574	50.0314	99.6558	0.0247219	0.0224745	0.500314	0	2.71
74.9069	49.6945	99.6465	0.0246673	0.0224248	0.496945	0	2.72
74.7607	49.36	99.6339	0.024613	0.0223755	0.4936	0	2.73
74.6187	49.028	99.618	0.0245591	0.0223265	0.49028	0	2.74
74.4808	48.6984	99.5989	0.0245056	0.0222778	0.486984	0	2.75
74.3468	48.3712	99.5766	0.0244524	0.0222295	0.483712	0	2.76
74.2169	48.0465	99.5512	0.0243996	0.0221815	0.480465	0	2.77
74.0908	47.7242	99.5226	0.0243471	0.0221338	0.477242	0	2.78
73.9685	47.4045	99.491	0.024295	0.0220864	0.474045	0	2.79
73.8499	47.0871	99.4564	0.0242433	0.0220394	0.470871	0	2.8
73.7351	46.7723	99.4189	0.0241919	0.0219926	0.467723	0	2.81
73.6238	46.4599	99.3783	0.0241408	0.0219462	0.464599	0	2.82
73.516	46.15	99.3349	0.0240901	0.0219001	0.4615	0	2.83
73.4118	45.8425	99.2886	0.0240397	0.0218543	0.458425	0	2.84
73.3109	45.5376	99.2395	0.0239897	0.0218088	0.455376	0	2.85
73.2134	45.2351	99.1876	0.02394	0.0217636	0.452351	0	2.86
73.1192	44.935	99.133	0.0238906	0.0217187	0.44935	0	2.87
73.0282	44.6375	99.0756	0.0238415	0.0216741	0.446375	0	2.88
72.9403	44.3424	99.0156	0.0237928	0.0216298	0.443424	0	2.89
72.8556	44.0497	98.9529	0.0237444	0.0215858	0.440497	0	2.9
72.7739	43.7595	98.8877	0.0236963	0.0215421	0.437595	0	2.91
72.6952	43.4718	98.8199	0.0236486	0.0214987	0.434718	0	2.92
72.6194	43.1865	98.7496	0.0236011	0.0214556	0.431865	0	2.93
72.5465	42.9037	98.6768	0.023554	0.0214127	0.429037	0	2.94
72.4764	42.6233	98.6016	0.0235072	0.0213701	0.426233	0	2.95
72.4091	42.3453	98.524	0.0234606	0.0213278	0.423453	0	2.96
72.3445	42.0698	98.444	0.0234144	0.0212858	0.420698	0	2.97
72.2826	41.7967	98.3617	0.0233685	0.0212441	0.417967	0	2.98
72.2232	41.5259	98.277	0.0233229	0.0212026	0.415259	0	2.99
72.1665	41.2576	98.1902	0.0232776	0.0211614	0.412576	0	3
72.1122	40.9917	98.101	0.0232325	0.0211205	0.409917	0	3.01
72.0604	40.7281	98.0097	0.0231878	0.0210798	0.407281	0	3.02
72.0109	40.4669	97.9163	0.0231434	0.0210394	0.404669	0	3.03
71.9639	40.2081	97.8207	0.0230992	0.0209993	0.402081	0	3.04
71.9191	39.9516	97.723	0.0230553	0.0209594	0.399516	0	3.05
71.8766	39.6975	97.6233	0.0230117	0.0209197	0.396975	0	3.06
71.8364	39.4457	97.5216	0.0229684	0.0208804	0.394457	0	3.07
71.7983	39.1962	97.4179	0.0229254	0.0208412	0.391962	0	3.08
71.7623	38.949	97.3122	0.0228826	0.0208024	0.38949	0	3.09
71.7284	38.7042	97.2046	0.0228401	0.0207637	0.387042	0	3.1
71.6966	38.4616	97.0951	0.0227979	0.0207253	0.384616	0	3.11
71.6667	38.2212	96.9838	0.0227559	0.0206872	0.382212	0	3.12
71.6388	37.9832	96.8706	0.0227142	0.0206493	0.379832	0	3.13
71.6128	37.7473	96.7557	0.0226727	0.0206116	0.377473	0	3.14
71.5887	37.5137	96.639	0.0226316	0.0205741	0.375137	0	3.15
71.5664	37.2824	96.5205	0.0225906	0.0205369	0.372824	0	3.16
71.5459	37.0532	96.4004	0.0225499	0.0205	0.370532	0	3.17
71.5272	36.8262	96.2786	0.0225095	0.0204632	0.368262	0	3.18
71.5102	36.6014	96.1552	0.0224693	0.0204267	0.366014	0	3.19
71.4948	36.3788	96.0301	0.0224294	0.0203904	0.363788	0	3.2
71.4811	36.1583	95.9035	0.0223897	0.0203543	0.361583	0	3.21
71.469	35.94	95.7754	0.0223503	0.0203184	0.3594	0	3.22
71.4584	35.7238	95.6457	0.0223111	0.0202828	0.357238	0	3.23
71.4494	35.5097	95.5145	0.0222721	0.0202474	0.355097	0	3.24
71.4419	35.2977	95.3819	0.0222334	0.0202121	0.352977	0	3.25
71.4358	35.0877	95.2478	0.0221948	0.0201771	0.350877	0	3.26
71.4311	34.8799	95.1124	0.0221566	0.0201423	0.348799	0	3.27
71.4279	34.6741	94.9755	0.0221185	0.0201077	0.346741	0	3.28
71.426	34.4703	94.8373	0.0220807	0.0200734	0.344703	0	3.29
71.4254	34.2686	94.6978	0.0220431	0.0200392	0.342686	0	3.3
71.4261	34.0688	94.557	0.0220057	0.0200052	0.340688	0	3.31
71.4281	33.8711	94.4149	0.0219685	0.0199714	0.338711	0	3.32
71.4313	33.6753	94.2716	0.0219316	0.0199378	0.336753	0	3.33
71.4357	33.4815	94.1271	0.0218949	0.0199044	0.334815	0	3.34
71.4412	33.2897	93.9814	0.0218583	0.0198712	0.332897	0	3.35
71.448	33.0997	93.8345	0.021822	0.0198382	0.330997	0	3.36
71.4558	32.9118	93.6864	0.0217859	0.0198054	0.329118	0	3.37
71.4647	32.7257	93.5373	0.02175	0.0197728	0.327257	0	3.38
71.4746	32.5415	93.3871	0.0217143	0.0197403	0.325415	0	3.39
71.4856	32.3591	93.2358	0.0216789	0.019708	0.323591	0	3.4
71.4975	32.1787	93.0834	0.0216436	0.019676	0.321787	0	3.41
71.5105	32	92.9301	0.0216085	0.0196441	0.32	0	3.42
71.5243	31.8232	92.7757	0.0215736	0.0196123	0.318232	0	3.43
71.5391	31.6483	92.6204	0.0215389	0.0195808	0.316483	0	3.44
71.5548	31.4751	92.4641	0.0215043	0.0195494	0.314751	0	3.45
71.5713	31.3037	92.3069	0.02147	0.0195182	0.313037	0	3.46
71.5886	31.1341	92.1488	0.0214359	0.0194872	0.311341	0	3.47
71.6068	30.9662	91.9899	0.0214019	0.0194563	0.309662	0	3.48
71.6258	30.8001	91.83	0.0213681	0.0194256	0.308001	0	3.49
71.6455	30.6357	91.6693	0.0213346	0.0193951	0.306357	0	3.5
71.666	30.473	91.5079	0.0213011	0.0193647	0.30473	0	3.51
71.6871	30.312	91.3456	0.0212679	0.0193345	0.30312	0	3.52
71.709	30.1527	91.1825	0.0212349	0.0193044	0.301527	0	3.53
71.7315	29.995	91.0187	0.021202	0.0192745	0.29995	0	3.54
71.7547	29.8391	90.8541	0.0211693	0.0192448	0.298391	0	3.55
71.7785	29.6847	90.6889	0.0211367	0.0192152	0.296847	0	3.56
71.8029	29.532	90.5229	0.0211044	0.0191858	0.29532	0	3.57
71.8279	29.3809	90.3563	0.0210722	0.0191565	0.293809	0	3.58
71.8534	29.2314	90.189	0.0210401	0.0191274	0.292314	0	3.59
71.8795	29.0834	90.0211	0.0210082	0.0190984	0.290834	0	3.6
71.9061	28.9371	89.8526	0.0209765	0.0190696	0.289371	0	3.61
71.9332	28.7923	89.6835	0.020945	0.0190409	0.287923	0	3.62
71.9607	28.649	89.5138	0.0209136	0.0190124	0.28649	0	3.63
71.9887	28.5073	89.3435	0.0208823	0.018984	0.285073	0	3.64
72.0172	28.367	89.1727	0.0208513	0.0189557	0.28367	0	3.65
72.0461	28.2283	89.0014	0.0208203	0.0189276	0.282283	0	3.66
72.0753	28.0911	88.8296	0.0207896	0.0188996	0.280911	0	3.67
72.105	27.9553	88.6573	0.0207589	0.0188718	0.279553	0	3.68
72.135	27.821	88.4845	0.0207284	0.018844	0.27821	0	3.69
72.1654	27.6881	88.3112	0.0206981	0.0188165	0.276881	0	3.7
72.196	27.5567	88.1375	0.0206679	0.018789	0.275567	0	3.71
72.227	27.4267	87.9634	0.0206379	0.0187617	0.274267	0	3.72
72.2583	27.298	87.7889	0.020608	0.0187345	0.27298	0	3.73
72.2899	27.1708	87.614	0.0205782	0.0187075	0.271708	0	3.74
72.3217	27.045	87.4387	0.0205486	0.0186805	0.27045	0	3.75
72.3537	26.9205	87.2631	0.0205191	0.0186537	0.269205	0	3.76
72.386	26.7974	87.0871	0.0204898	0.0186271	0.267974	0	3.77
72.4185	26.6756	86.9108	0.0204605	0.0186005	0.266756	0	3.78
72.4512	26.5552	86.7342	0.0204315	0.0185741	0.265552	0	3.79
72.484	26.4361	86.5573	0.0204025	0.0185477	0.264361	0	3.8
72.5171	26.3183	86.3801	0.0203737	0.0185215	0.263183	0	3.81
72.5502	26.2017	86.2026	0.020345	0.0184955	0.262017	0	3.82
72.5835	26.0865	86.0249	0.0203164	0.0184695	0.260865	0	3.83
72.6169	25.9725	85.847	0.020288	0.0184436	0.259725	0	3.84
72.6504	25.8598	85.6688	0.0202597	0.0184179	0.258598	0	3.85
72.684	25.7483	85.4904	0.0202315	0.0183923	0.257483	0	3.86
72.7177	25.638	85.3118	0.0202034	0.0183668	0.25638	0	3.87
72.7515	25.529	85.133	0.0201755	0.0183413	0.25529	0	3.88
72.7852	25.4212	84.954	0.0201477	0.018316	0.254212	0	3.89
72.8191	25.3146	84.7749	0.0201199	0.0182909	0.253146	0	3.9
72.8529	25.2091	84.5957	0.0200923	0.0182658	0.252091	0	3.91
72.8867	25.1049	84.4163	0.0200649	0.0182408	0.251049	0	3.92
72.9206	25.0018	84.2367	0.0200375	0.0182159	0.250018	0	3.93
72.9544	24.8998	84.0571	0.0200102	0.0181911	0.248998	0	3.94
72.9882	24.799	83.8774	0.0199831	0.0181665	0.24799	0	3.95
73.0219	24.6994	83.6976	0.0199561	0.0181419	0.246994	0	3.96
73.0556	24.6008	83.5177	0.0199291	0.0181174	0.246008	0	3.97
73.0892	24.5034	83.3377	0.0199023	0.018093	0.245034	0	3.98
73.1228	24.407	83.1577	0.0198756	0.0180688	0.24407	0	3.99
73.1562	24.3118	82.9777	0.019849	0.0180446	0.243118	0	4
73.1896	24.2176	82.7976	0.0198225	0.0180205	0.242176	0	4.01
73.2228	24.1245	82.6175	0.0197961	0.0179965	0.241245	0	4.02
73.2559	24.0324	82.4374	0.0197698	0.0179726	0.240324	0	4.03
73.2889	23.9414	82.2573	0.0197436	0.0179488	0.239414	0	4.04
73.3217	23.8514	82.0772	0.0197175	0.017925	0.238514	0	4.05
73.3544	23.7625	81.8971	0.0196915	0.0179014	0.237625	0	4.06
73.3869	23.6746	81.7171	0.0196656	0.0178779	0.236746	0	4.07
73.4193	23.5876	81.5371	0.0196398	0.0178544	0.235876	0	4.08
73.4514	23.5017	81.3571	0.0196141	0.017831	0.235017	0	4.09
73.4834	23.4168	81.1773	0.0195885	0.0178077	0.234168	0	4.1
73.5151	23.3328	80.9975	0.019563	0.0177845	0.233328	0	4.11
73.5466	23.2498	80.8177	0.0195376	0.0177614	0.232498	0	4.12
73.5779	23.1678	80.6381	0.0195122	0.0177384	0.231678	0	4.13
73.609	23.0867	80.4586	0.019487	0.0177154	0.230867	0	4.14
73.6398	23.0065	80.2792	0.0194618	0.0176926	0.230065	0	4.15
73.6704	22.9273	80.0998	0.0194367	0.0176698	0.229273	0	4.16
73.7007	22.849	79.9207	0.0194117	0.017647	0.22849	0	4.17
73.7308	22.7716	79.7416	0.0193868	0.0176244	0.227716	0	4.18
73.7605	22.6951	79.5627	0.019362	0.0176018	0.226951	0	4.19
73.79	22.6195	79.384	0.0193373	0.0175794	0.226195	0	4.2
73.8192	22.5448	79.2054	0.0193126	0.0175569	0.225448	0	4.21
73.8481	22.471	79.0269	0.0192881	0.0175346	0.22471	0	4.22
73.8766	22.3981	78.8487	0.0192636	0.0175123	0.223981	0	4.23
73.9049	22.326	78.6706	0.0192392	0.0174901	0.22326	0	4.24
73.9328	22.2547	78.4927	0.0192148	0.017468	0.222547	0	4.25
73.9604	22.1843	78.3151	0.0191906	0.017446	0.221843	0	4.26
73.9876	22.1148	78.1376	0.0191664	0.017424	0.221148	0	4.27
74.0145	22.046	77.9603	0.0191423	0.0174021	0.22046	0	4.28
74.0411	21.9781	77.7833	0.0191183	0.0173802	0.219781	0	4.29
74.0672	21.911	77.6065	0.0190943	0.0173585	0.21911	0	4.3
74.093	21.8447	77.4299	0.0190704	0.0173368	0.218447	0	4.31
74.1185	21.7792	77.2535	0.0190466	0.0173151	0.217792	0	4.32
74.1435	21.7145	77.0774	0.0190229	0.0172935	0.217145	0	4.33
74.1681	21.6505	76.9016	0.0189992	0.017272	0.216505	0	4.34
74.1924	21.5874	76.726	0.0189756	0.0172506	0.215874	0	4.35
74.2162	21.525	76.5507	0.0189521	0.0172292	0.21525	0	4.36
74.2397	21.4633	76.3756	0.0189286	0.0172079	0.214633	0	4.37
74.2627	21.4024	76.2009	0.0189053	0.0171866	0.214024	0	4.38
74.2853	21.3423	76.0264	0.0188819	0.0171654	0.213423	0	4.39
74.3074	21.2828	75.8522	0.0188587	0.0171442	0.212828	0	4.4
74.3291	21.2241	75.6783	0.0188355	0.0171232	0.212241	0	4.41
74.3504	21.1662	75.5047	0.0188123	0.0171021	0.211662	0	4.42
74.3713	21.1089	75.3314	0.0187893	0.0170812	0.211089	0	4.43
74.3917	21.0524	75.1585	0.0187663	0.0170603	0.210524	0	4.44
74.4116	20.9965	74.9858	0.0187433	0.0170394	0.209965	0	4.45
74.4311	20.9414	74.8135	0.0187205	0.0170186	0.209414	0	4.46
74.45	20.8869	74.6415	0.0186976	0.0169978	0.208869	0	4.47
74.4686	20.8331	74.4698	0.0186749	0.0169772	0.208331	0	4.48
74.4866	20.78	74.2985	0.0186522	0.0169565	0.2078	0	4.49
74.5042	20.7275	74.1275	0.0186295	0.0169359	0.207275	0	4.5
74.5212	20.6757	73.9569	0.0186069	0.0169154	0.206757	0	4.51
74.5378	20.6246	73.7866	0.0185844	0.0168949	0.206246	0	4.52
74.5539	20.5741	73.6167	0.0185619	0.0168745	0.205741	0	4.53
74.5695	20.5242	73.4472	0.0185395	0.0168541	0.205242	0	4.54
74.5845	20.475	73.278	0.0185171	0.0168338	0.20475	0	4.55
74.5991	20.4264	73.1092	0.0184948	0.0168135	0.204264	0	4.56
74.6131	20.3784	72.9407	0.0184726	0.0167932	0.203784	0	4.57
74.6267	20.331	72.7727	0.0184503	0.016773	0.20331	0	4.58
74.6397	20.2843	72.605	0.0184282	0.0167529	0.202843	0	4.59
74.6521	20.2381	72.4377	0.0184061	0.0167328	0.202381	0	4.6
74.6641	20.1926	72.2709	0.018384	0.0167127	0.201926	0	4.61
74.6755	20.1476	72.1044	0.018362	0.0166927	0.201476	0	4.62
74.6863	20.1032	71.9383	0.0183401	0.0166728	0.201032	0	4.63
74.6966	20.0594	71.7726	0.0183182	0.0166529	0.200594	0	4.64
74.7064	20.0162	71.6073	0.0182963	0.016633	0.200162	0	4.65
74.7156	19.9735	71.4425	0.0182745	0.0166132	0.199735	0	4.66
74.7243	19.9314	71.278	0.0182527	0.0165934	0.199314	0	4.67
74.7324	19.8899	71.114	0.018231	0.0165736	0.198899	0	4.68
74.7399	19.8489	70.9504	0.0182093	0.0165539	0.198489	0	4.69
74.7469	19.8085	70.7872	0.0181877	0.0165343	0.198085	0	4.7
74.7533	19.7685	70.6244	0.0181661	0.0165146	0.197685	0	4.71
74.7591	19.7292	70.4621	0.0181445	0.016495	0.197292	0	4.72
74.7644	19.6903	70.3002	0.018123	0.0164755	0.196903	0	4.73
74.7691	19.652	70.1388	0.0181016	0.016456	0.19652	0	4.74
74.7732	19.6142	69.9778	0.0180802	0.0164365	0.196142	0	4.75
74.7767	19.5769	69.8172	0.0180588	0.0164171	0.195769	0	4.76
74.7796	19.5401	69.6571	0.0180375	0.0163977	0.195401	0	4.77
74.7819	19.5038	69.4975	0.0180162	0.0163783	0.195038	0	4.78
74.7837	19.4681	69.3383	0.0179949	0.016359	0.194681	0	4.79
74.7849	19.4328	69.1795	0.0179737	0.0163397	0.194328	0	4.8
74.7854	19.398	69.0212	0.0179525	0.0163205	0.19398	0	4.81
74.7854	19.3636	68.8634	0.0179314	0.0163012	0.193636	0	4.82
74.7847	19.3298	68.706	0.0179103	0.0162821	0.193298	0	4.83
74.7835	19.2964	68.5491	0.0178892	0.0162629	0.192964	0	4.84
74.7817	19.2635	68.3926	0.0178682	0.0162438	0.192635	0	4.85
74.7792	19.2311	68.2367	0.0178472	0.0162247	0.192311	0	4.86
74.7762	19.1991	68.0812	0.0178262	0.0162056	0.191991	0	4.87
74.7725	19.1675	67.9262	0.0178053	0.0161866	0.191675	0	4.88
74.7682	19.1365	67.7716	0.0177844	0.0161676	0.191365	0	4.89
74.7633	19.1058	67.6175	0.0177635	0.0161487	0.191058	0	4.9
74.7578	19.0756	67.4639	0.0177427	0.0161297	0.190756	0	4.91
74.7517	19.0458	67.3108	0.0177219	0.0161108	0.190458	0	4.92
74.7449	19.0165	67.1582	0.0177012	0.016092	0.190165	0	4.93
74.7375	18.9876	67.0061	0.0176804	0.0160731	0.189876	0	4.94
74.7295	18.9591	66.8544	0.0176597	0.0160543	0.189591	0	4.95
74.7209	18.931	66.7033	0.0176391	0.0160355	0.18931	0	4.96
74.7117	18.9034	66.5526	0.0176184	0.0160168	0.189034	0	4.97
74.7018	18.8761	66.4024	0.0175978	0.015998	0.188761	0	4.98
74.6913	18.8493	66.2527	0.0175773	0.0159793	0.188493	0	4.99
74.6801	18.8228	66.1035	0.0175567	0.0159606	0.188228	0	5
74.6684	18.7968	65.9548	0.0175362	0.015942	0.187968	0	5.01
74.656	18.7711	65.8066	0.0175157	0.0159234	0.187711	0	5.02
74.6429	18.7458	65.659	0.0174952	0.0159048	0.187458	0	5.03
74.6293	18.7209	65.5118	0.0174748	0.0158862	0.187209	0	5.04
74.615	18.6964	65.3651	0.0174544	0.0158676	0.186964	0	5.05
74.6001	18.6722	65.2189	0.017434	0.0158491	0.186722	0	5.06
74.5845	18.6485	65.0732	0.0174137	0.0158306	0.186485	0	5.07
74.5683	18.6251	64.928	0.0173933	0.0158121	0.186251	0	5.08
74.5514	18.602	64.7833	0.017373	0.0157937	0.18602	0	5.09
74.534	18.5793	64.6392	0.0173528	0.0157752	0.185793	0	5.1
74.5158	18.557	64.4955	0.0173325	0.0157568	0.18557	0	5.11
74.4971	18.535	64.3524	0.0173123	0.0157384	0.18535	0	5.12
74.4777	18.5133	64.2098	0.0172921	0.0157201	0.185133	0	5.13
74.4576	18.492	64.0676	0.0172719	0.0157017	0.18492	0	5.14
74.437	18.4711	63.926	0.0172517	0.0156834	0.184711	0	5.15
74.4156	18.4504	63.7849	0.0172316	0.0156651	0.184504	0	5.16
74.3937	18.4301	63.6443	0.0172115	0.0156468	0.184301	0	5.17
74.3711	18.4102	63.5043	0.0171914	0.0156286	0.184102	0	5.18
74.3478	18.3905	63.3647	0.0171713	0.0156103	0.183905	0	5.19
74.3239	18.3712	63.2257	0.0171513	0.0155921	0.183712	0	5.2
74.2994	18.3522	63.0871	0.0171313	0.0155739	0.183522	0	5.21
74.2743	18.3335	62.9491	0.0171113	0.0155557	0.183335	0	5.22
74.2484	18.3151	62.8116	0.0170913	0.0155375	0.183151	0	5.23
74.222	18.297	62.6747	0.0170713	0.0155194	0.18297	0	5.24
74.1949	18.2792	62.5382	0.0170514	0.0155012	0.182792	0	5.25
74.1672	18.2617	62.4023	0.0170314	0.0154831	0.182617	0	5.26
74.1388	18.2445	62.2669	0.0170115	0.015465	0.182445	0	5.27
74.1098	18.2276	62.132	0.0169916	0.0154469	0.182276	0	5.28
74.0801	18.211	61.9976	0.0169718	0.0154289	0.18211	0	5.29
74.0499	18.1946	61.8637	0.0169519	0.0154108	0.181946	0	5.3
74.0189	18.1786	61.7304	0.0169321	0.0153928	0.181786	0	5.31
73.9874	18.1628	61.5976	0.0169122	0.0153748	0.181628	0	5.32
73.9552	18.1473	61.4653	0.0168924	0.0153568	0.181473	0	5.33
73.9223	18.132	61.3335	0.0168727	0.0153388	0.18132	0	5.34
73.8889	18.117	61.2022	0.0168529	0.0153208	0.18117	0	5.35
73.8548	18.1023	61.0715	0.0168331	0.0153029	0.181023	0	5.36
73.82	18.0879	60.9412	0.0168134	0.0152849	0.180879	0	5.37
73.7846	18.0737	60.8115	0.0167937	0.015267	0.180737	0	5.38
73.7486	18.0597	60.6823	0.016774	0.0152491	0.180597	0	5.39
73.712	18.046	60.5537	0.0167543	0.0152312	0.18046	0	5.4
73.6747	18.0326	60.4255	0.0167346	0.0152133	0.180326	0	5.41
73.6368	18.0193	60.2979	0.0167149	0.0151954	0.180193	0	5.42
73.5983	18.0064	60.1708	0.0166953	0.0151775	0.180064	0	5.43
73.5591	17.9936	60.0442	0.0166757	0.0151597	0.179936	0	5.44
73.5194	17.9811	59.9181	0.016656	0.0151419	0.179811	0	5.45
73.479	17.9688	59.7926	0.0166364	0.015124	0.179688	0	5.46
73.4379	17.9568	59.6675	0.0166168	0.0151062	0.179568	0	5.47
73.3963	17.945	59.543	0.0165973	0.0150884	0.17945	0	5.48
73.354	17.9334	59.419	0.0165777	0.0150706	0.179334	0	5.49
73.3111	17.922	59.2955	0.0165581	0.0150529	0.17922	0	5.5
73.2676	17.9108	59.1726	0.0165386	0.0150351	0.179108	0	5.51
73.2235	17.8998	59.0501	0.0165191	0.0150173	0.178998	0	5.52
73.1787	17.8891	58.9282	0.0164996	0.0149996	0.178891	0	5.53
73.1334	17.8785	58.8067	0.01648	0.0149819	0.178785	0	5.54
73.0874	17.8682	58.6858	0.0164606	0.0149641	0.178682	0	5.55
73.0408	17.858	58.5654	0.0164411	0.0149464	0.17858	0	5.56
72.9937	17.848	58.4455	0.0164216	0.0149287	0.17848	0	5.57
72.9459	17.8383	58.3261	0.0164021	0.014911	0.178383	0	5.58
72.8975	17.8287	58.2073	0.0163827	0.0148933	0.178287	0	5.59
72.8485	17.8193	58.0889	0.0163632	0.0148757	0.178193	0	5.6
72.7989	17.8101	57.9711	0.0163438	0.014858	0.178101	0	5.61
72.7487	17.8011	57.8537	0.0163244	0.0148403	0.178011	0	5.62
72.6979	17.7922	57.7369	0.016305	0.0148227	0.177922	0	5.63
72.6465	17.7835	57.6206	0.0162856	0.0148051	0.177835	0	5.64
72.5945	17.775	57.5047	0.0162662	0.0147874	0.17775	0	5.65
72.5419	17.7667	57.3894	0.0162468	0.0147698	0.177667	0	5.66
72.4887	17.7585	57.2746	0.0162274	0.0147522	0.177585	0	5.67
72.435	17.7505	57.1603	0.016208	0.0147346	0.177505	0	5.68
72.3806	17.7427	57.0465	0.0161887	0.014717	0.177427	0	5.69
72.3257	17.735	56.9332	0.0161693	0.0146994	0.17735	0	5.7
72.2702	17.7274	56.8204	0.01615	0.0146818	0.177274	0	5.71
72.2141	17.7201	56.7081	0.0161307	0.0146642	0.177201	0	5.72
72.1575	17.7128	56.5963	0.0161113	0.0146467	0.177128	0	5.73
72.1003	17.7057	56.485	0.016092	0.0146291	0.177057	0	5.74
72.0424	17.6988	56.3742	0.0160727	0.0146115	0.176988	0	5.75
71.9841	17.692	56.2639	0.0160534	0.014594	0.17692	0	5.76
71.9251	17.6853	56.1541	0.0160341	0.0145765	0.176853	0	5.77
71.8656	17.6788	56.0447	0.0160148	0.0145589	0.176788	0	5.78
71.8056	17.6724	55.9359	0.0159955	0.0145414	0.176724	0	5.79
71.745	17.6661	55.8275	0.0159762	0.0145239	0.176661	0	5.8
71.6838	17.66	55.7197	0.015957	0.0145063	0.1766	0	5.81
71.6221	17.6539	55.6123	0.0159377	0.0144888	0.176539	0	5.82
71.5598	17.648	55.5054	0.0159185	0.0144713	0.17648	0	5.83
71.4969	17.6423	55.399	0.0158992	0.0144538	0.176423	0	5.84
71.4336	17.6366	55.2931	0.01588	0.0144363	0.176366	0	5.85
71.3697	17.6311	55.1877	0.0158607	0.0144188	0.176311	0	5.86
71.3052	17.6256	55.0828	0.0158415	0.0144014	0.176256	0	5.87
71.2402	17.6203	54.9783	0.0158223	0.0143839	0.176203	0	5.88
71.1747	17.6151	54.8743	0.015803	0.0143664	0.176151	0	5.89
71.1086	17.6099	54.7708	0.0157838	0.0143489	0.176099	0	5.9
71.0421	17.6049	54.6678	0.0157646	0.0143315	0.176049	0	5.91
70.9749	17.6	54.5652	0.0157454	0.014314	0.176	0	5.92
70.9073	17.5952	54.4631	0.0157262	0.0142966	0.175952	0	5.93
70.8392	17.5904	54.3615	0.015707	0.0142791	0.175904	0	5.94
70.7705	17.5858	54.2604	0.0156878	0.0142617	0.175858	0	5.95
70.7013	17.5813	54.1597	0.0156686	0.0142442	0.175813	0	5.96
70.6316	17.5768	54.0595	0.0156495	0.0142268	0.175768	0	5.97
70.5614	17.5724	53.9597	0.0156303	0.0142094	0.175724	0	5.98
70.4907	17.5681	53.8605	0.0156111	0.0141919	0.175681	0	5.99
70.4196	17.5639	53.7616	0.015592	0.0141745	0.175639	0	6
70.3479	17.5597	53.6633	0.0155728	0.0141571	0.175597	0	6.01
70.2757	17.5556	53.5654	0.0155536	0.0141397	0.175556	0	6.02
70.203	17.5516	53.468	0.0155345	0.0141223	0.175516	0	6.03
70.1298	17.5477	53.371	0.0155153	0.0141049	0.175477	0	6.04
70.0562	17.5438	53.2745	0.0154962	0.0140874	0.175438	0	6.05
69.9821	17.54	53.1784	0.0154771	0.01407	0.1754	0	6.06
69.9075	17.5363	53.0828	0.0154579	0.0140526	0.175363	0	6.07
69.8324	17.5326	52.9876	0.0154388	0.0140353	0.175326	0	6.08
69.7568	17.529	52.8929	0.0154197	0.0140179	0.17529	0	6.09
69.6808	17.5254	52.7986	0.0154005	0.0140005	0.175254	0	6.1
69.6043	17.5219	52.7048	0.0153814	0.0139831	0.175219	0	6.11
69.5274	17.5184	52.6114	0.0153623	0.0139657	0.175184	0	6.12
69.45	17.515	52.5184	0.0153432	0.0139483	0.17515	0	6.13
69.3722	17.5116	52.4259	0.0153241	0.013931	0.175116	0	6.14
69.2939	17.5083	52.3338	0.015305	0.0139136	0.175083	0	6.15
69.2151	17.505	52.2422	0.0152859	0.0138962	0.17505	0	6.16
69.136	17.5017	52.151	0.0152668	0.0138789	0.175017	0	6.17
69.0564	17.4985	52.0602	0.0152477	0.0138615	0.174985	0	6.18
68.9763	17.4953	51.9699	0.0152286	0.0138441	0.174953	0	6.19
68.8958	17.4922	51.8799	0.0152095	0.0138268	0.174922	0	6.2
68.8149	17.489	51.7905	0.0151904	0.0138094	0.17489	0	6.21
68.7336	17.4859	51.7014	0.0151713	0.0137921	0.174859	0	6.22
68.6519	17.4829	51.6127	0.0151522	0.0137747	0.174829	0	6.23
68.5697	17.4798	51.5245	0.0151331	0.0137574	0.174798	0	6.24
68.4871	17.4768	51.4367	0.0151141	0.0137401	0.174768	0	6.25
68.4041	17.4738	51.3493	0.015095	0.0137227	0.174738	0	6.26
68.3208	17.4708	51.2624	0.0150759	0.0137054	0.174708	0	6.27
68.237	17.4678	51.1758	0.0150569	0.0136881	0.174678	0	6.28
68.1528	17.4648	51.0897	0.0150378	0.0136707	0.174648	0	6.29
68.0682	17.4619	51.0039	0.0150187	0.0136534	0.174619	0	6.3
67.9833	17.4589	50.9186	0.0149997	0.0136361	0.174589	0	6.31
67.8979	17.456	50.8337	0.0149806	0.0136188	0.17456	0	6.32
67.8122	17.4531	50.7491	0.0149616	0.0136014	0.174531	0	6.33
67.7261	17.4501	50.665	0.0149425	0.0135841	0.174501	0	6.34
67.6396	17.4472	50.5813	0.0149235	0.0135668	0.174472	0	6.35
67.5528	17.4443	50.498	0.0149045	0.0135495	0.174443	0	6.36
67.4656	17.4414	50.415	0.0148854	0.0135322	0.174414	0	6.37
67.378	17.4384	50.3325	0.0148664	0.0135149	0.174384	0	6.38
67.2901	17.4355	50.2503	0.0148474	0.0134976	0.174355	0	6.39
67.2019	17.4325	50.1686	0.0148283	0.0134803	0.174325	0	6.4
67.1132	17.4295	50.0872	0.0148093	0.013463	0.174295	0	6.41
67.0243	17.4266	50.0062	0.0147903	0.0134457	0.174266	0	6.42
66.935	17.4236	49.9256	0.0147713	0.0134284	0.174236	0	6.43
66.8453	17.4206	49.8454	0.0147522	0.0134111	0.174206	0	6.44
66.7554	17.4175	49.7655	0.0147332	0.0133938	0.174175	0	6.45
66.6651	17.4145	49.6861	0.0147142	0.0133766	0.174145	0	6.46
66.5745	17.4114	49.607	0.0146952	0.0133593	0.174114	0	6.47
66.4835	17.4083	49.5282	0.0146762	0.013342	0.174083	0	6.48
66.3923	17.4052	49.4499	0.0146572	0.0133247	0.174052	0	6.49
66.3007	17.402	49.3719	0.0146382	0.0133075	0.17402	0	6.5
66.2089	17.3989	49.2943	0.0146192	0.0132902	0.173989	0	6.51
66.1167	17.3957	49.217	0.0146002	0.0132729	0.173957	0	6.52
66.0242	17.3924	49.1401	0.0145812	0.0132557	0.173924	0	6.53
65.9315	17.3891	49.0636	0.0145623	0.0132384	0.173891	0	6.54
65.8384	17.3858	48.9874	0.0145433	0.0132212	0.173858	0	6.55
65.7451	17.3825	48.9115	0.0145243	0.0132039	0.173825	0	6.56
65.6515	17.3791	48.8361	0.0145053	0.0131867	0.173791	0	6.57
65.5576	17.3757	48.7609	0.0144864	0.0131694	0.173757	0	6.58
65.4634	17.3722	48.6862	0.0144674	0.0131522	0.173722	0	6.59
65.369	17.3687	48.6117	0.0144484	0.0131349	0.173687	0	6.6
65.2743	17.3651	48.5376	0.0144295	0.0131177	0.173651	0	6.61
65.1793	17.3615	48.4639	0.0144105	0.0131005	0.173615	0	6.62
65.0841	17.3578	48.3905	0.0143916	0.0130832	0.173578	0	6.63
64.9886	17.3541	48.3174	0.0143726	0.013066	0.173541	0	6.64
64.8929	17.3504	48.2447	0.0143537	0.0130488	0.173504	0	6.65
64.797	17.3466	48.1723	0.0143347	0.0130316	0.173466	0	6.66
64.7008	17.3427	48.1002	0.0143158	0.0130144	0.173427	0	6.67
64.6043	17.3388	48.0284	0.0142969	0.0129972	0.173388	0	6.68
64.5077	17.3348	47.957	0.0142779	0.0129799	0.173348	0	6.69
64.4108	17.3307	47.8859	0.014259	0.0129627	0.173307	0	6.7
64.3137	17.3266	47.8151	0.0142401	0.0129455	0.173266	0	6.71
64.2164	17.3225	47.7447	0.0142212	0.0129284	0.173225	0	6.72
64.1188	17.3182	47.6745	0.0142023	0.0129112	0.173182	0	6.73
64.0211	17.3139	47.6047	0.0141834	0.012894	0.173139	0	6.74
63.9231	17.3096	47.5352	0.0141645	0.0128768	0.173096	0	6.75
63.825	17.3051	47.466	0.0141456	0.0128596	0.173051	0	6.76
63.7266	17.3007	47.3971	0.0141267	0.0128424	0.173007	0	6.77
63.6281	17.2961	47.3285	0.0141078	0.0128253	0.172961	0	6.78
63.5294	17.2914	47.2602	0.0140889	0.0128081	0.172914	0	6.79
63.4305	17.2867	47.1922	0.01407	0.0127909	0.172867	0	6.8
63.3314	17.2819	47.1245	0.0140512	0.0127738	0.172819	0	6.81
63.2321	17.2771	47.0571	0.0140323	0.0127566	0.172771	0	6.82
63.1327	17.2722	46.99	0.0140134	0.0127395	0.172722	0	6.83
63.0331	17.2671	46.9232	0.0139946	0.0127223	0.172671	0	6.84
62.9333	17.262	46.8567	0.0139757	0.0127052	0.17262	0	6.85
62.8334	17.2569	46.7905	0.0139569	0.0126881	0.172569	0	6.86
62.7333	17.2516	46.7245	0.013938	0.012671	0.172516	0	6.87
62.6331	17.2463	46.6589	0.0139192	0.0126538	0.172463	0	6.88
62.5328	17.2409	46.5935	0.0139004	0.0126367	0.172409	0	6.89
62.4322	17.2354	46.5284	0.0138816	0.0126196	0.172354	0	6.9
62.3316	17.2298	46.4636	0.0138627	0.0126025	0.172298	0	6.91
62.2308	17.2241	46.399	0.0138439	0.0125854	0.172241	0	6.92
62.1299	17.2183	46.3347	0.0138251	0.0125683	0.172183	0	6.93
62.0289	17.2125	46.2707	0.0138063	0.0125512	0.172125	0	6.94
61.9277	17.2065	46.207	0.0137875	0.0125341	0.172065	0	6.95
61.8265	17.2005	46.1435	0.0137688	0.012517	0.172005	0	6.96
61.7251	17.1944	46.0803	0.01375	0.0125	0.171944	0	6.97
61.6236	17.1882	46.0173	0.0137312	0.0124829	0.171882	0	6.98
61.522	17.1819	45.9546	0.0137124	0.0124658	0.171819	0	6.99
61.4203	17.1755	45.8922	0.0136937	0.0124488	0.171755	0	7
61.3185	17.169	45.83	0.0136749	0.0124317	0.17169	0	7.01
61.2166	17.1624	45.768	0.0136562	0.0124147	0.171624	0	7.02
61.1147	17.1557	45.7064	0.0136374	0.0123977	0.171557	0	7.03
61.0126	17.1489	45.6449	0.0136187	0.0123806	0.171489	0	7.04
60.9105	17.142	45.5837	0.0136	0.0123636	0.17142	0	7.05
60.8083	17.135	45.5228	0.0135813	0.0123466	0.17135	0	7.06
60.706	17.128	45.462	0.0135626	0.0123296	0.17128	0	7.07
60.6036	17.1208	45.4016	0.0135439	0.0123126	0.171208	0	7.08
60.5012	17.1135	45.3413	0.0135252	0.0122956	0.171135	0	7.09
60.3988	17.1061	45.2813	0.0135065	0.0122786	0.171061	0	7.1
60.2962	17.0986	45.2215	0.0134878	0.0122616	0.170986	0	7.11
60.1937	17.091	45.162	0.0134691	0.0122447	0.17091	0	7.12
60.091	17.0833	45.1027	0.0134505	0.0122277	0.170833	0	7.13
59.9884	17.0755	45.0436	0.0134318	0.0122107	0.170755	0	7.14
59.8856	17.0676	44.9847	0.0134132	0.0121938	0.170676	0	7.15
59.7829	17.0596	44.926	0.0133945	0.0121769	0.170596	0	7.16
59.6801	17.0515	44.8676	0.0133759	0.0121599	0.170515	0	7.17
59.5773	17.0433	44.8094	0.0133573	0.012143	0.170433	0	7.18
59.4744	17.0349	44.7514	0.0133387	0.0121261	0.170349	0	7.19
59.3716	17.0265	44.6936	0.0133201	0.0121092	0.170265	0	7.2
59.2687	17.018	44.636	0.0133015	0.0120923	0.17018	0	7.21
59.1658	17.0093	44.5786	0.0132829	0.0120754	0.170093	0	7.22
59.0629	17.0005	44.5214	0.0132643	0.0120585	0.170005	0	7.23
58.96	16.9917	44.4645	0.0132458	0.0120416	0.169917	0	7.24
58.8571	16.9827	44.4077	0.0132272	0.0120247	0.169827	0	7.25
58.7542	16.9736	44.3511	0.0132087	0.0120079	0.169736	0	7.26
58.6513	16.9644	44.2948	0.0131901	0.011991	0.169644	0	7.27
58.5484	16.9551	44.2386	0.0131716	0.0119742	0.169551	0	7.28
58.4455	16.9456	44.1826	0.0131531	0.0119574	0.169456	0	7.29
58.3426	16.9361	44.1268	0.0131346	0.0119405	0.169361	0	7.3
58.2397	16.9264	44.0712	0.0131161	0.0119237	0.169264	0	7.31
58.1369	16.9167	44.0158	0.0130976	0.0119069	0.169167	0	7.32
58.0341	16.9068	43.9605	0.0130792	0.0118901	0.169068	0	7.33
57.9313	16.8968	43.9055	0.0130607	0.0118734	0.168968	0	7.34
57.8285	16.8867	43.8506	0.0130422	0.0118566	0.168867	0	7.35
57.7258	16.8765	43.7959	0.0130238	0.0118398	0.168765	0	7.36
57.6231	16.8662	43.7414	0.0130054	0.0118231	0.168662	0	7.37
57.5205	16.8557	43.687	0.012987	0.0118063	0.168557	0	7.38
57.4179	16.8452	43.6329	0.0129686	0.0117896	0.168452	0	7.39
57.3153	16.8345	43.5788	0.0129502	0.0117729	0.168345	0	7.4
57.2129	16.8237	43.525	0.0129318	0.0117562	0.168237	0	7.41
57.1104	16.8128	43.4713	0.0129134	0.0117395	0.168128	0	7.42
57.008	16.8018	43.4178	0.012895	0.0117228	0.168018	0	7.43
56.9057	16.7907	43.3645	0.0128767	0.0117061	0.167907	0	7.44
56.8035	16.7794	43.3113	0.0128584	0.0116894	0.167794	0	7.45
56.7013	16.7681	43.2583	0.01284	0.0116728	0.167681	0	7.46
56.5992	16.7566	43.2054	0.0128217	0.0116561	0.167566	0	7.47
56.4971	16.745	43.1527	0.0128034	0.0116395	0.16745	0	7.48
56.3952	16.7333	43.1001	0.0127851	0.0116229	0.167333	0	7.49
56.2933	16.7215	43.0477	0.0127669	0.0116062	0.167215	0	7.5
56.1915	16.7096	42.9954	0.0127486	0.0115896	0.167096	0	7.51
56.0898	16.6975	42.9433	0.0127304	0.0115731	0.166975	0	7.52
55.9881	16.6854	42.8913	0.0127121	0.0115565	0.166854	0	7.53
55.8866	16.6731	42.8395	0.0126939	0.0115399	0.166731	0	7.54
55.7852	16.6607	42.7878	0.0126757	0.0115234	0.166607	0	7.55
55.6838	16.6482	42.7363	0.0126575	0.0115068	0.166482	0	7.56
55.5826	16.6356	42.6848	0.0126393	0.0114903	0.166356	0	7.57
55.4814	16.6229	42.6336	0.0126212	0.0114738	0.166229	0	7.58
55.3804	16.61	42.5824	0.012603	0.0114573	0.1661	0	7.59
55.2795	16.5971	42.5314	0.0125849	0.0114408	0.165971	0	7.6
55.1787	16.584	42.4805	0.0125667	0.0114243	0.16584	0	7.61
55.078	16.5708	42.4298	0.0125486	0.0114079	0.165708	0	7.62
54.9774	16.5575	42.3791	0.0125305	0.0113914	0.165575	0	7.63
54.8769	16.5441	42.3286	0.0125125	0.011375	0.165441	0	7.64
54.7766	16.5306	42.2782	0.0124944	0.0113585	0.165306	0	7.65
54.6764	16.517	42.228	0.0124763	0.0113421	0.16517	0	7.66
54.5763	16.5033	42.1778	0.0124583	0.0113257	0.165033	0	7.67
54.4763	16.4894	42.1278	0.0124403	0.0113094	0.164894	0	7.68
54.3765	16.4754	42.0779	0.0124223	0.011293	0.164754	0	7.69
54.2768	16.4614	42.0281	0.0124043	0.0112766	0.164614	0	7.7
54.1772	16.4472	41.9784	0.0123863	0.0112603	0.164472	0	7.71
54.0778	16.4329	41.9288	0.0123684	0.011244	0.164329	0	7.72
53.9785	16.4185	41.8794	0.0123504	0.0112276	0.164185	0	7.73
53.8794	16.404	41.83	0.0123325	0.0112113	0.16404	0	7.74
53.7804	16.3894	41.7808	0.0123146	0.0111951	0.163894	0	7.75
53.6816	16.3746	41.7316	0.0122967	0.0111788	0.163746	0	7.76
53.5829	16.3598	41.6826	0.0122788	0.0111625	0.163598	0	7.77
53.4844	16.3449	41.6336	0.0122609	0.0111463	0.163449	0	7.78
53.386	16.3298	41.5848	0.0122431	0.0111301	0.163298	0	7.79
53.2878	16.3146	41.536	0.0122252	0.0111139	0.163146	0	7.8
53.1898	16.2994	41.4874	0.0122074	0.0110977	0.162994	0	7.81
53.0919	16.284	41.4388	0.0121896	0.0110815	0.16284	0	7.82
52.9941	16.2685	41.3904	0.0121718	0.0110653	0.162685	0	7.83
52.8966	16.253	41.342	0.0121541	0.0110492	0.16253	0	7.84
52.7992	16.2373	41.2937	0.0121363	0.011033	0.162373	0	7.85
52.7019	16.2215	41.2456	0.0121186	0.0110169	0.162215	0	7.86
52.6049	16.2056	41.1975	0.0121009	0.0110008	0.162056	0	7.87
52.508	16.1896	41.1494	0.0120832	0.0109847	0.161896	0	7.88
52.4113	16.1735	41.1015	0.0120655	0.0109686	0.161735	0	7.89
52.3148	16.1573	41.0537	0.0120478	0.0109526	0.161573	0	7.9
52.2184	16.1411	41.0059	0.0120302	0.0109365	0.161411	0	7.91
52.1223	16.1247	40.9582	0.0120126	0.0109205	0.161247	0	7.92
52.0263	16.1082	40.9106	0.011995	0.0109045	0.161082	0	7.93
51.9305	16.0916	40.8631	0.0119774	0.0108885	0.160916	0	7.94
51.8349	16.0749	40.8156	0.0119598	0.0108725	0.160749	0	7.95
51.7395	16.0581	40.7682	0.0119422	0.0108566	0.160581	0	7.96
51.6442	16.0412	40.7209	0.0119247	0.0108406	0.160412	0	7.97
51.5492	16.0243	40.6737	0.0119072	0.0108247	0.160243	0	7.98
51.4544	16.0072	40.6265	0.0118897	0.0108088	0.160072	0	7.99
51.3597	15.99	40.5794	0.0118722	0.0107929	0.1599	0	8
51.2653	15.9728	40.5324	0.0118547	0.010777	0.159728	0	8.01
51.171	15.9554	40.4854	0.0118373	0.0107612	0.159554	0	8.02
51.0769	15.938	40.4385	0.0118199	0.0107453	0.15938	0	8.03
50.9831	15.9204	40.3917	0.0118025	0.0107295	0.159204	0	8.04
50.8894	15.9028	40.3449	0.0117851	0.0107137	0.159028	0	8.05
50.796	15.8851	40.2982	0.0117677	0.0106979	0.158851	0	8.06
50.7027	15.8673	40.2516	0.0117504	0.0106822	0.158673	0	8.07
50.6097	15.8494	40.205	0.011733	0.0106664	0.158494	0	8.08
50.5169	15.8314	40.1585	0.0117157	0.0106507	0.158314	0	8.09
50.4242	15.8133	40.112	0.0116985	0.010635	0.158133	0	8.1
50.3318	15.7951	40.0656	0.0116812	0.0106193	0.157951	0	8.11
50.2396	15.7769	40.0192	0.0116639	0.0106036	0.157769	0	8.12
50.1477	15.7586	39.9729	0.0116467	0.0105879	0.157586	0	8.13
50.0559	15.7401	39.9267	0.0116295	0.0105723	0.157401	0	8.14
49.9643	15.7216	39.8805	0.0116123	0.0105566	0.157216	0	8.15
49.873	15.7031	39.8343	0.0115951	0.010541	0.157031	0	8.16
49.7819	15.6844	39.7882	0.011578	0.0105254	0.156844	0	8.17
49.691	15.6656	39.7422	0.0115609	0.0105099	0.156656	0	8.18
49.6003	15.6468	39.6961	0.0115438	0.0104943	0.156468	0	8.19
49.5098	15.6279	39.6502	0.0115267	0.0104788	0.156279	0	8.2
49.4196	15.6089	39.6043	0.0115096	0.0104633	0.156089	0	8.21
49.3295	15.5899	39.5584	0.0114926	0.0104478	0.155899	0	8.22
49.2397	15.5707	39.5126	0.0114755	0.0104323	0.155707	0	8.23
49.1502	15.5515	39.4668	0.0114585	0.0104168	0.155515	0	8.24
49.0608	15.5322	39.421	0.0114415	0.0104014	0.155322	0	8.25
48.9717	15.5129	39.3753	0.0114246	0.010386	0.155129	0	8.26
48.8828	15.4934	39.3296	0.0114076	0.0103706	0.154934	0	8.27
48.7941	15.4739	39.284	0.0113907	0.0103552	0.154739	0	8.28
48.7057	15.4543	39.2384	0.0113738	0.0103398	0.154543	0	8.29
48.6175	15.4347	39.1929	0.011357	0.0103245	0.154347	0	8.3
48.5295	15.415	39.1473	0.0113401	0.0103092	0.15415	0	8.31
48.4417	15.3952	39.1018	0.0113233	0.0102939	0.153952	0	8.32
48.3542	15.3753	39.0564	0.0113065	0.0102786	0.153753	0	8.33
48.2669	15.3554	39.011	0.0112897	0.0102633	0.153554	0	8.34
48.1799	15.3354	38.9656	0.0112729	0.0102481	0.153354	0	8.35
48.0931	15.3153	38.9202	0.0112561	0.0102329	0.153153	0	8.36
48.0065	15.2952	38.8749	0.0112394	0.0102177	0.152952	0	8.37
47.9201	15.275	38.8296	0.0112227	0.0102025	0.15275	0	8.38
47.834	15.2548	38.7843	0.011206	0.0101873	0.152548	0	8.39
47.7481	15.2345	38.7391	0.0111894	0.0101722	0.152345	0	8.4
47.6625	15.2141	38.6939	0.0111727	0.010157	0.152141	0	8.41
47.577	15.1937	38.6487	0.0111561	0.0101419	0.151937	0	8.42
47.4919	15.1732	38.6035	0.0111395	0.0101269	0.151732	0	8.43
47.4069	15.1526	38.5584	0.011123	0.0101118	0.151526	0	8.44
47.3222	15.132	38.5133	0.0111064	0.0100968	0.15132	0	8.45
47.2378	15.1113	38.4682	0.0110899	0.0100817	0.151113	0	8.46
47.1535	15.0906	38.4231	0.0110734	0.0100667	0.150906	0	8.47
47.0695	15.0698	38.3781	0.0110569	0.0100517	0.150698	0	8.48
46.9858	15.049	38.3331	0.0110405	0.0100368	0.15049	0	8.49
46.9023	15.0281	38.2881	0.011024	0.0100218	0.150281	0	8.5
46.819	15.0072	38.2431	0.0110076	0.0100069	0.150072	0	8.51
46.736	14.9862	38.1981	0.0109912	0.00999203	0.149862	0	8.52
46.6532	14.9652	38.1532	0.0109749	0.00997715	0.149652	0	8.53
46.5706	14.9441	38.1083	0.0109585	0.0099623	0.149441	0	8.54
46.4883	14.923	38.0634	0.0109422	0.00994746	0.14923	0	8.55
46.4063	14.9018	38.0185	0.0109259	0.00993265	0.149018	0	8.56
46.3244	14.8805	37.9736	0.0109096	0.00991786	0.148805	0	8.57
46.2428	14.8593	37.9287	0.0108934	0.00990308	0.148593	0	8.58
46.1615	14.838	37.8839	0.0108772	0.00988833	0.14838	0	8.59
46.0804	14.8166	37.8391	0.010861	0.0098736	0.148166	0	8.6
45.9995	14.7952	37.7943	0.0108448	0.0098589	0.147952	0	8.61
45.9189	14.7737	37.7495	0.0108286	0.00984421	0.147737	0	8.62
45.8385	14.7522	37.7047	0.0108125	0.00982954	0.147522	0	8.63
45.7583	14.7307	37.6599	0.0107964	0.0098149	0.147307	0	8.64
45.6784	14.7092	37.6152	0.0107803	0.00980028	0.147092	0	8.65
45.5988	14.6875	37.5704	0.0107642	0.00978567	0.146875	0	8.66
45.5193	14.6659	37.5257	0.0107482	0.00977109	0.146659	0	8.67
45.4401	14.6442	37.481	0.0107322	0.00975654	0.146442	0	8.68
45.3612	14.6225	37.4363	0.0107162	0.009742	0.146225	0	8.69
45.2825	14.6008	37.3916	0.0107002	0.00972748	0.146008	0	8.7
45.204	14.579	37.3469	0.0106843	0.00971299	0.14579	0	8.71
45.1258	14.5571	37.3022	0.0106684	0.00969852	0.145571	0	8.72
45.0478	14.5353	37.2576	0.0106525	0.00968407	0.145353	0	8.73
44.9701	14.5134	37.2129	0.0106366	0.00966964	0.145134	0	8.74
44.8925	14.4915	37.1683	0.0106208	0.00965523	0.144915	0	8.75
44.8153	14.4696	37.1236	0.0106049	0.00964085	0.144696	0	8.76
44.7382	14.4476	37.079	0.0105891	0.00962648	0.144476	0	8.77
44.6615	14.4256	37.0344	0.0105734	0.00961214	0.144256	0	8.78
44.5849	14.4036	36.9898	0.0105576	0.00959782	0.144036	0	8.79
44.5086	14.3815	36.9451	0.0105419	0.00958352	0.143815	0	8.8
44.4325	14.3594	36.9005	0.0105262	0.00956925	0.143594	0	8.81
44.3567	14.3373	36.8559	0.0105105	0.00955499	0.143373	0	8.82
44.2811	14.3152	36.8114	0.0104948	0.00954076	0.143152	0	8.83
44.2057	14.2931	36.7668	0.0104792	0.00952655	0.142931	0	8.84
44.1306	14.2709	36.7222	0.0104636	0.00951236	0.142709	0	8.85
44.0557	14.2487	36.6776	0.010448	0.0094982	0.142487	0	8.86
43.981	14.2265	36.6331	0.0104325	0.00948405	0.142265	0	8.87
43.9066	14.2043	36.5885	0.0104169	0.00946993	0.142043	0	8.88
43.8324	14.182	36.5439	0.0104014	0.00945583	0.14182	0	8.89
43.7584	14.1597	36.4994	0.0103859	0.00944176	0.141597	0	8.9
43.6847	14.1375	36.4548	0.0103705	0.0094277	0.141375	0	8.91
43.6112	14.1152	36.4103	0.010355	0.00941367	0.141152	0	8.92
43.538	14.0928	36.3658	0.0103396	0.00939966	0.140928	0	8.93
43.4649	14.0705	36.3212	0.0103242	0.00938567	0.140705	0	8.94
43.3921	14.0482	36.2767	0.0103089	0.0093717	0.140482	0	8.95
43.3196	14.0258	36.2322	0.0102935	0.00935775	0.140258	0	8.96
43.2473	14.0034	36.1876	0.0102782	0.00934383	0.140034	0	8.97
43.1752	13.9811	36.1431	0.0102629	0.00932993	0.139811	0	8.98
43.1033	13.9587	36.0986	0.0102477	0.00931605	0.139587	0	8.99
43.0316	13.9363	36.0541	0.0102324	0.0093022	0.139363	0	9
42.9602	13.9139	36.0096	0.0102172	0.00928837	0.139139	0	9.01
42.889	13.8915	35.9651	0.010202	0.00927455	0.138915	0	9.02
42.8181	13.869	35.9206	0.0101868	0.00926077	0.13869	0	9.03
42.7473	13.8466	35.876	0.0101717	0.009247	0.138466	0	9.04
42.6768	13.8242	35.8315	0.0101566	0.00923326	0.138242	0	9.05
42.6066	13.8017	35.787	0.0101415	0.00921953	0.138017	0	9.06
42.5365	13.7793	35.7426	0.0101264	0.00920583	0.137793	0	9.07
42.4667	13.7568	35.6981	0.0101114	0.00919216	0.137568	0	9.08
42.3971	13.7344	35.6536	0.0100964	0.0091785	0.137344	0	9.09
42.3277	13.7119	35.6091	0.0100814	0.00916487	0.137119	0	9.1
42.2585	13.6895	35.5646	0.0100664	0.00915126	0.136895	0	9.11
42.1896	13.667	35.5201	0.0100514	0.00913767	0.13667	0	9.12
42.1209	13.6446	35.4756	0.0100365	0.0091241	0.136446	0	9.13
42.0524	13.6221	35.4311	0.0100216	0.00911056	0.136221	0	9.14
41.9841	13.5997	35.3867	0.0100067	0.00909704	0.135997	0	9.15
41.916	13.5772	35.3422	0.0099919	0.00908354	0.135772	0	9.16
41.8482	13.5548	35.2977	0.00997707	0.00907007	0.135548	0	9.17
41.7805	13.5323	35.2533	0.00996227	0.00905661	0.135323	0	9.18
41.7131	13.5099	35.2088	0.0099475	0.00904318	0.135099	0	9.19
41.6459	13.4874	35.1643	0.00993275	0.00902977	0.134874	0	9.2
41.579	13.465	35.1199	0.00991802	0.00901638	0.13465	0	9.21
41.5122	13.4426	35.0754	0.00990332	0.00900302	0.134426	0	9.22
41.4456	13.4202	35.0309	0.00988864	0.00898967	0.134202	0	9.23
41.3793	13.3978	34.9865	0.00987399	0.00897635	0.133978	0	9.24
41.3132	13.3754	34.942	0.00985936	0.00896306	0.133754	0	9.25
41.2472	13.353	34.8976	0.00984476	0.00894978	0.13353	0	9.26
41.1815	13.3306	34.8531	0.00983018	0.00893653	0.133306	0	9.27
41.116	13.3082	34.8087	0.00981563	0.0089233	0.133082	0	9.28
41.0507	13.2859	34.7643	0.0098011	0.00891009	0.132859	0	9.29
40.9857	13.2635	34.7198	0.00978659	0.0088969	0.132635	0	9.3
40.9208	13.2412	34.6754	0.00977211	0.00888373	0.132412	0	9.31
40.8561	13.2189	34.6309	0.00975765	0.00887059	0.132189	0	9.32
40.7917	13.1965	34.5865	0.00974322	0.00885747	0.131965	0	9.33
40.7274	13.1743	34.5421	0.00972881	0.00884437	0.131743	0	9.34
40.6633	13.152	34.4977	0.00971443	0.0088313	0.13152	0	9.35
40.5995	13.1297	34.4533	0.00970007	0.00881824	0.131297	0	9.36
40.5358	13.1075	34.4088	0.00968573	0.00880521	0.131075	0	9.37
40.4724	13.0852	34.3644	0.00967142	0.0087922	0.130852	0	9.38
40.4091	13.063	34.32	0.00965714	0.00877922	0.13063	0	9.39
40.3461	13.0408	34.2756	0.00964288	0.00876625	0.130408	0	9.4
40.2832	13.0186	34.2312	0.00962864	0.00875331	0.130186	0	9.41
40.2206	12.9965	34.1868	0.00961442	0.00874039	0.129965	0	9.42
40.1581	12.9743	34.1425	0.00960023	0.00872749	0.129743	0	9.43
40.0958	12.9522	34.0981	0.00958607	0.00871461	0.129522	0	9.44
40.0338	12.9301	34.0537	0.00957193	0.00870175	0.129301	0	9.45
39.9719	12.908	34.0093	0.00955781	0.00868892	0.12908	0	9.46
39.9102	12.8859	33.965	0.00954372	0.00867611	0.128859	0	9.47
39.8487	12.8639	33.9206	0.00952965	0.00866332	0.128639	0	9.48
39.7874	12.8419	33.8762	0.00951561	0.00865055	0.128419	0	9.49
39.7263	12.8199	33.8319	0.00950159	0.00863781	0.128199	0	9.5
39.6654	12.7979	33.7876	0.00948759	0.00862508	0.127979	0	9.51
39.6046	12.7759	33.7432	0.00947362	0.00861238	0.127759	0	9.52
39.5441	12.754	33.6989	0.00945967	0.0085997	0.12754	0	9.53
39.4837	12.7321	33.6546	0.00944575	0.00858704	0.127321	0	9.54
39.4236	12.7102	33.6103	0.00943185	0.00857441	0.127102	0	9.55
39.3636	12.6884	33.566	0.00941797	0.00856179	0.126884	0	9.56
39.3038	12.6666	33.5217	0.00940412	0.0085492	0.126666	0	9.57
39.2441	12.6448	33.4774	0.00939029	0.00853663	0.126448	0	9.58
39.1847	12.623	33.4331	0.00937648	0.00852408	0.12623	0	9.59
39.1254	12.6012	33.3888	0.0093627	0.00851155	0.126012	0	9.6
39.0664	12.5795	33.3445	0.00934895	0.00849904	0.125795	0	9.61
39.0074	12.5578	33.3003	0.00933521	0.00848656	0.125578	0	9.62
38.9487	12.5362	33.256	0.0093215	0.00847409	0.125362	0	9.63
38.8902	12.5146	33.2118	0.00930782	0.00846165	0.125146	0	9.64
38.8318	12.493	33.1676	0.00929415	0.00844923	0.12493	0	9.65
38.7736	12.4714	33.1233	0.00928052	0.00843683	0.124714	0	9.66
38.7156	12.4498	33.0791	0.0092669	0.00842445	0.124498	0	9.67
38.6577	12.4283	33.0349	0.00925331	0.0084121	0.124283	0	9.68
38.6001	12.4069	32.9907	0.00923974	0.00839976	0.124069	0	9.69
38.5425	12.3854	32.9466	0.0092262	0.00838745	0.123854	0	9.7
38.4852	12.364	32.9024	0.00921267	0.00837516	0.12364	0	9.71
38.428	12.3426	32.8582	0.00919918	0.00836289	0.123426	0	9.72
38.371	12.3213	32.8141	0.0091857	0.00835064	0.123213	0	9.73
38.3142	12.2999	32.7699	0.00917225	0.00833841	0.122999	0	9.74
38.2575	12.2787	32.7258	0.00915882	0.0083262	0.122787	0	9.75
38.2011	12.2574	32.6817	0.00914542	0.00831402	0.122574	0	9.76
38.1447	12.2362	32.6376	0.00913204	0.00830185	0.122362	0	9.77
38.0885	12.215	32.5935	0.00911868	0.00828971	0.12215	0	9.78
38.0325	12.1939	32.5495	0.00910534	0.00827759	0.121939	0	9.79
37.9767	12.1727	32.5054	0.00909203	0.00826548	0.121727	0	9.8
37.921	12.1517	32.4614	0.00907874	0.0082534	0.121517	0	9.81
37.8655	12.1306	32.4173	0.00906548	0.00824134	0.121306	0	9.82
37.8101	12.1096	32.3733	0.00905223	0.0082293	0.121096	0	9.83
37.7549	12.0886	32.3293	0.00903901	0.00821729	0.120886	0	9.84
37.6999	12.0677	32.2853	0.00902582	0.00820529	0.120677	0	9.85
37.645	12.0468	32.2414	0.00901264	0.00819331	0.120468	0	9.86
37.5902	12.026	32.1974	0.00899949	0.00818136	0.12026	0	9.87
37.5356	12.0051	32.1535	0.00898636	0.00816942	0.120051	0	9.88
37.4812	11.9844	32.1095	0.00897326	0.00815751	0.119844	0	9.89
37.4269	11.9636	32.0656	0.00896018	0.00814561	0.119636	0	9.9
37.3728	11.9429	32.0217	0.00894711	0.00813374	0.119429	0	9.91
37.3188	11.9222	31.9779	0.00893408	0.00812189	0.119222	0	9.92
37.265	11.9016	31.934	0.00892106	0.00811006	0.119016	0	9.93
37.2113	11.881	31.8902	0.00890807	0.00809824	0.11881	0	9.94
37.1578	11.8605	31.8463	0.0088951	0.00808645	0.118605	0	9.95
37.1044	11.8399	31.8025	0.00888215	0.00807468	0.118399	0	9.96
37.0511	11.8195	31.7587	0.00886923	0.00806293	0.118195	0	9.97
36.998	11.799	31.715	0.00885632	0.0080512	0.11799	0	9.98
36.9451	11.7786	31.6712	0.00884344	0.00803949	0.117786	0	9.99
