S	I	R	e	d	dI	f	t
300	100	0	0.176	0.16	4	12	0
276.867	103.602	15.5365	0.174242	0.158402	4.14408	11.0747	0.04
255.305	106.517	29.999	0.172401	0.156729	4.26068	10.2122	0.08
235.375	108.713	43.4445	0.170514	0.155013	4.34852	9.41499	0.12
217.038	110.2	55.9294	0.168593	0.153267	4.40798	8.68152	0.16
200.242	111.004	67.5079	0.166652	0.151501	4.44016	8.00967	0.2
184.921	111.166	78.2319	0.164701	0.149728	4.44666	7.39684	0.24
171	110.737	88.1514	0.162751	0.147956	4.42948	6.84001	0.28
158.397	109.773	97.3143	0.160813	0.146194	4.39093	6.33589	0.32
147.025	108.336	105.767	0.158896	0.144451	4.33345	5.881	0.36
136.795	106.488	113.552	0.157008	0.142734	4.25953	5.4718	0.4
127.619	104.292	120.713	0.155154	0.14105	4.17167	5.10474	0.44
119.409	101.806	127.29	0.153342	0.139402	4.07225	4.77635	0.48
112.082	99.0876	133.321	0.151576	0.137796	3.9635	4.48328	0.52
105.559	96.1878	138.841	0.149859	0.136235	3.84751	4.22234	0.56
99.7633	93.1536	143.886	0.148193	0.134721	3.72615	3.99053	0.6
94.6263	90.0271	148.489	0.146583	0.133257	3.60108	3.78505	0.64
90.083	86.8449	152.68	0.145027	0.131843	3.4738	3.60332	0.68
86.0738	83.6389	156.488	0.143528	0.13048	3.34556	3.44295	0.72
82.5446	80.4365	159.942	0.142086	0.129169	3.21746	3.30179	0.76
79.4459	77.2603	163.066	0.1407	0.127909	3.09041	3.17784	0.8
76.733	74.1296	165.885	0.139369	0.126699	2.96519	3.06932	0.84
74.3654	71.0598	168.422	0.138093	0.125539	2.84239	2.97462	0.88
72.3068	68.0631	170.699	0.13687	0.124428	2.72253	2.89227	0.92
70.5243	65.1493	172.736	0.1357	0.123364	2.60597	2.82097	0.96
68.9886	62.3255	174.55	0.13458	0.122346	2.49302	2.75954	1
67.6733	59.5969	176.16	0.133509	0.121372	2.38388	2.70693	1.04
66.5548	56.967	177.582	0.132486	0.120442	2.27868	2.66219	1.08
65.6118	54.4377	178.832	0.131508	0.119552	2.17751	2.62447	1.12
64.8255	52.0099	179.922	0.130573	0.118703	2.08039	2.59302	1.16
64.1789	49.6832	180.867	0.129681	0.117892	1.98733	2.56715	1.2
63.6567	47.4566	181.679	0.128829	0.117117	1.89827	2.54627	1.24
63.2453	45.3285	182.369	0.128015	0.116377	1.81314	2.52981	1.28
62.9326	43.2966	182.948	0.127238	0.115671	1.73186	2.5173	1.32
62.7076	41.3582	183.424	0.126496	0.114996	1.65433	2.5083	1.36
62.5605	39.5105	183.809	0.125787	0.114352	1.58042	2.50242	1.4
62.4825	37.7503	184.108	0.12511	0.113736	1.51001	2.4993	1.44
62.4657	36.0743	184.332	0.124464	0.113149	1.44297	2.49863	1.48
62.503	34.4792	184.486	0.123846	0.112587	1.37917	2.50012	1.52
62.5881	32.9616	184.577	0.123256	0.112051	1.31846	2.50352	1.56
62.7152	31.518	184.611	0.122691	0.111538	1.26072	2.50861	1.6
62.8791	30.1452	184.594	0.122152	0.111047	1.20581	2.51517	1.64
63.0754	28.8397	184.532	0.121637	0.110579	1.15359	2.52302	1.68
63.2997	27.5984	184.428	0.121143	0.11013	1.10394	2.53199	1.72
63.5484	26.4181	184.287	0.120672	0.109701	1.05672	2.54194	1.76
63.818	25.2958	184.113	0.12022	0.109291	1.01183	2.55272	1.8
64.1056	24.2285	183.911	0.119788	0.108898	0.969141	2.56423	1.84
64.4084	23.2135	183.682	0.119374	0.108522	0.928539	2.57634	1.88
64.724	22.248	183.432	0.118978	0.108161	0.889918	2.58896	1.92
65.0502	21.3294	183.161	0.118598	0.107816	0.853175	2.60201	1.96
65.3849	20.4553	182.873	0.118234	0.107485	0.818212	2.6154	2
65.7265	19.6234	182.571	0.117885	0.107168	0.784934	2.62906	2.04
66.0732	18.8313	182.255	0.11755	0.106864	0.753253	2.64293	2.08
66.4238	18.0771	181.93	0.117229	0.106572	0.723084	2.65695	2.12
66.7768	17.3587	181.595	0.116921	0.106292	0.694347	2.67107	2.16
67.1313	16.6741	181.253	0.116626	0.106024	0.666965	2.68525	2.2
67.486	16.0217	180.906	0.116342	0.105766	0.640867	2.69944	2.24
67.8403	15.3996	180.554	0.11607	0.105518	0.615985	2.71361	2.28
68.1931	14.8063	180.2	0.115808	0.10528	0.592254	2.72772	2.32
68.5439	14.2403	179.843	0.115556	0.105051	0.569613	2.74175	2.36
68.8919	13.7001	179.486	0.115314	0.104831	0.548005	2.75568	2.4
69.2367	13.1844	179.128	0.115082	0.10462	0.527376	2.76947	2.44
69.5777	12.6918	178.771	0.114858	0.104416	0.507673	2.78311	2.48
69.9146	12.2213	178.416	0.114643	0.104221	0.48885	2.79658	2.52
70.2469	11.7715	178.063	0.114436	0.104032	0.47086	2.80988	2.56
70.5743	11.3415	177.712	0.114236	0.103851	0.453661	2.82297	2.6
70.8966	10.9303	177.365	0.114044	0.103677	0.437211	2.83587	2.64
71.2136	10.5368	177.022	0.11386	0.103509	0.421472	2.84854	2.68
71.525	10.1602	176.682	0.113682	0.103347	0.406409	2.861	2.72
71.8307	9.79965	176.347	0.11351	0.103191	0.391986	2.87323	2.76
72.1305	9.45431	176.017	0.113345	0.103041	0.378173	2.88522	2.8
72.4245	9.12344	175.692	0.113186	0.102896	0.364937	2.89698	2.84
72.7124	8.8063	175.372	0.113032	0.102756	0.352252	2.9085	2.88
72.9943	8.50223	175.057	0.112884	0.102622	0.340089	2.91977	2.92
73.2701	8.21059	174.749	0.112741	0.102492	0.328424	2.9308	2.96
73.5398	7.93078	174.445	0.112603	0.102366	0.317231	2.94159	3
73.8034	7.66222	174.148	0.11247	0.102245	0.306489	2.95213	3.04
74.0609	7.40438	173.856	0.112342	0.102129	0.296175	2.96244	3.08
74.3124	7.15674	173.571	0.112218	0.102016	0.28627	2.9725	3.12
74.5579	6.91883	173.291	0.112098	0.101907	0.276753	2.98232	3.16
74.7975	6.69019	173.018	0.111982	0.101802	0.267608	2.9919	3.2
75.0312	6.47039	172.75	0.111871	0.101701	0.258816	3.00125	3.24
75.2591	6.25903	172.489	0.111763	0.101603	0.250361	3.01036	3.28
75.4813	6.05571	172.233	0.111659	0.101508	0.242228	3.01925	3.32
75.6978	5.86007	171.984	0.111558	0.101417	0.234403	3.02791	3.36
75.9088	5.67176	171.74	0.111461	0.101328	0.226871	3.03635	3.4
76.1143	5.49047	171.502	0.111367	0.101243	0.219619	3.04457	3.44
76.3145	5.31587	171.27	0.111276	0.10116	0.212635	3.05258	3.48
76.5094	5.14768	171.044	0.111188	0.10108	0.205907	3.06037	3.52
76.6991	4.98561	170.823	0.111103	0.101003	0.199424	3.06796	3.56
76.8838	4.8294	170.608	0.111021	0.100929	0.193176	3.07535	3.6
77.0635	4.6788	170.399	0.110942	0.100856	0.187152	3.08254	3.64
77.2383	4.53357	170.194	0.110865	0.100787	0.181343	3.08953	3.68
77.4085	4.39348	169.995	0.110791	0.100719	0.175739	3.09634	3.72
77.574	4.25832	169.802	0.110719	0.100654	0.170333	3.10296	3.76
77.7349	4.12788	169.613	0.110649	0.10059	0.165115	3.1094	3.8
77.8915	4.00197	169.43	0.110582	0.100529	0.160079	3.11566	3.84
78.0437	3.8804	169.251	0.110517	0.10047	0.155216	3.12175	3.88
78.1917	3.76299	169.077	0.110454	0.100413	0.15052	3.12767	3.92
78.3356	3.64958	168.908	0.110393	0.100357	0.145983	3.13343	3.96
78.4756	3.54002	168.744	0.110334	0.100304	0.141601	3.13902	4
78.6116	3.43413	168.584	0.110277	0.100252	0.137365	3.14446	4.04
78.7438	3.33179	168.429	0.110222	0.100202	0.133272	3.14975	4.08
78.8723	3.23286	168.278	0.110168	0.100153	0.129314	3.15489	4.12
78.9972	3.13719	168.131	0.110117	0.100106	0.125488	3.15989	4.16
79.1187	3.04467	167.988	0.110067	0.10006	0.121787	3.16475	4.2
79.2367	2.95517	167.849	0.110018	0.100016	0.118207	3.16947	4.24
79.3514	2.86858	167.714	0.109971	0.0999737	0.114743	3.17406	4.28
79.4629	2.78479	167.583	0.109926	0.0999324	0.111392	3.17851	4.32
79.5712	2.7037	167.456	0.109882	0.0998924	0.108148	3.18285	4.36
79.6765	2.62521	167.332	0.109839	0.0998537	0.105008	3.18706	4.4
79.7788	2.54922	167.212	0.109798	0.0998162	0.101969	3.19115	4.44
79.8783	2.47563	167.096	0.109758	0.0997799	0.0990252	3.19513	4.48
79.9749	2.40437	166.983	0.109719	0.0997448	0.0961746	3.199	4.52
80.0688	2.33534	166.873	0.109682	0.0997108	0.0934136	3.20275	4.56
80.1601	2.26847	166.766	0.109646	0.0996779	0.0907388	3.20641	4.6
80.2489	2.20368	166.662	0.109611	0.099646	0.0881473	3.20995	4.64
80.3351	2.1409	166.562	0.109577	0.0996152	0.085636	3.2134	4.68
80.4189	2.08005	166.464	0.109544	0.0995853	0.0832022	3.21676	4.72
80.5004	2.02108	166.37	0.109512	0.0995564	0.0808431	3.22002	4.76
80.5796	1.96391	166.278	0.109481	0.0995285	0.0785562	3.22318	4.8
80.6566	1.90847	166.188	0.109452	0.0995014	0.076339	3.22626	4.84
80.7314	1.85473	166.102	0.109423	0.0994752	0.074189	3.22926	4.88
80.8041	1.8026	166.018	0.109395	0.0994499	0.072104	3.23217	4.92
80.8749	1.75205	165.936	0.109368	0.0994254	0.0700818	3.23499	4.96
80.9436	1.70301	165.857	0.109342	0.0994016	0.0681203	3.23775	5
81.0105	1.65544	165.781	0.109317	0.0993787	0.0662174	3.24042	5.04
81.0755	1.60928	165.706	0.109292	0.0993565	0.0643713	3.24302	5.08
81.1387	1.5645	165.634	0.109269	0.099335	0.0625799	3.24555	5.12
81.2002	1.52104	165.564	0.109246	0.0993143	0.0608415	3.24801	5.16
81.26	1.47886	165.497	0.109224	0.0992942	0.0591544	3.2504	5.2
81.3181	1.43792	165.431	0.109202	0.0992748	0.0575168	3.25272	5.24
81.3747	1.39818	165.367	0.109182	0.099256	0.0559273	3.25499	5.28
81.4297	1.35961	165.305	0.109162	0.0992379	0.0543842	3.25719	5.32
81.4832	1.32215	165.246	0.109142	0.0992204	0.0528861	3.25933	5.36
81.5353	1.28579	165.188	0.109124	0.0992034	0.0514314	3.26141	5.4
81.5859	1.25047	165.131	0.109106	0.0991871	0.0500189	3.26344	5.44
81.6352	1.21618	165.077	0.109088	0.0991713	0.0486472	3.26541	5.48
81.6832	1.18287	165.024	0.109072	0.099156	0.047315	3.26733	5.52
81.7298	1.15053	164.973	0.109055	0.0991413	0.0460211	3.26919	5.56
81.7753	1.11911	164.923	0.10904	0.099127	0.0447642	3.27101	5.6
81.8195	1.08858	164.875	0.109025	0.0991133	0.0435433	3.27278	5.64
81.8625	1.05893	164.829	0.10901	0.0991001	0.0423572	3.2745	5.68
81.9044	1.03012	164.784	0.108996	0.0990873	0.0412048	3.27618	5.72
81.9452	1.00213	164.74	0.108982	0.099075	0.0400851	3.27781	5.76
81.9849	0.974929	164.698	0.108969	0.0990631	0.0389972	3.2794	5.8
82.0236	0.948498	164.657	0.108957	0.0990516	0.0379399	3.28094	5.84
82.0613	0.922813	164.617	0.108945	0.0990406	0.0369125	3.28245	5.88
82.098	0.89785	164.579	0.108933	0.09903	0.035914	3.28392	5.92
82.1337	0.873588	164.542	0.108922	0.0990197	0.0349435	3.28535	5.96
82.1685	0.850005	164.506	0.108911	0.0990099	0.0340002	3.28674	6
82.2024	0.827083	164.471	0.1089	0.0990004	0.0330833	3.2881	6.04
82.2355	0.8048	164.438	0.10889	0.0989913	0.032192	3.28942	6.08
82.2677	0.783137	164.405	0.108881	0.0989825	0.0313255	3.29071	6.12
82.2991	0.762078	164.374	0.108871	0.0989741	0.0304831	3.29196	6.16
82.3297	0.741603	164.344	0.108863	0.098966	0.0296641	3.29319	6.2
82.3595	0.721695	164.314	0.108854	0.0989582	0.0288678	3.29438	6.24
82.3886	0.702338	164.286	0.108846	0.0989507	0.0280935	3.29554	6.28
82.4169	0.683516	164.259	0.108838	0.0989436	0.0273406	3.29668	6.32
82.4446	0.665213	164.232	0.10883	0.0989367	0.0266085	3.29778	6.36
82.4715	0.647414	164.206	0.108823	0.0989302	0.0258966	3.29886	6.4
82.4978	0.630105	164.182	0.108816	0.0989239	0.0252042	3.29991	6.44
82.5235	0.61327	164.158	0.10881	0.0989179	0.0245308	3.30094	6.48
82.5485	0.596898	164.135	0.108803	0.0989121	0.0238759	3.30194	6.52
82.5729	0.580973	164.113	0.108797	0.0989067	0.0232389	3.30292	6.56
82.5967	0.565484	164.091	0.108792	0.0989014	0.0226194	3.30387	6.6
82.62	0.550418	164.071	0.108786	0.0988964	0.0220167	3.3048	6.64
82.6427	0.535763	164.051	0.108781	0.0988917	0.0214305	3.30571	6.68
82.6649	0.521506	164.032	0.108776	0.0988872	0.0208603	3.30659	6.72
82.6865	0.507638	164.013	0.108771	0.0988829	0.0203055	3.30746	6.76
82.7076	0.494147	163.995	0.108767	0.0988788	0.0197659	3.3083	6.8
82.7282	0.481021	163.978	0.108762	0.0988749	0.0192409	3.30913	6.84
82.7484	0.468252	163.962	0.108758	0.0988713	0.0187301	3.30994	6.88
82.7681	0.455828	163.946	0.108755	0.0988678	0.0182331	3.31072	6.92
82.7873	0.443741	163.93	0.108751	0.0988646	0.0177496	3.31149	6.96
82.8061	0.43198	163.916	0.108748	0.0988615	0.0172792	3.31224	7
82.8245	0.420537	163.902	0.108744	0.0988586	0.0168215	3.31298	7.04
82.8424	0.409402	163.888	0.108742	0.0988559	0.0163761	3.3137	7.08
82.86	0.398567	163.875	0.108739	0.0988534	0.0159427	3.3144	7.12
82.8771	0.388024	163.862	0.108736	0.0988511	0.015521	3.31509	7.16
82.8939	0.377764	163.851	0.108734	0.0988489	0.0151106	3.31576	7.2
82.9103	0.36778	163.839	0.108732	0.0988469	0.0147112	3.31641	7.24
82.9264	0.358065	163.828	0.108729	0.098845	0.0143226	3.31705	7.28
82.9421	0.348609	163.818	0.108728	0.0988433	0.0139444	3.31768	7.32
82.9574	0.339408	163.807	0.108726	0.0988417	0.0135763	3.3183	7.36
82.9724	0.330452	163.798	0.108724	0.0988403	0.0132181	3.3189	7.4
82.9872	0.321737	163.789	0.108723	0.098839	0.0128695	3.31949	7.44
83.0016	0.313254	163.78	0.108722	0.0988379	0.0125302	3.32006	7.48
83.0157	0.304998	163.772	0.108721	0.0988369	0.0121999	3.32063	7.52
83.0295	0.296963	163.764	0.10872	0.098836	0.0118785	3.32118	7.56
83.043	0.289141	163.756	0.108719	0.0988353	0.0115657	3.32172	7.6
83.0562	0.281529	163.749	0.108718	0.0988346	0.0112612	3.32225	7.64
83.0692	0.274119	163.742	0.108718	0.0988341	0.0109648	3.32277	7.68
83.0819	0.266907	163.736	0.108717	0.0988338	0.0106763	3.32328	7.72
83.0944	0.259887	163.729	0.108717	0.0988335	0.0103955	3.32377	7.76
83.1066	0.253053	163.724	0.108717	0.0988333	0.0101221	3.32426	7.8
83.1185	0.246401	163.718	0.108717	0.0988333	0.00985603	3.32474	7.84
83.1303	0.239926	163.713	0.108717	0.0988333	0.00959702	3.32521	7.88
83.1418	0.233622	163.708	0.108717	0.0988335	0.00934489	3.32567	7.92
83.1531	0.227486	163.704	0.108717	0.0988338	0.00909944	3.32612	7.96
83.1641	0.221513	163.7	0.108718	0.0988341	0.00886051	3.32657	8
83.175	0.215698	163.696	0.108718	0.0988346	0.00862791	3.327	8.04
83.1857	0.210037	163.692	0.108719	0.0988351	0.00840147	3.32743	8.08
83.1961	0.204526	163.689	0.108719	0.0988357	0.00818103	3.32785	8.12
83.2064	0.199161	163.686	0.10872	0.0988364	0.00796642	3.32826	8.16
83.2165	0.193937	163.683	0.108721	0.0988372	0.0077575	3.32866	8.2
83.2264	0.188852	163.68	0.108722	0.0988381	0.00755409	3.32906	8.24
83.2361	0.183902	163.678	0.108723	0.0988391	0.00735607	3.32944	8.28
83.2457	0.179082	163.676	0.108724	0.0988401	0.00716327	3.32983	8.32
83.2551	0.174389	163.674	0.108725	0.0988413	0.00697557	3.3302	8.36
83.2643	0.169821	163.672	0.108727	0.0988425	0.00679283	3.33057	8.4
83.2734	0.165373	163.671	0.108728	0.0988437	0.0066149	3.33093	8.44
83.2823	0.161042	163.669	0.10873	0.0988451	0.00644167	3.33129	8.48
83.291	0.156825	163.668	0.108731	0.0988465	0.00627301	3.33164	8.52
83.2997	0.15272	163.667	0.108733	0.0988479	0.00610879	3.33199	8.56
83.3081	0.148723	163.667	0.108734	0.0988495	0.00594891	3.33233	8.6
83.3165	0.144831	163.666	0.108736	0.0988511	0.00579323	3.33266	8.64
83.3247	0.141041	163.666	0.108738	0.0988527	0.00564165	3.33299	8.68
83.3328	0.137352	163.666	0.10874	0.0988545	0.00549406	3.33331	8.72
83.3407	0.133759	163.666	0.108742	0.0988562	0.00535036	3.33363	8.76
83.3486	0.130261	163.666	0.108744	0.0988581	0.00521044	3.33394	8.8
83.3563	0.126855	163.667	0.108746	0.09886	0.00507419	3.33425	8.84
83.3639	0.123538	163.667	0.108748	0.0988619	0.00494153	3.33455	8.88
83.3714	0.120309	163.668	0.10875	0.0988639	0.00481236	3.33485	8.92
83.3787	0.117164	163.669	0.108753	0.098866	0.00468658	3.33515	8.96
83.386	0.114102	163.67	0.108755	0.0988681	0.0045641	3.33544	9
83.3931	0.111121	163.671	0.108757	0.0988702	0.00444484	3.33573	9.04
83.4002	0.108218	163.673	0.10876	0.0988724	0.00432871	3.33601	9.08
83.4072	0.105391	163.674	0.108762	0.0988747	0.00421563	3.33629	9.12
83.414	0.102638	163.676	0.108765	0.0988769	0.00410552	3.33656	9.16
83.4208	0.0999573	163.677	0.108767	0.0988793	0.00399829	3.33683	9.2
83.4275	0.097347	163.679	0.10877	0.0988816	0.00389388	3.3371	9.24
83.4341	0.0948052	163.681	0.108772	0.0988841	0.00379221	3.33736	9.28
83.4406	0.09233	163.683	0.108775	0.0988865	0.0036932	3.33762	9.32
83.447	0.0899197	163.686	0.108778	0.098889	0.00359679	3.33788	9.36
83.4533	0.0875725	163.688	0.108781	0.0988915	0.0035029	3.33813	9.4
83.4596	0.0852869	163.69	0.108784	0.0988941	0.00341148	3.33838	9.44
83.4658	0.0830611	163.693	0.108786	0.0988967	0.00332244	3.33863	9.48
83.4719	0.0808936	163.696	0.108789	0.0988994	0.00323574	3.33888	9.52
83.4779	0.0787829	163.698	0.108792	0.098902	0.00315132	3.33912	9.56
83.4839	0.0767274	163.701	0.108795	0.0989047	0.0030691	3.33936	9.6
83.4898	0.0747258	163.704	0.108798	0.0989075	0.00298903	3.33959	9.64
83.4956	0.0727765	163.707	0.108801	0.0989103	0.00291106	3.33982	9.68
83.5014	0.0708782	163.71	0.108804	0.0989131	0.00283513	3.34006	9.72
83.5071	0.0690296	163.714	0.108807	0.0989159	0.00276119	3.34028	9.76
83.5127	0.0672294	163.717	0.108811	0.0989188	0.00268918	3.34051	9.8
83.5183	0.0654762	163.72	0.108814	0.0989217	0.00261905	3.34073	9.84
83.5238	0.0637689	163.724	0.108817	0.0989246	0.00255076	3.34095	9.88
83.5293	0.0621062	163.727	0.10882	0.0989275	0.00248425	3.34117	9.92
83.5347	0.060487	163.731	0.108824	0.0989305	0.00241948	3.34139	9.96
83.54	0.0589102	163.735	0.108827	0.0989335	0.00235641	3.3416	10
83.5453	0.0573745	163.739	0.10883	0.0989365	0.00229498	3.34181	10.04
83.5506	0.055879	163.742	0.108834	0.0989396	0.00223516	3.34202	10.08
83.5558	0.0544225	163.746	0.108837	0.0989426	0.0021769	3.34223	10.12
83.5609	0.0530041	163.75	0.10884	0.0989457	0.00212016	3.34244	10.16
83.566	0.0516227	163.754	0.108844	0.0989489	0.00206491	3.34264	10.2
83.5711	0.0502775	163.759	0.108847	0.098952	0.0020111	3.34284	10.24
83.5761	0.0489673	163.763	0.108851	0.0989552	0.00195869	3.34304	10.28
83.5811	0.0476914	163.767	0.108854	0.0989583	0.00190766	3.34324	10.32
83.586	0.0464488	163.771	0.108858	0.0989615	0.00185795	3.34344	10.36
83.5909	0.0452386	163.776	0.108861	0.0989648	0.00180954	3.34363	10.4
83.5957	0.04406	163.78	0.108865	0.098968	0.0017624	3.34383	10.44
83.6005	0.0429122	163.785	0.108868	0.0989713	0.00171649	3.34402	10.48
83.6053	0.0417943	163.789	0.108872	0.0989746	0.00167177	3.34421	10.52
83.61	0.0407056	163.794	0.108876	0.0989779	0.00162823	3.3444	10.56
83.6147	0.0396454	163.799	0.108879	0.0989812	0.00158581	3.34459	10.6
83.6194	0.0386127	163.803	0.108883	0.0989845	0.00154451	3.34477	10.64
83.624	0.0376071	163.808	0.108887	0.0989878	0.00150428	3.34496	10.68
83.6286	0.0366276	163.813	0.10889	0.0989912	0.00146511	3.34514	10.72
83.6331	0.0356737	163.818	0.108894	0.0989946	0.00142695	3.34533	10.76
83.6377	0.0347447	163.823	0.108898	0.098998	0.00138979	3.34551	10.8
83.6422	0.0338399	163.827	0.108902	0.0990014	0.0013536	3.34569	10.84
83.6466	0.0329588	163.832	0.108905	0.0990048	0.00131835	3.34586	10.88
83.6511	0.0321006	163.837	0.108909	0.0990083	0.00128402	3.34604	10.92
83.6555	0.0312647	163.843	0.108913	0.0990117	0.00125059	3.34622	10.96
83.6598	0.0304507	163.848	0.108917	0.0990152	0.00121803	3.34639	11
83.6642	0.0296579	163.853	0.108921	0.0990186	0.00118631	3.34657	11.04
83.6685	0.0288857	163.858	0.108924	0.0990221	0.00115543	3.34674	11.08
83.6728	0.0281337	163.863	0.108928	0.0990256	0.00112535	3.34691	11.12
83.6771	0.0274013	163.868	0.108932	0.0990292	0.00109605	3.34708	11.16
83.6813	0.026688	163.874	0.108936	0.0990327	0.00106752	3.34725	11.2
83.6856	0.0259932	163.879	0.10894	0.0990362	0.00103973	3.34742	11.24
83.6898	0.0253166	163.884	0.108944	0.0990398	0.00101266	3.34759	11.28
83.694	0.0246576	163.89	0.108948	0.0990433	0.000986304	3.34776	11.32
83.6981	0.0240158	163.895	0.108952	0.0990469	0.000960631	3.34793	11.36
83.7023	0.0233907	163.901	0.108956	0.0990505	0.000935627	3.34809	11.4
83.7064	0.0227818	163.906	0.108959	0.0990541	0.000911274	3.34826	11.44
83.7105	0.0221889	163.912	0.108963	0.0990577	0.000887556	3.34842	11.48
83.7146	0.0216114	163.917	0.108967	0.0990613	0.000864456	3.34858	11.52
83.7186	0.0210489	163.923	0.108971	0.0990649	0.000841957	3.34875	11.56
83.7227	0.0205011	163.928	0.108975	0.0990685	0.000820045	3.34891	11.6
83.7267	0.0199676	163.934	0.108979	0.0990722	0.000798703	3.34907	11.64
83.7307	0.0194479	163.939	0.108983	0.0990758	0.000777917	3.34923	11.68
83.7347	0.0189418	163.945	0.108987	0.0990795	0.000757673	3.34939	11.72
83.7387	0.0184489	163.951	0.108991	0.0990831	0.000737956	3.34955	11.76
83.7426	0.0179688	163.956	0.108995	0.0990868	0.000718752	3.34971	11.8
83.7466	0.0175012	163.962	0.109	0.0990905	0.000700049	3.34986	11.84
83.7505	0.0170458	163.968	0.109004	0.0990942	0.000681833	3.35002	11.88
83.7544	0.0166023	163.974	0.109008	0.0990979	0.000664091	3.35018	11.92
83.7583	0.0161703	163.979	0.109012	0.0991016	0.000646811	3.35033	11.96
83.7622	0.0157495	163.985	0.109016	0.0991053	0.000629981	3.35049	12
83.7661	0.0153397	163.991	0.10902	0.099109	0.000613589	3.35064	12.04
83.7699	0.0149406	163.997	0.109024	0.0991127	0.000597624	3.3508	12.08
83.7738	0.0145519	164.003	0.109028	0.0991164	0.000582074	3.35095	12.12
83.7776	0.0141732	164.009	0.109032	0.0991202	0.00056693	3.3511	12.16
83.7814	0.0138045	164.015	0.109036	0.0991239	0.000552179	3.35126	12.2
83.7852	0.0134453	164.02	0.10904	0.0991277	0.000537813	3.35141	12.24
83.789	0.0130955	164.026	0.109045	0.0991314	0.000523821	3.35156	12.28
83.7928	0.0127548	164.032	0.109049	0.0991352	0.000510193	3.35171	12.32
83.7966	0.012423	164.038	0.109053	0.0991389	0.000496919	3.35186	12.36
83.8003	0.0120998	164.044	0.109057	0.0991427	0.000483992	3.35201	12.4
83.8041	0.011785	164.05	0.109061	0.0991465	0.0004714	3.35216	12.44
83.8078	0.0114784	164.056	0.109065	0.0991503	0.000459137	3.35231	12.48
83.8115	0.0111798	164.062	0.109069	0.099154	0.000447192	3.35246	12.52
83.8153	0.010889	164.068	0.109074	0.0991578	0.000435559	3.35261	12.56
83.819	0.0106057	164.074	0.109078	0.0991616	0.000424228	3.35276	12.6
83.8227	0.0103298	164.081	0.109082	0.0991654	0.000413192	3.35291	12.64
83.8264	0.0100611	164.087	0.109086	0.0991692	0.000402444	3.35305	12.68
83.83	0.00979937	164.093	0.10909	0.099173	0.000391975	3.3532	12.72
83.8337	0.00954446	164.099	0.109095	0.0991768	0.000381778	3.35335	12.76
83.8374	0.00929618	164.105	0.109099	0.0991807	0.000371847	3.3535	12.8
83.841	0.00905437	164.111	0.109103	0.0991845	0.000362175	3.35364	12.84
83.8447	0.00881884	164.117	0.109107	0.0991883	0.000352754	3.35379	12.88
83.8483	0.00858945	164.123	0.109111	0.0991921	0.000343578	3.35393	12.92
83.852	0.00836602	164.13	0.109116	0.099196	0.000334641	3.35408	12.96
83.8556	0.00814841	164.136	0.10912	0.0991998	0.000325937	3.35422	13
83.8592	0.00793646	164.142	0.109124	0.0992036	0.000317459	3.35437	13.04
83.8628	0.00773003	164.148	0.109128	0.0992075	0.000309201	3.35451	13.08
83.8665	0.00752897	164.154	0.109132	0.0992113	0.000301159	3.35466	13.12
83.8701	0.00733313	164.161	0.109137	0.0992152	0.000293325	3.3548	13.16
83.8737	0.0071424	164.167	0.109141	0.099219	0.000285696	3.35495	13.2
83.8772	0.00695662	164.173	0.109145	0.0992229	0.000278265	3.35509	13.24
83.8808	0.00677568	164.179	0.109149	0.0992267	0.000271027	3.35523	13.28
83.8844	0.00659945	164.185	0.109154	0.0992306	0.000263978	3.35538	13.32
83.888	0.0064278	164.192	0.109158	0.0992345	0.000257112	3.35552	13.36
83.8915	0.00626062	164.198	0.109162	0.0992383	0.000250425	3.35566	13.4
83.8951	0.00609779	164.204	0.109166	0.0992422	0.000243912	3.3558	13.44
83.8987	0.00593919	164.211	0.109171	0.0992461	0.000237568	3.35595	13.48
83.9022	0.00578472	164.217	0.109175	0.0992499	0.000231389	3.35609	13.52
83.9058	0.00563427	164.223	0.109179	0.0992538	0.000225371	3.35623	13.56
83.9093	0.00548773	164.229	0.109183	0.0992577	0.000219509	3.35637	13.6
83.9128	0.00534501	164.236	0.109188	0.0992616	0.0002138	3.35651	13.64
83.9164	0.00520599	164.242	0.109192	0.0992655	0.00020824	3.35665	13.68
83.9199	0.0050706	164.248	0.109196	0.0992694	0.000202824	3.3568	13.72
83.9234	0.00493872	164.255	0.109201	0.0992732	0.000197549	3.35694	13.76
83.9269	0.00481028	164.261	0.109205	0.0992771	0.000192411	3.35708	13.8
83.9304	0.00468517	164.267	0.109209	0.099281	0.000187407	3.35722	13.84
83.934	0.00456333	164.274	0.109213	0.0992849	0.000182533	3.35736	13.88
83.9375	0.00444465	164.28	0.109218	0.0992888	0.000177786	3.3575	13.92
83.941	0.00432905	164.287	0.109222	0.0992927	0.000173162	3.35764	13.96
83.9445	0.00421647	164.293	0.109226	0.0992966	0.000168659	3.35778	14
83.948	0.00410681	164.299	0.109231	0.0993005	0.000164273	3.35792	14.04
83.9515	0.00400001	164.306	0.109235	0.0993044	0.00016	3.35806	14.08
83.9549	0.00389598	164.312	0.109239	0.0993083	0.000155839	3.3582	14.12
83.9584	0.00379466	164.318	0.109243	0.0993123	0.000151786	3.35834	14.16
83.9619	0.00369598	164.325	0.109248	0.0993162	0.000147839	3.35848	14.2
83.9654	0.00359986	164.331	0.109252	0.0993201	0.000143994	3.35862	14.24
83.9689	0.00350624	164.338	0.109256	0.099324	0.00014025	3.35875	14.28
83.9723	0.00341506	164.344	0.109261	0.0993279	0.000136602	3.35889	14.32
83.9758	0.00332625	164.35	0.109265	0.0993318	0.00013305	3.35903	14.36
83.9793	0.00323974	164.357	0.109269	0.0993358	0.00012959	3.35917	14.4
83.9827	0.00315549	164.363	0.109274	0.0993397	0.00012622	3.35931	14.44
83.9862	0.00307343	164.37	0.109278	0.0993436	0.000122937	3.35945	14.48
83.9897	0.00299351	164.376	0.109282	0.0993475	0.00011974	3.35959	14.52
83.9931	0.00291566	164.383	0.109287	0.0993514	0.000116626	3.35973	14.56
83.9966	0.00283984	164.389	0.109291	0.0993554	0.000113593	3.35986	14.6
84	0.00276599	164.395	0.109295	0.0993593	0.000110639	3.36	14.64
84.0035	0.00269406	164.402	0.1093	0.0993632	0.000107762	3.36014	14.68
84.0069	0.002624	164.408	0.109304	0.0993672	0.00010496	3.36028	14.72
84.0104	0.00255576	164.415	0.109308	0.0993711	0.00010223	3.36042	14.76
84.0138	0.0024893	164.421	0.109313	0.099375	9.95719e-05	3.36055	14.8
84.0173	0.00242456	164.428	0.109317	0.099379	9.69825e-05	3.36069	14.84
84.0207	0.00236151	164.434	0.109321	0.0993829	9.44605e-05	3.36083	14.88
84.0241	0.0023001	164.441	0.109326	0.0993868	9.20041e-05	3.36097	14.92
84.0276	0.00224029	164.447	0.10933	0.0993908	8.96116e-05	3.3611	14.96
84.031	0.00218203	164.454	0.109334	0.0993947	8.72813e-05	3.36124	15
84.0344	0.00212529	164.46	0.109339	0.0993987	8.50116e-05	3.36138	15.04
84.0379	0.00207002	164.467	0.109343	0.0994026	8.28009e-05	3.36152	15.08
84.0413	0.00201619	164.473	0.109347	0.0994065	8.06477e-05	3.36165	15.12
84.0447	0.00196376	164.48	0.109352	0.0994105	7.85505e-05	3.36179	15.16
84.0482	0.0019127	164.486	0.109356	0.0994144	7.65079e-05	3.36193	15.2
84.0516	0.00186296	164.492	0.10936	0.0994184	7.45184e-05	3.36206	15.24
84.055	0.00181451	164.499	0.109365	0.0994223	7.25806e-05	3.3622	15.28
84.0584	0.00176733	164.505	0.109369	0.0994263	7.06932e-05	3.36234	15.32
84.0618	0.00172137	164.512	0.109373	0.0994302	6.88549e-05	3.36247	15.36
84.0653	0.00167661	164.518	0.109378	0.0994342	6.70644e-05	3.36261	15.4
84.0687	0.00163301	164.525	0.109382	0.0994381	6.53204e-05	3.36275	15.44
84.0721	0.00159055	164.531	0.109386	0.0994421	6.36218e-05	3.36288	15.48
84.0755	0.00154919	164.538	0.109391	0.099446	6.19674e-05	3.36302	15.52
84.0789	0.0015089	164.544	0.109395	0.09945	6.0356e-05	3.36316	15.56
84.0823	0.00146966	164.551	0.109399	0.0994539	5.87866e-05	3.36329	15.6
84.0858	0.00143145	164.558	0.109404	0.0994579	5.72579e-05	3.36343	15.64
84.0892	0.00139422	164.564	0.109408	0.0994618	5.5769e-05	3.36357	15.68
84.0926	0.00135797	164.571	0.109412	0.0994658	5.43188e-05	3.3637	15.72
84.096	0.00132266	164.577	0.109417	0.0994697	5.29063e-05	3.36384	15.76
84.0994	0.00128826	164.584	0.109421	0.0994737	5.15306e-05	3.36398	15.8
84.1028	0.00125476	164.59	0.109425	0.0994777	5.01906e-05	3.36411	15.84
84.1062	0.00122214	164.597	0.10943	0.0994816	4.88855e-05	3.36425	15.88
84.1096	0.00119036	164.603	0.109434	0.0994856	4.76143e-05	3.36438	15.92
84.113	0.0011594	164.61	0.109438	0.0994895	4.63761e-05	3.36452	15.96
84.1164	0.00112925	164.616	0.109443	0.0994935	4.51702e-05	3.36466	16
84.1198	0.00109989	164.623	0.109447	0.0994975	4.39956e-05	3.36479	16.04
84.1232	0.00107129	164.629	0.109452	0.0995014	4.28516e-05	3.36493	16.08
84.1266	0.00104343	164.636	0.109456	0.0995054	4.17373e-05	3.36506	16.12
84.13	0.0010163	164.642	0.10946	0.0995093	4.0652e-05	3.3652	16.16
84.1334	0.000989873	164.649	0.109465	0.0995133	3.95949e-05	3.36534	16.2
84.1368	0.000964133	164.655	0.109469	0.0995173	3.85653e-05	3.36547	16.24
84.1402	0.000939063	164.662	0.109473	0.0995212	3.75625e-05	3.36561	16.28
84.1436	0.000914644	164.669	0.109478	0.0995252	3.65858e-05	3.36574	16.32
84.147	0.000890861	164.675	0.109482	0.0995292	3.56344e-05	3.36588	16.36
84.1504	0.000867696	164.682	0.109486	0.0995331	3.47078e-05	3.36602	16.4
84.1538	0.000845133	164.688	0.109491	0.0995371	3.38053e-05	3.36615	16.44
84.1572	0.000823157	164.695	0.109495	0.0995411	3.29263e-05	3.36629	16.48
84.1606	0.000801752	164.701	0.1095	0.099545	3.20701e-05	3.36642	16.52
84.164	0.000780904	164.708	0.109504	0.099549	3.12362e-05	3.36656	16.56
84.1673	0.000760599	164.714	0.109508	0.099553	3.04239e-05	3.36669	16.6
84.1707	0.000740821	164.721	0.109513	0.0995569	2.96328e-05	3.36683	16.64
84.1741	0.000721557	164.727	0.109517	0.0995609	2.88623e-05	3.36697	16.68
84.1775	0.000702795	164.734	0.109521	0.0995649	2.81118e-05	3.3671	16.72
84.1809	0.00068452	164.741	0.109526	0.0995689	2.73808e-05	3.36724	16.76
84.1843	0.000666721	164.747	0.10953	0.0995728	2.66688e-05	3.36737	16.8
84.1877	0.000649384	164.754	0.109534	0.0995768	2.59754e-05	3.36751	16.84
84.1911	0.000632498	164.76	0.109539	0.0995808	2.52999e-05	3.36764	16.88
84.1945	0.000616052	164.767	0.109543	0.0995847	2.46421e-05	3.36778	16.92
84.1978	0.000600033	164.773	0.109548	0.0995887	2.40013e-05	3.36791	16.96
84.2012	0.00058443	164.78	0.109552	0.0995927	2.33772e-05	3.36805	17
84.2046	0.000569233	164.786	0.109556	0.0995967	2.27693e-05	3.36818	17.04
84.208	0.000554432	164.793	0.109561	0.0996006	2.21773e-05	3.36832	17.08
84.2114	0.000540015	164.8	0.109565	0.0996046	2.16006e-05	3.36846	17.12
84.2148	0.000525973	164.806	0.109569	0.0996086	2.10389e-05	3.36859	17.16
84.2182	0.000512296	164.813	0.109574	0.0996126	2.04919e-05	3.36873	17.2
84.2216	0.000498975	164.819	0.109578	0.0996165	1.9959e-05	3.36886	17.24
84.2249	0.000486001	164.826	0.109583	0.0996205	1.944e-05	3.369	17.28
84.2283	0.000473363	164.832	0.109587	0.0996245	1.89345e-05	3.36913	17.32
84.2317	0.000461055	164.839	0.109591	0.0996285	1.84422e-05	3.36927	17.36
84.2351	0.000449066	164.846	0.109596	0.0996324	1.79626e-05	3.3694	17.4
84.2385	0.000437389	164.852	0.1096	0.0996364	1.74956e-05	3.36954	17.44
84.2419	0.000426016	164.859	0.109604	0.0996404	1.70406e-05	3.36967	17.48
84.2452	0.000414939	164.865	0.109609	0.0996444	1.65975e-05	3.36981	17.52
84.2486	0.000404149	164.872	0.109613	0.0996484	1.6166e-05	3.36994	17.56
84.252	0.00039364	164.878	0.109618	0.0996523	1.57456e-05	3.37008	17.6
84.2554	0.000383405	164.885	0.109622	0.0996563	1.53362e-05	3.37022	17.64
84.2588	0.000373435	164.892	0.109626	0.0996603	1.49374e-05	3.37035	17.68
84.2622	0.000363725	164.898	0.109631	0.0996643	1.4549e-05	3.37049	17.72
84.2655	0.000354267	164.905	0.109635	0.0996683	1.41707e-05	3.37062	17.76
84.2689	0.000345055	164.911	0.109639	0.0996722	1.38022e-05	3.37076	17.8
84.2723	0.000336083	164.918	0.109644	0.0996762	1.34433e-05	3.37089	17.84
84.2757	0.000327344	164.924	0.109648	0.0996802	1.30938e-05	3.37103	17.88
84.2791	0.000318832	164.931	0.109653	0.0996842	1.27533e-05	3.37116	17.92
84.2824	0.000310542	164.938	0.109657	0.0996882	1.24217e-05	3.3713	17.96
84.2858	0.000302467	164.944	0.109661	0.0996921	1.20987e-05	3.37143	18
84.2892	0.000294602	164.951	0.109666	0.0996961	1.17841e-05	3.37157	18.04
84.2926	0.000286942	164.957	0.10967	0.0997001	1.14777e-05	3.3717	18.08
84.296	0.000279481	164.964	0.109675	0.0997041	1.11792e-05	3.37184	18.12
84.2993	0.000272213	164.971	0.109679	0.0997081	1.08885e-05	3.37197	18.16
84.3027	0.000265135	164.977	0.109683	0.0997121	1.06054e-05	3.37211	18.2
84.3061	0.000258241	164.984	0.109688	0.099716	1.03296e-05	3.37224	18.24
84.3095	0.000251526	164.99	0.109692	0.09972	1.00611e-05	3.37238	18.28
84.3129	0.000244986	164.997	0.109696	0.099724	9.79944e-06	3.37251	18.32
84.3162	0.000238616	165.004	0.109701	0.099728	9.54463e-06	3.37265	18.36
84.3196	0.000232411	165.01	0.109705	0.099732	9.29645e-06	3.37278	18.4
84.323	0.000226368	165.017	0.10971	0.099736	9.05472e-06	3.37292	18.44
84.3264	0.000220482	165.023	0.109714	0.09974	8.81928e-06	3.37306	18.48
84.3298	0.000214749	165.03	0.109718	0.0997439	8.58995e-06	3.37319	18.52
84.3331	0.000209165	165.036	0.109723	0.0997479	8.3666e-06	3.37333	18.56
84.3365	0.000203726	165.043	0.109727	0.0997519	8.14904e-06	3.37346	18.6
84.3399	0.000198429	165.05	0.109731	0.0997559	7.93715e-06	3.3736	18.64
84.3433	0.000193269	165.056	0.109736	0.0997599	7.73077e-06	3.37373	18.68
84.3467	0.000188244	165.063	0.10974	0.0997639	7.52975e-06	3.37387	18.72
84.35	0.000183349	165.069	0.109745	0.0997679	7.33396e-06	3.374	18.76
84.3534	0.000178581	165.076	0.109749	0.0997718	7.14326e-06	3.37414	18.8
84.3568	0.000173938	165.083	0.109753	0.0997758	6.95752e-06	3.37427	18.84
84.3602	0.000169415	165.089	0.109758	0.0997798	6.77661e-06	3.37441	18.88
84.3636	0.00016501	165.096	0.109762	0.0997838	6.6004e-06	3.37454	18.92
84.3669	0.000160719	165.102	0.109767	0.0997878	6.42877e-06	3.37468	18.96
84.3703	0.00015654	165.109	0.109771	0.0997918	6.26161e-06	3.37481	19
84.3737	0.00015247	165.116	0.109775	0.0997958	6.0988e-06	3.37495	19.04
84.3771	0.000148505	165.122	0.10978	0.0997998	5.94021e-06	3.37508	19.08
84.3805	0.000144644	165.129	0.109784	0.0998037	5.78576e-06	3.37522	19.12
84.3838	0.000140883	165.135	0.109789	0.0998077	5.63531e-06	3.37535	19.16
84.3872	0.00013722	165.142	0.109793	0.0998117	5.48878e-06	3.37549	19.2
84.3906	0.000133652	165.149	0.109797	0.0998157	5.34606e-06	3.37562	19.24
84.394	0.000130176	165.155	0.109802	0.0998197	5.20705e-06	3.37576	19.28
84.3974	0.000126791	165.162	0.109806	0.0998237	5.07166e-06	3.37589	19.32
84.4007	0.000123495	165.168	0.10981	0.0998277	4.93978e-06	3.37603	19.36
84.4041	0.000120283	165.175	0.109815	0.0998317	4.81134e-06	3.37616	19.4
84.4075	0.000117156	165.182	0.109819	0.0998357	4.68623e-06	3.3763	19.44
84.4109	0.00011411	165.188	0.109824	0.0998397	4.56438e-06	3.37643	19.48
84.4143	0.000111142	165.195	0.109828	0.0998436	4.4457e-06	3.37657	19.52
84.4176	0.000108252	165.201	0.109832	0.0998476	4.3301e-06	3.37671	19.56
84.421	0.000105438	165.208	0.109837	0.0998516	4.21751e-06	3.37684	19.6
84.4244	0.000102696	165.215	0.109841	0.0998556	4.10784e-06	3.37698	19.64
84.4278	0.000100026	165.221	0.109846	0.0998596	4.00103e-06	3.37711	19.68
84.4311	9.74248e-05	165.228	0.10985	0.0998636	3.89699e-06	3.37725	19.72
84.4345	9.48916e-05	165.234	0.109854	0.0998676	3.79566e-06	3.37738	19.76
84.4379	9.24242e-05	165.241	0.109859	0.0998716	3.69697e-06	3.37752	19.8
84.4413	9.0021e-05	165.248	0.109863	0.0998756	3.60084e-06	3.37765	19.84
84.4447	8.76802e-05	165.254	0.109868	0.0998796	3.50721e-06	3.37779	19.88
84.448	8.54004e-05	165.261	0.109872	0.0998836	3.41601e-06	3.37792	19.92
84.4514	8.31798e-05	165.267	0.109876	0.0998876	3.32719e-06	3.37806	19.96
84.4548	8.10169e-05	165.274	0.109881	0.0998916	3.24068e-06	3.37819	20
84.4582	7.89103e-05	165.281	0.109885	0.0998956	3.15641e-06	3.37833	20.04
84.4616	7.68585e-05	165.287	0.10989	0.0998995	3.07434e-06	3.37846	20.08
84.465	7.486e-05	165.294	0.109894	0.0999035	2.9944e-06	3.3786	20.12
84.4683	7.29134e-05	165.3	0.109898	0.0999075	2.91654e-06	3.37873	20.16
84.4717	7.10175e-05	165.307	0.109903	0.0999115	2.8407e-06	3.37887	20.2
84.4751	6.91709e-05	165.314	0.109907	0.0999155	2.76684e-06	3.379	20.24
84.4785	6.73723e-05	165.32	0.109911	0.0999195	2.69489e-06	3.37914	20.28
84.4819	6.56205e-05	165.327	0.109916	0.0999235	2.62482e-06	3.37927	20.32
84.4852	6.39142e-05	165.333	0.10992	0.0999275	2.55657e-06	3.37941	20.36
84.4886	6.22523e-05	165.34	0.109925	0.0999315	2.49009e-06	3.37954	20.4
84.492	6.06336e-05	165.347	0.109929	0.0999355	2.42535e-06	3.37968	20.44
84.4954	5.9057e-05	165.353	0.109933	0.0999395	2.36228e-06	3.37982	20.48
84.4988	5.75214e-05	165.36	0.109938	0.0999435	2.30086e-06	3.37995	20.52
84.5021	5.60257e-05	165.367	0.109942	0.0999475	2.24103e-06	3.38009	20.56
84.5055	5.4569e-05	165.373	0.109947	0.0999515	2.18276e-06	3.38022	20.6
84.5089	5.31501e-05	165.38	0.109951	0.0999555	2.126e-06	3.38036	20.64
84.5123	5.1768e-05	165.386	0.109955	0.0999595	2.07072e-06	3.38049	20.68
84.5157	5.0422e-05	165.393	0.10996	0.0999635	2.01688e-06	3.38063	20.72
84.519	4.91109e-05	165.4	0.109964	0.0999675	1.96444e-06	3.38076	20.76
84.5224	4.78339e-05	165.406	0.109969	0.0999715	1.91336e-06	3.3809	20.8
84.5258	4.65901e-05	165.413	0.109973	0.0999755	1.8636e-06	3.38103	20.84
84.5292	4.53787e-05	165.419	0.109977	0.0999795	1.81515e-06	3.38117	20.88
84.5326	4.41987e-05	165.426	0.109982	0.0999835	1.76795e-06	3.3813	20.92
84.536	4.30495e-05	165.433	0.109986	0.0999875	1.72198e-06	3.38144	20.96
84.5393	4.19301e-05	165.439	0.109991	0.0999915	1.6772e-06	3.38157	21
84.5427	4.08398e-05	165.446	0.109995	0.0999955	1.63359e-06	3.38171	21.04
84.5461	3.97779e-05	165.452	0.109999	0.0999995	1.59112e-06	3.38184	21.08
84.5495	3.87436e-05	165.459	0.110004	0.100003	1.54974e-06	3.38198	21.12
84.5529	3.77362e-05	165.466	0.110008	0.100007	1.50945e-06	3.38211	21.16
84.5563	3.6755e-05	165.472	0.110013	0.100011	1.4702e-06	3.38225	21.2
84.5596	3.57992e-05	165.479	0.110017	0.100015	1.43197e-06	3.38239	21.24
84.563	3.48684e-05	165.486	0.110021	0.100019	1.39474e-06	3.38252	21.28
84.5664	3.39617e-05	165.492	0.110026	0.100023	1.35847e-06	3.38266	21.32
84.5698	3.30787e-05	165.499	0.11003	0.100027	1.32315e-06	3.38279	21.36
84.5732	3.22185e-05	165.505	0.110035	0.100031	1.28874e-06	3.38293	21.4
84.5766	3.13808e-05	165.512	0.110039	0.100035	1.25523e-06	3.38306	21.44
84.5799	3.05648e-05	165.519	0.110043	0.100039	1.22259e-06	3.3832	21.48
84.5833	2.97701e-05	165.525	0.110048	0.100043	1.1908e-06	3.38333	21.52
84.5867	2.8996e-05	165.532	0.110052	0.100047	1.15984e-06	3.38347	21.56
84.5901	2.8242e-05	165.539	0.110057	0.100051	1.12968e-06	3.3836	21.6
84.5935	2.75077e-05	165.545	0.110061	0.100055	1.10031e-06	3.38374	21.64
84.5969	2.67924e-05	165.552	0.110065	0.100059	1.0717e-06	3.38387	21.68
84.6002	2.60958e-05	165.558	0.11007	0.100063	1.04383e-06	3.38401	21.72
84.6036	2.54172e-05	165.565	0.110074	0.100067	1.01669e-06	3.38414	21.76
84.607	2.47563e-05	165.572	0.110079	0.100071	9.90253e-07	3.38428	21.8
84.6104	2.41126e-05	165.578	0.110083	0.100075	9.64504e-07	3.38442	21.84
84.6138	2.34856e-05	165.585	0.110087	0.100079	9.39425e-07	3.38455	21.88
84.6172	2.2875e-05	165.591	0.110092	0.100083	9.14998e-07	3.38469	21.92
84.6205	2.22802e-05	165.598	0.110096	0.100087	8.91206e-07	3.38482	21.96
84.6239	2.17008e-05	165.605	0.110101	0.100091	8.68033e-07	3.38496	22
84.6273	2.11366e-05	165.611	0.110105	0.100095	8.45462e-07	3.38509	22.04
84.6307	2.0587e-05	165.618	0.110109	0.100099	8.23479e-07	3.38523	22.08
84.6341	2.00517e-05	165.625	0.110114	0.100103	8.02067e-07	3.38536	22.12
84.6375	1.95303e-05	165.631	0.110118	0.100107	7.81211e-07	3.3855	22.16
84.6409	1.90224e-05	165.638	0.110123	0.100111	7.60898e-07	3.38563	22.2
84.6442	1.85278e-05	165.644	0.110127	0.100115	7.41113e-07	3.38577	22.24
84.6476	1.80461e-05	165.651	0.110131	0.100119	7.21843e-07	3.38591	22.28
84.651	1.75768e-05	165.658	0.110136	0.100123	7.03073e-07	3.38604	22.32
84.6544	1.71198e-05	165.664	0.11014	0.100127	6.84792e-07	3.38618	22.36
84.6578	1.66746e-05	165.671	0.110145	0.100132	6.66986e-07	3.38631	22.4
84.6612	1.62411e-05	165.678	0.110149	0.100136	6.49643e-07	3.38645	22.44
84.6646	1.58188e-05	165.684	0.110153	0.10014	6.32751e-07	3.38658	22.48
84.6679	1.54074e-05	165.691	0.110158	0.100144	6.16298e-07	3.38672	22.52
84.6713	1.50068e-05	165.697	0.110162	0.100148	6.00273e-07	3.38685	22.56
84.6747	1.46166e-05	165.704	0.110167	0.100152	5.84664e-07	3.38699	22.6
84.6781	1.42365e-05	165.711	0.110171	0.100156	5.69462e-07	3.38712	22.64
84.6815	1.38664e-05	165.717	0.110175	0.10016	5.54655e-07	3.38726	22.68
84.6849	1.35058e-05	165.724	0.11018	0.100164	5.40233e-07	3.3874	22.72
84.6883	1.31546e-05	165.731	0.110184	0.100168	5.26185e-07	3.38753	22.76
84.6917	1.28126e-05	165.737	0.110189	0.100172	5.12504e-07	3.38767	22.8
84.695	1.24794e-05	165.744	0.110193	0.100176	4.99177e-07	3.3878	22.84
84.6984	1.21549e-05	165.75	0.110198	0.10018	4.86198e-07	3.38794	22.88
84.7018	1.18389e-05	165.757	0.110202	0.100184	4.73556e-07	3.38807	22.92
84.7052	1.15311e-05	165.764	0.110206	0.100188	4.61242e-07	3.38821	22.96
84.7086	1.12312e-05	165.77	0.110211	0.100192	4.49249e-07	3.38834	23
84.712	1.09392e-05	165.777	0.110215	0.100196	4.37567e-07	3.38848	23.04
84.7154	1.06547e-05	165.784	0.11022	0.1002	4.2619e-07	3.38861	23.08
84.7188	1.03777e-05	165.79	0.110224	0.100204	4.15108e-07	3.38875	23.12
84.7221	1.01079e-05	165.797	0.110228	0.100208	4.04314e-07	3.38889	23.16
84.7255	9.84503e-06	165.804	0.110233	0.100212	3.93801e-07	3.38902	23.2
84.7289	9.58904e-06	165.81	0.110237	0.100216	3.83562e-07	3.38916	23.24
84.7323	9.33971e-06	165.817	0.110242	0.10022	3.73588e-07	3.38929	23.28
84.7357	9.09685e-06	165.823	0.110246	0.100224	3.63874e-07	3.38943	23.32
84.7391	8.86032e-06	165.83	0.11025	0.100228	3.54413e-07	3.38956	23.36
84.7425	8.62993e-06	165.837	0.110255	0.100232	3.45197e-07	3.3897	23.4
84.7459	8.40553e-06	165.843	0.110259	0.100236	3.36221e-07	3.38983	23.44
84.7493	8.18697e-06	165.85	0.110264	0.10024	3.27479e-07	3.38997	23.48
84.7527	7.9741e-06	165.857	0.110268	0.100244	3.18964e-07	3.39011	23.52
84.756	7.76675e-06	165.863	0.110272	0.100248	3.1067e-07	3.39024	23.56
84.7594	7.5648e-06	165.87	0.110277	0.100252	3.02592e-07	3.39038	23.6
84.7628	7.3681e-06	165.876	0.110281	0.100256	2.94724e-07	3.39051	23.64
84.7662	7.17651e-06	165.883	0.110286	0.10026	2.87061e-07	3.39065	23.68
84.7696	6.98991e-06	165.89	0.11029	0.100264	2.79596e-07	3.39078	23.72
84.773	6.80816e-06	165.896	0.110295	0.100268	2.72326e-07	3.39092	23.76
84.7764	6.63113e-06	165.903	0.110299	0.100272	2.65245e-07	3.39106	23.8
84.7798	6.45871e-06	165.91	0.110303	0.100276	2.58348e-07	3.39119	23.84
84.7832	6.29077e-06	165.916	0.110308	0.10028	2.51631e-07	3.39133	23.88
84.7866	6.1272e-06	165.923	0.110312	0.100284	2.45088e-07	3.39146	23.92
84.7899	5.96788e-06	165.93	0.110317	0.100288	2.38715e-07	3.3916	23.96
84.7933	5.8127e-06	165.936	0.110321	0.100292	2.32508e-07	3.39173	24
84.7967	5.66156e-06	165.943	0.110325	0.100296	2.26462e-07	3.39187	24.04
84.8001	5.51434e-06	165.949	0.11033	0.1003	2.20574e-07	3.392	24.08
84.8035	5.37096e-06	165.956	0.110334	0.100304	2.14838e-07	3.39214	24.12
84.8069	5.2313e-06	165.963	0.110339	0.100308	2.09252e-07	3.39228	24.16
84.8103	5.09528e-06	165.969	0.110343	0.100312	2.03811e-07	3.39241	24.2
84.8137	4.96279e-06	165.976	0.110347	0.100316	1.98512e-07	3.39255	24.24
84.8171	4.83375e-06	165.983	0.110352	0.10032	1.9335e-07	3.39268	24.28
84.8205	4.70806e-06	165.989	0.110356	0.100324	1.88322e-07	3.39282	24.32
84.8239	4.58564e-06	165.996	0.110361	0.100328	1.83426e-07	3.39295	24.36
84.8273	4.46641e-06	166.003	0.110365	0.100332	1.78656e-07	3.39309	24.4
84.8306	4.35027e-06	166.009	0.11037	0.100336	1.74011e-07	3.39323	24.44
84.834	4.23715e-06	166.016	0.110374	0.10034	1.69486e-07	3.39336	24.48
84.8374	4.12698e-06	166.022	0.110378	0.100344	1.65079e-07	3.3935	24.52
84.8408	4.01967e-06	166.029	0.110383	0.100348	1.60787e-07	3.39363	24.56
84.8442	3.91515e-06	166.036	0.110387	0.100352	1.56606e-07	3.39377	24.6
84.8476	3.81335e-06	166.042	0.110392	0.100356	1.52534e-07	3.3939	24.64
84.851	3.71419e-06	166.049	0.110396	0.10036	1.48568e-07	3.39404	24.68
84.8544	3.61762e-06	166.056	0.1104	0.100364	1.44705e-07	3.39418	24.72
84.8578	3.52355e-06	166.062	0.110405	0.100368	1.40942e-07	3.39431	24.76
84.8612	3.43193e-06	166.069	0.110409	0.100372	1.37277e-07	3.39445	24.8
84.8646	3.34269e-06	166.076	0.110414	0.100376	1.33708e-07	3.39458	24.84
84.868	3.25578e-06	166.082	0.110418	0.10038	1.30231e-07	3.39472	24.88
84.8714	3.17112e-06	166.089	0.110423	0.100384	1.26845e-07	3.39485	24.92
84.8748	3.08866e-06	166.096	0.110427	0.100388	1.23547e-07	3.39499	24.96
84.8782	3.00835e-06	166.102	0.110431	0.100392	1.20334e-07	3.39513	25
84.8816	2.93013e-06	166.109	0.110436	0.100396	1.17205e-07	3.39526	25.04
84.885	2.85394e-06	166.115	0.11044	0.1004	1.14158e-07	3.3954	25.08
84.8883	2.77973e-06	166.122	0.110445	0.100404	1.11189e-07	3.39553	25.12
84.8917	2.70745e-06	166.129	0.110449	0.100408	1.08298e-07	3.39567	25.16
84.8951	2.63705e-06	166.135	0.110453	0.100412	1.05482e-07	3.39581	25.2
84.8985	2.56848e-06	166.142	0.110458	0.100416	1.02739e-07	3.39594	25.24
84.9019	2.5017e-06	166.149	0.110462	0.10042	1.00068e-07	3.39608	25.28
84.9053	2.43665e-06	166.155	0.110467	0.100424	9.74659e-08	3.39621	25.32
84.9087	2.37329e-06	166.162	0.110471	0.100428	9.49316e-08	3.39635	25.36
84.9121	2.31158e-06	166.169	0.110476	0.100432	9.24632e-08	3.39648	25.4
84.9155	2.25147e-06	166.175	0.11048	0.100436	9.0059e-08	3.39662	25.44
84.9189	2.19293e-06	166.182	0.110484	0.10044	8.77173e-08	3.39676	25.48
84.9223	2.13591e-06	166.189	0.110489	0.100444	8.54364e-08	3.39689	25.52
84.9257	2.08037e-06	166.195	0.110493	0.100448	8.32149e-08	3.39703	25.56
84.9291	2.02628e-06	166.202	0.110498	0.100452	8.10511e-08	3.39716	25.6
84.9325	1.97359e-06	166.208	0.110502	0.100456	7.89436e-08	3.3973	25.64
84.9359	1.92227e-06	166.215	0.110506	0.10046	7.68909e-08	3.39744	25.68
84.9393	1.87229e-06	166.222	0.110511	0.100464	7.48916e-08	3.39757	25.72
84.9427	1.82361e-06	166.228	0.110515	0.100468	7.29443e-08	3.39771	25.76
84.9461	1.77619e-06	166.235	0.11052	0.100472	7.10476e-08	3.39784	25.8
84.9495	1.73001e-06	166.242	0.110524	0.100476	6.92002e-08	3.39798	25.84
84.9529	1.68502e-06	166.248	0.110529	0.10048	6.74009e-08	3.39811	25.88
84.9563	1.64121e-06	166.255	0.110533	0.100485	6.56483e-08	3.39825	25.92
84.9597	1.59853e-06	166.262	0.110537	0.100489	6.39413e-08	3.39839	25.96
84.9631	1.55697e-06	166.268	0.110542	0.100493	6.22787e-08	3.39852	26
84.9665	1.51648e-06	166.275	0.110546	0.100497	6.06593e-08	3.39866	26.04
84.9699	1.47705e-06	166.282	0.110551	0.100501	5.90821e-08	3.39879	26.08
84.9733	1.43864e-06	166.288	0.110555	0.100505	5.75458e-08	3.39893	26.12
84.9767	1.40124e-06	166.295	0.110559	0.100509	5.60495e-08	3.39907	26.16
84.9801	1.3648e-06	166.302	0.110564	0.100513	5.45921e-08	3.3992	26.2
84.9835	1.32931e-06	166.308	0.110568	0.100517	5.31726e-08	3.39934	26.24
84.9869	1.29475e-06	166.315	0.110573	0.100521	5.179e-08	3.39947	26.28
84.9903	1.26108e-06	166.322	0.110577	0.100525	5.04433e-08	3.39961	26.32
84.9937	1.22829e-06	166.328	0.110582	0.100529	4.91317e-08	3.39975	26.36
84.9971	1.19635e-06	166.335	0.110586	0.100533	4.78542e-08	3.39988	26.4
85.0005	1.16525e-06	166.341	0.11059	0.100537	4.66099e-08	3.40002	26.44
85.0039	1.13495e-06	166.348	0.110595	0.100541	4.53979e-08	3.40015	26.48
85.0073	1.10544e-06	166.355	0.110599	0.100545	4.42175e-08	3.40029	26.52
85.0107	1.07669e-06	166.361	0.110604	0.100549	4.30677e-08	3.40043	26.56
85.0141	1.0487e-06	166.368	0.110608	0.100553	4.19479e-08	3.40056	26.6
85.0175	1.02143e-06	166.375	0.110613	0.100557	4.08571e-08	3.4007	26.64
85.0209	9.94869e-07	166.381	0.110617	0.100561	3.97948e-08	3.40083	26.68
85.0243	9.69001e-07	166.388	0.110621	0.100565	3.876e-08	3.40097	26.72
85.0277	9.43805e-07	166.395	0.110626	0.100569	3.77522e-08	3.40111	26.76
85.0311	9.19264e-07	166.401	0.11063	0.100573	3.67706e-08	3.40124	26.8
85.0345	8.95361e-07	166.408	0.110635	0.100577	3.58144e-08	3.40138	26.84
85.0379	8.7208e-07	166.415	0.110639	0.100581	3.48832e-08	3.40151	26.88
85.0413	8.49404e-07	166.421	0.110644	0.100585	3.39762e-08	3.40165	26.92
85.0447	8.27318e-07	166.428	0.110648	0.100589	3.30927e-08	3.40179	26.96
85.0481	8.05806e-07	166.435	0.110652	0.100593	3.22322e-08	3.40192	27
85.0515	7.84853e-07	166.441	0.110657	0.100597	3.13941e-08	3.40206	27.04
85.0549	7.64445e-07	166.448	0.110661	0.100601	3.05778e-08	3.40219	27.08
85.0583	7.44568e-07	166.455	0.110666	0.100605	2.97827e-08	3.40233	27.12
85.0617	7.25208e-07	166.461	0.11067	0.100609	2.90083e-08	3.40247	27.16
85.0651	7.06351e-07	166.468	0.110675	0.100613	2.8254e-08	3.4026	27.2
85.0685	6.87984e-07	166.475	0.110679	0.100617	2.75194e-08	3.40274	27.24
85.0719	6.70095e-07	166.481	0.110683	0.100621	2.68038e-08	3.40287	27.28
85.0753	6.52672e-07	166.488	0.110688	0.100625	2.61069e-08	3.40301	27.32
85.0787	6.35701e-07	166.495	0.110692	0.100629	2.5428e-08	3.40315	27.36
85.0821	6.19171e-07	166.501	0.110697	0.100633	2.47668e-08	3.40328	27.4
85.0855	6.03071e-07	166.508	0.110701	0.100637	2.41229e-08	3.40342	27.44
85.0889	5.8739e-07	166.515	0.110705	0.100641	2.34956e-08	3.40356	27.48
85.0923	5.72117e-07	166.521	0.11071	0.100645	2.28847e-08	3.40369	27.52
85.0957	5.57241e-07	166.528	0.110714	0.100649	2.22896e-08	3.40383	27.56
85.0991	5.42751e-07	166.534	0.110719	0.100653	2.17101e-08	3.40396	27.6
85.1025	5.28639e-07	166.541	0.110723	0.100657	2.11455e-08	3.4041	27.64
85.1059	5.14893e-07	166.548	0.110728	0.100661	2.05957e-08	3.40424	27.68
85.1093	5.01505e-07	166.554	0.110732	0.100666	2.00602e-08	3.40437	27.72
85.1127	4.88465e-07	166.561	0.110736	0.10067	1.95386e-08	3.40451	27.76
85.1161	4.75763e-07	166.568	0.110741	0.100674	1.90305e-08	3.40464	27.8
85.1195	4.63393e-07	166.574	0.110745	0.100678	1.85357e-08	3.40478	27.84
85.1229	4.51343e-07	166.581	0.11075	0.100682	1.80537e-08	3.40492	27.88
85.1263	4.39608e-07	166.588	0.110754	0.100686	1.75843e-08	3.40505	27.92
85.1297	4.28177e-07	166.594	0.110759	0.10069	1.71271e-08	3.40519	27.96
85.1331	4.17043e-07	166.601	0.110763	0.100694	1.66817e-08	3.40533	28
85.1365	4.06199e-07	166.608	0.110767	0.100698	1.6248e-08	3.40546	28.04
85.1399	3.95637e-07	166.614	0.110772	0.100702	1.58255e-08	3.4056	28.08
85.1433	3.8535e-07	166.621	0.110776	0.100706	1.5414e-08	3.40573	28.12
85.1468	3.7533e-07	166.628	0.110781	0.10071	1.50132e-08	3.40587	28.16
85.1502	3.65571e-07	166.634	0.110785	0.100714	1.46228e-08	3.40601	28.2
85.1536	3.56065e-07	166.641	0.11079	0.100718	1.42426e-08	3.40614	28.24
85.157	3.46807e-07	166.648	0.110794	0.100722	1.38723e-08	3.40628	28.28
85.1604	3.37789e-07	166.654	0.110799	0.100726	1.35116e-08	3.40642	28.32
85.1638	3.29006e-07	166.661	0.110803	0.10073	1.31602e-08	3.40655	28.36
85.1672	3.20451e-07	166.668	0.110807	0.100734	1.2818e-08	3.40669	28.4
85.1706	3.12119e-07	166.674	0.110812	0.100738	1.24847e-08	3.40682	28.44
85.174	3.04003e-07	166.681	0.110816	0.100742	1.21601e-08	3.40696	28.48
85.1774	2.96098e-07	166.688	0.110821	0.100746	1.18439e-08	3.4071	28.52
85.1808	2.88399e-07	166.694	0.110825	0.10075	1.1536e-08	3.40723	28.56
85.1842	2.809e-07	166.701	0.11083	0.100754	1.1236e-08	3.40737	28.6
85.1876	2.73596e-07	166.708	0.110834	0.100758	1.09438e-08	3.40751	28.64
85.191	2.66482e-07	166.714	0.110838	0.100762	1.06593e-08	3.40764	28.68
85.1944	2.59553e-07	166.721	0.110843	0.100766	1.03821e-08	3.40778	28.72
85.1978	2.52804e-07	166.728	0.110847	0.10077	1.01122e-08	3.40791	28.76
85.2013	2.46231e-07	166.734	0.110852	0.100774	9.84922e-09	3.40805	28.8
85.2047	2.39828e-07	166.741	0.110856	0.100778	9.59312e-09	3.40819	28.84
85.2081	2.33592e-07	166.748	0.110861	0.100782	9.34368e-09	3.40832	28.88
85.2115	2.27518e-07	166.754	0.110865	0.100786	9.10073e-09	3.40846	28.92
85.2149	2.21602e-07	166.761	0.110869	0.10079	8.86409e-09	3.4086	28.96
85.2183	2.1584e-07	166.768	0.110874	0.100794	8.6336e-09	3.40873	29
85.2217	2.10228e-07	166.774	0.110878	0.100798	8.40911e-09	3.40887	29.04
85.2251	2.04761e-07	166.781	0.110883	0.100802	8.19046e-09	3.409	29.08
85.2285	1.99437e-07	166.788	0.110887	0.100807	7.97749e-09	3.40914	29.12
85.2319	1.94251e-07	166.794	0.110892	0.100811	7.77006e-09	3.40928	29.16
85.2353	1.89201e-07	166.801	0.110896	0.100815	7.56802e-09	3.40941	29.2
85.2387	1.84281e-07	166.808	0.1109	0.100819	7.37124e-09	3.40955	29.24
85.2422	1.79489e-07	166.814	0.110905	0.100823	7.17957e-09	3.40969	29.28
85.2456	1.74822e-07	166.821	0.110909	0.100827	6.99289e-09	3.40982	29.32
85.249	1.70276e-07	166.828	0.110914	0.100831	6.81106e-09	3.40996	29.36
85.2524	1.65849e-07	166.834	0.110918	0.100835	6.63395e-09	3.4101	29.4
85.2558	1.61536e-07	166.841	0.110923	0.100839	6.46146e-09	3.41023	29.44
85.2592	1.57336e-07	166.848	0.110927	0.100843	6.29345e-09	3.41037	29.48
85.2626	1.53245e-07	166.854	0.110932	0.100847	6.1298e-09	3.4105	29.52
85.266	1.4926e-07	166.861	0.110936	0.100851	5.97042e-09	3.41064	29.56
85.2694	1.45379e-07	166.868	0.11094	0.100855	5.81517e-09	3.41078	29.6
85.2728	1.41599e-07	166.875	0.110945	0.100859	5.66397e-09	3.41091	29.64
85.2763	1.37917e-07	166.881	0.110949	0.100863	5.51669e-09	3.41105	29.68
85.2797	1.34331e-07	166.888	0.110954	0.100867	5.37325e-09	3.41119	29.72
85.2831	1.30838e-07	166.895	0.110958	0.100871	5.23353e-09	3.41132	29.76
85.2865	1.27436e-07	166.901	0.110963	0.100875	5.09745e-09	3.41146	29.8
85.2899	1.24123e-07	166.908	0.110967	0.100879	4.9649e-09	3.4116	29.84
85.2933	1.20895e-07	166.915	0.110971	0.100883	4.83581e-09	3.41173	29.88
85.2967	1.17752e-07	166.921	0.110976	0.100887	4.71007e-09	3.41187	29.92
85.3001	1.1469e-07	166.928	0.11098	0.100891	4.58759e-09	3.41201	29.96
85.3035	1.11708e-07	166.935	0.110985	0.100895	4.46831e-09	3.41214	30
85.307	1.08803e-07	166.941	0.110989	0.100899	4.35212e-09	3.41228	30.04
85.3104	1.05974e-07	166.948	0.110994	0.100903	4.23896e-09	3.41241	30.08
85.3138	1.03218e-07	166.955	0.110998	0.100907	4.12874e-09	3.41255	30.12
85.3172	1.00535e-07	166.961	0.111003	0.100911	4.02138e-09	3.41269	30.16
85.3206	9.79204e-08	166.968	0.111007	0.100915	3.91682e-09	3.41282	30.2
85.324	9.53743e-08	166.975	0.111011	0.100919	3.81497e-09	3.41296	30.24
85.3274	9.28943e-08	166.981	0.111016	0.100923	3.71577e-09	3.4131	30.28
85.3308	9.04789e-08	166.988	0.11102	0.100928	3.61916e-09	3.41323	30.32
85.3342	8.81263e-08	166.995	0.111025	0.100932	3.52505e-09	3.41337	30.36
85.3377	8.58348e-08	167.001	0.111029	0.100936	3.43339e-09	3.41351	30.4
85.3411	8.36029e-08	167.008	0.111034	0.10094	3.34412e-09	3.41364	30.44
85.3445	8.14291e-08	167.015	0.111038	0.100944	3.25716e-09	3.41378	30.48
85.3479	7.93117e-08	167.021	0.111042	0.100948	3.17247e-09	3.41392	30.52
85.3513	7.72495e-08	167.028	0.111047	0.100952	3.08998e-09	3.41405	30.56
85.3547	7.52408e-08	167.035	0.111051	0.100956	3.00963e-09	3.41419	30.6
85.3581	7.32844e-08	167.041	0.111056	0.10096	2.93138e-09	3.41433	30.64
85.3616	7.13789e-08	167.048	0.11106	0.100964	2.85515e-09	3.41446	30.68
85.365	6.95229e-08	167.055	0.111065	0.100968	2.78091e-09	3.4146	30.72
85.3684	6.77151e-08	167.061	0.111069	0.100972	2.70861e-09	3.41474	30.76
85.3718	6.59544e-08	167.068	0.111074	0.100976	2.63818e-09	3.41487	30.8
85.3752	6.42394e-08	167.075	0.111078	0.10098	2.56958e-09	3.41501	30.84
85.3786	6.25691e-08	167.082	0.111082	0.100984	2.50276e-09	3.41514	30.88
85.382	6.09422e-08	167.088	0.111087	0.100988	2.43769e-09	3.41528	30.92
85.3855	5.93575e-08	167.095	0.111091	0.100992	2.3743e-09	3.41542	30.96
85.3889	5.78141e-08	167.102	0.111096	0.100996	2.31256e-09	3.41555	31
85.3923	5.63108e-08	167.108	0.1111	0.101	2.25243e-09	3.41569	31.04
85.3957	5.48466e-08	167.115	0.111105	0.101004	2.19387e-09	3.41583	31.08
85.3991	5.34205e-08	167.122	0.111109	0.101008	2.13682e-09	3.41596	31.12
85.4025	5.20315e-08	167.128	0.111114	0.101012	2.08126e-09	3.4161	31.16
85.4059	5.06785e-08	167.135	0.111118	0.101016	2.02714e-09	3.41624	31.2
85.4094	4.93608e-08	167.142	0.111122	0.10102	1.97443e-09	3.41637	31.24
85.4128	4.80773e-08	167.148	0.111127	0.101024	1.92309e-09	3.41651	31.28
85.4162	4.68272e-08	167.155	0.111131	0.101028	1.87309e-09	3.41665	31.32
85.4196	4.56096e-08	167.162	0.111136	0.101033	1.82438e-09	3.41678	31.36
85.423	4.44237e-08	167.168	0.11114	0.101037	1.77695e-09	3.41692	31.4
85.4264	4.32685e-08	167.175	0.111145	0.101041	1.73074e-09	3.41706	31.44
85.4299	4.21435e-08	167.182	0.111149	0.101045	1.68574e-09	3.41719	31.48
85.4333	4.10477e-08	167.188	0.111154	0.101049	1.64191e-09	3.41733	31.52
85.4367	3.99803e-08	167.195	0.111158	0.101053	1.59921e-09	3.41747	31.56
85.4401	3.89408e-08	167.202	0.111162	0.101057	1.55763e-09	3.4176	31.6
85.4435	3.79282e-08	167.209	0.111167	0.101061	1.51713e-09	3.41774	31.64
85.4469	3.6942e-08	167.215	0.111171	0.101065	1.47768e-09	3.41788	31.68
85.4504	3.59814e-08	167.222	0.111176	0.101069	1.43926e-09	3.41801	31.72
85.4538	3.50459e-08	167.229	0.11118	0.101073	1.40183e-09	3.41815	31.76
85.4572	3.41346e-08	167.235	0.111185	0.101077	1.36538e-09	3.41829	31.8
85.4606	3.3247e-08	167.242	0.111189	0.101081	1.32988e-09	3.41842	31.84
85.464	3.23825e-08	167.249	0.111194	0.101085	1.2953e-09	3.41856	31.88
85.4674	3.15405e-08	167.255	0.111198	0.101089	1.26162e-09	3.4187	31.92
85.4709	3.07204e-08	167.262	0.111202	0.101093	1.22882e-09	3.41883	31.96
85.4743	2.99216e-08	167.269	0.111207	0.101097	1.19686e-09	3.41897	32
85.4777	2.91436e-08	167.275	0.111211	0.101101	1.16574e-09	3.41911	32.04
85.4811	2.83858e-08	167.282	0.111216	0.101105	1.13543e-09	3.41924	32.08
85.4845	2.76477e-08	167.289	0.11122	0.101109	1.10591e-09	3.41938	32.12
85.488	2.69288e-08	167.295	0.111225	0.101113	1.07715e-09	3.41952	32.16
85.4914	2.62286e-08	167.302	0.111229	0.101117	1.04914e-09	3.41966	32.2
85.4948	2.55466e-08	167.309	0.111234	0.101121	1.02186e-09	3.41979	32.24
85.4982	2.48823e-08	167.316	0.111238	0.101126	9.95293e-10	3.41993	32.28
85.5016	2.42353e-08	167.322	0.111243	0.10113	9.69414e-10	3.42007	32.32
85.5051	2.36052e-08	167.329	0.111247	0.101134	9.44207e-10	3.4202	32.36
85.5085	2.29914e-08	167.336	0.111251	0.101138	9.19656e-10	3.42034	32.4
85.5119	2.23936e-08	167.342	0.111256	0.101142	8.95743e-10	3.42048	32.44
85.5153	2.18113e-08	167.349	0.11126	0.101146	8.72451e-10	3.42061	32.48
85.5187	2.12441e-08	167.356	0.111265	0.10115	8.49766e-10	3.42075	32.52
85.5222	2.06918e-08	167.362	0.111269	0.101154	8.2767e-10	3.42089	32.56
85.5256	2.01537e-08	167.369	0.111274	0.101158	8.06149e-10	3.42102	32.6
85.529	1.96297e-08	167.376	0.111278	0.101162	7.85188e-10	3.42116	32.64
85.5324	1.91193e-08	167.382	0.111283	0.101166	7.64771e-10	3.4213	32.68
85.5358	1.86221e-08	167.389	0.111287	0.10117	7.44885e-10	3.42143	32.72
85.5393	1.81379e-08	167.396	0.111291	0.101174	7.25517e-10	3.42157	32.76
85.5427	1.76663e-08	167.403	0.111296	0.101178	7.06652e-10	3.42171	32.8
85.5461	1.72069e-08	167.409	0.1113	0.101182	6.88278e-10	3.42184	32.84
85.5495	1.67595e-08	167.416	0.111305	0.101186	6.70381e-10	3.42198	32.88
85.5529	1.63237e-08	167.423	0.111309	0.10119	6.5295e-10	3.42212	32.92
85.5564	1.58993e-08	167.429	0.111314	0.101194	6.35972e-10	3.42225	32.96
85.5598	1.54859e-08	167.436	0.111318	0.101198	6.19435e-10	3.42239	33
85.5632	1.50832e-08	167.443	0.111323	0.101202	6.03328e-10	3.42253	33.04
85.5666	1.4691e-08	167.449	0.111327	0.101206	5.87641e-10	3.42267	33.08
85.5701	1.4309e-08	167.456	0.111332	0.10121	5.72361e-10	3.4228	33.12
85.5735	1.3937e-08	167.463	0.111336	0.101215	5.57478e-10	3.42294	33.16
85.5769	1.35746e-08	167.47	0.11134	0.101219	5.42983e-10	3.42308	33.2
85.5803	1.32216e-08	167.476	0.111345	0.101223	5.28864e-10	3.42321	33.24
85.5837	1.28778e-08	167.483	0.111349	0.101227	5.15112e-10	3.42335	33.28
85.5872	1.2543e-08	167.49	0.111354	0.101231	5.01718e-10	3.42349	33.32
85.5906	1.22168e-08	167.496	0.111358	0.101235	4.88673e-10	3.42362	33.36
85.594	1.18992e-08	167.503	0.111363	0.101239	4.75966e-10	3.42376	33.4
85.5974	1.15898e-08	167.51	0.111367	0.101243	4.6359e-10	3.4239	33.44
85.6009	1.12884e-08	167.516	0.111372	0.101247	4.51536e-10	3.42403	33.48
85.6043	1.09949e-08	167.523	0.111376	0.101251	4.39795e-10	3.42417	33.52
85.6077	1.0709e-08	167.53	0.111381	0.101255	4.28359e-10	3.42431	33.56
85.6111	1.04305e-08	167.537	0.111385	0.101259	4.17221e-10	3.42445	33.6
85.6146	1.01593e-08	167.543	0.111389	0.101263	4.06372e-10	3.42458	33.64
85.618	9.89515e-09	167.55	0.111394	0.101267	3.95806e-10	3.42472	33.68
85.6214	9.63785e-09	167.557	0.111398	0.101271	3.85514e-10	3.42486	33.72
85.6248	9.38725e-09	167.563	0.111403	0.101275	3.7549e-10	3.42499	33.76
85.6282	9.14316e-09	167.57	0.111407	0.101279	3.65727e-10	3.42513	33.8
85.6317	8.90542e-09	167.577	0.111412	0.101283	3.56217e-10	3.42527	33.84
85.6351	8.67386e-09	167.583	0.111416	0.101287	3.46954e-10	3.4254	33.88
85.6385	8.44832e-09	167.59	0.111421	0.101291	3.37933e-10	3.42554	33.92
85.6419	8.22865e-09	167.597	0.111425	0.101296	3.29146e-10	3.42568	33.96
85.6454	8.01469e-09	167.604	0.11143	0.1013	3.20588e-10	3.42581	34
85.6488	7.80629e-09	167.61	0.111434	0.101304	3.12252e-10	3.42595	34.04
85.6522	7.60331e-09	167.617	0.111438	0.101308	3.04132e-10	3.42609	34.08
85.6556	7.40561e-09	167.624	0.111443	0.101312	2.96224e-10	3.42623	34.12
85.6591	7.21305e-09	167.63	0.111447	0.101316	2.88522e-10	3.42636	34.16
85.6625	7.02549e-09	167.637	0.111452	0.10132	2.8102e-10	3.4265	34.2
85.6659	6.84282e-09	167.644	0.111456	0.101324	2.73713e-10	3.42664	34.24
85.6694	6.66489e-09	167.65	0.111461	0.101328	2.66596e-10	3.42677	34.28
85.6728	6.49159e-09	167.657	0.111465	0.101332	2.59663e-10	3.42691	34.32
85.6762	6.32279e-09	167.664	0.11147	0.101336	2.52912e-10	3.42705	34.36
85.6796	6.15839e-09	167.671	0.111474	0.10134	2.46335e-10	3.42719	34.4
85.6831	5.99826e-09	167.677	0.111479	0.101344	2.3993e-10	3.42732	34.44
85.6865	5.84229e-09	167.684	0.111483	0.101348	2.33692e-10	3.42746	34.48
85.6899	5.69038e-09	167.691	0.111487	0.101352	2.27615e-10	3.4276	34.52
85.6933	5.54242e-09	167.697	0.111492	0.101356	2.21697e-10	3.42773	34.56
85.6968	5.3983e-09	167.704	0.111496	0.10136	2.15932e-10	3.42787	34.6
85.7002	5.25793e-09	167.711	0.111501	0.101364	2.10317e-10	3.42801	34.64
85.7036	5.12122e-09	167.718	0.111505	0.101368	2.04849e-10	3.42814	34.68
85.707	4.98806e-09	167.724	0.11151	0.101373	1.99522e-10	3.42828	34.72
85.7105	4.85836e-09	167.731	0.111514	0.101377	1.94334e-10	3.42842	34.76
85.7139	4.73203e-09	167.738	0.111519	0.101381	1.89281e-10	3.42856	34.8
85.7173	4.60899e-09	167.744	0.111523	0.101385	1.84359e-10	3.42869	34.84
85.7208	4.48914e-09	167.751	0.111528	0.101389	1.79566e-10	3.42883	34.88
85.7242	4.37242e-09	167.758	0.111532	0.101393	1.74897e-10	3.42897	34.92
85.7276	4.25872e-09	167.764	0.111537	0.101397	1.70349e-10	3.4291	34.96
85.731	4.14799e-09	167.771	0.111541	0.101401	1.6592e-10	3.42924	35
85.7345	4.04013e-09	167.778	0.111545	0.101405	1.61605e-10	3.42938	35.04
85.7379	3.93508e-09	167.785	0.11155	0.101409	1.57403e-10	3.42952	35.08
85.7413	3.83276e-09	167.791	0.111554	0.101413	1.5331e-10	3.42965	35.12
85.7448	3.7331e-09	167.798	0.111559	0.101417	1.49324e-10	3.42979	35.16
85.7482	3.63603e-09	167.805	0.111563	0.101421	1.45441e-10	3.42993	35.2
85.7516	3.54149e-09	167.811	0.111568	0.101425	1.4166e-10	3.43006	35.24
85.755	3.4494e-09	167.818	0.111572	0.101429	1.37976e-10	3.4302	35.28
85.7585	3.35971e-09	167.825	0.111577	0.101433	1.34388e-10	3.43034	35.32
85.7619	3.27235e-09	167.832	0.111581	0.101437	1.30894e-10	3.43048	35.36
85.7653	3.18726e-09	167.838	0.111586	0.101441	1.27491e-10	3.43061	35.4
85.7688	3.10439e-09	167.845	0.11159	0.101446	1.24175e-10	3.43075	35.44
85.7722	3.02367e-09	167.852	0.111595	0.10145	1.20947e-10	3.43089	35.48
85.7756	2.94505e-09	167.858	0.111599	0.101454	1.17802e-10	3.43103	35.52
85.7791	2.86847e-09	167.865	0.111603	0.101458	1.14739e-10	3.43116	35.56
85.7825	2.79388e-09	167.872	0.111608	0.101462	1.11755e-10	3.4313	35.6
85.7859	2.72124e-09	167.879	0.111612	0.101466	1.08849e-10	3.43144	35.64
85.7894	2.65048e-09	167.885	0.111617	0.10147	1.06019e-10	3.43157	35.68
85.7928	2.58156e-09	167.892	0.111621	0.101474	1.03262e-10	3.43171	35.72
85.7962	2.51443e-09	167.899	0.111626	0.101478	1.00577e-10	3.43185	35.76
85.7996	2.44905e-09	167.905	0.11163	0.101482	9.79621e-11	3.43199	35.8
85.8031	2.38537e-09	167.912	0.111635	0.101486	9.54149e-11	3.43212	35.84
85.8065	2.32335e-09	167.919	0.111639	0.10149	9.29339e-11	3.43226	35.88
85.8099	2.26294e-09	167.926	0.111644	0.101494	9.05175e-11	3.4324	35.92
85.8134	2.2041e-09	167.932	0.111648	0.101498	8.81638e-11	3.43253	35.96
85.8168	2.14678e-09	167.939	0.111653	0.101502	8.58714e-11	3.43267	36
85.8202	2.09096e-09	167.946	0.111657	0.101506	8.36385e-11	3.43281	36.04
85.8237	2.03659e-09	167.952	0.111661	0.10151	8.14638e-11	3.43295	36.08
85.8271	1.98364e-09	167.959	0.111666	0.101515	7.93455e-11	3.43308	36.12
85.8305	1.93206e-09	167.966	0.11167	0.101519	7.72824e-11	3.43322	36.16
85.834	1.88182e-09	167.973	0.111675	0.101523	7.52729e-11	3.43336	36.2
85.8374	1.83289e-09	167.979	0.111679	0.101527	7.33156e-11	3.4335	36.24
85.8408	1.78523e-09	167.986	0.111684	0.101531	7.14093e-11	3.43363	36.28
85.8443	1.73881e-09	167.993	0.111688	0.101535	6.95525e-11	3.43377	36.32
85.8477	1.6936e-09	167.999	0.111693	0.101539	6.7744e-11	3.43391	36.36
85.8511	1.64956e-09	168.006	0.111697	0.101543	6.59825e-11	3.43405	36.4
85.8546	1.60667e-09	168.013	0.111702	0.101547	6.42668e-11	3.43418	36.44
85.858	1.56489e-09	168.02	0.111706	0.101551	6.25957e-11	3.43432	36.48
85.8614	1.5242e-09	168.026	0.111711	0.101555	6.09681e-11	3.43446	36.52
85.8649	1.48457e-09	168.033	0.111715	0.101559	5.93828e-11	3.43459	36.56
85.8683	1.44597e-09	168.04	0.11172	0.101563	5.78388e-11	3.43473	36.6
85.8717	1.40837e-09	168.047	0.111724	0.101567	5.63348e-11	3.43487	36.64
85.8752	1.37175e-09	168.053	0.111728	0.101571	5.487e-11	3.43501	36.68
85.8786	1.33608e-09	168.06	0.111733	0.101575	5.34433e-11	3.43514	36.72
85.882	1.30134e-09	168.067	0.111737	0.101579	5.20536e-11	3.43528	36.76
85.8855	1.2675e-09	168.073	0.111742	0.101584	5.07001e-11	3.43542	36.8
85.8889	1.23455e-09	168.08	0.111746	0.101588	4.93818e-11	3.43556	36.84
85.8923	1.20244e-09	168.087	0.111751	0.101592	4.80978e-11	3.43569	36.88
85.8958	1.17118e-09	168.094	0.111755	0.101596	4.68472e-11	3.43583	36.92
85.8992	1.14073e-09	168.1	0.11176	0.1016	4.5629e-11	3.43597	36.96
85.9026	1.11106e-09	168.107	0.111764	0.101604	4.44426e-11	3.43611	37
85.9061	1.08217e-09	168.114	0.111769	0.101608	4.3287e-11	3.43624	37.04
85.9095	1.05404e-09	168.12	0.111773	0.101612	4.21614e-11	3.43638	37.08
85.913	1.02663e-09	168.127	0.111778	0.101616	4.10651e-11	3.43652	37.12
85.9164	9.99934e-10	168.134	0.111782	0.10162	3.99974e-11	3.43666	37.16
85.9198	9.73934e-10	168.141	0.111787	0.101624	3.89574e-11	3.43679	37.2
85.9233	9.4861e-10	168.147	0.111791	0.101628	3.79444e-11	3.43693	37.24
85.9267	9.23944e-10	168.154	0.111796	0.101632	3.69578e-11	3.43707	37.28
85.9301	8.99919e-10	168.161	0.1118	0.101636	3.59968e-11	3.43721	37.32
85.9336	8.7652e-10	168.168	0.111804	0.10164	3.50608e-11	3.43734	37.36
85.937	8.53728e-10	168.174	0.111809	0.101645	3.41491e-11	3.43748	37.4
85.9404	8.3153e-10	168.181	0.111813	0.101649	3.32612e-11	3.43762	37.44
85.9439	8.09908e-10	168.188	0.111818	0.101653	3.23963e-11	3.43776	37.48
85.9473	7.88849e-10	168.194	0.111822	0.101657	3.1554e-11	3.43789	37.52
85.9508	7.68337e-10	168.201	0.111827	0.101661	3.07335e-11	3.43803	37.56
85.9542	7.48359e-10	168.208	0.111831	0.101665	2.99343e-11	3.43817	37.6
85.9576	7.289e-10	168.215	0.111836	0.101669	2.9156e-11	3.43831	37.64
85.9611	7.09947e-10	168.221	0.11184	0.101673	2.83979e-11	3.43844	37.68
85.9645	6.91487e-10	168.228	0.111845	0.101677	2.76595e-11	3.43858	37.72
85.9679	6.73507e-10	168.235	0.111849	0.101681	2.69403e-11	3.43872	37.76
85.9714	6.55994e-10	168.242	0.111854	0.101685	2.62398e-11	3.43886	37.8
85.9748	6.38937e-10	168.248	0.111858	0.101689	2.55575e-11	3.43899	37.84
85.9783	6.22323e-10	168.255	0.111863	0.101693	2.48929e-11	3.43913	37.88
85.9817	6.06142e-10	168.262	0.111867	0.101697	2.42457e-11	3.43927	37.92
85.9851	5.90381e-10	168.268	0.111872	0.101701	2.36152e-11	3.43941	37.96
85.9886	5.7503e-10	168.275	0.111876	0.101705	2.30012e-11	3.43954	38
85.992	5.60078e-10	168.282	0.111881	0.10171	2.24031e-11	3.43968	38.04
85.9955	5.45514e-10	168.289	0.111885	0.101714	2.18206e-11	3.43982	38.08
85.9989	5.3133e-10	168.295	0.111889	0.101718	2.12532e-11	3.43996	38.12
86.0023	5.17514e-10	168.302	0.111894	0.101722	2.07006e-11	3.44009	38.16
86.0058	5.04058e-10	168.309	0.111898	0.101726	2.01623e-11	3.44023	38.2
86.0092	4.90951e-10	168.316	0.111903	0.10173	1.96381e-11	3.44037	38.24
86.0127	4.78186e-10	168.322	0.111907	0.101734	1.91274e-11	3.44051	38.28
86.0161	4.65752e-10	168.329	0.111912	0.101738	1.86301e-11	3.44064	38.32
86.0195	4.53641e-10	168.336	0.111916	0.101742	1.81456e-11	3.44078	38.36
86.023	4.41846e-10	168.342	0.111921	0.101746	1.76738e-11	3.44092	38.4
86.0264	4.30357e-10	168.349	0.111925	0.10175	1.72143e-11	3.44106	38.44
86.0299	4.19167e-10	168.356	0.11193	0.101754	1.67667e-11	3.44119	38.48
86.0333	4.08267e-10	168.363	0.111934	0.101758	1.63307e-11	3.44133	38.52
86.0367	3.97652e-10	168.369	0.111939	0.101762	1.59061e-11	3.44147	38.56
86.0402	3.87312e-10	168.376	0.111943	0.101767	1.54925e-11	3.44161	38.6
86.0436	3.77241e-10	168.383	0.111948	0.101771	1.50896e-11	3.44174	38.64
86.0471	3.67432e-10	168.39	0.111952	0.101775	1.46973e-11	3.44188	38.68
86.0505	3.57878e-10	168.396	0.111957	0.101779	1.43151e-11	3.44202	38.72
86.0539	3.48572e-10	168.403	0.111961	0.101783	1.39429e-11	3.44216	38.76
86.0574	3.39509e-10	168.41	0.111966	0.101787	1.35803e-11	3.4423	38.8
86.0608	3.30681e-10	168.417	0.11197	0.101791	1.32272e-11	3.44243	38.84
86.0643	3.22082e-10	168.423	0.111975	0.101795	1.28833e-11	3.44257	38.88
86.0677	3.13708e-10	168.43	0.111979	0.101799	1.25483e-11	3.44271	38.92
86.0711	3.05551e-10	168.437	0.111983	0.101803	1.2222e-11	3.44285	38.96
86.0746	2.97606e-10	168.443	0.111988	0.101807	1.19042e-11	3.44298	39
86.078	2.89867e-10	168.45	0.111992	0.101811	1.15947e-11	3.44312	39.04
86.0815	2.8233e-10	168.457	0.111997	0.101815	1.12932e-11	3.44326	39.08
86.0849	2.74989e-10	168.464	0.112001	0.101819	1.09996e-11	3.4434	39.12
86.0884	2.67839e-10	168.47	0.112006	0.101824	1.07135e-11	3.44353	39.16
86.0918	2.60874e-10	168.477	0.11201	0.101828	1.0435e-11	3.44367	39.2
86.0952	2.54091e-10	168.484	0.112015	0.101832	1.01636e-11	3.44381	39.24
86.0987	2.47484e-10	168.491	0.112019	0.101836	9.89936e-12	3.44395	39.28
86.1021	2.41049e-10	168.497	0.112024	0.10184	9.64196e-12	3.44409	39.32
86.1056	2.34781e-10	168.504	0.112028	0.101844	9.39125e-12	3.44422	39.36
86.109	2.28676e-10	168.511	0.112033	0.101848	9.14706e-12	3.44436	39.4
86.1125	2.2273e-10	168.518	0.112037	0.101852	8.90922e-12	3.4445	39.44
86.1159	2.16939e-10	168.524	0.112042	0.101856	8.67756e-12	3.44464	39.48
86.1194	2.11298e-10	168.531	0.112046	0.10186	8.45192e-12	3.44477	39.52
86.1228	2.05804e-10	168.538	0.112051	0.101864	8.23216e-12	3.44491	39.56
86.1262	2.00453e-10	168.545	0.112055	0.101868	8.0181e-12	3.44505	39.6
86.1297	1.9524e-10	168.551	0.11206	0.101872	7.80962e-12	3.44519	39.64
86.1331	1.90164e-10	168.558	0.112064	0.101876	7.60655e-12	3.44533	39.68
86.1366	1.85219e-10	168.565	0.112069	0.101881	7.40876e-12	3.44546	39.72
86.14	1.80403e-10	168.572	0.112073	0.101885	7.21612e-12	3.4456	39.76
86.1435	1.75712e-10	168.578	0.112078	0.101889	7.02849e-12	3.44574	39.8
86.1469	1.71143e-10	168.585	0.112082	0.101893	6.84573e-12	3.44588	39.84
86.1504	1.66693e-10	168.592	0.112087	0.101897	6.66773e-12	3.44601	39.88
86.1538	1.62359e-10	168.598	0.112091	0.101901	6.49435e-12	3.44615	39.92
86.1572	1.58137e-10	168.605	0.112095	0.101905	6.32549e-12	3.44629	39.96
