S	I	R	e	d	dI	f	t
300	100	0	0.176	0.16	4	24	0
266.065	99.3867	30.5627	0.174246	0.158406	3.97547	21.2852	0.04
236.572	97.6139	57.8777	0.172508	0.156825	3.90456	18.9258	0.08
211.057	94.8844	82.2627	0.17081	0.155282	3.79537	16.8845	0.12
189.06	91.4013	104.008	0.169166	0.153788	3.65605	15.1248	0.16
170.152	87.357	123.378	0.16759	0.152355	3.49428	13.6121	0.2
153.936	82.9253	140.614	0.166089	0.15099	3.31701	12.3149	0.24
140.057	78.2566	155.935	0.164669	0.149699	3.13027	11.2045	0.28
128.195	73.4771	169.539	0.163333	0.148485	2.93908	10.2556	0.32
118.072	68.689	181.607	0.162082	0.147347	2.74756	9.44572	0.36
109.442	63.9727	192.301	0.160915	0.146286	2.55891	8.75534	0.4
102.094	59.3892	201.768	0.15983	0.1453	2.37557	8.16749	0.44
95.8442	54.9829	210.14	0.158825	0.144387	2.19932	7.66754	0.48
90.536	50.7845	217.536	0.157897	0.143542	2.03138	7.24288	0.52
86.0339	46.8133	224.063	0.15704	0.142764	1.87253	6.88271	0.56
82.2221	43.0797	229.817	0.156252	0.142047	1.72319	6.57777	0.6
79.0014	39.5873	234.884	0.155528	0.141389	1.58349	6.32011	0.64
76.287	36.3341	239.341	0.154863	0.140785	1.45337	6.10296	0.68
74.0062	33.3146	243.257	0.154254	0.140231	1.33258	5.92049	0.72
72.0967	30.5203	246.693	0.153696	0.139724	1.22081	5.76773	0.76
70.5051	27.9407	249.704	0.153186	0.13926	1.11763	5.64041	0.8
69.1857	25.5645	252.34	0.15272	0.138836	1.02258	5.53485	0.84
68.099	23.3793	254.643	0.152293	0.138449	0.935173	5.44792	0.88
67.2114	21.3729	256.653	0.151904	0.138095	0.854914	5.37691	0.92
66.4937	19.5327	258.403	0.151549	0.137772	0.781308	5.3195	0.96
65.9209	17.8468	259.926	0.151225	0.137477	0.713871	5.27367	1
65.4714	16.3035	261.247	0.150929	0.137209	0.652138	5.23771	1.04
65.1266	14.8917	262.391	0.15066	0.136964	0.595667	5.21013	1.08
64.8705	13.6009	263.38	0.150414	0.13674	0.544036	5.18964	1.12
64.6894	12.4213	264.232	0.150191	0.136537	0.496853	5.17515	1.16
64.5712	11.3437	264.964	0.149987	0.136352	0.453749	5.16569	1.2
64.5057	10.3596	265.592	0.149801	0.136183	0.414384	5.16046	1.24
64.4842	9.46098	266.128	0.149632	0.136029	0.378439	5.15874	1.28
64.499	8.6406	266.584	0.149478	0.135889	0.345624	5.15992	1.32
64.5435	7.8917	266.97	0.149338	0.135762	0.315668	5.16348	1.36
64.6122	7.20811	267.295	0.149211	0.135646	0.288325	5.16897	1.4
64.7002	6.58415	267.568	0.149095	0.135541	0.263366	5.17602	1.44
64.8035	6.01462	267.795	0.14899	0.135445	0.240585	5.18428	1.48
64.9185	5.49476	267.982	0.148894	0.135358	0.219791	5.19348	1.52
65.0422	5.02022	268.136	0.148807	0.135279	0.200809	5.20338	1.56
65.1722	4.58703	268.26	0.148728	0.135208	0.183481	5.21377	1.6
65.3062	4.19154	268.358	0.148657	0.135142	0.167662	5.2245	1.64
65.4426	3.83047	268.436	0.148592	0.135083	0.153219	5.2354	1.68
65.5797	3.50077	268.495	0.148533	0.13503	0.140031	5.24638	1.72
65.7164	3.1997	268.538	0.14848	0.134982	0.127988	5.25731	1.76
65.8517	2.92475	268.568	0.148432	0.134938	0.11699	5.26813	1.8
65.9846	2.67363	268.588	0.148388	0.134898	0.106945	5.27877	1.84
66.1147	2.44424	268.598	0.148349	0.134863	0.0977697	5.28917	1.88
66.2412	2.23469	268.6	0.148314	0.13483	0.0893878	5.29929	1.92
66.3638	2.04325	268.597	0.148282	0.134802	0.08173	5.30911	1.96
66.4823	1.86833	268.588	0.148253	0.134776	0.0747331	5.31858	2
66.5963	1.70849	268.576	0.148227	0.134752	0.0683394	5.32771	2.04
66.7058	1.56241	268.56	0.148204	0.134731	0.0624965	5.33646	2.08
66.8107	1.42891	268.542	0.148184	0.134713	0.0571564	5.34485	2.12
66.9109	1.30689	268.523	0.148166	0.134696	0.0522754	5.35287	2.16
67.0064	1.19534	268.502	0.14815	0.134681	0.0478137	5.36051	2.2
67.0973	1.09337	268.48	0.148135	0.134668	0.0437349	5.36779	2.24
67.1837	1.00015	268.459	0.148123	0.134657	0.0400059	5.3747	2.28
67.2657	0.914911	268.437	0.148112	0.134647	0.0365964	5.38126	2.32
67.3434	0.836973	268.416	0.148102	0.134638	0.0334789	5.38747	2.36
67.417	0.765704	268.395	0.148094	0.134631	0.0306281	5.39336	2.4
67.4864	0.700529	268.374	0.148087	0.134625	0.0280211	5.39892	2.44
67.5521	0.640923	268.355	0.148081	0.134619	0.0256369	5.40417	2.48
67.614	0.586408	268.336	0.148076	0.134615	0.0234563	5.40912	2.52
67.6723	0.536546	268.319	0.148072	0.134611	0.0214618	5.41379	2.56
67.7273	0.490938	268.302	0.148069	0.134608	0.0196375	5.41818	2.6
67.779	0.449218	268.287	0.148067	0.134606	0.0179687	5.42232	2.64
67.8277	0.411054	268.272	0.148065	0.134604	0.0164422	5.42621	2.68
67.8734	0.376141	268.259	0.148064	0.134604	0.0150456	5.42987	2.72
67.9164	0.344201	268.247	0.148063	0.134603	0.013768	5.43331	2.76
67.9567	0.314979	268.236	0.148064	0.134603	0.0125992	5.43654	2.8
67.9946	0.288244	268.227	0.148064	0.134604	0.0115298	5.43957	2.84
68.0302	0.263782	268.218	0.148065	0.134605	0.0105513	5.44242	2.88
68.0636	0.241401	268.21	0.148067	0.134606	0.00965604	5.44509	2.92
68.0949	0.220922	268.203	0.148068	0.134608	0.00883687	5.44759	2.96
68.1243	0.202183	268.198	0.148071	0.13461	0.00808732	5.44994	3
68.1518	0.185036	268.193	0.148073	0.134612	0.00740144	5.45215	3.04
68.1777	0.169345	268.189	0.148076	0.134615	0.00677381	5.45421	3.08
68.2019	0.154987	268.186	0.148079	0.134617	0.00619948	5.45615	3.12
68.2247	0.141848	268.184	0.148082	0.13462	0.0056739	5.45797	3.16
68.246	0.129823	268.183	0.148086	0.134624	0.00519293	5.45968	3.2
68.266	0.11882	268.182	0.14809	0.134627	0.00475278	5.46128	3.24
68.2848	0.108749	268.183	0.148093	0.13463	0.00434997	5.46279	3.28
68.3025	0.0995334	268.183	0.148098	0.134634	0.00398134	5.4642	3.32
68.3191	0.0910991	268.185	0.148102	0.134638	0.00364396	5.46552	3.36
68.3346	0.0833801	268.187	0.148106	0.134642	0.0033352	5.46677	3.4
68.3493	0.0763156	268.19	0.148111	0.134646	0.00305263	5.46794	3.44
68.3631	0.0698501	268.193	0.148115	0.13465	0.00279401	5.46905	3.48
68.3761	0.0639327	268.197	0.14812	0.134655	0.00255731	5.47009	3.52
68.3883	0.0585169	268.201	0.148125	0.134659	0.00234068	5.47106	3.56
68.3998	0.0535601	268.205	0.14813	0.134664	0.00214241	5.47199	3.6
68.4107	0.0490234	268.21	0.148135	0.134668	0.00196094	5.47286	3.64
68.421	0.0448712	268.216	0.14814	0.134673	0.00179485	5.47368	3.68
68.4307	0.0410708	268.222	0.148145	0.134677	0.00164283	5.47446	3.72
68.4399	0.0375924	268.228	0.14815	0.134682	0.0015037	5.4752	3.76
68.4487	0.0344087	268.234	0.148156	0.134687	0.00137635	5.47589	3.8
68.4569	0.0314947	268.241	0.148161	0.134692	0.00125979	5.47655	3.84
68.4648	0.0288276	268.248	0.148166	0.134697	0.0011531	5.47718	3.88
68.4722	0.0263864	268.256	0.148172	0.134702	0.00105546	5.47778	3.92
68.4794	0.024152	268.263	0.148177	0.134707	0.000966081	5.47835	3.96
68.4861	0.0221069	268.271	0.148183	0.134712	0.000884275	5.47889	4
68.4926	0.0202349	268.279	0.148188	0.134717	0.000809398	5.47941	4.04
68.4988	0.0185216	268.287	0.148194	0.134722	0.000740862	5.4799	4.08
68.5047	0.0169533	268.296	0.1482	0.134727	0.000678131	5.48038	4.12
68.5104	0.0155178	268.304	0.148205	0.134732	0.000620712	5.48083	4.16
68.5159	0.0142039	268.313	0.148211	0.134737	0.000568156	5.48127	4.2
68.5211	0.0130013	268.322	0.148217	0.134742	0.000520051	5.48169	4.24
68.5262	0.0119005	268.331	0.148222	0.134748	0.000476019	5.48209	4.28
68.531	0.0108929	268.34	0.148228	0.134753	0.000435716	5.48248	4.32
68.5357	0.00997064	268.349	0.148234	0.134758	0.000398826	5.48286	4.36
68.5403	0.00912647	268.359	0.14824	0.134763	0.000365059	5.48322	4.4
68.5447	0.00835379	268.368	0.148245	0.134768	0.000334151	5.48358	4.44
68.549	0.00764652	268.378	0.148251	0.134774	0.000305861	5.48392	4.48
68.5532	0.00699915	268.387	0.148257	0.134779	0.000279966	5.48425	4.52
68.5572	0.00640658	268.397	0.148263	0.134784	0.000256263	5.48458	4.56
68.5612	0.00586419	268.407	0.148269	0.13479	0.000234568	5.48489	4.6
68.565	0.00536772	268.417	0.148274	0.134795	0.000214709	5.4852	4.64
68.5688	0.00491328	268.427	0.14828	0.1348	0.000196531	5.4855	4.68
68.5725	0.00449732	268.437	0.148286	0.134805	0.000179893	5.4858	4.72
68.5761	0.00411658	268.447	0.148292	0.134811	0.000164663	5.48609	4.76
68.5796	0.00376807	268.457	0.148298	0.134816	0.000150723	5.48637	4.8
68.5831	0.00344907	268.467	0.148304	0.134821	0.000137963	5.48665	4.84
68.5865	0.00315708	268.477	0.148309	0.134827	0.000126283	5.48692	4.88
68.5899	0.0028898	268.488	0.148315	0.134832	0.000115592	5.48719	4.92
68.5932	0.00264516	268.498	0.148321	0.134837	0.000105806	5.48746	4.96
68.5965	0.00242122	268.508	0.148327	0.134843	9.68489e-05	5.48772	5
68.5997	0.00221625	268.519	0.148333	0.134848	8.86499e-05	5.48798	5.04
68.6029	0.00202863	268.529	0.148339	0.134854	8.1145e-05	5.48824	5.08
68.6061	0.00185689	268.539	0.148345	0.134859	7.42755e-05	5.48849	5.12
68.6092	0.00169969	268.55	0.148351	0.134864	6.79875e-05	5.48874	5.16
68.6123	0.0015558	268.56	0.148357	0.13487	6.22319e-05	5.48899	5.2
68.6154	0.00142409	268.571	0.148363	0.134875	5.69636e-05	5.48923	5.24
68.6184	0.00130353	268.581	0.148368	0.13488	5.21412e-05	5.48947	5.28
68.6214	0.00119318	268.592	0.148374	0.134886	4.77271e-05	5.48972	5.32
68.6244	0.00109217	268.602	0.14838	0.134891	4.36867e-05	5.48996	5.36
68.6274	0.000999709	268.613	0.148386	0.134897	3.99883e-05	5.49019	5.4
68.6304	0.000915077	268.623	0.148392	0.134902	3.66031e-05	5.49043	5.44
68.6333	0.00083761	268.634	0.148398	0.134907	3.35044e-05	5.49067	5.48
68.6362	0.000766701	268.645	0.148404	0.134913	3.06681e-05	5.4909	5.52
68.6391	0.000701795	268.655	0.14841	0.134918	2.80718e-05	5.49113	5.56
68.642	0.000642384	268.666	0.148416	0.134923	2.56954e-05	5.49136	5.6
68.6449	0.000588003	268.677	0.148422	0.134929	2.35201e-05	5.49159	5.64
68.6478	0.000538225	268.687	0.148428	0.134934	2.1529e-05	5.49182	5.68
68.6507	0.000492661	268.698	0.148434	0.13494	1.97064e-05	5.49205	5.72
68.6535	0.000450954	268.708	0.148439	0.134945	1.80382e-05	5.49228	5.76
68.6564	0.000412779	268.719	0.148445	0.13495	1.65111e-05	5.49251	5.8
68.6592	0.000377835	268.73	0.148451	0.134956	1.51134e-05	5.49274	5.84
68.662	0.000345849	268.741	0.148457	0.134961	1.3834e-05	5.49296	5.88
68.6649	0.000316571	268.751	0.148463	0.134967	1.26628e-05	5.49319	5.92
68.6677	0.000289771	268.762	0.148469	0.134972	1.15909e-05	5.49341	5.96
68.6705	0.000265241	268.773	0.148475	0.134977	1.06096e-05	5.49364	6
68.6733	0.000242787	268.783	0.148481	0.134983	9.71146e-06	5.49386	6.04
68.6761	0.000222233	268.794	0.148487	0.134988	8.88933e-06	5.49409	6.08
68.6789	0.00020342	268.805	0.148493	0.134994	8.1368e-06	5.49431	6.12
68.6817	0.0001862	268.815	0.148499	0.134999	7.44798e-06	5.49453	6.16
68.6845	0.000170437	268.826	0.148505	0.135004	6.81747e-06	5.49476	6.2
68.6873	0.000156008	268.837	0.148511	0.13501	6.24033e-06	5.49498	6.24
68.69	0.000142801	268.848	0.148517	0.135015	5.71206e-06	5.4952	6.28
68.6928	0.000130713	268.858	0.148523	0.135021	5.2285e-06	5.49543	6.32
68.6956	0.000119647	268.869	0.148528	0.135026	4.78588e-06	5.49565	6.36
68.6984	0.000109518	268.88	0.148534	0.135031	4.38073e-06	5.49587	6.4
68.7012	0.000100247	268.89	0.14854	0.135037	4.00988e-06	5.49609	6.44
68.7039	9.17606e-05	268.901	0.148546	0.135042	3.67042e-06	5.49631	6.48
68.7067	8.39925e-05	268.912	0.148552	0.135047	3.3597e-06	5.49654	6.52
68.7095	7.68821e-05	268.923	0.148558	0.135053	3.07529e-06	5.49676	6.56
68.7122	7.03737e-05	268.933	0.148564	0.135058	2.81495e-06	5.49698	6.6
68.715	6.44162e-05	268.944	0.14857	0.135064	2.57665e-06	5.4972	6.64
68.7178	5.8963e-05	268.955	0.148576	0.135069	2.35852e-06	5.49742	6.68
68.7205	5.39715e-05	268.966	0.148582	0.135075	2.15886e-06	5.49764	6.72
68.7233	4.94025e-05	268.976	0.148588	0.13508	1.9761e-06	5.49786	6.76
68.726	4.52203e-05	268.987	0.148594	0.135085	1.80881e-06	5.49808	6.8
68.7288	4.13922e-05	268.998	0.1486	0.135091	1.65569e-06	5.4983	6.84
68.7316	3.78881e-05	269.009	0.148606	0.135096	1.51553e-06	5.49852	6.88
68.7343	3.46807e-05	269.019	0.148612	0.135102	1.38723e-06	5.49875	6.92
68.7371	3.17448e-05	269.03	0.148618	0.135107	1.26979e-06	5.49897	6.96
68.7398	2.90575e-05	269.041	0.148624	0.135112	1.1623e-06	5.49919	7
68.7426	2.65976e-05	269.052	0.148629	0.135118	1.0639e-06	5.49941	7.04
68.7453	2.4346e-05	269.062	0.148635	0.135123	9.73839e-07	5.49963	7.08
68.7481	2.2285e-05	269.073	0.148641	0.135129	8.91398e-07	5.49985	7.12
68.7509	2.03984e-05	269.084	0.148647	0.135134	8.15937e-07	5.50007	7.16
68.7536	1.86716e-05	269.095	0.148653	0.135139	7.46864e-07	5.50029	7.2
68.7564	1.70909e-05	269.105	0.148659	0.135145	6.83638e-07	5.50051	7.24
68.7591	1.56441e-05	269.116	0.148665	0.13515	6.25764e-07	5.50073	7.28
68.7619	1.43198e-05	269.127	0.148671	0.135156	5.7279e-07	5.50095	7.32
68.7646	1.31075e-05	269.138	0.148677	0.135161	5.243e-07	5.50117	7.36
68.7674	1.19979e-05	269.149	0.148683	0.135166	4.79916e-07	5.50139	7.4
68.7701	1.09822e-05	269.159	0.148689	0.135172	4.39288e-07	5.50161	7.44
68.7729	1.00525e-05	269.17	0.148695	0.135177	4.021e-07	5.50183	7.48
68.7756	9.20151e-06	269.181	0.148701	0.135183	3.68061e-07	5.50205	7.52
68.7784	8.42256e-06	269.192	0.148707	0.135188	3.36902e-07	5.50227	7.56
68.7811	7.70955e-06	269.202	0.148713	0.135193	3.08382e-07	5.50249	7.6
68.7839	7.05689e-06	269.213	0.148719	0.135199	2.82276e-07	5.50271	7.64
68.7866	6.45949e-06	269.224	0.148725	0.135204	2.5838e-07	5.50293	7.68
68.7894	5.91266e-06	269.235	0.148731	0.13521	2.36506e-07	5.50315	7.72
68.7922	5.41213e-06	269.245	0.148737	0.135215	2.16485e-07	5.50337	7.76
68.7949	4.95396e-06	269.256	0.148742	0.13522	1.98158e-07	5.50359	7.8
68.7977	4.53458e-06	269.267	0.148748	0.135226	1.81383e-07	5.50381	7.84
68.8004	4.15071e-06	269.278	0.148754	0.135231	1.66028e-07	5.50403	7.88
68.8032	3.79933e-06	269.288	0.14876	0.135237	1.51973e-07	5.50425	7.92
68.8059	3.4777e-06	269.299	0.148766	0.135242	1.39108e-07	5.50447	7.96
68.8087	3.18329e-06	269.31	0.148772	0.135247	1.27332e-07	5.50469	8
68.8114	2.91381e-06	269.321	0.148778	0.135253	1.16552e-07	5.50491	8.04
68.8142	2.66714e-06	269.332	0.148784	0.135258	1.06686e-07	5.50513	8.08
68.8169	2.44135e-06	269.342	0.14879	0.135264	9.76541e-08	5.50535	8.12
68.8197	2.23468e-06	269.353	0.148796	0.135269	8.93872e-08	5.50557	8.16
68.8224	2.0455e-06	269.364	0.148802	0.135275	8.18201e-08	5.50579	8.2
68.8252	1.87234e-06	269.375	0.148808	0.13528	7.48936e-08	5.50601	8.24
68.8279	1.71384e-06	269.385	0.148814	0.135285	6.85535e-08	5.50623	8.28
68.8307	1.56875e-06	269.396	0.14882	0.135291	6.27501e-08	5.50646	8.32
68.8334	1.43595e-06	269.407	0.148826	0.135296	5.7438e-08	5.50668	8.36
68.8362	1.31439e-06	269.418	0.148832	0.135302	5.25756e-08	5.5069	8.4
68.8389	1.20312e-06	269.428	0.148838	0.135307	4.81248e-08	5.50712	8.44
68.8417	1.10127e-06	269.439	0.148844	0.135312	4.40508e-08	5.50734	8.48
68.8445	1.00804e-06	269.45	0.14885	0.135318	4.03217e-08	5.50756	8.52
68.8472	9.22705e-07	269.461	0.148856	0.135323	3.69082e-08	5.50778	8.56
68.85	8.44594e-07	269.472	0.148861	0.135329	3.37837e-08	5.508	8.6
68.8527	7.73095e-07	269.482	0.148867	0.135334	3.09238e-08	5.50822	8.64
68.8555	7.07648e-07	269.493	0.148873	0.135339	2.83059e-08	5.50844	8.68
68.8582	6.47742e-07	269.504	0.148879	0.135345	2.59097e-08	5.50866	8.72
68.861	5.92907e-07	269.515	0.148885	0.13535	2.37163e-08	5.50888	8.76
68.8637	5.42715e-07	269.525	0.148891	0.135356	2.17086e-08	5.5091	8.8
68.8665	4.96771e-07	269.536	0.148897	0.135361	1.98708e-08	5.50932	8.84
68.8692	4.54717e-07	269.547	0.148903	0.135367	1.81887e-08	5.50954	8.88
68.872	4.16223e-07	269.558	0.148909	0.135372	1.66489e-08	5.50976	8.92
68.8748	3.80988e-07	269.569	0.148915	0.135377	1.52395e-08	5.50998	8.96
68.8775	3.48735e-07	269.579	0.148921	0.135383	1.39494e-08	5.5102	9
68.8803	3.19213e-07	269.59	0.148927	0.135388	1.27685e-08	5.51042	9.04
68.883	2.9219e-07	269.601	0.148933	0.135394	1.16876e-08	5.51064	9.08
68.8858	2.67454e-07	269.612	0.148939	0.135399	1.06982e-08	5.51086	9.12
68.8885	2.44813e-07	269.623	0.148945	0.135404	9.79252e-09	5.51108	9.16
68.8913	2.24088e-07	269.633	0.148951	0.13541	8.96353e-09	5.5113	9.2
68.894	2.05118e-07	269.644	0.148957	0.135415	8.20473e-09	5.51152	9.24
68.8968	1.87754e-07	269.655	0.148963	0.135421	7.51015e-09	5.51174	9.28
68.8995	1.7186e-07	269.666	0.148969	0.135426	6.87438e-09	5.51196	9.32
68.9023	1.57311e-07	269.676	0.148975	0.135431	6.29243e-09	5.51218	9.36
68.9051	1.43994e-07	269.687	0.148981	0.135437	5.75974e-09	5.5124	9.4
68.9078	1.31804e-07	269.698	0.148987	0.135442	5.27215e-09	5.51263	9.44
68.9106	1.20646e-07	269.709	0.148993	0.135448	4.82584e-09	5.51285	9.48
68.9133	1.10433e-07	269.72	0.148998	0.135453	4.41731e-09	5.51307	9.52
68.9161	1.01084e-07	269.73	0.149004	0.135459	4.04336e-09	5.51329	9.56
68.9188	9.25267e-08	269.741	0.14901	0.135464	3.70107e-09	5.51351	9.6
68.9216	8.46938e-08	269.752	0.149016	0.135469	3.38775e-09	5.51373	9.64
68.9243	7.75241e-08	269.763	0.149022	0.135475	3.10096e-09	5.51395	9.68
68.9271	7.09612e-08	269.774	0.149028	0.13548	2.83845e-09	5.51417	9.72
68.9299	6.4954e-08	269.784	0.149034	0.135486	2.59816e-09	5.51439	9.76
68.9326	5.94553e-08	269.795	0.14904	0.135491	2.37821e-09	5.51461	9.8
68.9354	5.44221e-08	269.806	0.149046	0.135497	2.17689e-09	5.51483	9.84
68.9381	4.9815e-08	269.817	0.149052	0.135502	1.9926e-09	5.51505	9.88
68.9409	4.55979e-08	269.827	0.149058	0.135507	1.82392e-09	5.51527	9.92
68.9436	4.17378e-08	269.838	0.149064	0.135513	1.66951e-09	5.51549	9.96
68.9464	3.82045e-08	269.849	0.14907	0.135518	1.52818e-09	5.51571	10
68.9492	3.49703e-08	269.86	0.149076	0.135524	1.39881e-09	5.51593	10.04
68.9519	3.20099e-08	269.871	0.149082	0.135529	1.2804e-09	5.51615	10.08
68.9547	2.93001e-08	269.881	0.149088	0.135534	1.172e-09	5.51637	10.12
68.9574	2.68197e-08	269.892	0.149094	0.13554	1.07279e-09	5.51659	10.16
68.9602	2.45493e-08	269.903	0.1491	0.135545	9.8197e-10	5.51682	10.2
68.963	2.2471e-08	269.914	0.149106	0.135551	8.98842e-10	5.51704	10.24
68.9657	2.05688e-08	269.925	0.149112	0.135556	8.2275e-10	5.51726	10.28
68.9685	1.88275e-08	269.935	0.149118	0.135562	7.531e-10	5.51748	10.32
68.9712	1.72337e-08	269.946	0.149124	0.135567	6.89346e-10	5.5177	10.36
68.974	1.57747e-08	269.957	0.14913	0.135572	6.3099e-10	5.51792	10.4
68.9767	1.44393e-08	269.968	0.149136	0.135578	5.77573e-10	5.51814	10.44
68.9795	1.3217e-08	269.979	0.149142	0.135583	5.28679e-10	5.51836	10.48
68.9823	1.20981e-08	269.989	0.149148	0.135589	4.83923e-10	5.51858	10.52
68.985	1.10739e-08	270	0.149153	0.135594	4.42957e-10	5.5188	10.56
68.9878	1.01365e-08	270.011	0.149159	0.135599	4.05458e-10	5.51902	10.6
68.9905	9.27835e-09	270.022	0.149165	0.135605	3.71134e-10	5.51924	10.64
68.9933	8.49289e-09	270.033	0.149171	0.13561	3.39716e-10	5.51946	10.68
68.9961	7.77393e-09	270.043	0.149177	0.135616	3.10957e-10	5.51968	10.72
68.9988	7.11582e-09	270.054	0.149183	0.135621	2.84633e-10	5.51991	10.76
69.0016	6.51343e-09	270.065	0.149189	0.135627	2.60537e-10	5.52013	10.8
69.0043	5.96204e-09	270.076	0.149195	0.135632	2.38481e-10	5.52035	10.84
69.0071	5.45732e-09	270.087	0.149201	0.135637	2.18293e-10	5.52057	10.88
69.0099	4.99533e-09	270.097	0.149207	0.135643	1.99813e-10	5.52079	10.92
69.0126	4.57245e-09	270.108	0.149213	0.135648	1.82898e-10	5.52101	10.96
69.0154	4.18537e-09	270.119	0.149219	0.135654	1.67415e-10	5.52123	11
69.0181	3.83106e-09	270.13	0.149225	0.135659	1.53242e-10	5.52145	11.04
69.0209	3.50674e-09	270.141	0.149231	0.135665	1.40269e-10	5.52167	11.08
69.0237	3.20987e-09	270.151	0.149237	0.13567	1.28395e-10	5.52189	11.12
69.0264	2.93814e-09	270.162	0.149243	0.135675	1.17526e-10	5.52211	11.16
69.0292	2.68941e-09	270.173	0.149249	0.135681	1.07577e-10	5.52233	11.2
69.0319	2.46174e-09	270.184	0.149255	0.135686	9.84696e-11	5.52255	11.24
69.0347	2.25334e-09	270.195	0.149261	0.135692	9.01337e-11	5.52278	11.28
69.0375	2.06258e-09	270.205	0.149267	0.135697	8.25034e-11	5.523	11.32
69.0402	1.88798e-09	270.216	0.149273	0.135703	7.55191e-11	5.52322	11.36
69.043	1.72815e-09	270.227	0.149279	0.135708	6.9126e-11	5.52344	11.4
69.0457	1.58185e-09	270.238	0.149285	0.135713	6.32741e-11	5.52366	11.44
69.0485	1.44794e-09	270.249	0.149291	0.135719	5.79176e-11	5.52388	11.48
69.0513	1.32537e-09	270.259	0.149297	0.135724	5.30146e-11	5.5241	11.52
69.054	1.21317e-09	270.27	0.149303	0.13573	4.85267e-11	5.52432	11.56
69.0568	1.11047e-09	270.281	0.149309	0.135735	4.44186e-11	5.52454	11.6
69.0595	1.01646e-09	270.292	0.149315	0.135741	4.06584e-11	5.52476	11.64
69.0623	9.30411e-10	270.303	0.149321	0.135746	3.72164e-11	5.52498	11.68
69.0651	8.51647e-10	270.313	0.149327	0.135751	3.40659e-11	5.52521	11.72
69.0678	7.7955e-10	270.324	0.149333	0.135757	3.1182e-11	5.52543	11.76
69.0706	7.13558e-10	270.335	0.149339	0.135762	2.85423e-11	5.52565	11.8
69.0734	6.53151e-10	270.346	0.149344	0.135768	2.6126e-11	5.52587	11.84
69.0761	5.97859e-10	270.357	0.14935	0.135773	2.39143e-11	5.52609	11.88
69.0789	5.47247e-10	270.368	0.149356	0.135779	2.18899e-11	5.52631	11.92
69.0816	5.0092e-10	270.378	0.149362	0.135784	2.00368e-11	5.52653	11.96
69.0844	4.58514e-10	270.389	0.149368	0.135789	1.83406e-11	5.52675	12
69.0872	4.19699e-10	270.4	0.149374	0.135795	1.67879e-11	5.52697	12.04
69.0899	3.84169e-10	270.411	0.14938	0.1358	1.53668e-11	5.52719	12.08
69.0927	3.51647e-10	270.422	0.149386	0.135806	1.40659e-11	5.52742	12.12
69.0955	3.21878e-10	270.432	0.149392	0.135811	1.28751e-11	5.52764	12.16
69.0982	2.9463e-10	270.443	0.149398	0.135817	1.17852e-11	5.52786	12.2
69.101	2.69688e-10	270.454	0.149404	0.135822	1.07875e-11	5.52808	12.24
69.1038	2.46857e-10	270.465	0.14941	0.135827	9.8743e-12	5.5283	12.28
69.1065	2.2596e-10	270.476	0.149416	0.135833	9.03839e-12	5.52852	12.32
69.1093	2.06831e-10	270.487	0.149422	0.135838	8.27324e-12	5.52874	12.36
69.112	1.89322e-10	270.497	0.149428	0.135844	7.57287e-12	5.52896	12.4
69.1148	1.73295e-10	270.508	0.149434	0.135849	6.93179e-12	5.52918	12.44
69.1176	1.58624e-10	270.519	0.14944	0.135855	6.34498e-12	5.52941	12.48
69.1203	1.45196e-10	270.53	0.149446	0.13586	5.80784e-12	5.52963	12.52
69.1231	1.32904e-10	270.541	0.149452	0.135865	5.31618e-12	5.52985	12.56
69.1259	1.21653e-10	270.551	0.149458	0.135871	4.86614e-12	5.53007	12.6
69.1286	1.11355e-10	270.562	0.149464	0.135876	4.45419e-12	5.53029	12.64
69.1314	1.01928e-10	270.573	0.14947	0.135882	4.07712e-12	5.53051	12.68
69.1342	9.32993e-11	270.584	0.149476	0.135887	3.73197e-12	5.53073	12.72
69.1369	8.54011e-11	270.595	0.149482	0.135893	3.41604e-12	5.53095	12.76
69.1397	7.81714e-11	270.606	0.149488	0.135898	3.12686e-12	5.53118	12.8
69.1425	7.15538e-11	270.616	0.149494	0.135904	2.86215e-12	5.5314	12.84
69.1452	6.54964e-11	270.627	0.1495	0.135909	2.61986e-12	5.53162	12.88
69.148	5.99518e-11	270.638	0.149506	0.135914	2.39807e-12	5.53184	12.92
69.1508	5.48766e-11	270.649	0.149512	0.13592	2.19506e-12	5.53206	12.96
69.1535	5.0231e-11	270.66	0.149518	0.135925	2.00924e-12	5.53228	13
69.1563	4.59787e-11	270.67	0.149524	0.135931	1.83915e-12	5.5325	13.04
69.159	4.20864e-11	270.681	0.14953	0.135936	1.68345e-12	5.53272	13.08
69.1618	3.85235e-11	270.692	0.149536	0.135942	1.54094e-12	5.53295	13.12
69.1646	3.52623e-11	270.703	0.149542	0.135947	1.41049e-12	5.53317	13.16
69.1673	3.22772e-11	270.714	0.149548	0.135952	1.29109e-12	5.53339	13.2
69.1701	2.95448e-11	270.725	0.149554	0.135958	1.18179e-12	5.53361	13.24
69.1729	2.70436e-11	270.735	0.14956	0.135963	1.08175e-12	5.53383	13.28
69.1756	2.47543e-11	270.746	0.149566	0.135969	9.90171e-13	5.53405	13.32
69.1784	2.26587e-11	270.757	0.149572	0.135974	9.06348e-13	5.53427	13.36
69.1812	2.07405e-11	270.768	0.149578	0.13598	8.29621e-13	5.53449	13.4
69.1839	1.89847e-11	270.779	0.149584	0.135985	7.59389e-13	5.53472	13.44
69.1867	1.73776e-11	270.79	0.14959	0.135991	6.95103e-13	5.53494	13.48
69.1895	1.59065e-11	270.8	0.149596	0.135996	6.36259e-13	5.53516	13.52
69.1922	1.45599e-11	270.811	0.149602	0.136001	5.82396e-13	5.53538	13.56
69.195	1.33273e-11	270.822	0.149608	0.136007	5.33093e-13	5.5356	13.6
69.1978	1.21991e-11	270.833	0.149613	0.136012	4.87964e-13	5.53582	13.64
69.2005	1.11664e-11	270.844	0.149619	0.136018	4.46656e-13	5.53604	13.68
69.2033	1.02211e-11	270.855	0.149625	0.136023	4.08844e-13	5.53627	13.72
69.2061	9.35583e-12	270.865	0.149631	0.136029	3.74233e-13	5.53649	13.76
69.2089	8.56381e-12	270.876	0.149637	0.136034	3.42553e-13	5.53671	13.8
69.2116	7.83884e-12	270.887	0.149643	0.136039	3.13554e-13	5.53693	13.84
69.2144	7.17524e-12	270.898	0.149649	0.136045	2.8701e-13	5.53715	13.88
69.2172	6.56782e-12	270.909	0.149655	0.13605	2.62713e-13	5.53737	13.92
69.2199	6.01182e-12	270.92	0.149661	0.136056	2.40473e-13	5.53759	13.96
69.2227	5.50289e-12	270.93	0.149667	0.136061	2.20116e-13	5.53782	14
69.2255	5.03704e-12	270.941	0.149673	0.136067	2.01482e-13	5.53804	14.04
69.2282	4.61063e-12	270.952	0.149679	0.136072	1.84425e-13	5.53826	14.08
69.231	4.22032e-12	270.963	0.149685	0.136078	1.68813e-13	5.53848	14.12
69.2338	3.86305e-12	270.974	0.149691	0.136083	1.54522e-13	5.5387	14.16
69.2365	3.53602e-12	270.985	0.149697	0.136088	1.41441e-13	5.53892	14.2
69.2393	3.23668e-12	270.995	0.149703	0.136094	1.29467e-13	5.53914	14.24
69.2421	2.96268e-12	271.006	0.149709	0.136099	1.18507e-13	5.53937	14.28
69.2448	2.71187e-12	271.017	0.149715	0.136105	1.08475e-13	5.53959	14.32
69.2476	2.4823e-12	271.028	0.149721	0.13611	9.92919e-14	5.53981	14.36
69.2504	2.27216e-12	271.039	0.149727	0.136116	9.08863e-14	5.54003	14.4
69.2532	2.07981e-12	271.05	0.149733	0.136121	8.31924e-14	5.54025	14.44
69.2559	1.90374e-12	271.06	0.149739	0.136127	7.61497e-14	5.54047	14.48
69.2587	1.74258e-12	271.071	0.149745	0.136132	6.97032e-14	5.5407	14.52
69.2615	1.59506e-12	271.082	0.149751	0.136137	6.38025e-14	5.54092	14.56
69.2642	1.46003e-12	271.093	0.149757	0.136143	5.84013e-14	5.54114	14.6
69.267	1.33643e-12	271.104	0.149763	0.136148	5.34573e-14	5.54136	14.64
69.2698	1.2233e-12	271.115	0.149769	0.136154	4.89319e-14	5.54158	14.68
69.2725	1.11974e-12	271.126	0.149775	0.136159	4.47896e-14	5.5418	14.72
69.2753	1.02495e-12	271.136	0.149781	0.136165	4.09979e-14	5.54202	14.76
69.2781	9.3818e-13	271.147	0.149787	0.13617	3.75272e-14	5.54225	14.8
69.2809	8.58759e-13	271.158	0.149793	0.136176	3.43503e-14	5.54247	14.84
69.2836	7.8606e-13	271.169	0.149799	0.136181	3.14424e-14	5.54269	14.88
69.2864	7.19516e-13	271.18	0.149805	0.136186	2.87806e-14	5.54291	14.92
69.2892	6.58606e-13	271.191	0.149811	0.136192	2.63442e-14	5.54313	14.96
69.2919	6.02851e-13	271.201	0.149817	0.136197	2.4114e-14	5.54335	15
69.2947	5.51817e-13	271.212	0.149823	0.136203	2.20727e-14	5.54358	15.04
69.2975	5.05103e-13	271.223	0.149829	0.136208	2.02041e-14	5.5438	15.08
69.3002	4.62343e-13	271.234	0.149835	0.136214	1.84937e-14	5.54402	15.12
69.303	4.23203e-13	271.245	0.149841	0.136219	1.69281e-14	5.54424	15.16
69.3058	3.87377e-13	271.256	0.149847	0.136225	1.54951e-14	5.54446	15.2
69.3086	3.54584e-13	271.266	0.149853	0.13623	1.41833e-14	5.54469	15.24
69.3113	3.24566e-13	271.277	0.149859	0.136235	1.29827e-14	5.54491	15.28
69.3141	2.9709e-13	271.288	0.149865	0.136241	1.18836e-14	5.54513	15.32
69.3169	2.7194e-13	271.299	0.149871	0.136246	1.08776e-14	5.54535	15.36
69.3197	2.48919e-13	271.31	0.149877	0.136252	9.95675e-15	5.54557	15.4
69.3224	2.27847e-13	271.321	0.149883	0.136257	9.11386e-15	5.54579	15.44
69.3252	2.08558e-13	271.332	0.149889	0.136263	8.34233e-15	5.54602	15.48
69.328	1.90903e-13	271.342	0.149895	0.136268	7.63611e-15	5.54624	15.52
69.3307	1.74742e-13	271.353	0.149901	0.136274	6.98967e-15	5.54646	15.56
69.3335	1.59949e-13	271.364	0.149907	0.136279	6.39796e-15	5.54668	15.6
69.3363	1.46409e-13	271.375	0.149913	0.136285	5.85634e-15	5.5469	15.64
69.3391	1.34014e-13	271.386	0.149919	0.13629	5.36057e-15	5.54712	15.68
69.3418	1.22669e-13	271.397	0.149925	0.136295	4.90677e-15	5.54735	15.72
69.3446	1.12285e-13	271.408	0.149931	0.136301	4.49139e-15	5.54757	15.76
69.3474	1.02779e-13	271.418	0.149937	0.136306	4.11117e-15	5.54779	15.8
69.3502	9.40785e-14	271.429	0.149943	0.136312	3.76314e-15	5.54801	15.84
69.3529	8.61142e-14	271.44	0.149949	0.136317	3.44457e-15	5.54823	15.88
69.3557	7.88242e-14	271.451	0.149955	0.136323	3.15297e-15	5.54846	15.92
69.3585	7.21514e-14	271.462	0.149961	0.136328	2.88605e-15	5.54868	15.96
69.3612	6.60434e-14	271.473	0.149967	0.136334	2.64173e-15	5.5489	16
69.364	6.04525e-14	271.484	0.149973	0.136339	2.4181e-15	5.54912	16.04
69.3668	5.53349e-14	271.494	0.149979	0.136344	2.21339e-15	5.54934	16.08
69.3696	5.06505e-14	271.505	0.149985	0.13635	2.02602e-15	5.54957	16.12
69.3723	4.63627e-14	271.516	0.149991	0.136355	1.85451e-15	5.54979	16.16
69.3751	4.24378e-14	271.527	0.149997	0.136361	1.69751e-15	5.55001	16.2
69.3779	3.88452e-14	271.538	0.150003	0.136366	1.55381e-15	5.55023	16.24
69.3807	3.55568e-14	271.549	0.150009	0.136372	1.42227e-15	5.55045	16.28
69.3834	3.25467e-14	271.56	0.150015	0.136377	1.30187e-15	5.55068	16.32
69.3862	2.97915e-14	271.57	0.150021	0.136383	1.19166e-15	5.5509	16.36
69.389	2.72695e-14	271.581	0.150027	0.136388	1.09078e-15	5.55112	16.4
69.3918	2.4961e-14	271.592	0.150033	0.136394	9.98439e-16	5.55134	16.44
69.3945	2.28479e-14	271.603	0.150039	0.136399	9.13916e-16	5.55156	16.48
69.3973	2.09137e-14	271.614	0.150045	0.136404	8.36549e-16	5.55179	16.52
69.4001	1.91433e-14	271.625	0.150051	0.13641	7.6573e-16	5.55201	16.56
69.4029	1.75227e-14	271.636	0.150057	0.136415	7.00907e-16	5.55223	16.6
69.4056	1.60393e-14	271.646	0.150063	0.136421	6.41572e-16	5.55245	16.64
69.4084	1.46815e-14	271.657	0.150069	0.136426	5.8726e-16	5.55267	16.68
69.4112	1.34386e-14	271.668	0.150075	0.136432	5.37545e-16	5.5529	16.72
69.414	1.2301e-14	271.679	0.150081	0.136437	4.92039e-16	5.55312	16.76
69.4168	1.12596e-14	271.69	0.150087	0.136443	4.50386e-16	5.55334	16.8
69.4195	1.03065e-14	271.701	0.150093	0.136448	4.12258e-16	5.55356	16.84
69.4223	9.43396e-15	271.712	0.150099	0.136454	3.77358e-16	5.55378	16.88
69.4251	8.63533e-15	271.723	0.150105	0.136459	3.45413e-16	5.55401	16.92
69.4279	7.9043e-15	271.733	0.150111	0.136464	3.16172e-16	5.55423	16.96
69.4306	7.23516e-15	271.744	0.150117	0.13647	2.89407e-16	5.55445	17
69.4334	6.62267e-15	271.755	0.150123	0.136475	2.64907e-16	5.55467	17.04
69.4362	6.06203e-15	271.766	0.150129	0.136481	2.42481e-16	5.55489	17.08
69.439	5.54885e-15	271.777	0.150135	0.136486	2.21954e-16	5.55512	17.12
69.4417	5.07911e-15	271.788	0.150141	0.136492	2.03164e-16	5.55534	17.16
69.4445	4.64914e-15	271.799	0.150147	0.136497	1.85965e-16	5.55556	17.2
69.4473	4.25556e-15	271.809	0.150153	0.136503	1.70222e-16	5.55578	17.24
69.4501	3.89531e-15	271.82	0.150159	0.136508	1.55812e-16	5.55601	17.28
69.4528	3.56555e-15	271.831	0.150165	0.136514	1.42622e-16	5.55623	17.32
69.4556	3.26371e-15	271.842	0.150171	0.136519	1.30548e-16	5.55645	17.36
69.4584	2.98742e-15	271.853	0.150177	0.136525	1.19497e-16	5.55667	17.4
69.4612	2.73452e-15	271.864	0.150183	0.13653	1.09381e-16	5.55689	17.44
69.464	2.50303e-15	271.875	0.150189	0.136535	1.00121e-16	5.55712	17.48
69.4667	2.29113e-15	271.886	0.150195	0.136541	9.16453e-17	5.55734	17.52
69.4695	2.09718e-15	271.896	0.150201	0.136546	8.38871e-17	5.55756	17.56
69.4723	1.91964e-15	271.907	0.150207	0.136552	7.67856e-17	5.55778	17.6
69.4751	1.75713e-15	271.918	0.150213	0.136557	7.02853e-17	5.55801	17.64
69.4779	1.60838e-15	271.929	0.150219	0.136563	6.43353e-17	5.55823	17.68
69.4806	1.47222e-15	271.94	0.150225	0.136568	5.8889e-17	5.55845	17.72
69.4834	1.34759e-15	271.951	0.150231	0.136574	5.39037e-17	5.55867	17.76
69.4862	1.23351e-15	271.962	0.150237	0.136579	4.93405e-17	5.5589	17.8
69.489	1.12909e-15	271.973	0.150243	0.136585	4.51636e-17	5.55912	17.84
69.4917	1.03351e-15	271.983	0.150249	0.13659	4.13403e-17	5.55934	17.88
69.4945	9.46015e-16	271.994	0.150255	0.136596	3.78406e-17	5.55956	17.92
69.4973	8.6593e-16	272.005	0.150261	0.136601	3.46372e-17	5.55978	17.96
69.5001	7.92624e-16	272.016	0.150267	0.136606	3.1705e-17	5.56001	18
69.5029	7.25525e-16	272.027	0.150273	0.136612	2.9021e-17	5.56023	18.04
69.5056	6.64105e-16	272.038	0.150279	0.136617	2.65642e-17	5.56045	18.08
69.5084	6.07885e-16	272.049	0.150285	0.136623	2.43154e-17	5.56067	18.12
69.5112	5.56425e-16	272.06	0.150291	0.136628	2.2257e-17	5.5609	18.16
69.514	5.09321e-16	272.07	0.150297	0.136634	2.03728e-17	5.56112	18.2
69.5168	4.66204e-16	272.081	0.150303	0.136639	1.86482e-17	5.56134	18.24
69.5195	4.26737e-16	272.092	0.150309	0.136645	1.70695e-17	5.56156	18.28
69.5223	3.90612e-16	272.103	0.150315	0.13665	1.56245e-17	5.56179	18.32
69.5251	3.57545e-16	272.114	0.150321	0.136656	1.43018e-17	5.56201	18.36
69.5279	3.27277e-16	272.125	0.150327	0.136661	1.30911e-17	5.56223	18.4
69.5307	2.99571e-16	272.136	0.150333	0.136667	1.19828e-17	5.56245	18.44
69.5334	2.74211e-16	272.147	0.150339	0.136672	1.09684e-17	5.56268	18.48
69.5362	2.50997e-16	272.158	0.150345	0.136678	1.00399e-17	5.5629	18.52
69.539	2.29749e-16	272.168	0.150351	0.136683	9.18997e-18	5.56312	18.56
69.5418	2.103e-16	272.179	0.150357	0.136688	8.41199e-18	5.56334	18.6
69.5446	1.92497e-16	272.19	0.150363	0.136694	7.69987e-18	5.56357	18.64
69.5474	1.76201e-16	272.201	0.150369	0.136699	7.04804e-18	5.56379	18.68
69.5501	1.61285e-16	272.212	0.150375	0.136705	6.45139e-18	5.56401	18.72
69.5529	1.47631e-16	272.223	0.150381	0.13671	5.90525e-18	5.56423	18.76
69.5557	1.35133e-16	272.234	0.150387	0.136716	5.40534e-18	5.56446	18.8
69.5585	1.23694e-16	272.245	0.150393	0.136721	4.94775e-18	5.56468	18.84
69.5613	1.13222e-16	272.256	0.150399	0.136727	4.52889e-18	5.5649	18.88
69.564	1.03638e-16	272.266	0.150405	0.136732	4.1455e-18	5.56512	18.92
69.5668	9.48641e-17	272.277	0.150411	0.136738	3.79456e-18	5.56535	18.96
69.5696	8.68333e-17	272.288	0.150417	0.136743	3.47333e-18	5.56557	19
69.5724	7.94825e-17	272.299	0.150423	0.136749	3.1793e-18	5.56579	19.04
69.5752	7.27539e-17	272.31	0.150429	0.136754	2.91015e-18	5.56601	19.08
69.578	6.65949e-17	272.321	0.150435	0.13676	2.6638e-18	5.56624	19.12
69.5807	6.09573e-17	272.332	0.150441	0.136765	2.43829e-18	5.56646	19.16
69.5835	5.57969e-17	272.343	0.150448	0.13677	2.23188e-18	5.56668	19.2
69.5863	5.10734e-17	272.354	0.150454	0.136776	2.04294e-18	5.5669	19.24
69.5891	4.67498e-17	272.364	0.15046	0.136781	1.86999e-18	5.56713	19.28
69.5919	4.27922e-17	272.375	0.150466	0.136787	1.71169e-18	5.56735	19.32
69.5947	3.91696e-17	272.386	0.150472	0.136792	1.56679e-18	5.56757	19.36
69.5974	3.58537e-17	272.397	0.150478	0.136798	1.43415e-18	5.56779	19.4
69.6002	3.28185e-17	272.408	0.150484	0.136803	1.31274e-18	5.56802	19.44
69.603	3.00403e-17	272.419	0.15049	0.136809	1.20161e-18	5.56824	19.48
69.6058	2.74972e-17	272.43	0.150496	0.136814	1.09989e-18	5.56846	19.52
69.6086	2.51694e-17	272.441	0.150502	0.13682	1.00678e-18	5.56869	19.56
69.6114	2.30387e-17	272.452	0.150508	0.136825	9.21548e-19	5.56891	19.6
69.6141	2.10884e-17	272.462	0.150514	0.136831	8.43534e-19	5.56913	19.64
69.6169	1.93031e-17	272.473	0.15052	0.136836	7.72125e-19	5.56935	19.68
69.6197	1.7669e-17	272.484	0.150526	0.136842	7.06761e-19	5.56958	19.72
69.6225	1.61732e-17	272.495	0.150532	0.136847	6.4693e-19	5.5698	19.76
69.6253	1.48041e-17	272.506	0.150538	0.136853	5.92164e-19	5.57002	19.8
69.6281	1.35509e-17	272.517	0.150544	0.136858	5.42034e-19	5.57024	19.84
69.6308	1.24037e-17	272.528	0.15055	0.136863	4.96148e-19	5.57047	19.88
69.6336	1.13537e-17	272.539	0.150556	0.136869	4.54147e-19	5.57069	19.92
69.6364	1.03925e-17	272.55	0.150562	0.136874	4.15701e-19	5.57091	19.96
69.6392	9.51274e-18	272.561	0.150568	0.13688	3.8051e-19	5.57114	20
69.642	8.70744e-18	272.571	0.150574	0.136885	3.48298e-19	5.57136	20.04
69.6448	7.97031e-18	272.582	0.15058	0.136891	3.18812e-19	5.57158	20.08
69.6476	7.29558e-18	272.593	0.150586	0.136896	2.91823e-19	5.5718	20.12
69.6503	6.67797e-18	272.604	0.150592	0.136902	2.67119e-19	5.57203	20.16
69.6531	6.11265e-18	272.615	0.150598	0.136907	2.44506e-19	5.57225	20.2
69.6559	5.59518e-18	272.626	0.150604	0.136913	2.23807e-19	5.57247	20.24
69.6587	5.12152e-18	272.637	0.15061	0.136918	2.04861e-19	5.5727	20.28
69.6615	4.68796e-18	272.648	0.150616	0.136924	1.87518e-19	5.57292	20.32
69.6643	4.2911e-18	272.659	0.150622	0.136929	1.71644e-19	5.57314	20.36
69.6671	3.92784e-18	272.67	0.150628	0.136935	1.57113e-19	5.57336	20.4
69.6698	3.59532e-18	272.68	0.150634	0.13694	1.43813e-19	5.57359	20.44
69.6726	3.29096e-18	272.691	0.15064	0.136946	1.31638e-19	5.57381	20.48
69.6754	3.01236e-18	272.702	0.150646	0.136951	1.20495e-19	5.57403	20.52
69.6782	2.75735e-18	272.713	0.150652	0.136957	1.10294e-19	5.57426	20.56
69.681	2.52393e-18	272.724	0.150658	0.136962	1.00957e-19	5.57448	20.6
69.6838	2.31027e-18	272.735	0.150664	0.136968	9.24106e-20	5.5747	20.64
69.6866	2.11469e-18	272.746	0.15067	0.136973	8.45876e-20	5.57492	20.68
69.6893	1.93567e-18	272.757	0.150676	0.136978	7.74268e-20	5.57515	20.72
69.6921	1.77181e-18	272.768	0.150682	0.136984	7.08722e-20	5.57537	20.76
69.6949	1.62181e-18	272.779	0.150688	0.136989	6.48725e-20	5.57559	20.8
69.6977	1.48452e-18	272.79	0.150694	0.136995	5.93808e-20	5.57582	20.84
69.7005	1.35885e-18	272.8	0.1507	0.137	5.43539e-20	5.57604	20.88
69.7033	1.24381e-18	272.811	0.150706	0.137006	4.97525e-20	5.57626	20.92
69.7061	1.13852e-18	272.822	0.150712	0.137011	4.55407e-20	5.57649	20.96
69.7089	1.04214e-18	272.833	0.150719	0.137017	4.16855e-20	5.57671	21
69.7116	9.53915e-19	272.844	0.150725	0.137022	3.81566e-20	5.57693	21.04
69.7144	8.73161e-19	272.855	0.150731	0.137028	3.49264e-20	5.57715	21.08
69.7172	7.99243e-19	272.866	0.150737	0.137033	3.19697e-20	5.57738	21.12
69.72	7.31583e-19	272.877	0.150743	0.137039	2.92633e-20	5.5776	21.16
69.7228	6.69651e-19	272.888	0.150749	0.137044	2.6786e-20	5.57782	21.2
69.7256	6.12962e-19	272.899	0.150755	0.13705	2.45185e-20	5.57805	21.24
69.7284	5.61071e-19	272.91	0.150761	0.137055	2.24429e-20	5.57827	21.28
69.7312	5.13574e-19	272.921	0.150767	0.137061	2.0543e-20	5.57849	21.32
69.734	4.70097e-19	272.931	0.150773	0.137066	1.88039e-20	5.57872	21.36
69.7367	4.30301e-19	272.942	0.150779	0.137072	1.7212e-20	5.57894	21.4
69.7395	3.93874e-19	272.953	0.150785	0.137077	1.5755e-20	5.57916	21.44
69.7423	3.6053e-19	272.964	0.150791	0.137083	1.44212e-20	5.57939	21.48
69.7451	3.3001e-19	272.975	0.150797	0.137088	1.32004e-20	5.57961	21.52
69.7479	3.02073e-19	272.986	0.150803	0.137094	1.20829e-20	5.57983	21.56
69.7507	2.76501e-19	272.997	0.150809	0.137099	1.106e-20	5.58006	21.6
69.7535	2.53093e-19	273.008	0.150815	0.137105	1.01237e-20	5.58028	21.64
69.7563	2.31668e-19	273.019	0.150821	0.13711	9.26671e-21	5.5805	21.68
69.7591	2.12056e-19	273.03	0.150827	0.137115	8.48224e-21	5.58072	21.72
69.7618	1.94104e-19	273.041	0.150833	0.137121	7.76417e-21	5.58095	21.76
69.7646	1.77672e-19	273.052	0.150839	0.137126	7.1069e-21	5.58117	21.8
69.7674	1.62632e-19	273.062	0.150845	0.137132	6.50526e-21	5.58139	21.84
69.7702	1.48864e-19	273.073	0.150851	0.137137	5.95456e-21	5.58162	21.88
69.773	1.36262e-19	273.084	0.150857	0.137143	5.45047e-21	5.58184	21.92
69.7758	1.24727e-19	273.095	0.150863	0.137148	4.98906e-21	5.58206	21.96
69.7786	1.14168e-19	273.106	0.150869	0.137154	4.56671e-21	5.58229	22
69.7814	1.04503e-19	273.117	0.150875	0.137159	4.18012e-21	5.58251	22.04
69.7842	9.56563e-20	273.128	0.150881	0.137165	3.82625e-21	5.58273	22.08
69.787	8.75585e-20	273.139	0.150887	0.13717	3.50234e-21	5.58296	22.12
69.7898	8.01462e-20	273.15	0.150893	0.137176	3.20585e-21	5.58318	22.16
69.7925	7.33614e-20	273.161	0.150899	0.137181	2.93446e-21	5.5834	22.2
69.7953	6.7151e-20	273.172	0.150905	0.137187	2.68604e-21	5.58363	22.24
69.7981	6.14663e-20	273.183	0.150912	0.137192	2.45865e-21	5.58385	22.28
69.8009	5.62629e-20	273.194	0.150918	0.137198	2.25052e-21	5.58407	22.32
69.8037	5.14999e-20	273.204	0.150924	0.137203	2.06e-21	5.5843	22.36
69.8065	4.71402e-20	273.215	0.15093	0.137209	1.88561e-21	5.58452	22.4
69.8093	4.31496e-20	273.226	0.150936	0.137214	1.72598e-21	5.58474	22.44
69.8121	3.94967e-20	273.237	0.150942	0.13722	1.57987e-21	5.58497	22.48
69.8149	3.61531e-20	273.248	0.150948	0.137225	1.44612e-21	5.58519	22.52
69.8177	3.30926e-20	273.259	0.150954	0.137231	1.3237e-21	5.58541	22.56
69.8205	3.02911e-20	273.27	0.15096	0.137236	1.21164e-21	5.58564	22.6
69.8233	2.77268e-20	273.281	0.150966	0.137242	1.10907e-21	5.58586	22.64
69.826	2.53796e-20	273.292	0.150972	0.137247	1.01518e-21	5.58608	22.68
69.8288	2.32311e-20	273.303	0.150978	0.137253	9.29244e-22	5.58631	22.72
69.8316	2.12645e-20	273.314	0.150984	0.137258	8.50578e-22	5.58653	22.76
69.8344	1.94643e-20	273.325	0.15099	0.137264	7.78573e-22	5.58675	22.8
69.8372	1.78166e-20	273.336	0.150996	0.137269	7.12662e-22	5.58698	22.84
69.84	1.63083e-20	273.347	0.151002	0.137275	6.52332e-22	5.5872	22.88
69.8428	1.49277e-20	273.357	0.151008	0.13728	5.97109e-22	5.58742	22.92
69.8456	1.3664e-20	273.368	0.151014	0.137286	5.4656e-22	5.58765	22.96
69.8484	1.25073e-20	273.379	0.15102	0.137291	5.00291e-22	5.58787	23
69.8512	1.14485e-20	273.39	0.151026	0.137297	4.57939e-22	5.58809	23.04
69.854	1.04793e-20	273.401	0.151032	0.137302	4.19172e-22	5.58832	23.08
69.8568	9.59218e-21	273.412	0.151038	0.137308	3.83687e-22	5.58854	23.12
69.8596	8.78015e-21	273.423	0.151044	0.137313	3.51206e-22	5.58877	23.16
69.8624	8.03687e-21	273.434	0.15105	0.137319	3.21475e-22	5.58899	23.2
69.8652	7.35651e-21	273.445	0.151056	0.137324	2.9426e-22	5.58921	23.24
69.8679	6.73374e-21	273.456	0.151062	0.13733	2.6935e-22	5.58944	23.28
69.8707	6.16369e-21	273.467	0.151069	0.137335	2.46548e-22	5.58966	23.32
69.8735	5.64191e-21	273.478	0.151075	0.137341	2.25676e-22	5.58988	23.36
69.8763	5.16429e-21	273.489	0.151081	0.137346	2.06572e-22	5.59011	23.4
69.8791	4.72711e-21	273.5	0.151087	0.137351	1.89084e-22	5.59033	23.44
69.8819	4.32693e-21	273.511	0.151093	0.137357	1.73077e-22	5.59055	23.48
69.8847	3.96064e-21	273.521	0.151099	0.137362	1.58425e-22	5.59078	23.52
69.8875	3.62535e-21	273.532	0.151105	0.137368	1.45014e-22	5.591	23.56
69.8903	3.31844e-21	273.543	0.151111	0.137373	1.32738e-22	5.59122	23.6
69.8931	3.03752e-21	273.554	0.151117	0.137379	1.21501e-22	5.59145	23.64
69.8959	2.78038e-21	273.565	0.151123	0.137384	1.11215e-22	5.59167	23.68
69.8987	2.54501e-21	273.576	0.151129	0.13739	1.018e-22	5.5919	23.72
69.9015	2.32956e-21	273.587	0.151135	0.137395	9.31823e-23	5.59212	23.76
69.9043	2.13235e-21	273.598	0.151141	0.137401	8.5294e-23	5.59234	23.8
69.9071	1.95183e-21	273.609	0.151147	0.137406	7.80734e-23	5.59257	23.84
69.9099	1.7866e-21	273.62	0.151153	0.137412	7.14641e-23	5.59279	23.88
69.9127	1.63536e-21	273.631	0.151159	0.137417	6.54143e-23	5.59301	23.92
69.9155	1.49692e-21	273.642	0.151165	0.137423	5.98766e-23	5.59324	23.96
69.9183	1.37019e-21	273.653	0.151171	0.137428	5.48078e-23	5.59346	24
69.9211	1.2542e-21	273.664	0.151177	0.137434	5.0168e-23	5.59368	24.04
69.9239	1.14803e-21	273.675	0.151183	0.137439	4.5921e-23	5.59391	24.08
69.9266	1.05084e-21	273.686	0.151189	0.137445	4.20336e-23	5.59413	24.12
69.9294	9.61881e-22	273.697	0.151195	0.13745	3.84752e-23	5.59436	24.16
69.9322	8.80452e-22	273.708	0.151201	0.137456	3.52181e-23	5.59458	24.2
69.935	8.05918e-22	273.718	0.151208	0.137461	3.22367e-23	5.5948	24.24
69.9378	7.37693e-22	273.729	0.151214	0.137467	2.95077e-23	5.59503	24.28
69.9406	6.75243e-22	273.74	0.15122	0.137472	2.70097e-23	5.59525	24.32
69.9434	6.1808e-22	273.751	0.151226	0.137478	2.47232e-23	5.59547	24.36
69.9462	5.65757e-22	273.762	0.151232	0.137483	2.26303e-23	5.5957	24.4
69.949	5.17863e-22	273.773	0.151238	0.137489	2.07145e-23	5.59592	24.44
69.9518	4.74023e-22	273.784	0.151244	0.137494	1.89609e-23	5.59615	24.48
69.9546	4.33894e-22	273.795	0.15125	0.1375	1.73558e-23	5.59637	24.52
69.9574	3.97163e-22	273.806	0.151256	0.137505	1.58865e-23	5.59659	24.56
69.9602	3.63541e-22	273.817	0.151262	0.137511	1.45416e-23	5.59682	24.6
69.963	3.32766e-22	273.828	0.151268	0.137516	1.33106e-23	5.59704	24.64
69.9658	3.04595e-22	273.839	0.151274	0.137522	1.21838e-23	5.59726	24.68
69.9686	2.7881e-22	273.85	0.15128	0.137527	1.11524e-23	5.59749	24.72
69.9714	2.55207e-22	273.861	0.151286	0.137533	1.02083e-23	5.59771	24.76
69.9742	2.33602e-22	273.872	0.151292	0.137538	9.3441e-24	5.59794	24.8
69.977	2.13827e-22	273.883	0.151298	0.137544	8.55307e-24	5.59816	24.84
69.9798	1.95725e-22	273.894	0.151304	0.137549	7.82901e-24	5.59838	24.88
69.9826	1.79156e-22	273.905	0.15131	0.137555	7.16624e-24	5.59861	24.92
69.9854	1.6399e-22	273.916	0.151316	0.13756	6.55959e-24	5.59883	24.96
69.9882	1.50107e-22	273.927	0.151322	0.137566	6.00428e-24	5.59906	25
69.991	1.374e-22	273.937	0.151329	0.137571	5.49599e-24	5.59928	25.04
69.9938	1.25768e-22	273.948	0.151335	0.137577	5.03073e-24	5.5995	25.08
69.9966	1.15121e-22	273.959	0.151341	0.137582	4.60485e-24	5.59973	25.12
69.9994	1.05376e-22	273.97	0.151347	0.137588	4.21503e-24	5.59995	25.16
70.0022	9.64551e-23	273.981	0.151353	0.137593	3.8582e-24	5.60018	25.2
70.005	8.82896e-23	273.992	0.151359	0.137599	3.53159e-24	5.6004	25.24
70.0078	8.08155e-23	274.003	0.151365	0.137604	3.23262e-24	5.60062	25.28
70.0106	7.3974e-23	274.014	0.151371	0.13761	2.95896e-24	5.60085	25.32
70.0134	6.77118e-23	274.025	0.151377	0.137615	2.70847e-24	5.60107	25.36
70.0162	6.19796e-23	274.036	0.151383	0.137621	2.47918e-24	5.6013	25.4
70.019	5.67327e-23	274.047	0.151389	0.137626	2.26931e-24	5.60152	25.44
70.0218	5.193e-23	274.058	0.151395	0.137632	2.0772e-24	5.60174	25.48
70.0246	4.75339e-23	274.069	0.151401	0.137637	1.90135e-24	5.60197	25.52
70.0274	4.35099e-23	274.08	0.151407	0.137643	1.7404e-24	5.60219	25.56
70.0302	3.98265e-23	274.091	0.151413	0.137648	1.59306e-24	5.60242	25.6
70.033	3.6455e-23	274.102	0.151419	0.137654	1.4582e-24	5.60264	25.64
70.0358	3.33689e-23	274.113	0.151425	0.137659	1.33476e-24	5.60286	25.68
70.0386	3.05441e-23	274.124	0.151431	0.137665	1.22176e-24	5.60309	25.72
70.0414	2.79584e-23	274.135	0.151438	0.13767	1.11833e-24	5.60331	25.76
70.0442	2.55915e-23	274.146	0.151444	0.137676	1.02366e-24	5.60354	25.8
70.047	2.34251e-23	274.157	0.15145	0.137681	9.37004e-25	5.60376	25.84
70.0498	2.1442e-23	274.168	0.151456	0.137687	8.57681e-25	5.60398	25.88
70.0526	1.96269e-23	274.179	0.151462	0.137692	7.85074e-25	5.60421	25.92
70.0554	1.79653e-23	274.19	0.151468	0.137698	7.18614e-25	5.60443	25.96
70.0582	1.64445e-23	274.201	0.151474	0.137703	6.57779e-25	5.60466	26
70.061	1.50524e-23	274.211	0.15148	0.137709	6.02095e-25	5.60488	26.04
70.0638	1.37781e-23	274.222	0.151486	0.137715	5.51125e-25	5.60511	26.08
70.0666	1.26117e-23	274.233	0.151492	0.13772	5.04469e-25	5.60533	26.12
70.0694	1.15441e-23	274.244	0.151498	0.137726	4.61763e-25	5.60555	26.16
70.0722	1.05668e-23	274.255	0.151504	0.137731	4.22673e-25	5.60578	26.2
70.075	9.67228e-24	274.266	0.15151	0.137737	3.86891e-25	5.606	26.24
70.0778	8.85347e-24	274.277	0.151516	0.137742	3.54139e-25	5.60623	26.28
70.0806	8.10398e-24	274.288	0.151522	0.137748	3.24159e-25	5.60645	26.32
70.0834	7.41794e-24	274.299	0.151528	0.137753	2.96717e-25	5.60667	26.36
70.0862	6.78997e-24	274.31	0.151534	0.137759	2.71599e-25	5.6069	26.4
70.089	6.21517e-24	274.321	0.15154	0.137764	2.48607e-25	5.60712	26.44
70.0918	5.68902e-24	274.332	0.151547	0.13777	2.27561e-25	5.60735	26.48
70.0946	5.20742e-24	274.343	0.151553	0.137775	2.08297e-25	5.60757	26.52
70.0974	4.76658e-24	274.354	0.151559	0.137781	1.90663e-25	5.6078	26.56
70.1003	4.36307e-24	274.365	0.151565	0.137786	1.74523e-25	5.60802	26.6
70.1031	3.99371e-24	274.376	0.151571	0.137792	1.59748e-25	5.60824	26.64
70.1059	3.65562e-24	274.387	0.151577	0.137797	1.46225e-25	5.60847	26.68
70.1087	3.34615e-24	274.398	0.151583	0.137803	1.33846e-25	5.60869	26.72
70.1115	3.06289e-24	274.409	0.151589	0.137808	1.22515e-25	5.60892	26.76
70.1143	2.8036e-24	274.42	0.151595	0.137814	1.12144e-25	5.60914	26.8
70.1171	2.56626e-24	274.431	0.151601	0.137819	1.0265e-25	5.60937	26.84
70.1199	2.34901e-24	274.442	0.151607	0.137825	9.39605e-26	5.60959	26.88
70.1227	2.15016e-24	274.453	0.151613	0.13783	8.60062e-26	5.60981	26.92
70.1255	1.96813e-24	274.464	0.151619	0.137836	7.87254e-26	5.61004	26.96
70.1283	1.80152e-24	274.475	0.151625	0.137841	7.20609e-26	5.61026	27
70.1311	1.64901e-24	274.486	0.151631	0.137847	6.59605e-26	5.61049	27.04
70.1339	1.50942e-24	274.497	0.151637	0.137852	6.03766e-26	5.61071	27.08
70.1367	1.38164e-24	274.508	0.151644	0.137858	5.52654e-26	5.61094	27.12
70.1395	1.26467e-24	274.519	0.15165	0.137863	5.05869e-26	5.61116	27.16
70.1423	1.15761e-24	274.53	0.151656	0.137869	4.63045e-26	5.61139	27.2
70.1451	1.05961e-24	274.541	0.151662	0.137874	4.23846e-26	5.61161	27.24
70.1479	9.69913e-25	274.552	0.151668	0.13788	3.87965e-26	5.61183	27.28
70.1507	8.87805e-25	274.563	0.151674	0.137885	3.55122e-26	5.61206	27.32
70.1535	8.12648e-25	274.574	0.15168	0.137891	3.25059e-26	5.61228	27.36
70.1563	7.43853e-25	274.585	0.151686	0.137896	2.97541e-26	5.61251	27.4
70.1591	6.80882e-25	274.596	0.151692	0.137902	2.72353e-26	5.61273	27.44
70.162	6.23242e-25	274.607	0.151698	0.137907	2.49297e-26	5.61296	27.48
70.1648	5.70481e-25	274.618	0.151704	0.137913	2.28192e-26	5.61318	27.52
70.1676	5.22187e-25	274.629	0.15171	0.137918	2.08875e-26	5.61341	27.56
70.1704	4.77981e-25	274.64	0.151716	0.137924	1.91192e-26	5.61363	27.6
70.1732	4.37518e-25	274.651	0.151722	0.137929	1.75007e-26	5.61385	27.64
70.176	4.0048e-25	274.661	0.151728	0.137935	1.60192e-26	5.61408	27.68
70.1788	3.66577e-25	274.672	0.151735	0.137941	1.46631e-26	5.6143	27.72
70.1816	3.35544e-25	274.683	0.151741	0.137946	1.34218e-26	5.61453	27.76
70.1844	3.07139e-25	274.694	0.151747	0.137952	1.22856e-26	5.61475	27.8
70.1872	2.81138e-25	274.705	0.151753	0.137957	1.12455e-26	5.61498	27.84
70.19	2.57338e-25	274.716	0.151759	0.137963	1.02935e-26	5.6152	27.88
70.1928	2.35553e-25	274.727	0.151765	0.137968	9.42213e-27	5.61543	27.92
70.1956	2.15612e-25	274.738	0.151771	0.137974	8.6245e-27	5.61565	27.96
70.1984	1.9736e-25	274.749	0.151777	0.137979	7.89439e-27	5.61588	28
70.2012	1.80652e-25	274.76	0.151783	0.137985	7.22609e-27	5.6161	28.04
70.2041	1.65359e-25	274.771	0.151789	0.13799	6.61436e-27	5.61632	28.08
70.2069	1.51361e-25	274.782	0.151795	0.137996	6.05442e-27	5.61655	28.12
70.2097	1.38547e-25	274.793	0.151801	0.138001	5.54189e-27	5.61677	28.16
70.2125	1.26818e-25	274.804	0.151807	0.138007	5.07274e-27	5.617	28.2
70.2153	1.16083e-25	274.815	0.151813	0.138012	4.6433e-27	5.61722	28.24
70.2181	1.06256e-25	274.826	0.15182	0.138018	4.25022e-27	5.61745	28.28
70.2209	9.72605e-26	274.837	0.151826	0.138023	3.89042e-27	5.61767	28.32
70.2237	8.90269e-26	274.848	0.151832	0.138029	3.56108e-27	5.6179	28.36
70.2265	8.14903e-26	274.859	0.151838	0.138034	3.25961e-27	5.61812	28.4
70.2293	7.45918e-26	274.87	0.151844	0.13804	2.98367e-27	5.61835	28.44
70.2321	6.82772e-26	274.881	0.15185	0.138045	2.73109e-27	5.61857	28.48
70.2349	6.24972e-26	274.892	0.151856	0.138051	2.49989e-27	5.6188	28.52
70.2378	5.72065e-26	274.903	0.151862	0.138056	2.28826e-27	5.61902	28.56
70.2406	5.23637e-26	274.914	0.151868	0.138062	2.09455e-27	5.61925	28.6
70.2434	4.79308e-26	274.925	0.151874	0.138067	1.91723e-27	5.61947	28.64
70.2462	4.38732e-26	274.936	0.15188	0.138073	1.75493e-27	5.61969	28.68
70.249	4.01591e-26	274.947	0.151886	0.138078	1.60637e-27	5.61992	28.72
70.2518	3.67595e-26	274.958	0.151892	0.138084	1.47038e-27	5.62014	28.76
70.2546	3.36476e-26	274.969	0.151898	0.13809	1.3459e-27	5.62037	28.8
70.2574	3.07991e-26	274.98	0.151905	0.138095	1.23197e-27	5.62059	28.84
70.2602	2.81918e-26	274.991	0.151911	0.138101	1.12767e-27	5.62082	28.88
70.263	2.58053e-26	275.002	0.151917	0.138106	1.03221e-27	5.62104	28.92
70.2659	2.36207e-26	275.013	0.151923	0.138112	9.44828e-28	5.62127	28.96
70.2687	2.16211e-26	275.024	0.151929	0.138117	8.64844e-28	5.62149	29
70.2715	1.97908e-26	275.035	0.151935	0.138123	7.9163e-28	5.62172	29.04
70.2743	1.81154e-26	275.046	0.151941	0.138128	7.24615e-28	5.62194	29.08
70.2771	1.65818e-26	275.057	0.151947	0.138134	6.63272e-28	5.62217	29.12
70.2799	1.51781e-26	275.068	0.151953	0.138139	6.07123e-28	5.62239	29.16
70.2827	1.38932e-26	275.079	0.151959	0.138145	5.55727e-28	5.62262	29.2
70.2855	1.2717e-26	275.09	0.151965	0.13815	5.08682e-28	5.62284	29.24
70.2883	1.16405e-26	275.101	0.151971	0.138156	4.65619e-28	5.62307	29.28
70.2911	1.06551e-26	275.112	0.151977	0.138161	4.26202e-28	5.62329	29.32
70.294	9.75305e-27	275.123	0.151984	0.138167	3.90122e-28	5.62352	29.36
70.2968	8.92741e-27	275.134	0.15199	0.138172	3.57096e-28	5.62374	29.4
70.2996	8.17165e-27	275.145	0.151996	0.138178	3.26866e-28	5.62397	29.44
70.3024	7.47988e-27	275.156	0.152002	0.138183	2.99195e-28	5.62419	29.48
70.3052	6.84667e-27	275.167	0.152008	0.138189	2.73867e-28	5.62442	29.52
70.308	6.26707e-27	275.178	0.152014	0.138195	2.50683e-28	5.62464	29.56
70.3108	5.73653e-27	275.189	0.15202	0.1382	2.29461e-28	5.62487	29.6
70.3136	5.2509e-27	275.2	0.152026	0.138206	2.10036e-28	5.62509	29.64
70.3165	4.80639e-27	275.211	0.152032	0.138211	1.92255e-28	5.62532	29.68
70.3193	4.3995e-27	275.222	0.152038	0.138217	1.7598e-28	5.62554	29.72
70.3221	4.02706e-27	275.233	0.152044	0.138222	1.61082e-28	5.62577	29.76
70.3249	3.68615e-27	275.244	0.15205	0.138228	1.47446e-28	5.62599	29.8
70.3277	3.3741e-27	275.255	0.152057	0.138233	1.34964e-28	5.62622	29.84
70.3305	3.08846e-27	275.266	0.152063	0.138239	1.23539e-28	5.62644	29.88
70.3333	2.82701e-27	275.277	0.152069	0.138244	1.1308e-28	5.62667	29.92
70.3361	2.58769e-27	275.288	0.152075	0.13825	1.03508e-28	5.62689	29.96
70.339	2.36863e-27	275.299	0.152081	0.138255	9.47451e-29	5.62712	30
70.3418	2.16811e-27	275.31	0.152087	0.138261	8.67244e-29	5.62734	30.04
70.3446	1.98457e-27	275.321	0.152093	0.138266	7.93828e-29	5.62757	30.08
70.3474	1.81657e-27	275.332	0.152099	0.138272	7.26626e-29	5.62779	30.12
70.3502	1.66278e-27	275.343	0.152105	0.138277	6.65113e-29	5.62802	30.16
70.353	1.52202e-27	275.354	0.152111	0.138283	6.08808e-29	5.62824	30.2
70.3558	1.39317e-27	275.365	0.152117	0.138288	5.5727e-29	5.62847	30.24
70.3586	1.27523e-27	275.376	0.152123	0.138294	5.10094e-29	5.62869	30.28
70.3615	1.16728e-27	275.387	0.15213	0.1383	4.66912e-29	5.62892	30.32
70.3643	1.06846e-27	275.398	0.152136	0.138305	4.27385e-29	5.62914	30.36
70.3671	9.78012e-28	275.409	0.152142	0.138311	3.91205e-29	5.62937	30.4
70.3699	8.95219e-28	275.42	0.152148	0.138316	3.58087e-29	5.62959	30.44
70.3727	8.19434e-28	275.431	0.152154	0.138322	3.27774e-29	5.62982	30.48
70.3755	7.50065e-28	275.442	0.15216	0.138327	3.00026e-29	5.63004	30.52
70.3783	6.86568e-28	275.454	0.152166	0.138333	2.74627e-29	5.63027	30.56
70.3812	6.28446e-28	275.465	0.152172	0.138338	2.51379e-29	5.63049	30.6
70.384	5.75245e-28	275.476	0.152178	0.138344	2.30098e-29	5.63072	30.64
70.3868	5.26548e-28	275.487	0.152184	0.138349	2.10619e-29	5.63094	30.68
70.3896	4.81973e-28	275.498	0.15219	0.138355	1.92789e-29	5.63117	30.72
70.3924	4.41171e-28	275.509	0.152196	0.13836	1.76469e-29	5.63139	30.76
70.3952	4.03824e-28	275.52	0.152203	0.138366	1.6153e-29	5.63162	30.8
70.3981	3.69638e-28	275.531	0.152209	0.138371	1.47855e-29	5.63184	30.84
70.4009	3.38346e-28	275.542	0.152215	0.138377	1.35339e-29	5.63207	30.88
70.4037	3.09704e-28	275.553	0.152221	0.138383	1.23881e-29	5.63229	30.92
70.4065	2.83486e-28	275.564	0.152227	0.138388	1.13394e-29	5.63252	30.96
70.4093	2.59487e-28	275.575	0.152233	0.138394	1.03795e-29	5.63275	31
70.4121	2.3752e-28	275.586	0.152239	0.138399	9.50081e-30	5.63297	31.04
70.4149	2.17413e-28	275.597	0.152245	0.138405	8.69652e-30	5.6332	31.08
70.4178	1.99008e-28	275.608	0.152251	0.13841	7.96031e-30	5.63342	31.12
70.4206	1.82161e-28	275.619	0.152257	0.138416	7.28643e-30	5.63365	31.16
70.4234	1.6674e-28	275.63	0.152263	0.138421	6.6696e-30	5.63387	31.2
70.4262	1.52625e-28	275.641	0.15227	0.138427	6.10498e-30	5.6341	31.24
70.429	1.39704e-28	275.652	0.152276	0.138432	5.58816e-30	5.63432	31.28
70.4318	1.27877e-28	275.663	0.152282	0.138438	5.1151e-30	5.63455	31.32
70.4347	1.17052e-28	275.674	0.152288	0.138443	4.68208e-30	5.63477	31.36
70.4375	1.07143e-28	275.685	0.152294	0.138449	4.28572e-30	5.635	31.4
70.4403	9.80727e-29	275.696	0.1523	0.138455	3.92291e-30	5.63522	31.44
70.4431	8.97704e-29	275.707	0.152306	0.13846	3.59081e-30	5.63545	31.48
70.4459	8.21708e-29	275.718	0.152312	0.138466	3.28683e-30	5.63567	31.52
70.4487	7.52147e-29	275.729	0.152318	0.138471	3.00859e-30	5.6359	31.56
70.4516	6.88474e-29	275.74	0.152324	0.138477	2.75389e-30	5.63613	31.6
70.4544	6.30191e-29	275.751	0.15233	0.138482	2.52076e-30	5.63635	31.64
70.4572	5.76842e-29	275.762	0.152337	0.138488	2.30737e-30	5.63658	31.68
70.46	5.28009e-29	275.773	0.152343	0.138493	2.11204e-30	5.6368	31.72
70.4628	4.83311e-29	275.784	0.152349	0.138499	1.93324e-30	5.63703	31.76
70.4657	4.42396e-29	275.795	0.152355	0.138504	1.76958e-30	5.63725	31.8
70.4685	4.04945e-29	275.806	0.152361	0.13851	1.61978e-30	5.63748	31.84
70.4713	3.70664e-29	275.817	0.152367	0.138515	1.48266e-30	5.6377	31.88
70.4741	3.39286e-29	275.828	0.152373	0.138521	1.35714e-30	5.63793	31.92
70.4769	3.10563e-29	275.839	0.152379	0.138527	1.24225e-30	5.63815	31.96
70.4797	2.84273e-29	275.85	0.152385	0.138532	1.13709e-30	5.63838	32
70.4826	2.60207e-29	275.861	0.152391	0.138538	1.04083e-30	5.63861	32.04
70.4854	2.3818e-29	275.872	0.152397	0.138543	9.52718e-31	5.63883	32.08
70.4882	2.18016e-29	275.883	0.152404	0.138549	8.72066e-31	5.63906	32.12
70.491	1.9956e-29	275.895	0.15241	0.138554	7.98241e-31	5.63928	32.16
70.4938	1.82666e-29	275.906	0.152416	0.13856	7.30666e-31	5.63951	32.2
70.4967	1.67203e-29	275.917	0.152422	0.138565	6.68811e-31	5.63973	32.24
70.4995	1.53048e-29	275.928	0.152428	0.138571	6.12193e-31	5.63996	32.28
70.5023	1.40092e-29	275.939	0.152434	0.138576	5.60368e-31	5.64018	32.32
70.5051	1.28232e-29	275.95	0.15244	0.138582	5.1293e-31	5.64041	32.36
70.5079	1.17377e-29	275.961	0.152446	0.138587	4.69508e-31	5.64063	32.4
70.5108	1.0744e-29	275.972	0.152452	0.138593	4.29761e-31	5.64086	32.44
70.5136	9.8345e-30	275.983	0.152458	0.138599	3.9338e-31	5.64109	32.48
70.5164	9.00196e-30	275.994	0.152464	0.138604	3.60078e-31	5.64131	32.52
70.5192	8.23989e-30	276.005	0.152471	0.13861	3.29596e-31	5.64154	32.56
70.522	7.54234e-30	276.016	0.152477	0.138615	3.01694e-31	5.64176	32.6
70.5249	6.90385e-30	276.027	0.152483	0.138621	2.76154e-31	5.64199	32.64
70.5277	6.3194e-30	276.038	0.152489	0.138626	2.52776e-31	5.64221	32.68
70.5305	5.78443e-30	276.049	0.152495	0.138632	2.31377e-31	5.64244	32.72
70.5333	5.29475e-30	276.06	0.152501	0.138637	2.1179e-31	5.64267	32.76
70.5361	4.84652e-30	276.071	0.152507	0.138643	1.93861e-31	5.64289	32.8
70.539	4.43624e-30	276.082	0.152513	0.138648	1.7745e-31	5.64312	32.84
70.5418	4.06069e-30	276.093	0.152519	0.138654	1.62428e-31	5.64334	32.88
70.5446	3.71693e-30	276.104	0.152525	0.13866	1.48677e-31	5.64357	32.92
70.5474	3.40227e-30	276.115	0.152532	0.138665	1.36091e-31	5.64379	32.96
70.5502	3.11425e-30	276.126	0.152538	0.138671	1.2457e-31	5.64402	33
70.5531	2.85062e-30	276.137	0.152544	0.138676	1.14025e-31	5.64425	33.04
70.5559	2.6093e-30	276.148	0.15255	0.138682	1.04372e-31	5.64447	33.08
70.5587	2.38841e-30	276.159	0.152556	0.138687	9.55363e-32	5.6447	33.12
70.5615	2.18622e-30	276.17	0.152562	0.138693	8.74486e-32	5.64492	33.16
70.5644	2.00114e-30	276.182	0.152568	0.138698	8.00457e-32	5.64515	33.2
70.5672	1.83173e-30	276.193	0.152574	0.138704	7.32694e-32	5.64537	33.24
70.57	1.67667e-30	276.204	0.15258	0.138709	6.70668e-32	5.6456	33.28
70.5728	1.53473e-30	276.215	0.152586	0.138715	6.13892e-32	5.64583	33.32
70.5756	1.40481e-30	276.226	0.152593	0.138721	5.61923e-32	5.64605	33.36
70.5785	1.28588e-30	276.237	0.152599	0.138726	5.14353e-32	5.64628	33.4
70.5813	1.17703e-30	276.248	0.152605	0.138732	4.70811e-32	5.6465	33.44
70.5841	1.07739e-30	276.259	0.152611	0.138737	4.30954e-32	5.64673	33.48
70.5869	9.86179e-31	276.27	0.152617	0.138743	3.94472e-32	5.64695	33.52
70.5898	9.02694e-31	276.281	0.152623	0.138748	3.61078e-32	5.64718	33.56
70.5926	8.26277e-31	276.292	0.152629	0.138754	3.30511e-32	5.64741	33.6
70.5954	7.56328e-31	276.303	0.152635	0.138759	3.02531e-32	5.64763	33.64
70.5982	6.92301e-31	276.314	0.152641	0.138765	2.7692e-32	5.64786	33.68
70.6011	6.33694e-31	276.325	0.152648	0.13877	2.53478e-32	5.64808	33.72
70.6039	5.80049e-31	276.336	0.152654	0.138776	2.3202e-32	5.64831	33.76
70.6067	5.30945e-31	276.347	0.15266	0.138782	2.12378e-32	5.64854	33.8
70.6095	4.85998e-31	276.358	0.152666	0.138787	1.94399e-32	5.64876	33.84
70.6123	4.44855e-31	276.369	0.152672	0.138793	1.77942e-32	5.64899	33.88
70.6152	4.07196e-31	276.38	0.152678	0.138798	1.62878e-32	5.64921	33.92
70.618	3.72725e-31	276.391	0.152684	0.138804	1.4909e-32	5.64944	33.96
70.6208	3.41172e-31	276.403	0.15269	0.138809	1.36469e-32	5.64967	34
70.6236	3.1229e-31	276.414	0.152696	0.138815	1.24916e-32	5.64989	34.04
70.6265	2.85853e-31	276.425	0.152702	0.13882	1.14341e-32	5.65012	34.08
70.6293	2.61654e-31	276.436	0.152709	0.138826	1.04662e-32	5.65034	34.12
70.6321	2.39504e-31	276.447	0.152715	0.138832	9.58015e-33	5.65057	34.16
70.6349	2.19228e-31	276.458	0.152721	0.138837	8.76914e-33	5.6508	34.2
70.6378	2.0067e-31	276.469	0.152727	0.138843	8.02679e-33	5.65102	34.24
70.6406	1.83682e-31	276.48	0.152733	0.138848	7.34728e-33	5.65125	34.28
70.6434	1.68132e-31	276.491	0.152739	0.138854	6.72529e-33	5.65147	34.32
70.6462	1.53899e-31	276.502	0.152745	0.138859	6.15596e-33	5.6517	34.36
70.6491	1.40871e-31	276.513	0.152751	0.138865	5.63483e-33	5.65193	34.4
70.6519	1.28945e-31	276.524	0.152757	0.13887	5.15781e-33	5.65215	34.44
70.6547	1.18029e-31	276.535	0.152764	0.138876	4.72118e-33	5.65238	34.48
70.6575	1.08038e-31	276.546	0.15277	0.138882	4.32151e-33	5.6526	34.52
70.6604	9.88917e-32	276.557	0.152776	0.138887	3.95567e-33	5.65283	34.56
70.6632	9.052e-32	276.568	0.152782	0.138893	3.6208e-33	5.65306	34.6
70.666	8.2857e-32	276.579	0.152788	0.138898	3.31428e-33	5.65328	34.64
70.6688	7.58428e-32	276.591	0.152794	0.138904	3.03371e-33	5.65351	34.68
70.6717	6.94223e-32	276.602	0.1528	0.138909	2.77689e-33	5.65373	34.72
70.6745	6.35453e-32	276.613	0.152806	0.138915	2.54181e-33	5.65396	34.76
70.6773	5.81659e-32	276.624	0.152812	0.13892	2.32664e-33	5.65419	34.8
70.6802	5.32419e-32	276.635	0.152819	0.138926	2.12967e-33	5.65441	34.84
70.683	4.87347e-32	276.646	0.152825	0.138932	1.94939e-33	5.65464	34.88
70.6858	4.4609e-32	276.657	0.152831	0.138937	1.78436e-33	5.65486	34.92
70.6886	4.08326e-32	276.668	0.152837	0.138943	1.63331e-33	5.65509	34.96
70.6915	3.73759e-32	276.679	0.152843	0.138948	1.49504e-33	5.65532	35
70.6943	3.42119e-32	276.69	0.152849	0.138954	1.36848e-33	5.65554	35.04
70.6971	3.13157e-32	276.701	0.152855	0.138959	1.25263e-33	5.65577	35.08
70.6999	2.86646e-32	276.712	0.152861	0.138965	1.14659e-33	5.656	35.12
70.7028	2.6238e-32	276.723	0.152867	0.13897	1.04952e-33	5.65622	35.16
70.7056	2.40169e-32	276.734	0.152874	0.138976	9.60674e-34	5.65645	35.2
70.7084	2.19837e-32	276.745	0.15288	0.138982	8.79348e-34	5.65667	35.24
70.7113	2.01227e-32	276.756	0.152886	0.138987	8.04907e-34	5.6569	35.28
70.7141	1.84192e-32	276.768	0.152892	0.138993	7.36767e-34	5.65713	35.32
70.7169	1.68599e-32	276.779	0.152898	0.138998	6.74396e-34	5.65735	35.36
70.7197	1.54326e-32	276.79	0.152904	0.139004	6.17305e-34	5.65758	35.4
70.7226	1.41262e-32	276.801	0.15291	0.139009	5.65047e-34	5.65781	35.44
70.7254	1.29303e-32	276.812	0.152916	0.139015	5.17213e-34	5.65803	35.48
70.7282	1.18357e-32	276.823	0.152922	0.13902	4.73428e-34	5.65826	35.52
70.7311	1.08338e-32	276.834	0.152929	0.139026	4.3335e-34	5.65848	35.56
70.7339	9.91662e-33	276.845	0.152935	0.139032	3.96665e-34	5.65871	35.6
70.7367	9.07713e-33	276.856	0.152941	0.139037	3.63085e-34	5.65894	35.64
70.7395	8.3087e-33	276.867	0.152947	0.139043	3.32348e-34	5.65916	35.68
70.7424	7.60533e-33	276.878	0.152953	0.139048	3.04213e-34	5.65939	35.72
70.7452	6.9615e-33	276.889	0.152959	0.139054	2.7846e-34	5.65962	35.76
70.748	6.37217e-33	276.9	0.152965	0.139059	2.54887e-34	5.65984	35.8
70.7509	5.83274e-33	276.911	0.152971	0.139065	2.33309e-34	5.66007	35.84
70.7537	5.33896e-33	276.923	0.152978	0.13907	2.13559e-34	5.66029	35.88
70.7565	4.88699e-33	276.934	0.152984	0.139076	1.9548e-34	5.66052	35.92
70.7593	4.47329e-33	276.945	0.15299	0.139082	1.78931e-34	5.66075	35.96
70.7622	4.0946e-33	276.956	0.152996	0.139087	1.63784e-34	5.66097	36
70.765	3.74797e-33	276.967	0.153002	0.139093	1.49919e-34	5.6612	36.04
70.7678	3.43069e-33	276.978	0.153008	0.139098	1.37227e-34	5.66143	36.08
70.7707	3.14026e-33	276.989	0.153014	0.139104	1.2561e-34	5.66165	36.12
70.7735	2.87442e-33	277	0.15302	0.139109	1.14977e-34	5.66188	36.16
70.7763	2.63109e-33	277.011	0.153026	0.139115	1.05243e-34	5.66211	36.2
70.7792	2.40835e-33	277.022	0.153033	0.139121	9.63341e-35	5.66233	36.24
70.782	2.20447e-33	277.033	0.153039	0.139126	8.81789e-35	5.66256	36.28
70.7848	2.01785e-33	277.044	0.153045	0.139132	8.07141e-35	5.66279	36.32
70.7876	1.84703e-33	277.055	0.153051	0.139137	7.38812e-35	5.66301	36.36
70.7905	1.69067e-33	277.067	0.153057	0.139143	6.76268e-35	5.66324	36.4
70.7933	1.54755e-33	277.078	0.153063	0.139148	6.19019e-35	5.66346	36.44
70.7961	1.41654e-33	277.089	0.153069	0.139154	5.66616e-35	5.66369	36.48
70.799	1.29662e-33	277.1	0.153075	0.13916	5.18649e-35	5.66392	36.52
70.8018	1.18686e-33	277.111	0.153082	0.139165	4.74742e-35	5.66414	36.56
70.8046	1.08638e-33	277.122	0.153088	0.139171	4.34553e-35	5.66437	36.6
70.8075	9.94415e-34	277.133	0.153094	0.139176	3.97766e-35	5.6646	36.64
70.8103	9.10232e-34	277.144	0.1531	0.139182	3.64093e-35	5.66482	36.68
70.8131	8.33177e-34	277.155	0.153106	0.139187	3.33271e-35	5.66505	36.72
70.816	7.62644e-34	277.166	0.153112	0.139193	3.05058e-35	5.66528	36.76
70.8188	6.98082e-34	277.177	0.153118	0.139198	2.79233e-35	5.6655	36.8
70.8216	6.38986e-34	277.188	0.153124	0.139204	2.55594e-35	5.66573	36.84
70.8245	5.84893e-34	277.2	0.153131	0.13921	2.33957e-35	5.66596	36.88
70.8273	5.35378e-34	277.211	0.153137	0.139215	2.14151e-35	5.66618	36.92
70.8301	4.90056e-34	277.222	0.153143	0.139221	1.96022e-35	5.66641	36.96
70.833	4.4857e-34	277.233	0.153149	0.139226	1.79428e-35	5.66664	37
70.8358	4.10596e-34	277.244	0.153155	0.139232	1.64239e-35	5.66686	37.04
70.8386	3.75837e-34	277.255	0.153161	0.139237	1.50335e-35	5.66709	37.08
70.8415	3.44021e-34	277.266	0.153167	0.139243	1.37608e-35	5.66732	37.12
70.8443	3.14898e-34	277.277	0.153173	0.139249	1.25959e-35	5.66754	37.16
70.8471	2.8824e-34	277.288	0.15318	0.139254	1.15296e-35	5.66777	37.2
70.85	2.63839e-34	277.299	0.153186	0.13926	1.05536e-35	5.668	37.24
70.8528	2.41504e-34	277.31	0.153192	0.139265	9.66015e-36	5.66822	37.28
70.8556	2.21059e-34	277.322	0.153198	0.139271	8.84237e-36	5.66845	37.32
70.8585	2.02345e-34	277.333	0.153204	0.139276	8.09382e-36	5.66868	37.36
70.8613	1.85216e-34	277.344	0.15321	0.139282	7.40863e-36	5.6689	37.4
70.8641	1.69536e-34	277.355	0.153216	0.139288	6.78145e-36	5.66913	37.44
70.867	1.55184e-34	277.366	0.153222	0.139293	6.20737e-36	5.66936	37.48
70.8698	1.42047e-34	277.377	0.153229	0.139299	5.68188e-36	5.66958	37.52
70.8726	1.30022e-34	277.388	0.153235	0.139304	5.20088e-36	5.66981	37.56
70.8755	1.19015e-34	277.399	0.153241	0.13931	4.7606e-36	5.67004	37.6
70.8783	1.0894e-34	277.41	0.153247	0.139315	4.35759e-36	5.67026	37.64
70.8811	9.97175e-35	277.421	0.153253	0.139321	3.9887e-36	5.67049	37.68
70.884	9.12759e-35	277.432	0.153259	0.139327	3.65104e-36	5.67072	37.72
70.8868	8.35489e-35	277.444	0.153265	0.139332	3.34196e-36	5.67094	37.76
70.8896	7.64761e-35	277.455	0.153271	0.139338	3.05904e-36	5.67117	37.8
70.8925	7.0002e-35	277.466	0.153278	0.139343	2.80008e-36	5.6714	37.84
70.8953	6.4076e-35	277.477	0.153284	0.139349	2.56304e-36	5.67162	37.88
70.8981	5.86516e-35	277.488	0.15329	0.139354	2.34606e-36	5.67185	37.92
70.901	5.36865e-35	277.499	0.153296	0.13936	2.14746e-36	5.67208	37.96
70.9038	4.91416e-35	277.51	0.153302	0.139366	1.96567e-36	5.67231	38
70.9067	4.49815e-35	277.521	0.153308	0.139371	1.79926e-36	5.67253	38.04
70.9095	4.11736e-35	277.532	0.153314	0.139377	1.64694e-36	5.67276	38.08
70.9123	3.76881e-35	277.543	0.153321	0.139382	1.50752e-36	5.67299	38.12
70.9152	3.44976e-35	277.555	0.153327	0.139388	1.3799e-36	5.67321	38.16
70.918	3.15772e-35	277.566	0.153333	0.139393	1.26309e-36	5.67344	38.2
70.9208	2.8904e-35	277.577	0.153339	0.139399	1.15616e-36	5.67367	38.24
70.9237	2.64571e-35	277.588	0.153345	0.139405	1.05829e-36	5.67389	38.28
70.9265	2.42174e-35	277.599	0.153351	0.13941	9.68696e-37	5.67412	38.32
70.9293	2.21673e-35	277.61	0.153357	0.139416	8.86691e-37	5.67435	38.36
70.9322	2.02907e-35	277.621	0.153363	0.139421	8.11628e-37	5.67457	38.4
70.935	1.8573e-35	277.632	0.15337	0.139427	7.4292e-37	5.6748	38.44
70.9379	1.70007e-35	277.643	0.153376	0.139432	6.80028e-37	5.67503	38.48
70.9407	1.55615e-35	277.654	0.153382	0.139438	6.2246e-37	5.67526	38.52
70.9435	1.42441e-35	277.666	0.153388	0.139444	5.69766e-37	5.67548	38.56
70.9464	1.30383e-35	277.677	0.153394	0.139449	5.21532e-37	5.67571	38.6
70.9492	1.19345e-35	277.688	0.1534	0.139455	4.77382e-37	5.67594	38.64
70.952	1.09242e-35	277.699	0.153406	0.13946	4.36969e-37	5.67616	38.68
70.9549	9.99943e-36	277.71	0.153413	0.139466	3.99977e-37	5.67639	38.72
70.9577	9.15293e-36	277.721	0.153419	0.139472	3.66117e-37	5.67662	38.76
70.9606	8.37809e-36	277.732	0.153425	0.139477	3.35123e-37	5.67684	38.8
70.9634	7.66884e-36	277.743	0.153431	0.139483	3.06754e-37	5.67707	38.84
70.9662	7.01963e-36	277.754	0.153437	0.139488	2.80785e-37	5.6773	38.88
70.9691	6.42538e-36	277.766	0.153443	0.139494	2.57015e-37	5.67753	38.92
70.9719	5.88144e-36	277.777	0.153449	0.139499	2.35258e-37	5.67775	38.96
70.9747	5.38355e-36	277.788	0.153455	0.139505	2.15342e-37	5.67798	39
70.9776	4.9278e-36	277.799	0.153462	0.139511	1.97112e-37	5.67821	39.04
70.9804	4.51064e-36	277.81	0.153468	0.139516	1.80426e-37	5.67843	39.08
70.9833	4.12879e-36	277.821	0.153474	0.139522	1.65152e-37	5.67866	39.12
70.9861	3.77927e-36	277.832	0.15348	0.139527	1.51171e-37	5.67889	39.16
70.9889	3.45933e-36	277.843	0.153486	0.139533	1.38373e-37	5.67911	39.2
70.9918	3.16648e-36	277.854	0.153492	0.139538	1.26659e-37	5.67934	39.24
70.9946	2.89842e-36	277.866	0.153498	0.139544	1.15937e-37	5.67957	39.28
70.9975	2.65306e-36	277.877	0.153505	0.13955	1.06122e-37	5.6798	39.32
71.0003	2.42846e-36	277.888	0.153511	0.139555	9.71385e-38	5.68002	39.36
71.0031	2.22288e-36	277.899	0.153517	0.139561	8.89153e-38	5.68025	39.4
71.006	2.0347e-36	277.91	0.153523	0.139566	8.13881e-38	5.68048	39.44
71.0088	1.86246e-36	277.921	0.153529	0.139572	7.44982e-38	5.6807	39.48
71.0117	1.70479e-36	277.932	0.153535	0.139578	6.81916e-38	5.68093	39.52
71.0145	1.56047e-36	277.943	0.153541	0.139583	6.24188e-38	5.68116	39.56
71.0173	1.42837e-36	277.954	0.153548	0.139589	5.71347e-38	5.68139	39.6
71.0202	1.30745e-36	277.966	0.153554	0.139594	5.2298e-38	5.68161	39.64
71.023	1.19677e-36	277.977	0.15356	0.1396	4.78707e-38	5.68184	39.68
71.0259	1.09545e-36	277.988	0.153566	0.139605	4.38182e-38	5.68207	39.72
71.0287	1.00272e-36	277.999	0.153572	0.139611	4.01088e-38	5.6823	39.76
71.0315	9.17834e-37	278.01	0.153578	0.139617	3.67133e-38	5.68252	39.8
71.0344	8.40134e-37	278.021	0.153584	0.139622	3.36054e-38	5.68275	39.84
71.0372	7.69013e-37	278.032	0.153591	0.139628	3.07605e-38	5.68298	39.88
71.0401	7.03912e-37	278.043	0.153597	0.139633	2.81565e-38	5.6832	39.92
71.0429	6.44322e-37	278.054	0.153603	0.139639	2.57729e-38	5.68343	39.96
