S	I	R	e	d	dI	f	t
300	100	0	0	0	0	0	0
295.499	102.606	1.89527	0	0	0	0	0.015
290.947	105.193	3.86031	0	0	0	0	0.03
286.369	107.733	5.89729	0	0	0	0	0.045
281.772	110.212	8.01582	0	0	0	0	0.06
277.164	112.611	10.225	0	0	0	0	0.075
272.551	114.916	12.5331	0	0	0	0	0.09
267.942	117.11	14.9475	0	0	0	0	0.105
263.346	119.18	17.4742	0	0	0	0	0.12
258.771	121.111	20.118	0	0	0	0	0.135
254.226	122.892	22.8822	0	0	0	0	0.15
249.72	124.512	25.7686	0	0	0	0	0.165
245.261	125.962	28.7772	0	0	0	0	0.18
240.857	127.237	31.9066	0	0	0	0	0.195
236.517	128.33	35.1536	0	0	0	0	0.21
232.248	129.239	38.5134	0	0	0	0	0.225
228.057	129.963	41.9799	0	0	0	0	0.24
223.951	130.504	45.5453	0	0	0	0	0.255
219.935	130.864	49.201	0	0	0	0	0.27
216.016	131.047	52.9368	0	0	0	0	0.285
212.197	131.061	56.742	0	0	0	0	0.3
208.483	130.912	60.6052	0	0	0	0	0.315
204.877	130.609	64.5142	0	0	0	0	0.33
201.38	130.163	68.4567	0	0	0	0	0.345
197.996	129.584	72.4202	0	0	0	0	0.36
194.725	128.882	76.3922	0	0	0	0	0.375
191.569	128.071	80.3606	0	0	0	0	0.39
188.526	127.16	84.3133	0	0	0	0	0.405
185.597	126.164	88.2389	0	0	0	0	0.42
182.781	125.092	92.1266	0	0	0	0	0.435
180.076	123.958	95.9661	0	0	0	0	0.45
177.481	122.771	99.748	0	0	0	0	0.465
174.993	121.543	103.463	0	0	0	0	0.48
172.61	120.285	107.105	0	0	0	0	0.495
170.33	119.005	110.665	0	0	0	0	0.51
168.15	117.713	114.138	0	0	0	0	0.525
166.066	116.417	117.517	0	0	0	0	0.54
164.075	115.125	120.8	0	0	0	0	0.555
162.174	113.843	123.982	0	0	0	0	0.57
160.361	112.579	127.06	0	0	0	0	0.585
158.63	111.337	130.033	0	0	0	0	0.6
156.98	110.122	132.898	0	0	0	0	0.615
155.406	108.939	135.655	0	0	0	0	0.63
153.906	107.791	138.303	0	0	0	0	0.645
152.475	106.681	140.845	0	0	0	0	0.66
151.111	105.61	143.279	0	0	0	0	0.675
149.81	104.582	145.608	0	0	0	0	0.69
148.569	103.596	147.834	0	0	0	0	0.705
147.386	102.654	149.96	0	0	0	0	0.72
146.257	101.756	151.987	0	0	0	0	0.735
145.179	100.901	153.92	0	0	0	0	0.75
144.15	100.089	155.76	0	0	0	0	0.765
143.167	99.3191	157.514	0	0	0	0	0.78
142.228	98.5889	159.183	0	0	0	0	0.795
141.331	97.897	160.772	0	0	0	0	0.81
140.472	97.2413	162.287	0	0	0	0	0.825
139.651	96.6193	163.73	0	0	0	0	0.84
138.865	96.0284	165.107	0	0	0	0	0.855
138.112	95.4656	166.422	0	0	0	0	0.87
137.392	94.9279	167.68	0	0	0	0	0.885
136.702	94.4119	168.886	0	0	0	0	0.9
136.041	93.9142	170.045	0	0	0	0	0.915
135.407	93.4313	171.161	0	0	0	0	0.93
134.801	92.9595	172.24	0	0	0	0	0.945
134.22	92.4951	173.285	0	0	0	0	0.96
133.665	92.0344	174.301	0	0	0	0	0.975
133.134	91.5739	175.292	0	0	0	0	0.99
132.627	91.1097	176.264	0	0	0	0	1.005
132.143	90.6384	177.219	0	0	0	0	1.02
131.682	90.1566	178.162	0	0	0	0	1.035
131.244	89.6611	179.095	0	0	0	0	1.05
130.828	89.1486	180.023	0	0	0	0	1.065
130.435	88.6165	180.948	0	0	0	0	1.08
130.065	88.062	181.873	0	0	0	0	1.095
129.718	87.4829	182.799	0	0	0	0	1.11
129.393	86.8772	183.73	0	0	0	0	1.125
129.092	86.2432	184.665	0	0	0	0	1.14
128.813	85.5795	185.607	0	0	0	0	1.155
128.559	84.8852	186.556	0	0	0	0	1.17
128.328	84.1596	187.512	0	0	0	0	1.185
128.121	83.4026	188.476	0	0	0	0	1.2
127.939	82.6142	189.446	0	0	0	0	1.215
127.782	81.7949	190.423	0	0	0	0	1.23
127.65	80.9456	191.405	0	0	0	0	1.245
127.543	80.0675	192.389	0	0	0	0	1.26
127.462	79.1621	193.376	0	0	0	0	1.275
127.406	78.2313	194.363	0	0	0	0	1.29
127.376	77.277	195.347	0	0	0	0	1.305
127.373	76.3018	196.325	0	0	0	0	1.32
127.395	75.308	197.297	0	0	0	0	1.335
127.444	74.2986	198.258	0	0	0	0	1.35
127.518	73.2763	199.206	0	0	0	0	1.365
127.618	72.2443	200.138	0	0	0	0	1.38
127.744	71.2055	201.05	0	0	0	0	1.395
127.895	70.1632	201.942	0	0	0	0	1.41
128.071	69.1205	202.808	0	0	0	0	1.425
128.272	68.0806	203.648	0	0	0	0	1.44
128.497	67.0465	204.457	0	0	0	0	1.455
128.745	66.0212	205.234	0	0	0	0	1.47
129.016	65.0078	205.976	0	0	0	0	1.485
129.31	64.009	206.681	0	0	0	0	1.5
129.625	63.0275	207.347	0	0	0	0	1.515
129.962	62.0657	207.973	0	0	0	0	1.53
130.318	61.1261	208.556	0	0	0	0	1.545
130.693	60.2108	209.096	0	0	0	0	1.56
131.087	59.3216	209.592	0	0	0	0	1.575
131.498	58.4605	210.042	0	0	0	0	1.59
131.926	57.6289	210.446	0	0	0	0	1.605
132.369	56.8283	210.803	0	0	0	0	1.62
132.826	56.0597	211.114	0	0	0	0	1.635
133.297	55.324	211.379	0	0	0	0	1.65
133.78	54.6221	211.597	0	0	0	0	1.665
134.275	53.9544	211.77	0	0	0	0	1.68
134.781	53.3212	211.898	0	0	0	0	1.695
135.295	52.7228	211.982	0	0	0	0	1.71
135.818	52.1589	212.023	0	0	0	0	1.725
136.349	51.6295	212.022	0	0	0	0	1.74
136.886	51.1341	211.98	0	0	0	0	1.755
137.428	50.6721	211.9	0	0	0	0	1.77
137.975	50.2427	211.783	0	0	0	0	1.785
138.525	49.8451	211.63	0	0	0	0	1.8
139.078	49.4781	211.444	0	0	0	0	1.815
139.633	49.1405	211.227	0	0	0	0	1.83
140.189	48.831	210.98	0	0	0	0	1.845
140.745	48.548	210.707	0	0	0	0	1.86
141.301	48.29	210.409	0	0	0	0	1.875
141.856	48.0552	210.088	0	0	0	0	1.89
142.41	47.8417	209.749	0	0	0	0	1.905
142.961	47.6475	209.392	0	0	0	0	1.92
143.51	47.4705	209.02	0	0	0	0	1.935
144.055	47.3088	208.636	0	0	0	0	1.95
144.598	47.1599	208.242	0	0	0	0	1.965
145.136	47.0216	207.842	0	0	0	0	1.98
145.671	46.8917	207.437	0	0	0	0	1.995
146.202	46.7678	207.03	0	0	0	0	2.01
146.728	46.6474	206.624	0	0	0	0	2.025
147.251	46.5284	206.221	0	0	0	0	2.04
147.77	46.4084	205.822	0	0	0	0	2.055
148.284	46.2851	205.431	0	0	0	0	2.07
148.795	46.1564	205.048	0	0	0	0	2.085
149.303	46.0201	204.677	0	0	0	0	2.1
149.807	45.8744	204.319	0	0	0	0	2.115
150.309	45.7173	203.974	0	0	0	0	2.13
150.808	45.5474	203.645	0	0	0	0	2.145
151.305	45.3629	203.332	0	0	0	0	2.16
151.801	45.1628	203.036	0	0	0	0	2.175
152.296	44.9459	202.758	0	0	0	0	2.19
152.791	44.7113	202.498	0	0	0	0	2.205
153.286	44.4585	202.256	0	0	0	0	2.22
153.781	44.187	202.032	0	0	0	0	2.235
154.279	43.8969	201.824	0	0	0	0	2.25
154.778	43.5881	201.634	0	0	0	0	2.265
155.28	43.2611	201.459	0	0	0	0	2.28
155.785	42.9164	201.298	0	0	0	0	2.295
156.294	42.555	201.151	0	0	0	0	2.31
156.808	42.1778	201.015	0	0	0	0	2.325
157.326	41.786	200.888	0	0	0	0	2.34
157.849	41.3812	200.77	0	0	0	0	2.355
158.377	40.9649	200.658	0	0	0	0	2.37
158.912	40.5387	200.549	0	0	0	0	2.385
159.453	40.1046	200.443	0	0	0	0	2.4
160	39.6644	200.336	0	0	0	0	2.415
160.554	39.2202	200.226	0	0	0	0	2.43
161.114	38.7739	200.112	0	0	0	0	2.445
161.681	38.3276	199.992	0	0	0	0	2.46
162.254	37.8833	199.862	0	0	0	0	2.475
162.834	37.4432	199.723	0	0	0	0	2.49
163.421	37.009	199.57	0	0	0	0	2.505
164.013	36.5829	199.404	0	0	0	0	2.52
164.612	36.1665	199.222	0	0	0	0	2.535
165.216	35.7617	199.022	0	0	0	0	2.55
165.825	35.3701	198.805	0	0	0	0	2.565
166.439	34.9933	198.568	0	0	0	0	2.58
167.057	34.6327	198.31	0	0	0	0	2.595
167.679	34.2896	198.032	0	0	0	0	2.61
168.304	33.9651	197.731	0	0	0	0	2.625
168.931	33.6604	197.408	0	0	0	0	2.64
169.56	33.3764	197.063	0	0	0	0	2.655
170.191	33.1137	196.695	0	0	0	0	2.67
170.822	32.8731	196.305	0	0	0	0	2.685
171.453	32.6551	195.892	0	0	0	0	2.7
172.084	32.46	195.456	0	0	0	0	2.715
172.712	32.288	195	0	0	0	0	2.73
173.339	32.1394	194.522	0	0	0	0	2.745
173.962	32.0139	194.024	0	0	0	0	2.76
174.582	31.9116	193.506	0	0	0	0	2.775
175.197	31.8321	192.971	0	0	0	0	2.79
175.808	31.7749	192.418	0	0	0	0	2.805
176.412	31.7396	191.848	0	0	0	0	2.82
177.01	31.7254	191.265	0	0	0	0	2.835
177.601	31.7315	190.668	0	0	0	0	2.85
178.184	31.757	190.059	0	0	0	0	2.865
178.759	31.8009	189.44	0	0	0	0	2.88
179.326	31.862	188.812	0	0	0	0	2.895
179.883	31.9389	188.178	0	0	0	0	2.91
180.43	32.0302	187.54	0	0	0	0	2.925
180.968	32.1344	186.898	0	0	0	0	2.94
181.495	32.2499	186.255	0	0	0	0	2.955
182.011	32.3749	185.614	0	0	0	0	2.97
182.517	32.5075	184.975	0	0	0	0	2.985
183.012	32.6459	184.342	0	0	0	0	3
183.496	32.788	183.716	0	0	0	0	3.015
183.968	32.9319	183.1	0	0	0	0	3.03
184.43	33.0754	182.494	0	0	0	0	3.045
184.881	33.2165	181.902	0	0	0	0	3.06
185.322	33.3532	181.325	0	0	0	0	3.075
185.752	33.4833	180.764	0	0	0	0	3.09
186.173	33.6048	180.222	0	0	0	0	3.105
186.584	33.7158	179.7	0	0	0	0	3.12
186.986	33.8146	179.2	0	0	0	0	3.135
187.38	33.8993	178.721	0	0	0	0	3.15
187.766	33.9684	178.266	0	0	0	0	3.165
188.144	34.0206	177.835	0	0	0	0	3.18
188.517	34.0545	177.429	0	0	0	0	3.195
188.883	34.0693	177.047	0	0	0	0	3.21
189.245	34.0641	176.691	0	0	0	0	3.225
189.603	34.0383	176.359	0	0	0	0	3.24
189.957	33.9917	176.051	0	0	0	0	3.255
190.309	33.9242	175.767	0	0	0	0	3.27
190.659	33.8359	175.505	0	0	0	0	3.285
191.008	33.7274	175.264	0	0	0	0	3.3
191.357	33.5991	175.044	0	0	0	0	3.315
191.706	33.4522	174.841	0	0	0	0	3.33
192.057	33.2875	174.656	0	0	0	0	3.345
192.409	33.1064	174.484	0	0	0	0	3.36
192.764	32.9105	174.325	0	0	0	0	3.375
193.122	32.7012	174.177	0	0	0	0	3.39
193.483	32.4805	174.037	0	0	0	0	3.405
193.847	32.25	173.903	0	0	0	0	3.42
194.216	32.0119	173.772	0	0	0	0	3.435
194.589	31.7681	173.643	0	0	0	0	3.45
194.966	31.5206	173.513	0	0	0	0	3.465
195.348	31.2715	173.381	0	0	0	0	3.48
195.734	31.0229	173.243	0	0	0	0	3.495
196.125	30.7767	173.098	0	0	0	0	3.51
196.52	30.5351	172.945	0	0	0	0	3.525
196.919	30.2998	172.781	0	0	0	0	3.54
197.322	30.0728	172.605	0	0	0	0	3.555
197.728	29.8557	172.416	0	0	0	0	3.57
198.138	29.6503	172.212	0	0	0	0	3.585
198.55	29.4581	171.992	0	0	0	0	3.6
198.964	29.2806	171.755	0	0	0	0	3.615
199.38	29.119	171.501	0	0	0	0	3.63
199.796	28.9745	171.229	0	0	0	0	3.645
200.213	28.8483	170.939	0	0	0	0	3.66
200.629	28.7413	170.629	0	0	0	0	3.675
201.044	28.6543	170.301	0	0	0	0	3.69
201.458	28.588	169.954	0	0	0	0	3.705
201.868	28.5429	169.589	0	0	0	0	3.72
202.276	28.5195	169.205	0	0	0	0	3.735
202.679	28.518	168.803	0	0	0	0	3.75
203.077	28.5387	168.384	0	0	0	0	3.765
203.469	28.5816	167.949	0	0	0	0	3.78
203.855	28.6465	167.498	0	0	0	0	3.795
204.234	28.7332	167.033	0	0	0	0	3.81
204.604	28.8413	166.554	0	0	0	0	3.825
204.966	28.9703	166.064	0	0	0	0	3.84
205.318	29.1195	165.562	0	0	0	0	3.855
205.661	29.2881	165.051	0	0	0	0	3.87
205.992	29.4751	164.533	0	0	0	0	3.885
206.312	29.6794	164.008	0	0	0	0	3.9
206.62	29.8997	163.48	0	0	0	0	3.915
206.916	30.1347	162.949	0	0	0	0	3.93
207.199	30.3828	162.418	0	0	0	0	3.945
207.469	30.6422	161.888	0	0	0	0	3.96
207.726	30.9111	161.363	0	0	0	0	3.975
207.969	31.1876	160.843	0	0	0	0	3.99
208.198	31.4697	160.332	0	0	0	0	4.005
208.414	31.755	159.831	0	0	0	0	4.02
208.616	32.0414	159.343	0	0	0	0	4.035
208.804	32.3266	158.869	0	0	0	0	4.05
208.979	32.6082	158.413	0	0	0	0	4.065
209.141	32.8838	157.975	0	0	0	0	4.08
209.29	33.1511	157.558	0	0	0	0	4.095
209.428	33.4077	157.165	0	0	0	0	4.11
209.554	33.6515	156.795	0	0	0	0	4.125
209.668	33.8801	156.452	0	0	0	0	4.14
209.773	34.0916	156.135	0	0	0	0	4.155
209.869	34.2842	155.847	0	0	0	0	4.17
209.956	34.4561	155.588	0	0	0	0	4.185
210.035	34.6059	155.359	0	0	0	0	4.2
210.108	34.7323	155.159	0	0	0	0	4.215
210.176	34.8344	154.99	0	0	0	0	4.23
210.239	34.9115	154.85	0	0	0	0	4.245
210.298	34.9631	154.739	0	0	0	0	4.26
210.355	34.9892	154.656	0	0	0	0	4.275
210.411	34.9898	154.599	0	0	0	0	4.29
210.466	34.9655	154.568	0	0	0	0	4.305
210.522	34.9169	154.561	0	0	0	0	4.32
210.579	34.8451	154.576	0	0	0	0	4.335
210.639	34.7514	154.61	0	0	0	0	4.35
210.702	34.6372	154.661	0	0	0	0	4.365
210.769	34.5042	154.727	0	0	0	0	4.38
210.84	34.3544	154.806	0	0	0	0	4.395
210.916	34.1898	154.894	0	0	0	0	4.41
210.999	34.0125	154.989	0	0	0	0	4.425
211.087	33.8248	155.088	0	0	0	0	4.44
211.181	33.6291	155.19	0	0	0	0	4.455
211.282	33.4277	155.29	0	0	0	0	4.47
211.39	33.2231	155.387	0	0	0	0	4.485
211.505	33.0177	155.478	0	0	0	0	4.5
211.626	32.8137	155.561	0	0	0	0	4.515
211.753	32.6136	155.633	0	0	0	0	4.53
211.887	32.4195	155.694	0	0	0	0	4.545
212.026	32.2337	155.74	0	0	0	0	4.56
212.171	32.0581	155.771	0	0	0	0	4.575
212.321	31.8947	155.784	0	0	0	0	4.59
212.475	31.7453	155.779	0	0	0	0	4.605
212.634	31.6116	155.755	0	0	0	0	4.62
212.795	31.4952	155.71	0	0	0	0	4.635
212.958	31.3974	155.644	0	0	0	0	4.65
213.124	31.3195	155.557	0	0	0	0	4.665
213.289	31.2626	155.448	0	0	0	0	4.68
213.455	31.2278	155.317	0	0	0	0	4.695
213.62	31.2157	155.164	0	0	0	0	4.71
213.783	31.2272	154.989	0	0	0	0	4.725
213.944	31.2627	154.794	0	0	0	0	4.74
214.1	31.3225	154.577	0	0	0	0	4.755
214.253	31.4069	154.341	0	0	0	0	4.77
214.399	31.5159	154.085	0	0	0	0	4.785
214.539	31.6494	153.811	0	0	0	0	4.8
214.672	31.8072	153.521	0	0	0	0	4.815
214.797	31.9887	153.215	0	0	0	0	4.83
214.912	32.1934	152.894	0	0	0	0	4.845
215.018	32.4204	152.562	0	0	0	0	4.86
215.113	32.6688	152.218	0	0	0	0	4.875
215.197	32.9375	151.866	0	0	0	0	4.89
215.269	33.225	151.506	0	0	0	0	4.905
215.328	33.5299	151.142	0	0	0	0	4.92
215.374	33.8506	150.775	0	0	0	0	4.935
215.407	34.185	150.408	0	0	0	0	4.95
215.426	34.5313	150.043	0	0	0	0	4.965
215.431	34.8871	149.682	0	0	0	0	4.98
215.421	35.2501	149.329	0	0	0	0	4.995
215.397	35.6179	148.985	0	0	0	0	5.01
215.359	35.9878	148.654	0	0	0	0	5.025
215.306	36.3571	148.337	0	0	0	0	5.04
215.24	36.7231	148.037	0	0	0	0	5.055
215.16	37.083	147.757	0	0	0	0	5.07
215.067	37.4339	147.5	0	0	0	0	5.085
214.961	37.7731	147.266	0	0	0	0	5.1
214.843	38.0978	147.059	0	0	0	0	5.115
214.714	38.4054	146.88	0	0	0	0	5.13
214.576	38.6933	146.731	0	0	0	0	5.145
214.427	38.9593	146.613	0	0	0	0	5.16
214.271	39.2011	146.528	0	0	0	0	5.175
214.107	39.4169	146.476	0	0	0	0	5.19
213.938	39.6051	146.457	0	0	0	0	5.205
213.763	39.7643	146.472	0	0	0	0	5.22
213.585	39.8935	146.521	0	0	0	0	5.235
213.405	39.992	146.603	0	0	0	0	5.25
213.224	40.0595	146.716	0	0	0	0	5.265
213.043	40.0959	146.861	0	0	0	0	5.28
212.863	40.1016	147.035	0	0	0	0	5.295
212.686	40.0773	147.236	0	0	0	0	5.31
212.513	40.024	147.463	0	0	0	0	5.325
212.345	39.943	147.712	0	0	0	0	5.34
212.182	39.8359	147.982	0	0	0	0	5.355
212.026	39.7046	148.269	0	0	0	0	5.37
211.877	39.5512	148.571	0	0	0	0	5.385
211.737	39.378	148.885	0	0	0	0	5.4
211.606	39.1875	149.206	0	0	0	0	5.415
211.484	38.9823	149.533	0	0	0	0	5.43
211.372	38.7651	149.863	0	0	0	0	5.445
211.27	38.5387	150.191	0	0	0	0	5.46
211.179	38.3058	150.515	0	0	0	0	5.475
211.097	38.0693	150.833	0	0	0	0	5.49
211.027	37.832	151.142	0	0	0	0	5.505
210.966	37.5964	151.438	0	0	0	0	5.52
210.915	37.3654	151.72	0	0	0	0	5.535
210.874	37.1415	151.985	0	0	0	0	5.55
210.842	36.927	152.231	0	0	0	0	5.565
210.819	36.7243	152.457	0	0	0	0	5.58
210.803	36.5356	152.661	0	0	0	0	5.595
210.795	36.3629	152.842	0	0	0	0	5.61
210.794	36.208	152.998	0	0	0	0	5.625
210.798	36.0726	153.129	0	0	0	0	5.64
210.808	35.9582	153.234	0	0	0	0	5.655
210.821	35.8662	153.312	0	0	0	0	5.67
210.838	35.7978	153.364	0	0	0	0	5.685
210.857	35.754	153.389	0	0	0	0	5.7
210.877	35.7355	153.388	0	0	0	0	5.715
210.897	35.7431	153.36	0	0	0	0	5.73
210.916	35.7772	153.307	0	0	0	0	5.745
210.933	35.8381	153.229	0	0	0	0	5.76
210.947	35.9258	153.127	0	0	0	0	5.775
210.957	36.0404	153.002	0	0	0	0	5.79
210.963	36.1816	152.856	0	0	0	0	5.805
210.962	36.3488	152.689	0	0	0	0	5.82
210.955	36.5415	152.504	0	0	0	0	5.835
210.939	36.7588	152.302	0	0	0	0	5.85
210.915	36.9997	152.085	0	0	0	0	5.865
210.882	37.2629	151.855	0	0	0	0	5.88
210.839	37.5471	151.614	0	0	0	0	5.895
210.785	37.8505	151.365	0	0	0	0	5.91
210.719	38.1713	151.109	0	0	0	0	5.925
210.642	38.5075	150.851	0	0	0	0	5.94
210.552	38.857	150.591	0	0	0	0	5.955
210.45	39.2173	150.333	0	0	0	0	5.97
210.335	39.5858	150.079	0	0	0	0	5.985
210.207	39.96	149.833	0	0	0	0	6
210.066	40.3369	149.597	0	0	0	0	6.015
209.913	40.7137	149.374	0	0	0	0	6.03
209.746	41.0873	149.166	0	0	0	0	6.045
209.568	41.4547	148.977	0	0	0	0	6.06
209.378	41.8128	148.809	0	0	0	0	6.075
209.177	42.1585	148.665	0	0	0	0	6.09
208.965	42.489	148.546	0	0	0	0	6.105
208.744	42.8012	148.455	0	0	0	0	6.12
208.514	43.0925	148.394	0	0	0	0	6.135
208.276	43.3602	148.364	0	0	0	0	6.15
208.032	43.602	148.366	0	0	0	0	6.165
207.782	43.8157	148.403	0	0	0	0	6.18
207.527	43.9995	148.473	0	0	0	0	6.195
207.27	44.1519	148.578	0	0	0	0	6.21
207.01	44.2716	148.718	0	0	0	0	6.225
206.75	44.3579	148.892	0	0	0	0	6.24
206.491	44.4102	149.098	0	0	0	0	6.255
206.234	44.4285	149.337	0	0	0	0	6.27
205.981	44.413	149.606	0	0	0	0	6.285
205.732	44.3643	149.904	0	0	0	0	6.3
205.489	44.2834	150.228	0	0	0	0	6.315
205.252	44.1717	150.576	0	0	0	0	6.33
205.024	44.0308	150.945	0	0	0	0	6.345
204.805	43.8626	151.333	0	0	0	0	6.36
204.595	43.6694	151.735	0	0	0	0	6.375
204.396	43.4535	152.15	0	0	0	0	6.39
204.208	43.2175	152.574	0	0	0	0	6.405
204.033	42.9643	153.003	0	0	0	0	6.42
203.869	42.6966	153.434	0	0	0	0	6.435
203.718	42.4174	153.865	0	0	0	0	6.45
203.58	42.1298	154.29	0	0	0	0	6.465
203.455	41.8366	154.709	0	0	0	0	6.48
203.342	41.541	155.117	0	0	0	0	6.495
203.242	41.2458	155.512	0	0	0	0	6.51
203.155	40.9539	155.891	0	0	0	0	6.525
203.08	40.668	156.252	0	0	0	0	6.54
203.017	40.3908	156.592	0	0	0	0	6.555
202.965	40.1248	156.91	0	0	0	0	6.57
202.924	39.8722	157.204	0	0	0	0	6.585
202.892	39.6354	157.472	0	0	0	0	6.6
202.87	39.4163	157.714	0	0	0	0	6.615
202.856	39.2167	157.927	0	0	0	0	6.63
202.849	39.0383	158.112	0	0	0	0	6.645
202.85	38.8827	158.268	0	0	0	0	6.66
202.855	38.751	158.394	0	0	0	0	6.675
202.865	38.6443	158.49	0	0	0	0	6.69
202.879	38.5636	158.557	0	0	0	0	6.705
202.896	38.5096	158.595	0	0	0	0	6.72
202.914	38.4829	158.604	0	0	0	0	6.735
202.932	38.4836	158.585	0	0	0	0	6.75
202.949	38.5121	158.538	0	0	0	0	6.765
202.965	38.5682	158.466	0	0	0	0	6.78
202.979	38.6518	158.369	0	0	0	0	6.795
202.988	38.7623	158.249	0	0	0	0	6.81
202.993	38.8991	158.107	0	0	0	0	6.825
202.993	39.0615	157.946	0	0	0	0	6.84
202.986	39.2485	157.766	0	0	0	0	6.855
202.971	39.4587	157.57	0	0	0	0	6.87
202.949	39.6907	157.36	0	0	0	0	6.885
202.918	39.9431	157.139	0	0	0	0	6.9
202.877	40.2139	156.909	0	0	0	0	6.915
202.827	40.5011	156.672	0	0	0	0	6.93
202.766	40.8027	156.431	0	0	0	0	6.945
202.695	41.1161	156.189	0	0	0	0	6.96
202.612	41.439	155.949	0	0	0	0	6.975
202.518	41.7686	155.713	0	0	0	0	6.99
202.414	42.1023	155.484	0	0	0	0	7.005
202.297	42.437	155.266	0	0	0	0	7.02
202.17	42.7698	155.06	0	0	0	0	7.035
202.032	43.0977	154.87	0	0	0	0	7.05
201.884	43.4176	154.698	0	0	0	0	7.065
201.726	43.7265	154.547	0	0	0	0	7.08
201.559	44.0215	154.42	0	0	0	0	7.095
201.383	44.2995	154.318	0	0	0	0	7.11
201.199	44.5579	154.243	0	0	0	0	7.125
201.009	44.794	154.197	0	0	0	0	7.14
200.813	45.0054	154.182	0	0	0	0	7.155
200.611	45.1899	154.199	0	0	0	0	7.17
200.407	45.3456	154.248	0	0	0	0	7.185
200.199	45.4708	154.33	0	0	0	0	7.2
199.99	45.5642	154.445	0	0	0	0	7.215
199.782	45.625	154.593	0	0	0	0	7.23
199.574	45.6524	154.774	0	0	0	0	7.245
199.369	45.6462	154.985	0	0	0	0	7.26
199.167	45.6065	155.227	0	0	0	0	7.275
198.97	45.5339	155.496	0	0	0	0	7.29
198.779	45.4291	155.792	0	0	0	0	7.305
198.595	45.2934	156.112	0	0	0	0	7.32
198.419	45.1282	156.453	0	0	0	0	7.335
198.252	44.9353	156.813	0	0	0	0	7.35
198.095	44.7167	157.188	0	0	0	0	7.365
197.948	44.4749	157.577	0	0	0	0	7.38
197.813	44.2122	157.975	0	0	0	0	7.395
197.69	43.9314	158.379	0	0	0	0	7.41
197.579	43.6352	158.786	0	0	0	0	7.425
197.481	43.3265	159.193	0	0	0	0	7.44
197.395	43.0082	159.597	0	0	0	0	7.455
197.323	42.6834	159.994	0	0	0	0	7.47
197.264	42.3549	160.381	0	0	0	0	7.485
197.217	42.0257	160.757	0	0	0	0	7.5
197.184	41.6986	161.117	0	0	0	0	7.515
197.163	41.3764	161.46	0	0	0	0	7.53
197.154	41.0618	161.784	0	0	0	0	7.545
197.157	40.7573	162.085	0	0	0	0	7.56
197.171	40.4653	162.364	0	0	0	0	7.575
197.195	40.188	162.617	0	0	0	0	7.59
197.23	39.9274	162.843	0	0	0	0	7.605
197.273	39.6855	163.042	0	0	0	0	7.62
197.324	39.464	163.212	0	0	0	0	7.635
197.382	39.2644	163.353	0	0	0	0	7.65
197.447	39.088	163.465	0	0	0	0	7.665
197.517	38.936	163.547	0	0	0	0	7.68
197.592	38.8094	163.599	0	0	0	0	7.695
197.669	38.709	163.622	0	0	0	0	7.71
197.75	38.6353	163.615	0	0	0	0	7.725
197.831	38.5888	163.58	0	0	0	0	7.74
197.913	38.5697	163.517	0	0	0	0	7.755
197.994	38.5781	163.428	0	0	0	0	7.77
198.074	38.6137	163.313	0	0	0	0	7.785
198.15	38.6763	163.173	0	0	0	0	7.8
198.224	38.7653	163.011	0	0	0	0	7.815
198.292	38.88	162.828	0	0	0	0	7.83
198.355	39.0195	162.626	0	0	0	0	7.845
198.412	39.1827	162.406	0	0	0	0	7.86
198.461	39.3683	162.17	0	0	0	0	7.875
198.503	39.5749	161.922	0	0	0	0	7.89
198.536	39.8008	161.663	0	0	0	0	7.905
198.56	40.0442	161.395	0	0	0	0	7.92
198.575	40.3029	161.122	0	0	0	0	7.935
198.58	40.5749	160.845	0	0	0	0	7.95
198.574	40.8579	160.568	0	0	0	0	7.965
198.558	41.1492	160.293	0	0	0	0	7.98
198.531	41.4463	160.023	0	0	0	0	7.995
198.493	41.7464	159.761	0	0	0	0	8.01
198.445	42.0468	159.509	0	0	0	0	8.025
198.386	42.3445	159.27	0	0	0	0	8.04
198.317	42.6367	159.047	0	0	0	0	8.055
198.238	42.9203	158.842	0	0	0	0	8.07
198.15	43.1925	158.658	0	0	0	0	8.085
198.053	43.4504	158.497	0	0	0	0	8.1
197.948	43.6913	158.361	0	0	0	0	8.115
197.836	43.9126	158.251	0	0	0	0	8.13
197.717	44.1119	158.171	0	0	0	0	8.145
197.594	44.2868	158.12	0	0	0	0	8.16
197.465	44.4354	158.099	0	0	0	0	8.175
197.334	44.556	158.11	0	0	0	0	8.19
197.2	44.6471	158.153	0	0	0	0	8.205
197.065	44.7076	158.228	0	0	0	0	8.22
196.93	44.7366	158.334	0	0	0	0	8.235
196.796	44.7338	158.47	0	0	0	0	8.25
196.665	44.699	158.636	0	0	0	0	8.265
196.537	44.6324	158.831	0	0	0	0	8.28
196.414	44.5347	159.051	0	0	0	0	8.295
196.296	44.4068	159.297	0	0	0	0	8.31
196.186	44.2499	159.564	0	0	0	0	8.325
196.083	44.0656	159.852	0	0	0	0	8.34
195.988	43.8557	160.156	0	0	0	0	8.355
195.903	43.6223	160.475	0	0	0	0	8.37
195.828	43.3676	160.804	0	0	0	0	8.385
195.764	43.0941	161.142	0	0	0	0	8.4
195.71	42.8044	161.485	0	0	0	0	8.415
195.669	42.5012	161.83	0	0	0	0	8.43
195.639	42.1873	162.174	0	0	0	0	8.445
195.621	41.8657	162.513	0	0	0	0	8.46
195.616	41.539	162.845	0	0	0	0	8.475
195.622	41.2103	163.168	0	0	0	0	8.49
195.641	40.8821	163.477	0	0	0	0	8.505
195.671	40.5574	163.772	0	0	0	0	8.52
195.713	40.2387	164.049	0	0	0	0	8.535
195.765	39.9285	164.306	0	0	0	0	8.55
195.829	39.6292	164.542	0	0	0	0	8.565
195.902	39.3432	164.755	0	0	0	0	8.58
195.985	39.0723	164.943	0	0	0	0	8.595
196.076	38.8187	165.105	0	0	0	0	8.61
196.175	38.5841	165.24	0	0	0	0	8.625
196.282	38.37	165.348	0	0	0	0	8.64
196.394	38.178	165.428	0	0	0	0	8.655
196.512	38.0091	165.479	0	0	0	0	8.67
196.635	37.8646	165.501	0	0	0	0	8.685
196.76	37.7452	165.495	0	0	0	0	8.7
196.888	37.6516	165.46	0	0	0	0	8.715
197.018	37.5844	165.398	0	0	0	0	8.73
197.148	37.544	165.308	0	0	0	0	8.745
197.278	37.5304	165.192	0	0	0	0	8.76
197.406	37.5437	165.051	0	0	0	0	8.775
197.531	37.5836	164.885	0	0	0	0	8.79
197.653	37.6498	164.697	0	0	0	0	8.805
197.771	37.7417	164.488	0	0	0	0	8.82
197.883	37.8585	164.258	0	0	0	0	8.835
197.989	37.9994	164.011	0	0	0	0	8.85
198.089	38.1631	163.748	0	0	0	0	8.865
198.181	38.3484	163.471	0	0	0	0	8.88
198.264	38.5539	163.182	0	0	0	0	8.895
198.338	38.7778	162.884	0	0	0	0	8.91
198.403	39.0183	162.578	0	0	0	0	8.925
198.458	39.2734	162.268	0	0	0	0	8.94
198.503	39.5409	161.956	0	0	0	0	8.955
198.537	39.8185	161.645	0	0	0	0	8.97
198.559	40.1038	161.337	0	0	0	0	8.985
198.571	40.3942	161.034	0	0	0	0	9
198.572	40.6869	160.741	0	0	0	0	9.015
198.562	40.9793	160.458	0	0	0	0	9.03
198.542	41.2685	160.19	0	0	0	0	9.045
198.511	41.5516	159.938	0	0	0	0	9.06
198.47	41.8258	159.705	0	0	0	0	9.075
198.419	42.0883	159.493	0	0	0	0	9.09
198.36	42.3363	159.304	0	0	0	0	9.105
198.292	42.5672	159.141	0	0	0	0	9.12
198.217	42.7786	159.004	0	0	0	0	9.135
198.135	42.9679	158.897	0	0	0	0	9.15
198.048	43.1333	158.819	0	0	0	0	9.165
197.956	43.2727	158.771	0	0	0	0	9.18
197.861	43.3845	158.755	0	0	0	0	9.195
197.763	43.4674	158.769	0	0	0	0	9.21
197.664	43.5204	158.816	0	0	0	0	9.225
197.565	43.5428	158.893	0	0	0	0	9.24
197.466	43.5342	159	0	0	0	0	9.255
197.37	43.4946	159.136	0	0	0	0	9.27
197.277	43.4244	159.299	0	0	0	0	9.285
197.188	43.3242	159.488	0	0	0	0	9.3
197.104	43.195	159.701	0	0	0	0	9.315
197.027	43.0381	159.935	0	0	0	0	9.33
196.957	42.8551	160.188	0	0	0	0	9.345
196.895	42.6478	160.457	0	0	0	0	9.36
196.841	42.4182	160.74	0	0	0	0	9.375
196.798	42.1688	161.034	0	0	0	0	9.39
196.764	41.9018	161.334	0	0	0	0	9.405
196.741	41.6199	161.639	0	0	0	0	9.42
196.728	41.3257	161.946	0	0	0	0	9.435
196.727	41.0221	162.251	0	0	0	0	9.45
196.737	40.7117	162.551	0	0	0	0	9.465
196.759	40.3974	162.844	0	0	0	0	9.48
196.792	40.0819	163.126	0	0	0	0	9.495
196.836	39.768	163.396	0	0	0	0	9.51
196.891	39.4583	163.651	0	0	0	0	9.525
196.956	39.1553	163.888	0	0	0	0	9.54
197.032	38.8615	164.106	0	0	0	0	9.555
197.118	38.5791	164.303	0	0	0	0	9.57
197.212	38.3103	164.477	0	0	0	0	9.585
197.316	38.0573	164.627	0	0	0	0	9.6
197.427	37.8216	164.752	0	0	0	0	9.615
197.545	37.6052	164.85	0	0	0	0	9.63
197.669	37.4095	164.921	0	0	0	0	9.645
197.799	37.2358	164.966	0	0	0	0	9.66
197.933	37.0854	164.982	0	0	0	0	9.675
198.07	36.9591	164.97	0	0	0	0	9.69
198.211	36.8579	164.931	0	0	0	0	9.705
198.352	36.7823	164.865	0	0	0	0	9.72
198.495	36.7329	164.772	0	0	0	0	9.735
198.637	36.7099	164.653	0	0	0	0	9.75
198.778	36.7135	164.509	0	0	0	0	9.765
198.917	36.7435	164.34	0	0	0	0	9.78
199.052	36.7998	164.148	0	0	0	0	9.795
199.183	36.8819	163.935	0	0	0	0	9.81
199.309	36.9892	163.702	0	0	0	0	9.825
199.429	37.1209	163.45	0	0	0	0	9.84
199.542	37.2761	163.181	0	0	0	0	9.855
199.648	37.4536	162.898	0	0	0	0	9.87
199.746	37.6522	162.602	0	0	0	0	9.885
199.834	37.8702	162.296	0	0	0	0	9.9
199.913	38.106	161.981	0	0	0	0	9.915
199.982	38.3577	161.66	0	0	0	0	9.93
200.041	38.6234	161.336	0	0	0	0	9.945
200.088	38.9008	161.011	0	0	0	0	9.96
200.124	39.1876	160.688	0	0	0	0	9.975
200.15	39.4814	160.369	0	0	0	0	9.99
200.163	39.7794	160.057	0	0	0	0	10.005
200.166	40.0791	159.755	0	0	0	0	10.02
200.157	40.3777	159.466	0	0	0	0	10.035
200.137	40.6724	159.191	0	0	0	0	10.05
200.106	40.9604	158.934	0	0	0	0	10.065
200.065	41.2387	158.696	0	0	0	0	10.08
200.015	41.5047	158.481	0	0	0	0	10.095
199.955	41.7556	158.289	0	0	0	0	10.11
199.887	41.9889	158.124	0	0	0	0	10.125
199.811	42.202	157.987	0	0	0	0	10.14
199.729	42.3927	157.878	0	0	0	0	10.155
199.641	42.559	157.8	0	0	0	0	10.17
199.549	42.6991	157.752	0	0	0	0	10.185
199.452	42.8113	157.736	0	0	0	0	10.2
199.354	42.8945	157.752	0	0	0	0	10.215
199.254	42.9477	157.799	0	0	0	0	10.23
199.153	42.9703	157.876	0	0	0	0	10.245
199.054	42.962	157.984	0	0	0	0	10.26
198.957	42.923	158.12	0	0	0	0	10.275
198.863	42.8536	158.284	0	0	0	0	10.29
198.773	42.7546	158.472	0	0	0	0	10.305
198.688	42.6271	158.684	0	0	0	0	10.32
198.61	42.4723	158.918	0	0	0	0	10.335
198.539	42.2921	159.169	0	0	0	0	10.35
198.476	42.0882	159.436	0	0	0	0	10.365
198.422	41.8627	159.716	0	0	0	0	10.38
198.377	41.6181	160.005	0	0	0	0	10.395
198.341	41.3567	160.302	0	0	0	0	10.41
198.317	41.0811	160.602	0	0	0	0	10.425
198.303	40.7942	160.903	0	0	0	0	10.44
198.3	40.4985	161.202	0	0	0	0	10.455
198.308	40.1969	161.495	0	0	0	0	10.47
198.327	39.8921	161.781	0	0	0	0	10.485
198.357	39.5869	162.056	0	0	0	0	10.5
198.399	39.284	162.317	0	0	0	0	10.515
198.45	38.986	162.564	0	0	0	0	10.53
198.513	38.6954	162.792	0	0	0	0	10.545
198.585	38.4145	163.001	0	0	0	0	10.56
198.666	38.1457	163.188	0	0	0	0	10.575
198.756	37.8911	163.353	0	0	0	0	10.59
198.855	37.6525	163.493	0	0	0	0	10.605
198.96	37.4319	163.608	0	0	0	0	10.62
199.072	37.2308	163.697	0	0	0	0	10.635
199.19	37.0508	163.759	0	0	0	0	10.65
199.313	36.8931	163.793	0	0	0	0	10.665
199.44	36.7589	163.801	0	0	0	0	10.68
199.57	36.649	163.781	0	0	0	0	10.695
199.702	36.5643	163.733	0	0	0	0	10.71
199.836	36.5054	163.659	0	0	0	0	10.725
199.969	36.4727	163.558	0	0	0	0	10.74
200.102	36.4664	163.432	0	0	0	0	10.755
200.232	36.4866	163.281	0	0	0	0	10.77
200.36	36.5331	163.107	0	0	0	0	10.785
200.485	36.6058	162.91	0	0	0	0	10.8
200.604	36.7041	162.692	0	0	0	0	10.815
200.718	36.8274	162.454	0	0	0	0	10.83
200.826	36.9748	162.199	0	0	0	0	10.845
200.926	37.1454	161.928	0	0	0	0	10.86
201.019	37.3379	161.643	0	0	0	0	10.875
201.102	37.551	161.347	0	0	0	0	10.89
201.177	37.7831	161.04	0	0	0	0	10.905
201.241	38.0324	160.727	0	0	0	0	10.92
201.295	38.2971	160.408	0	0	0	0	10.935
201.338	38.5751	160.087	0	0	0	0	10.95
201.37	38.8641	159.766	0	0	0	0	10.965
201.391	39.1618	159.447	0	0	0	0	10.98
201.4	39.4655	159.135	0	0	0	0	10.995
201.397	39.7728	158.83	0	0	0	0	11.01
201.383	40.0809	158.536	0	0	0	0	11.025
201.358	40.3869	158.256	0	0	0	0	11.04
201.321	40.6881	157.991	0	0	0	0	11.055
201.273	40.9816	157.745	0	0	0	0	11.07
201.216	41.2645	157.52	0	0	0	0	11.085
201.149	41.5341	157.317	0	0	0	0	11.1
201.072	41.7876	157.14	0	0	0	0	11.115
200.988	42.0226	156.99	0	0	0	0	11.13
200.896	42.2366	156.868	0	0	0	0	11.145
200.797	42.4273	156.776	0	0	0	0	11.16
200.693	42.5928	156.714	0	0	0	0	11.175
200.585	42.7313	156.684	0	0	0	0	11.19
200.473	42.8413	156.686	0	0	0	0	11.205
200.359	42.9217	156.719	0	0	0	0	11.22
200.244	42.9717	156.784	0	0	0	0	11.235
200.129	42.9907	156.88	0	0	0	0	11.25
200.015	42.9785	157.006	0	0	0	0	11.265
199.904	42.9354	157.16	0	0	0	0	11.28
199.797	42.8619	157.341	0	0	0	0	11.295
199.694	42.7588	157.548	0	0	0	0	11.31
199.596	42.6273	157.776	0	0	0	0	11.325
199.505	42.4689	158.026	0	0	0	0	11.34
199.422	42.2853	158.293	0	0	0	0	11.355
199.347	42.0784	158.575	0	0	0	0	11.37
199.281	41.8505	158.868	0	0	0	0	11.385
199.225	41.604	159.171	0	0	0	0	11.4
199.179	41.3413	159.48	0	0	0	0	11.415
199.143	41.0652	159.792	0	0	0	0	11.43
199.118	40.7784	160.103	0	0	0	0	11.445
199.105	40.4835	160.412	0	0	0	0	11.46
199.103	40.1836	160.714	0	0	0	0	11.475
199.112	39.8812	161.007	0	0	0	0	11.49
199.132	39.5793	161.289	0	0	0	0	11.505
199.163	39.2803	161.557	0	0	0	0	11.52
199.205	38.9871	161.808	0	0	0	0	11.535
199.257	38.7019	162.041	0	0	0	0	11.55
199.319	38.4273	162.254	0	0	0	0	11.565
199.39	38.1653	162.445	0	0	0	0	11.58
199.469	37.9182	162.612	0	0	0	0	11.595
199.557	37.6879	162.755	0	0	0	0	11.61
199.652	37.476	162.872	0	0	0	0	11.625
199.754	37.2842	162.962	0	0	0	0	11.64
199.861	37.114	163.025	0	0	0	0	11.655
199.973	36.9665	163.061	0	0	0	0	11.67
200.088	36.8429	163.069	0	0	0	0	11.685
200.206	36.744	163.05	0	0	0	0	11.7
200.326	36.6706	163.003	0	0	0	0	11.715
200.447	36.6232	162.929	0	0	0	0	11.73
200.568	36.6022	162.829	0	0	0	0	11.745
200.688	36.6078	162.704	0	0	0	0	11.76
200.806	36.6399	162.554	0	0	0	0	11.775
200.921	36.6985	162.381	0	0	0	0	11.79
201.031	36.7831	162.186	0	0	0	0	11.805
201.137	36.8933	161.97	0	0	0	0	11.82
201.237	37.0283	161.735	0	0	0	0	11.835
201.33	37.1872	161.483	0	0	0	0	11.85
201.416	37.369	161.215	0	0	0	0	11.865
201.493	37.5724	160.935	0	0	0	0	11.88
201.562	37.7959	160.643	0	0	0	0	11.895
201.621	38.038	160.342	0	0	0	0	11.91
201.669	38.2967	160.034	0	0	0	0	11.925
201.708	38.5702	159.722	0	0	0	0	11.94
201.735	38.8563	159.409	0	0	0	0	11.955
201.751	39.1526	159.096	0	0	0	0	11.97
201.756	39.4568	158.788	0	0	0	0	11.985
201.748	39.7662	158.485	0	0	0	0	12
201.73	40.0781	158.192	0	0	0	0	12.015
201.7	40.3899	157.91	0	0	0	0	12.03
201.658	40.6986	157.643	0	0	0	0	12.045
201.606	41.0014	157.393	0	0	0	0	12.06
201.543	41.2954	157.162	0	0	0	0	12.075
201.47	41.5778	156.953	0	0	0	0	12.09
201.387	41.8459	156.767	0	0	0	0	12.105
201.296	42.0968	156.608	0	0	0	0	12.12
201.196	42.3281	156.476	0	0	0	0	12.135
201.09	42.5374	156.373	0	0	0	0	12.15
200.978	42.7225	156.3	0	0	0	0	12.165
200.86	42.8816	156.258	0	0	0	0	12.18
200.739	43.0129	156.248	0	0	0	0	12.195
200.614	43.115	156.271	0	0	0	0	12.21
200.488	43.1869	156.325	0	0	0	0	12.225
200.362	43.2279	156.41	0	0	0	0	12.24
200.236	43.2376	156.527	0	0	0	0	12.255
200.111	43.2158	156.673	0	0	0	0	12.27
199.99	43.163	156.847	0	0	0	0	12.285
199.873	43.0798	157.047	0	0	0	0	12.3
199.761	42.9671	157.272	0	0	0	0	12.315
199.655	42.8261	157.519	0	0	0	0	12.33
199.556	42.6586	157.786	0	0	0	0	12.345
199.465	42.4663	158.069	0	0	0	0	12.36
199.383	42.2512	158.366	0	0	0	0	12.375
199.31	42.0158	158.674	0	0	0	0	12.39
199.247	41.7623	158.991	0	0	0	0	12.405
199.195	41.4935	159.312	0	0	0	0	12.42
199.153	41.2119	159.635	0	0	0	0	12.435
199.123	40.9205	159.956	0	0	0	0	12.45
199.104	40.6219	160.274	0	0	0	0	12.465
199.097	40.3191	160.584	0	0	0	0	12.48
199.101	40.0147	160.884	0	0	0	0	12.495
199.116	39.7116	161.172	0	0	0	0	12.51
199.143	39.4124	161.445	0	0	0	0	12.525
199.18	39.1197	161.701	0	0	0	0	12.54
199.227	38.8359	161.937	0	0	0	0	12.555
199.284	38.5635	162.152	0	0	0	0	12.57
199.351	38.3045	162.345	0	0	0	0	12.585
199.426	38.061	162.513	0	0	0	0	12.6
199.509	37.835	162.656	0	0	0	0	12.615
199.599	37.6281	162.773	0	0	0	0	12.63
199.696	37.4418	162.863	0	0	0	0	12.645
199.797	37.2776	162.925	0	0	0	0	12.66
199.904	37.1367	162.96	0	0	0	0	12.675
200.014	37.02	162.966	0	0	0	0	12.69
200.126	36.9284	162.945	0	0	0	0	12.705
200.24	36.8626	162.897	0	0	0	0	12.72
200.355	36.8231	162.822	0	0	0	0	12.735
200.47	36.8101	162.72	0	0	0	0	12.75
200.583	36.8238	162.593	0	0	0	0	12.765
200.694	36.8642	162.442	0	0	0	0	12.78
200.801	36.931	162.268	0	0	0	0	12.795
200.905	37.0238	162.072	0	0	0	0	12.81
201.003	37.142	161.855	0	0	0	0	12.825
201.095	37.2848	161.62	0	0	0	0	12.84
201.18	37.4513	161.368	0	0	0	0	12.855
201.258	37.6403	161.102	0	0	0	0	12.87
201.327	37.8505	160.822	0	0	0	0	12.885
201.387	38.0803	160.532	0	0	0	0	12.9
201.438	38.3281	160.234	0	0	0	0	12.915
201.478	38.592	159.93	0	0	0	0	12.93
201.508	38.8699	159.622	0	0	0	0	12.945
201.526	39.1597	159.314	0	0	0	0	12.96
201.534	39.4589	159.007	0	0	0	0	12.975
201.53	39.765	158.705	0	0	0	0	12.99
201.514	40.0755	158.41	0	0	0	0	13.005
201.487	40.3876	158.126	0	0	0	0	13.02
201.448	40.6984	157.853	0	0	0	0	13.035
201.399	41.0052	157.596	0	0	0	0	13.05
201.338	41.3051	157.357	0	0	0	0	13.065
201.267	41.5951	157.137	0	0	0	0	13.08
201.187	41.8724	156.941	0	0	0	0	13.095
201.097	42.1343	156.768	0	0	0	0	13.11
200.999	42.3782	156.623	0	0	0	0	13.125
200.893	42.6015	156.505	0	0	0	0	13.14
200.781	42.802	156.417	0	0	0	0	13.155
200.663	42.9775	156.359	0	0	0	0	13.17
200.541	43.1261	156.333	0	0	0	0	13.185
200.415	43.2464	156.339	0	0	0	0	13.2
200.286	43.337	156.377	0	0	0	0	13.215
200.157	43.397	156.446	0	0	0	0	13.23
200.027	43.4258	156.547	0	0	0	0	13.245
199.898	43.4231	156.679	0	0	0	0	13.26
199.772	43.3889	156.839	0	0	0	0	13.275
199.649	43.3237	157.027	0	0	0	0	13.29
199.531	43.2283	157.241	0	0	0	0	13.305
199.418	43.1037	157.478	0	0	0	0	13.32
199.312	42.9513	157.737	0	0	0	0	13.335
199.213	42.7729	158.014	0	0	0	0	13.35
199.123	42.5702	158.307	0	0	0	0	13.365
199.041	42.3455	158.613	0	0	0	0	13.38
198.97	42.1012	158.929	0	0	0	0	13.395
198.909	41.8397	159.252	0	0	0	0	13.41
198.858	41.5637	159.578	0	0	0	0	13.425
198.819	41.2758	159.905	0	0	0	0	13.44
198.791	40.979	160.23	0	0	0	0	13.455
198.775	40.6761	160.549	0	0	0	0	13.47
198.77	40.3698	160.86	0	0	0	0	13.485
198.776	40.0629	161.161	0	0	0	0	13.5
198.794	39.7582	161.448	0	0	0	0	13.515
198.823	39.4583	161.718	0	0	0	0	13.53
198.863	39.1658	161.971	0	0	0	0	13.545
198.913	38.883	162.204	0	0	0	0	13.56
198.972	38.6124	162.415	0	0	0	0	13.575
199.041	38.3559	162.603	0	0	0	0	13.59
199.118	38.1157	162.766	0	0	0	0	13.605
199.203	37.8936	162.903	0	0	0	0	13.62
199.295	37.6911	163.014	0	0	0	0	13.635
199.393	37.5099	163.097	0	0	0	0	13.65
199.496	37.3512	163.152	0	0	0	0	13.665
199.604	37.2161	163.18	0	0	0	0	13.68
199.715	37.1057	163.18	0	0	0	0	13.695
199.828	37.0206	163.151	0	0	0	0	13.71
199.942	36.9616	163.096	0	0	0	0	13.725
200.057	36.929	163.014	0	0	0	0	13.74
200.172	36.923	162.905	0	0	0	0	13.755
200.284	36.9438	162.772	0	0	0	0	13.77
200.395	36.9912	162.614	0	0	0	0	13.785
200.501	37.065	162.434	0	0	0	0	13.8
200.603	37.1646	162.232	0	0	0	0	13.815
200.7	37.2894	162.011	0	0	0	0	13.83
200.791	37.4385	161.771	0	0	0	0	13.845
200.874	37.6109	161.515	0	0	0	0	13.86
200.95	37.8055	161.245	0	0	0	0	13.875
201.017	38.0207	160.963	0	0	0	0	13.89
201.074	38.2551	160.671	0	0	0	0	13.905
201.122	38.5068	160.371	0	0	0	0	13.92
201.16	38.7739	160.066	0	0	0	0	13.935
201.187	39.0543	159.759	0	0	0	0	13.95
201.203	39.3457	159.451	0	0	0	0	13.965
201.208	39.6458	159.147	0	0	0	0	13.98
201.201	39.9519	158.847	0	0	0	0	13.995
201.183	40.2614	158.556	0	0	0	0	14.01
201.153	40.5716	158.275	0	0	0	0	14.025
201.112	40.8796	158.008	0	0	0	0	14.04
201.06	41.1825	157.757	0	0	0	0	14.055
200.998	41.4775	157.525	0	0	0	0	14.07
200.925	41.7617	157.313	0	0	0	0	14.085
200.843	42.0322	157.124	0	0	0	0	14.1
200.752	42.2865	156.961	0	0	0	0	14.115
200.654	42.5218	156.825	0	0	0	0	14.13
200.547	42.7358	156.717	0	0	0	0	14.145
200.435	42.9261	156.639	0	0	0	0	14.16
200.317	43.0909	156.592	0	0	0	0	14.175
200.196	43.2283	156.576	0	0	0	0	14.19
200.071	43.3368	156.593	0	0	0	0	14.205
199.944	43.4153	156.641	0	0	0	0	14.22
199.816	43.463	156.721	0	0	0	0	14.235
199.689	43.4794	156.832	0	0	0	0	14.25
199.563	43.4642	156.973	0	0	0	0	14.265
199.44	43.4178	157.142	0	0	0	0	14.28
199.321	43.3406	157.339	0	0	0	0	14.295
199.207	43.2335	157.56	0	0	0	0	14.31
199.098	43.0976	157.804	0	0	0	0	14.325
198.997	42.9346	158.068	0	0	0	0	14.34
198.903	42.7461	158.35	0	0	0	0	14.355
198.819	42.5342	158.647	0	0	0	0	14.37
198.743	42.3011	158.956	0	0	0	0	14.385
198.677	42.0491	159.274	0	0	0	0	14.4
198.622	41.7809	159.597	0	0	0	0	14.415
198.578	41.4992	159.923	0	0	0	0	14.43
198.545	41.2066	160.249	0	0	0	0	14.445
198.523	40.906	160.571	0	0	0	0	14.46
198.513	40.6002	160.887	0	0	0	0	14.475
198.515	40.292	161.193	0	0	0	0	14.49
198.528	39.9842	161.488	0	0	0	0	14.505
198.552	39.6795	161.769	0	0	0	0	14.52
198.587	39.3805	162.032	0	0	0	0	14.535
198.633	39.0897	162.278	0	0	0	0	14.55
198.689	38.8095	162.502	0	0	0	0	14.565
198.754	38.5422	162.704	0	0	0	0	14.58
198.828	38.2897	162.882	0	0	0	0	14.595
198.911	38.0542	163.035	0	0	0	0	14.61
199	37.8372	163.162	0	0	0	0	14.625
199.097	37.6406	163.262	0	0	0	0	14.64
199.199	37.4655	163.335	0	0	0	0	14.655
199.307	37.3135	163.38	0	0	0	0	14.67
199.418	37.1854	163.397	0	0	0	0	14.685
199.532	37.0822	163.386	0	0	0	0	14.7
199.649	37.0046	163.347	0	0	0	0	14.715
199.766	36.9532	163.281	0	0	0	0	14.73
199.883	36.9283	163.188	0	0	0	0	14.745
200	36.9301	163.07	0	0	0	0	14.76
200.115	36.9586	162.927	0	0	0	0	14.775
200.226	37.0136	162.76	0	0	0	0	14.79
200.334	37.0948	162.571	0	0	0	0	14.805
200.437	37.2017	162.361	0	0	0	0	14.82
200.535	37.3334	162.132	0	0	0	0	14.835
200.626	37.4892	161.885	0	0	0	0	14.85
200.709	37.6679	161.623	0	0	0	0	14.865
200.785	37.8682	161.347	0	0	0	0	14.88
200.851	38.0886	161.06	0	0	0	0	14.895
200.909	38.3277	160.764	0	0	0	0	14.91
200.956	38.5834	160.46	0	0	0	0	14.925
200.993	38.8538	160.153	0	0	0	0	14.94
201.019	39.1368	159.844	0	0	0	0	14.955
201.034	39.43	159.536	0	0	0	0	14.97
201.038	39.731	159.231	0	0	0	0	14.985
