S	I	R	e	d	dI	f	t
300	100	0	0	0	0	0	0
297.02	98.9901	3.98987	0	0	0	0	0.01
294.124	97.9632	7.91247	0	0	0	0	0.02
291.307	96.9191	11.7741	0	0	0	0	0.03
288.566	95.8594	15.5744	0	0	0	0	0.04
285.901	94.7856	19.3131	0	0	0	0	0.05
283.311	93.699	22.9899	0	0	0	0	0.06
280.794	92.6012	26.6047	0	0	0	0	0.07
278.349	91.4934	30.1573	0	0	0	0	0.08
275.975	90.377	33.6477	0	0	0	0	0.09
273.671	89.2533	37.0759	0	0	0	0	0.1
271.435	88.1234	40.4418	0	0	0	0	0.11
269.266	86.9886	43.7456	0	0	0	0	0.12
267.163	85.8499	46.9875	0	0	0	0	0.13
265.124	84.7086	50.1676	0	0	0	0	0.14
263.148	83.5655	53.286	0	0	0	0	0.15
261.235	82.4218	56.3432	0	0	0	0	0.16
259.382	81.2784	59.3392	0	0	0	0	0.17
257.589	80.1361	62.2746	0	0	0	0	0.18
255.854	78.9959	65.1497	0	0	0	0	0.19
254.177	77.8585	67.9648	0	0	0	0	0.2
252.555	76.7248	70.7204	0	0	0	0	0.21
250.988	75.5955	73.417	0	0	0	0	0.22
249.474	74.4713	76.0549	0	0	0	0	0.23
248.012	73.3528	78.6348	0	0	0	0	0.24
246.602	72.2407	81.1572	0	0	0	0	0.25
245.242	71.1355	83.6226	0	0	0	0	0.26
243.931	70.0379	86.0316	0	0	0	0	0.27
242.667	68.9482	88.3847	0	0	0	0	0.28
241.45	67.8671	90.6827	0	0	0	0	0.29
240.279	66.7949	92.926	0	0	0	0	0.3
239.153	65.732	95.1154	0	0	0	0	0.31
238.07	64.6788	97.2515	0	0	0	0	0.32
237.029	63.6357	99.335	0	0	0	0	0.33
236.03	62.6031	101.366	0	0	0	0	0.34
235.072	61.5811	103.347	0	0	0	0	0.35
234.154	60.5701	105.276	0	0	0	0	0.36
233.274	59.5703	107.156	0	0	0	0	0.37
232.432	58.5819	108.986	0	0	0	0	0.38
231.626	57.6051	110.768	0	0	0	0	0.39
230.857	56.6402	112.503	0	0	0	0	0.4
230.123	55.6871	114.19	0	0	0	0	0.41
229.423	54.7462	115.831	0	0	0	0	0.42
228.757	53.8175	117.426	0	0	0	0	0.43
228.123	52.9011	118.976	0	0	0	0	0.44
227.521	51.997	120.482	0	0	0	0	0.45
226.95	51.1054	121.945	0	0	0	0	0.46
226.409	50.2262	123.364	0	0	0	0	0.47
225.898	49.3595	124.742	0	0	0	0	0.48
225.416	48.5054	126.078	0	0	0	0	0.49
224.962	47.6638	127.374	0	0	0	0	0.5
224.535	46.8348	128.63	0	0	0	0	0.51
224.135	46.0182	129.847	0	0	0	0	0.52
223.761	45.2141	131.025	0	0	0	0	0.53
223.413	44.4225	132.165	0	0	0	0	0.54
223.089	43.6432	133.268	0	0	0	0	0.55
222.789	42.8762	134.334	0	0	0	0	0.56
222.513	42.1215	135.365	0	0	0	0	0.57
222.26	41.379	136.361	0	0	0	0	0.58
222.03	40.6486	137.322	0	0	0	0	0.59
221.821	39.9301	138.249	0	0	0	0	0.6
221.633	39.2236	139.143	0	0	0	0	0.61
221.466	38.5289	140.005	0	0	0	0	0.62
221.32	37.8459	140.834	0	0	0	0	0.63
221.193	37.1745	141.633	0	0	0	0	0.64
221.085	36.5146	142.401	0	0	0	0	0.65
220.996	35.866	143.138	0	0	0	0	0.66
220.925	35.2287	143.847	0	0	0	0	0.67
220.872	34.6024	144.526	0	0	0	0	0.68
220.836	33.9872	145.177	0	0	0	0	0.69
220.817	33.3827	145.801	0	0	0	0	0.7
220.814	32.789	146.397	0	0	0	0	0.71
220.827	32.2059	146.967	0	0	0	0	0.72
220.856	31.6332	147.511	0	0	0	0	0.73
220.9	31.0708	148.029	0	0	0	0	0.74
220.959	30.5185	148.522	0	0	0	0	0.75
221.032	29.9763	148.991	0	0	0	0	0.76
221.12	29.4439	149.437	0	0	0	0	0.77
221.22	28.9212	149.858	0	0	0	0	0.78
221.334	28.4082	150.257	0	0	0	0	0.79
221.462	27.9045	150.634	0	0	0	0	0.8
221.601	27.4102	150.989	0	0	0	0	0.81
221.753	26.925	151.322	0	0	0	0	0.82
221.917	26.4488	151.634	0	0	0	0	0.83
222.092	25.9815	151.926	0	0	0	0	0.84
222.279	25.5228	152.198	0	0	0	0	0.85
222.477	25.0728	152.451	0	0	0	0	0.86
222.685	24.6312	152.684	0	0	0	0	0.87
222.904	24.1979	152.898	0	0	0	0	0.88
223.132	23.7728	153.095	0	0	0	0	0.89
223.371	23.3556	153.273	0	0	0	0	0.9
223.619	22.9464	153.434	0	0	0	0	0.91
223.877	22.5448	153.578	0	0	0	0	0.92
224.144	22.1509	153.705	0	0	0	0	0.93
224.419	21.7645	153.817	0	0	0	0	0.94
224.703	21.3854	153.912	0	0	0	0	0.95
224.995	21.0135	153.991	0	0	0	0	0.96
225.296	20.6487	154.056	0	0	0	0	0.97
225.604	20.2908	154.105	0	0	0	0	0.98
225.92	19.9398	154.141	0	0	0	0	0.99
226.243	19.5955	154.162	0	0	0	0	1
226.573	19.2577	154.169	0	0	0	0	1.01
226.911	18.9264	154.163	0	0	0	0	1.02
227.255	18.6014	154.144	0	0	0	0	1.03
227.606	18.2827	154.112	0	0	0	0	1.04
227.963	17.97	154.067	0	0	0	0	1.05
228.326	17.6634	154.011	0	0	0	0	1.06
228.695	17.3626	153.942	0	0	0	0	1.07
229.071	17.0675	153.862	0	0	0	0	1.08
229.451	16.7781	153.77	0	0	0	0	1.09
229.838	16.4943	153.668	0	0	0	0	1.1
230.229	16.2159	153.555	0	0	0	0	1.11
230.626	15.9428	153.431	0	0	0	0	1.12
231.028	15.6749	153.297	0	0	0	0	1.13
231.435	15.4122	153.153	0	0	0	0	1.14
231.846	15.1545	153	0	0	0	0	1.15
232.262	14.9017	152.836	0	0	0	0	1.16
232.682	14.6537	152.664	0	0	0	0	1.17
233.107	14.4105	152.483	0	0	0	0	1.18
233.535	14.1719	152.293	0	0	0	0	1.19
233.968	13.9379	152.094	0	0	0	0	1.2
234.404	13.7083	151.888	0	0	0	0	1.21
234.844	13.4831	151.673	0	0	0	0	1.22
235.288	13.2622	151.45	0	0	0	0	1.23
235.735	13.0455	151.22	0	0	0	0	1.24
236.185	12.8329	150.982	0	0	0	0	1.25
236.639	12.6244	150.737	0	0	0	0	1.26
237.096	12.4198	150.485	0	0	0	0	1.27
237.555	12.2191	150.226	0	0	0	0	1.28
238.018	12.0222	149.96	0	0	0	0	1.29
238.483	11.829	149.688	0	0	0	0	1.3
238.951	11.6394	149.409	0	0	0	0	1.31
239.422	11.4534	149.125	0	0	0	0	1.32
239.895	11.271	148.834	0	0	0	0	1.33
240.37	11.0919	148.538	0	0	0	0	1.34
240.848	10.9163	148.236	0	0	0	0	1.35
241.328	10.7439	147.928	0	0	0	0	1.36
241.81	10.5748	147.616	0	0	0	0	1.37
242.293	10.4088	147.298	0	0	0	0	1.38
242.779	10.2459	146.975	0	0	0	0	1.39
243.267	10.0861	146.647	0	0	0	0	1.4
243.756	9.92926	146.315	0	0	0	0	1.41
244.247	9.77533	145.978	0	0	0	0	1.42
244.739	9.62426	145.636	0	0	0	0	1.43
245.233	9.47599	145.291	0	0	0	0	1.44
245.729	9.33047	144.941	0	0	0	0	1.45
246.225	9.18765	144.587	0	0	0	0	1.46
246.723	9.04746	144.229	0	0	0	0	1.47
247.222	8.90985	143.868	0	0	0	0	1.48
247.723	8.77478	143.502	0	0	0	0	1.49
248.224	8.64219	143.134	0	0	0	0	1.5
248.726	8.51203	142.762	0	0	0	0	1.51
249.23	8.38425	142.386	0	0	0	0	1.52
249.734	8.25881	142.007	0	0	0	0	1.53
250.239	8.13565	141.626	0	0	0	0	1.54
250.744	8.01474	141.241	0	0	0	0	1.55
251.251	7.89603	140.853	0	0	0	0	1.56
251.758	7.77946	140.463	0	0	0	0	1.57
252.265	7.66501	140.07	0	0	0	0	1.58
252.773	7.55263	139.674	0	0	0	0	1.59
253.282	7.44228	139.276	0	0	0	0	1.6
253.79	7.33391	138.876	0	0	0	0	1.61
254.3	7.22749	138.473	0	0	0	0	1.62
254.809	7.12297	138.068	0	0	0	0	1.63
255.319	7.02033	137.661	0	0	0	0	1.64
255.829	6.91951	137.252	0	0	0	0	1.65
256.339	6.8205	136.84	0	0	0	0	1.66
256.849	6.72325	136.427	0	0	0	0	1.67
257.36	6.62772	136.013	0	0	0	0	1.68
257.87	6.53388	135.596	0	0	0	0	1.69
258.38	6.4417	135.178	0	0	0	0	1.7
258.891	6.35115	134.758	0	0	0	0	1.71
259.401	6.26219	134.337	0	0	0	0	1.72
259.911	6.17479	133.914	0	0	0	0	1.73
260.421	6.08892	133.49	0	0	0	0	1.74
260.931	6.00455	133.065	0	0	0	0	1.75
261.44	5.92166	132.638	0	0	0	0	1.76
261.949	5.8402	132.211	0	0	0	0	1.77
262.458	5.76017	131.782	0	0	0	0	1.78
262.966	5.68151	131.352	0	0	0	0	1.79
263.474	5.60422	130.921	0	0	0	0	1.8
263.982	5.52826	130.49	0	0	0	0	1.81
264.489	5.45361	130.057	0	0	0	0	1.82
264.996	5.38024	129.624	0	0	0	0	1.83
265.502	5.30812	129.19	0	0	0	0	1.84
266.008	5.23724	128.755	0	0	0	0	1.85
266.513	5.16757	128.319	0	0	0	0	1.86
267.018	5.09908	127.883	0	0	0	0	1.87
267.522	5.03175	127.447	0	0	0	0	1.88
268.025	4.96556	127.01	0	0	0	0	1.89
268.527	4.90049	126.572	0	0	0	0	1.9
269.029	4.83652	126.134	0	0	0	0	1.91
269.531	4.77362	125.696	0	0	0	0	1.92
270.031	4.71177	125.257	0	0	0	0	1.93
270.531	4.65096	124.818	0	0	0	0	1.94
271.029	4.59117	124.379	0	0	0	0	1.95
271.527	4.53237	123.94	0	0	0	0	1.96
272.025	4.47454	123.501	0	0	0	0	1.97
272.521	4.41768	123.061	0	0	0	0	1.98
273.016	4.36175	122.622	0	0	0	0	1.99
273.511	4.30675	122.182	0	0	0	0	2
274.005	4.25264	121.743	0	0	0	0	2.01
274.497	4.19943	121.303	0	0	0	0	2.02
274.989	4.14709	120.864	0	0	0	0	2.03
275.48	4.0956	120.424	0	0	0	0	2.04
275.97	4.04495	119.985	0	0	0	0	2.05
276.459	3.99512	119.546	0	0	0	0	2.06
276.946	3.9461	119.108	0	0	0	0	2.07
277.433	3.89787	118.669	0	0	0	0	2.08
277.919	3.85041	118.231	0	0	0	0	2.09
278.403	3.80372	117.793	0	0	0	0	2.1
278.887	3.75778	117.355	0	0	0	0	2.11
279.369	3.71257	116.918	0	0	0	0	2.12
279.851	3.66809	116.481	0	0	0	0	2.13
280.331	3.62431	116.045	0	0	0	0	2.14
280.81	3.58122	115.609	0	0	0	0	2.15
281.288	3.53882	115.173	0	0	0	0	2.16
281.765	3.49709	114.738	0	0	0	0	2.17
282.24	3.45601	114.304	0	0	0	0	2.18
282.714	3.41558	113.87	0	0	0	0	2.19
283.188	3.37579	113.437	0	0	0	0	2.2
283.66	3.33661	113.004	0	0	0	0	2.21
284.13	3.29804	112.572	0	0	0	0	2.22
284.6	3.26008	112.14	0	0	0	0	2.23
285.068	3.2227	111.709	0	0	0	0	2.24
285.535	3.1859	111.279	0	0	0	0	2.25
286.001	3.14967	110.849	0	0	0	0	2.26
286.466	3.11399	110.42	0	0	0	0	2.27
286.929	3.07887	109.992	0	0	0	0	2.28
287.391	3.04428	109.565	0	0	0	0	2.29
287.852	3.01021	109.138	0	0	0	0	2.3
288.311	2.97667	108.712	0	0	0	0	2.31
288.769	2.94363	108.287	0	0	0	0	2.32
289.226	2.9111	107.863	0	0	0	0	2.33
289.681	2.87906	107.44	0	0	0	0	2.34
290.135	2.84749	107.017	0	0	0	0	2.35
290.588	2.81641	106.595	0	0	0	0	2.36
291.04	2.78578	106.175	0	0	0	0	2.37
291.49	2.75562	105.755	0	0	0	0	2.38
291.938	2.7259	105.336	0	0	0	0	2.39
292.386	2.69663	104.917	0	0	0	0	2.4
292.832	2.66779	104.5	0	0	0	0	2.41
293.277	2.63938	104.084	0	0	0	0	2.42
293.72	2.61138	103.669	0	0	0	0	2.43
294.162	2.5838	103.254	0	0	0	0	2.44
294.602	2.55662	102.841	0	0	0	0	2.45
295.042	2.52984	102.429	0	0	0	0	2.46
295.479	2.50345	102.017	0	0	0	0	2.47
295.916	2.47744	101.607	0	0	0	0	2.48
296.351	2.45181	101.197	0	0	0	0	2.49
296.784	2.42655	100.789	0	0	0	0	2.5
297.217	2.40166	100.382	0	0	0	0	2.51
297.647	2.37712	99.9755	0	0	0	0	2.52
298.077	2.35294	99.5703	0	0	0	0	2.53
298.505	2.3291	99.1662	0	0	0	0	2.54
298.931	2.3056	98.7632	0	0	0	0	2.55
299.356	2.28244	98.3612	0	0	0	0	2.56
299.78	2.2596	97.9603	0	0	0	0	2.57
300.202	2.23709	97.5605	0	0	0	0	2.58
300.623	2.2149	97.1618	0	0	0	0	2.59
301.043	2.19301	96.7642	0	0	0	0	2.6
301.461	2.17144	96.3678	0	0	0	0	2.61
301.877	2.15017	95.9724	0	0	0	0	2.62
302.293	2.12919	95.5782	0	0	0	0	2.63
302.706	2.10851	95.1851	0	0	0	0	2.64
303.119	2.08811	94.7932	0	0	0	0	2.65
303.53	2.068	94.4024	0	0	0	0	2.66
303.939	2.04817	94.0128	0	0	0	0	2.67
304.347	2.02861	93.6243	0	0	0	0	2.68
304.754	2.00931	93.237	0	0	0	0	2.69
305.159	1.99028	92.8509	0	0	0	0	2.7
305.563	1.97152	92.466	0	0	0	0	2.71
305.965	1.953	92.0822	0	0	0	0	2.72
306.366	1.93474	91.6996	0	0	0	0	2.73
306.765	1.91673	91.3182	0	0	0	0	2.74
307.163	1.89896	90.938	0	0	0	0	2.75
307.56	1.88143	90.5589	0	0	0	0	2.76
307.955	1.86414	90.1811	0	0	0	0	2.77
308.348	1.84707	89.8045	0	0	0	0	2.78
308.741	1.83024	89.4291	0	0	0	0	2.79
309.132	1.81363	89.0548	0	0	0	0	2.8
309.521	1.79724	88.6818	0	0	0	0	2.81
309.909	1.78107	88.31	0	0	0	0	2.82
310.295	1.76511	87.9395	0	0	0	0	2.83
310.681	1.74937	87.5701	0	0	0	0	2.84
311.064	1.73383	87.202	0	0	0	0	2.85
311.446	1.71849	86.8351	0	0	0	0	2.86
311.827	1.70336	86.4694	0	0	0	0	2.87
312.207	1.68842	86.1049	0	0	0	0	2.88
312.585	1.67368	85.7417	0	0	0	0	2.89
312.961	1.65913	85.3797	0	0	0	0	2.9
313.336	1.64476	85.0189	0	0	0	0	2.91
313.71	1.63059	84.6594	0	0	0	0	2.92
314.082	1.61659	84.3011	0	0	0	0	2.93
314.453	1.60278	83.944	0	0	0	0	2.94
314.823	1.58914	83.5881	0	0	0	0	2.95
315.191	1.57568	83.2335	0	0	0	0	2.96
315.557	1.56238	82.8802	0	0	0	0	2.97
315.923	1.54926	82.5281	0	0	0	0	2.98
316.287	1.5363	82.1772	0	0	0	0	2.99
316.649	1.52351	81.8275	0	0	0	0	3
317.01	1.51088	81.4791	0	0	0	0	3.01
317.37	1.49841	81.1319	0	0	0	0	3.02
317.728	1.48609	80.786	0	0	0	0	3.03
318.085	1.47393	80.4413	0	0	0	0	3.04
318.44	1.46192	80.0979	0	0	0	0	3.05
318.794	1.45005	79.7557	0	0	0	0	3.06
319.147	1.43834	79.4147	0	0	0	0	3.07
319.498	1.42677	79.075	0	0	0	0	3.08
319.848	1.41534	78.7365	0	0	0	0	3.09
320.197	1.40406	78.3992	0	0	0	0	3.1
320.544	1.39291	78.0632	0	0	0	0	3.11
320.89	1.3819	77.7284	0	0	0	0	3.12
321.234	1.37102	77.3949	0	0	0	0	3.13
321.577	1.36028	77.0625	0	0	0	0	3.14
321.919	1.34967	76.7315	0	0	0	0	3.15
322.259	1.33918	76.4016	0	0	0	0	3.16
322.598	1.32882	76.073	0	0	0	0	3.17
322.936	1.31859	75.7456	0	0	0	0	3.18
323.272	1.30848	75.4195	0	0	0	0	3.19
323.607	1.29849	75.0945	0	0	0	0	3.2
323.941	1.28862	74.7708	0	0	0	0	3.21
324.273	1.27887	74.4484	0	0	0	0	3.22
324.604	1.26923	74.1271	0	0	0	0	3.23
324.933	1.25971	73.8071	0	0	0	0	3.24
325.261	1.2503	73.4883	0	0	0	0	3.25
325.588	1.241	73.1707	0	0	0	0	3.26
325.914	1.23181	72.8543	0	0	0	0	3.27
326.238	1.22273	72.5392	0	0	0	0	3.28
326.561	1.21375	72.2252	0	0	0	0	3.29
326.883	1.20488	71.9125	0	0	0	0	3.3
327.203	1.19612	71.601	0	0	0	0	3.31
327.522	1.18745	71.2907	0	0	0	0	3.32
327.84	1.17889	70.9816	0	0	0	0	3.33
328.156	1.17042	70.6737	0	0	0	0	3.34
328.471	1.16205	70.367	0	0	0	0	3.35
328.785	1.15378	70.0615	0	0	0	0	3.36
329.097	1.1456	69.7572	0	0	0	0	3.37
329.408	1.13752	69.4541	0	0	0	0	3.38
329.718	1.12953	69.1522	0	0	0	0	3.39
330.027	1.12163	68.8515	0	0	0	0	3.4
330.334	1.11382	68.552	0	0	0	0	3.41
330.64	1.10609	68.2537	0	0	0	0	3.42
330.945	1.09846	67.9565	0	0	0	0	3.43
331.249	1.09091	67.6605	0	0	0	0	3.44
331.551	1.08344	67.3657	0	0	0	0	3.45
331.852	1.07606	67.0721	0	0	0	0	3.46
332.152	1.06876	66.7797	0	0	0	0	3.47
332.45	1.06154	66.4884	0	0	0	0	3.48
332.747	1.05441	66.1983	0	0	0	0	3.49
333.043	1.04735	65.9094	0	0	0	0	3.5
333.338	1.04037	65.6216	0	0	0	0	3.51
333.632	1.03346	65.335	0	0	0	0	3.52
333.924	1.02664	65.0496	0	0	0	0	3.53
334.215	1.01988	64.7653	0	0	0	0	3.54
334.505	1.01321	64.4821	0	0	0	0	3.55
334.793	1.0066	64.2001	0	0	0	0	3.56
335.081	1.00007	63.9193	0	0	0	0	3.57
335.367	0.993603	63.6396	0	0	0	0	3.58
335.652	0.987211	63.361	0	0	0	0	3.59
335.936	0.980887	63.0836	0	0	0	0	3.6
336.218	0.974631	62.8073	0	0	0	0	3.61
336.499	0.968442	62.5322	0	0	0	0	3.62
336.78	0.96232	62.2581	0	0	0	0	3.63
337.059	0.956264	61.9852	0	0	0	0	3.64
337.336	0.950272	61.7135	0	0	0	0	3.65
337.613	0.944343	61.4428	0	0	0	0	3.66
337.888	0.938478	61.1733	0	0	0	0	3.67
338.162	0.932675	60.9048	0	0	0	0	3.68
338.436	0.926933	60.6375	0	0	0	0	3.69
338.707	0.921251	60.3713	0	0	0	0	3.7
338.978	0.915629	60.1062	0	0	0	0	3.71
339.248	0.910066	59.8422	0	0	0	0	3.72
339.516	0.904562	59.5793	0	0	0	0	3.73
339.783	0.899114	59.3175	0	0	0	0	3.74
340.049	0.893724	59.0568	0	0	0	0	3.75
340.314	0.888389	58.7972	0	0	0	0	3.76
340.578	0.883109	58.5386	0	0	0	0	3.77
340.841	0.877884	58.2812	0	0	0	0	3.78
341.102	0.872713	58.0248	0	0	0	0	3.79
341.363	0.867595	57.7695	0	0	0	0	3.8
341.622	0.86253	57.5153	0	0	0	0	3.81
341.88	0.857516	57.2621	0	0	0	0	3.82
342.137	0.852553	57.01	0	0	0	0	3.83
342.393	0.847641	56.759	0	0	0	0	3.84
342.648	0.842779	56.509	0	0	0	0	3.85
342.902	0.837966	56.2601	0	0	0	0	3.86
343.155	0.833201	56.0122	0	0	0	0	3.87
343.406	0.828485	55.7654	0	0	0	0	3.88
343.657	0.823816	55.5197	0	0	0	0	3.89
343.906	0.819194	55.2749	0	0	0	0	3.9
344.154	0.814618	55.0313	0	0	0	0	3.91
344.401	0.810087	54.7886	0	0	0	0	3.92
344.647	0.805602	54.547	0	0	0	0	3.93
344.892	0.801161	54.3064	0	0	0	0	3.94
345.136	0.796764	54.0669	0	0	0	0	3.95
345.379	0.792411	53.8283	0	0	0	0	3.96
345.621	0.788101	53.5908	0	0	0	0	3.97
345.862	0.783833	53.3543	0	0	0	0	3.98
346.102	0.779607	53.1188	0	0	0	0	3.99
346.34	0.775422	52.8843	0	0	0	0	4
346.578	0.771278	52.6509	0	0	0	0	4.01
346.814	0.767174	52.4184	0	0	0	0	4.02
347.05	0.76311	52.1869	0	0	0	0	4.03
347.284	0.759086	51.9564	0	0	0	0	4.04
347.518	0.755101	51.727	0	0	0	0	4.05
347.75	0.751154	51.4985	0	0	0	0	4.06
347.982	0.747245	51.2709	0	0	0	0	4.07
348.212	0.743373	51.0444	0	0	0	0	4.08
348.442	0.739539	50.8189	0	0	0	0	4.09
348.67	0.735741	50.5943	0	0	0	0	4.1
348.897	0.73198	50.3707	0	0	0	0	4.11
349.124	0.728254	50.148	0	0	0	0	4.12
349.349	0.724563	49.9264	0	0	0	0	4.13
349.573	0.720908	49.7057	0	0	0	0	4.14
349.797	0.717287	49.4859	0	0	0	0	4.15
350.019	0.7137	49.2671	0	0	0	0	4.16
350.241	0.710147	49.0493	0	0	0	0	4.17
350.461	0.706627	48.8324	0	0	0	0	4.18
350.68	0.70314	48.6164	0	0	0	0	4.19
350.899	0.699686	48.4014	0	0	0	0	4.2
351.116	0.696264	48.1873	0	0	0	0	4.21
351.333	0.692873	47.9742	0	0	0	0	4.22
351.549	0.689514	47.762	0	0	0	0	4.23
351.763	0.686186	47.5507	0	0	0	0	4.24
351.977	0.682889	47.3403	0	0	0	0	4.25
352.189	0.679622	47.1309	0	0	0	0	4.26
352.401	0.676386	46.9224	0	0	0	0	4.27
352.612	0.673178	46.7147	0	0	0	0	4.28
352.822	0.67	46.508	0	0	0	0	4.29
353.031	0.666852	46.3023	0	0	0	0	4.3
353.239	0.663731	46.0974	0	0	0	0	4.31
353.446	0.660639	45.8934	0	0	0	0	4.32
353.652	0.657575	45.6903	0	0	0	0	4.33
353.857	0.654539	45.4881	0	0	0	0	4.34
354.062	0.65153	45.2868	0	0	0	0	4.35
354.265	0.648549	45.0864	0	0	0	0	4.36
354.468	0.645594	44.8868	0	0	0	0	4.37
354.669	0.642665	44.6882	0	0	0	0	4.38
354.87	0.639763	44.4904	0	0	0	0	4.39
355.07	0.636886	44.2935	0	0	0	0	4.4
355.269	0.634035	44.0974	0	0	0	0	4.41
355.467	0.631209	43.9022	0	0	0	0	4.42
355.664	0.628409	43.7079	0	0	0	0	4.43
355.86	0.625633	43.5145	0	0	0	0	4.44
356.055	0.622882	43.3219	0	0	0	0	4.45
356.25	0.620154	43.1302	0	0	0	0	4.46
356.443	0.617451	42.9393	0	0	0	0	4.47
356.636	0.614772	42.7492	0	0	0	0	4.48
356.828	0.612115	42.56	0	0	0	0	4.49
357.019	0.609482	42.3717	0	0	0	0	4.5
357.209	0.606872	42.1841	0	0	0	0	4.51
357.398	0.604285	41.9975	0	0	0	0	4.52
357.587	0.60172	41.8116	0	0	0	0	4.53
357.774	0.599177	41.6266	0	0	0	0	4.54
357.961	0.596656	41.4424	0	0	0	0	4.55
358.147	0.594157	41.259	0	0	0	0	4.56
358.332	0.591679	41.0764	0	0	0	0	4.57
358.516	0.589222	40.8946	0	0	0	0	4.58
358.7	0.586787	40.7137	0	0	0	0	4.59
358.882	0.584372	40.5336	0	0	0	0	4.6
359.064	0.581977	40.3542	0	0	0	0	4.61
359.245	0.579603	40.1757	0	0	0	0	4.62
359.425	0.57725	39.998	0	0	0	0	4.63
359.604	0.574916	39.821	0	0	0	0	4.64
359.783	0.572601	39.6449	0	0	0	0	4.65
359.96	0.570307	39.4695	0	0	0	0	4.66
360.137	0.568031	39.2949	0	0	0	0	4.67
360.313	0.565775	39.1212	0	0	0	0	4.68
360.488	0.563537	38.9481	0	0	0	0	4.69
360.663	0.561318	38.7759	0	0	0	0	4.7
360.836	0.559118	38.6044	0	0	0	0	4.71
361.009	0.556936	38.4337	0	0	0	0	4.72
361.181	0.554772	38.2638	0	0	0	0	4.73
361.353	0.552626	38.0947	0	0	0	0	4.74
361.523	0.550497	37.9262	0	0	0	0	4.75
361.693	0.548386	37.7586	0	0	0	0	4.76
361.862	0.546293	37.5917	0	0	0	0	4.77
362.03	0.544217	37.4256	0	0	0	0	4.78
362.198	0.542157	37.2602	0	0	0	0	4.79
362.364	0.540115	37.0955	0	0	0	0	4.8
362.53	0.538089	36.9316	0	0	0	0	4.81
362.695	0.53608	36.7685	0	0	0	0	4.82
362.86	0.534087	36.606	0	0	0	0	4.83
363.024	0.53211	36.4443	0	0	0	0	4.84
363.187	0.530149	36.2833	0	0	0	0	4.85
363.349	0.528204	36.1231	0	0	0	0	4.86
363.51	0.526274	35.9636	0	0	0	0	4.87
363.671	0.52436	35.8048	0	0	0	0	4.88
363.831	0.522462	35.6467	0	0	0	0	4.89
363.99	0.520578	35.4893	0	0	0	0	4.9
364.149	0.51871	35.3327	0	0	0	0	4.91
364.306	0.516856	35.1767	0	0	0	0	4.92
364.463	0.515018	35.0215	0	0	0	0	4.93
364.62	0.513194	34.867	0	0	0	0	4.94
364.775	0.511384	34.7131	0	0	0	0	4.95
364.93	0.509588	34.56	0	0	0	0	4.96
365.085	0.507807	34.4075	0	0	0	0	4.97
365.238	0.50604	34.2558	0	0	0	0	4.98
365.391	0.504287	34.1047	0	0	0	0	4.99
365.543	0.502547	33.9543	0	0	0	0	5
365.695	0.500821	33.8046	0	0	0	0	5.01
365.845	0.499109	33.6556	0	0	0	0	5.02
365.995	0.49741	33.5073	0	0	0	0	5.03
366.145	0.495724	33.3596	0	0	0	0	5.04
366.293	0.494051	33.2126	0	0	0	0	5.05
366.441	0.492391	33.0663	0	0	0	0	5.06
366.589	0.490744	32.9206	0	0	0	0	5.07
366.735	0.489109	32.7756	0	0	0	0	5.08
366.881	0.487488	32.6313	0	0	0	0	5.09
367.027	0.485878	32.4876	0	0	0	0	5.1
367.171	0.484281	32.3446	0	0	0	0	5.11
367.315	0.482697	32.2022	0	0	0	0	5.12
367.458	0.481124	32.0605	0	0	0	0	5.13
367.601	0.479563	31.9194	0	0	0	0	5.14
367.743	0.478014	31.7789	0	0	0	0	5.15
367.884	0.476477	31.6391	0	0	0	0	5.16
368.025	0.474952	31.5	0	0	0	0	5.17
368.165	0.473438	31.3614	0	0	0	0	5.18
368.305	0.471936	31.2235	0	0	0	0	5.19
368.443	0.470444	31.0863	0	0	0	0	5.2
368.581	0.468965	30.9496	0	0	0	0	5.21
368.719	0.467496	30.8136	0	0	0	0	5.22
368.856	0.466038	30.6782	0	0	0	0	5.23
368.992	0.464591	30.5435	0	0	0	0	5.24
369.128	0.463155	30.4093	0	0	0	0	5.25
369.263	0.461729	30.2758	0	0	0	0	5.26
369.397	0.460315	30.1428	0	0	0	0	5.27
369.531	0.45891	30.0105	0	0	0	0	5.28
369.664	0.457516	29.8788	0	0	0	0	5.29
369.796	0.456133	29.7477	0	0	0	0	5.3
369.928	0.454759	29.6172	0	0	0	0	5.31
370.059	0.453396	29.4872	0	0	0	0	5.32
370.19	0.452043	29.3579	0	0	0	0	5.33
370.32	0.450699	29.2292	0	0	0	0	5.34
370.45	0.449365	29.101	0	0	0	0	5.35
370.578	0.448042	28.9735	0	0	0	0	5.36
370.707	0.446727	28.8465	0	0	0	0	5.37
370.834	0.445423	28.7201	0	0	0	0	5.38
370.962	0.444128	28.5943	0	0	0	0	5.39
371.088	0.442842	28.4691	0	0	0	0	5.4
371.214	0.441565	28.3444	0	0	0	0	5.41
371.339	0.440298	28.2204	0	0	0	0	5.42
371.464	0.43904	28.0969	0	0	0	0	5.43
371.588	0.437791	27.9739	0	0	0	0	5.44
371.712	0.436551	27.8515	0	0	0	0	5.45
371.835	0.43532	27.7297	0	0	0	0	5.46
371.957	0.434097	27.6085	0	0	0	0	5.47
372.079	0.432883	27.4878	0	0	0	0	5.48
372.201	0.431678	27.3676	0	0	0	0	5.49
372.321	0.430482	27.248	0	0	0	0	5.5
372.442	0.429294	27.129	0	0	0	0	5.51
372.561	0.428114	27.0105	0	0	0	0	5.52
372.681	0.426943	26.8925	0	0	0	0	5.53
372.799	0.42578	26.7751	0	0	0	0	5.54
372.917	0.424625	26.6583	0	0	0	0	5.55
373.035	0.423479	26.542	0	0	0	0	5.56
373.151	0.42234	26.4262	0	0	0	0	5.57
373.268	0.42121	26.3109	0	0	0	0	5.58
373.384	0.420087	26.1962	0	0	0	0	5.59
373.499	0.418972	26.082	0	0	0	0	5.6
373.614	0.417865	25.9683	0	0	0	0	5.61
373.728	0.416766	25.8552	0	0	0	0	5.62
373.842	0.415674	25.7425	0	0	0	0	5.63
373.955	0.41459	25.6304	0	0	0	0	5.64
374.068	0.413513	25.5189	0	0	0	0	5.65
374.18	0.412444	25.4078	0	0	0	0	5.66
374.291	0.411382	25.2972	0	0	0	0	5.67
374.402	0.410327	25.1872	0	0	0	0	5.68
374.513	0.40928	25.0776	0	0	0	0	5.69
374.623	0.40824	24.9686	0	0	0	0	5.7
374.733	0.407207	24.8601	0	0	0	0	5.71
374.842	0.406181	24.752	0	0	0	0	5.72
374.95	0.405162	24.6445	0	0	0	0	5.73
375.058	0.40415	24.5375	0	0	0	0	5.74
375.166	0.403145	24.4309	0	0	0	0	5.75
375.273	0.402146	24.3249	0	0	0	0	5.76
375.38	0.401155	24.2193	0	0	0	0	5.77
375.486	0.40017	24.1143	0	0	0	0	5.78
375.591	0.399192	24.0097	0	0	0	0	5.79
375.696	0.39822	23.9056	0	0	0	0	5.8
375.801	0.397255	23.802	0	0	0	0	5.81
375.905	0.396296	23.6988	0	0	0	0	5.82
376.008	0.395344	23.5962	0	0	0	0	5.83
376.112	0.394398	23.494	0	0	0	0	5.84
376.214	0.393459	23.3923	0	0	0	0	5.85
376.316	0.392525	23.2911	0	0	0	0	5.86
376.418	0.391598	23.1903	0	0	0	0	5.87
376.519	0.390677	23.09	0	0	0	0	5.88
376.62	0.389763	22.9901	0	0	0	0	5.89
376.72	0.388854	22.8908	0	0	0	0	5.9
376.82	0.387951	22.7919	0	0	0	0	5.91
376.92	0.387054	22.6934	0	0	0	0	5.92
377.018	0.386163	22.5954	0	0	0	0	5.93
377.117	0.385278	22.4979	0	0	0	0	5.94
377.215	0.384399	22.4008	0	0	0	0	5.95
377.312	0.383526	22.3041	0	0	0	0	5.96
377.409	0.382658	22.2079	0	0	0	0	5.97
377.506	0.381796	22.1122	0	0	0	0	5.98
377.602	0.380939	22.0169	0	0	0	0	5.99
377.698	0.380088	21.922	0	0	0	0	6
377.793	0.379243	21.8276	0	0	0	0	6.01
377.888	0.378403	21.7336	0	0	0	0	6.02
377.982	0.377569	21.6401	0	0	0	0	6.03
378.076	0.37674	21.547	0	0	0	0	6.04
378.17	0.375916	21.4543	0	0	0	0	6.05
378.263	0.375097	21.362	0	0	0	0	6.06
378.356	0.374284	21.2702	0	0	0	0	6.07
378.448	0.373476	21.1788	0	0	0	0	6.08
378.539	0.372673	21.0878	0	0	0	0	6.09
378.631	0.371876	20.9973	0	0	0	0	6.1
378.722	0.371083	20.9072	0	0	0	0	6.11
378.812	0.370296	20.8175	0	0	0	0	6.12
378.902	0.369513	20.7282	0	0	0	0	6.13
378.992	0.368736	20.6393	0	0	0	0	6.14
379.081	0.367963	20.5508	0	0	0	0	6.15
379.17	0.367195	20.4628	0	0	0	0	6.16
379.258	0.366433	20.3752	0	0	0	0	6.17
379.346	0.365675	20.2879	0	0	0	0	6.18
379.434	0.364921	20.2011	0	0	0	0	6.19
379.521	0.364173	20.1147	0	0	0	0	6.2
379.608	0.363429	20.0287	0	0	0	0	6.21
379.694	0.36269	19.943	0	0	0	0	6.22
379.78	0.361955	19.8578	0	0	0	0	6.23
379.866	0.361225	19.773	0	0	0	0	6.24
379.951	0.3605	19.6886	0	0	0	0	6.25
380.036	0.359779	19.6045	0	0	0	0	6.26
380.12	0.359063	19.5209	0	0	0	0	6.27
380.204	0.358351	19.4376	0	0	0	0	6.28
380.288	0.357643	19.3548	0	0	0	0	6.29
380.371	0.35694	19.2723	0	0	0	0	6.3
380.454	0.356241	19.1902	0	0	0	0	6.31
380.536	0.355546	19.1085	0	0	0	0	6.32
380.618	0.354856	19.0272	0	0	0	0	6.33
380.7	0.35417	18.9462	0	0	0	0	6.34
380.781	0.353488	18.8656	0	0	0	0	6.35
380.862	0.352811	18.7854	0	0	0	0	6.36
380.942	0.352137	18.7056	0	0	0	0	6.37
381.022	0.351468	18.6261	0	0	0	0	6.38
381.102	0.350803	18.5471	0	0	0	0	6.39
381.182	0.350141	18.4683	0	0	0	0	6.4
381.261	0.349484	18.39	0	0	0	0	6.41
381.339	0.348831	18.312	0	0	0	0	6.42
381.417	0.348181	18.2344	0	0	0	0	6.43
381.495	0.347536	18.1571	0	0	0	0	6.44
381.573	0.346895	18.0803	0	0	0	0	6.45
381.65	0.346257	18.0037	0	0	0	0	6.46
381.727	0.345623	17.9275	0	0	0	0	6.47
381.803	0.344993	17.8517	0	0	0	0	6.48
381.879	0.344367	17.7762	0	0	0	0	6.49
381.955	0.343745	17.7011	0	0	0	0	6.5
382.031	0.343126	17.6264	0	0	0	0	6.51
382.106	0.342511	17.5519	0	0	0	0	6.52
382.18	0.341899	17.4779	0	0	0	0	6.53
382.255	0.341292	17.4042	0	0	0	0	6.54
382.329	0.340687	17.3308	0	0	0	0	6.55
382.402	0.340087	17.2577	0	0	0	0	6.56
382.475	0.33949	17.185	0	0	0	0	6.57
382.548	0.338896	17.1127	0	0	0	0	6.58
382.621	0.338306	17.0407	0	0	0	0	6.59
382.693	0.33772	16.969	0	0	0	0	6.6
382.765	0.337137	16.8976	0	0	0	0	6.61
382.837	0.336557	16.8266	0	0	0	0	6.62
382.908	0.335981	16.7559	0	0	0	0	6.63
382.979	0.335408	16.6856	0	0	0	0	6.64
383.05	0.334839	16.6156	0	0	0	0	6.65
383.12	0.334273	16.5459	0	0	0	0	6.66
383.19	0.33371	16.4765	0	0	0	0	6.67
383.259	0.33315	16.4075	0	0	0	0	6.68
383.329	0.332594	16.3388	0	0	0	0	6.69
383.398	0.332041	16.2704	0	0	0	0	6.7
383.466	0.331491	16.2023	0	0	0	0	6.71
383.535	0.330944	16.1345	0	0	0	0	6.72
383.603	0.3304	16.0671	0	0	0	0	6.73
383.67	0.32986	15.9999	0	0	0	0	6.74
383.738	0.329322	15.9331	0	0	0	0	6.75
383.805	0.328788	15.8666	0	0	0	0	6.76
383.871	0.328257	15.8004	0	0	0	0	6.77
383.938	0.327729	15.7346	0	0	0	0	6.78
384.004	0.327204	15.669	0	0	0	0	6.79
384.07	0.326681	15.6037	0	0	0	0	6.8
384.135	0.326162	15.5388	0	0	0	0	6.81
384.2	0.325646	15.4741	0	0	0	0	6.82
384.265	0.325133	15.4097	0	0	0	0	6.83
384.33	0.324622	15.3457	0	0	0	0	6.84
384.394	0.324115	15.2819	0	0	0	0	6.85
384.458	0.32361	15.2185	0	0	0	0	6.86
384.522	0.323108	15.1553	0	0	0	0	6.87
384.585	0.322609	15.0925	0	0	0	0	6.88
384.648	0.322113	15.0299	0	0	0	0	6.89
384.711	0.32162	14.9676	0	0	0	0	6.9
384.773	0.321129	14.9056	0	0	0	0	6.91
384.835	0.320642	14.844	0	0	0	0	6.92
384.897	0.320156	14.7826	0	0	0	0	6.93
384.959	0.319674	14.7214	0	0	0	0	6.94
385.02	0.319194	14.6606	0	0	0	0	6.95
385.081	0.318717	14.6001	0	0	0	0	6.96
385.142	0.318243	14.5398	0	0	0	0	6.97
385.202	0.317771	14.4798	0	0	0	0	6.98
385.263	0.317302	14.4201	0	0	0	0	6.99
385.322	0.316836	14.3607	0	0	0	0	7
385.382	0.316372	14.3016	0	0	0	0	7.01
385.441	0.31591	14.2427	0	0	0	0	7.02
385.5	0.315451	14.1841	0	0	0	0	7.03
385.559	0.314995	14.1258	0	0	0	0	7.04
385.618	0.314541	14.0678	0	0	0	0	7.05
385.676	0.31409	14.01	0	0	0	0	7.06
385.734	0.313641	13.9525	0	0	0	0	7.07
385.791	0.313194	13.8953	0	0	0	0	7.08
385.849	0.31275	13.8384	0	0	0	0	7.09
385.906	0.312309	13.7817	0	0	0	0	7.1
385.963	0.31187	13.7252	0	0	0	0	7.11
386.019	0.311433	13.6691	0	0	0	0	7.12
386.076	0.310998	13.6132	0	0	0	0	7.13
386.132	0.310566	13.5576	0	0	0	0	7.14
386.188	0.310137	13.5022	0	0	0	0	7.15
386.243	0.309709	13.4471	0	0	0	0	7.16
386.299	0.309284	13.3922	0	0	0	0	7.17
386.354	0.308861	13.3376	0	0	0	0	7.18
386.408	0.308441	13.2833	0	0	0	0	7.19
386.463	0.308023	13.2292	0	0	0	0	7.2
386.517	0.307607	13.1754	0	0	0	0	7.21
386.571	0.307193	13.1218	0	0	0	0	7.22
386.625	0.306781	13.0684	0	0	0	0	7.23
386.678	0.306372	13.0154	0	0	0	0	7.24
386.731	0.305964	12.9625	0	0	0	0	7.25
386.784	0.305559	12.91	0	0	0	0	7.26
386.837	0.305156	12.8576	0	0	0	0	7.27
386.89	0.304756	12.8055	0	0	0	0	7.28
386.942	0.304357	12.7537	0	0	0	0	7.29
386.994	0.30396	12.7021	0	0	0	0	7.3
387.046	0.303566	12.6507	0	0	0	0	7.31
387.097	0.303174	12.5996	0	0	0	0	7.32
387.148	0.302783	12.5487	0	0	0	0	7.33
387.2	0.302395	12.4981	0	0	0	0	7.34
387.25	0.302009	12.4477	0	0	0	0	7.35
387.301	0.301625	12.3975	0	0	0	0	7.36
387.351	0.301242	12.3476	0	0	0	0	7.37
387.401	0.300862	12.2979	0	0	0	0	7.38
387.451	0.300484	12.2485	0	0	0	0	7.39
387.501	0.300108	12.1992	0	0	0	0	7.4
387.55	0.299733	12.1502	0	0	0	0	7.41
387.599	0.299361	12.1015	0	0	0	0	7.42
387.648	0.298991	12.0529	0	0	0	0	7.43
387.697	0.298622	12.0046	0	0	0	0	7.44
387.745	0.298255	11.9565	0	0	0	0	7.45
387.793	0.297891	11.9087	0	0	0	0	7.46
387.841	0.297528	11.861	0	0	0	0	7.47
387.889	0.297167	11.8136	0	0	0	0	7.48
387.937	0.296808	11.7664	0	0	0	0	7.49
387.984	0.29645	11.7195	0	0	0	0	7.5
388.031	0.296095	11.6727	0	0	0	0	7.51
388.078	0.295741	11.6262	0	0	0	0	7.52
388.125	0.29539	11.5799	0	0	0	0	7.53
388.171	0.29504	11.5338	0	0	0	0	7.54
388.217	0.294691	11.4879	0	0	0	0	7.55
388.263	0.294345	11.4423	0	0	0	0	7.56
388.309	0.294	11.3968	0	0	0	0	7.57
388.355	0.293657	11.3516	0	0	0	0	7.58
388.4	0.293316	11.3066	0	0	0	0	7.59
388.445	0.292976	11.2618	0	0	0	0	7.6
388.49	0.292638	11.2172	0	0	0	0	7.61
388.535	0.292302	11.1728	0	0	0	0	7.62
388.579	0.291968	11.1286	0	0	0	0	7.63
388.624	0.291635	11.0846	0	0	0	0	7.64
388.668	0.291304	11.0409	0	0	0	0	7.65
388.712	0.290975	10.9973	0	0	0	0	7.66
388.755	0.290647	10.954	0	0	0	0	7.67
388.799	0.290321	10.9108	0	0	0	0	7.68
388.842	0.289996	10.8679	0	0	0	0	7.69
388.885	0.289673	10.8251	0	0	0	0	7.7
388.928	0.289352	10.7826	0	0	0	0	7.71
388.971	0.289032	10.7402	0	0	0	0	7.72
389.013	0.288714	10.6981	0	0	0	0	7.73
389.055	0.288398	10.6561	0	0	0	0	7.74
389.098	0.288083	10.6144	0	0	0	0	7.75
389.139	0.287769	10.5728	0	0	0	0	7.76
389.181	0.287457	10.5315	0	0	0	0	7.77
389.223	0.287147	10.4903	0	0	0	0	7.78
389.264	0.286838	10.4493	0	0	0	0	7.79
389.305	0.286531	10.4086	0	0	0	0	7.8
389.346	0.286225	10.368	0	0	0	0	7.81
389.386	0.285921	10.3276	0	0	0	0	7.82
389.427	0.285618	10.2874	0	0	0	0	7.83
389.467	0.285316	10.2474	0	0	0	0	7.84
389.507	0.285017	10.2075	0	0	0	0	7.85
389.547	0.284718	10.1679	0	0	0	0	7.86
389.587	0.284421	10.1284	0	0	0	0	7.87
389.627	0.284126	10.0892	0	0	0	0	7.88
389.666	0.283831	10.0501	0	0	0	0	7.89
389.705	0.283539	10.0112	0	0	0	0	7.9
389.744	0.283247	9.97246	0	0	0	0	7.91
389.783	0.282957	9.93392	0	0	0	0	7.92
389.822	0.282669	9.89557	0	0	0	0	7.93
389.86	0.282382	9.85739	0	0	0	0	7.94
389.899	0.282096	9.81939	0	0	0	0	7.95
389.937	0.281812	9.78158	0	0	0	0	7.96
389.975	0.281529	9.74394	0	0	0	0	7.97
390.012	0.281247	9.70647	0	0	0	0	7.98
390.05	0.280967	9.66919	0	0	0	0	7.99
390.087	0.280688	9.63207	0	0	0	0	8
390.124	0.28041	9.59514	0	0	0	0	8.01
390.161	0.280134	9.55837	0	0	0	0	8.02
390.198	0.279858	9.52178	0	0	0	0	8.03
390.235	0.279585	9.48536	0	0	0	0	8.04
390.272	0.279312	9.44911	0	0	0	0	8.05
390.308	0.279041	9.41304	0	0	0	0	8.06
390.344	0.278771	9.37713	0	0	0	0	8.07
390.38	0.278502	9.34139	0	0	0	0	8.08
390.416	0.278235	9.30582	0	0	0	0	8.09
390.452	0.277969	9.27041	0	0	0	0	8.1
390.487	0.277704	9.23518	0	0	0	0	8.11
390.522	0.27744	9.2001	0	0	0	0	8.12
390.558	0.277178	9.1652	0	0	0	0	8.13
390.593	0.276917	9.13045	0	0	0	0	8.14
390.627	0.276657	9.09587	0	0	0	0	8.15
390.662	0.276398	9.06146	0	0	0	0	8.16
390.697	0.27614	9.0272	0	0	0	0	8.17
390.731	0.275884	8.99311	0	0	0	0	8.18
390.765	0.275629	8.95917	0	0	0	0	8.19
390.799	0.275375	8.9254	0	0	0	0	8.2
390.833	0.275122	8.89178	0	0	0	0	8.21
390.867	0.27487	8.85832	0	0	0	0	8.22
390.9	0.274619	8.82502	0	0	0	0	8.23
390.934	0.27437	8.79188	0	0	0	0	8.24
390.967	0.274122	8.75889	0	0	0	0	8.25
391	0.273875	8.72605	0	0	0	0	8.26
391.033	0.273629	8.69337	0	0	0	0	8.27
391.066	0.273384	8.66085	0	0	0	0	8.28
391.098	0.27314	8.62848	0	0	0	0	8.29
391.131	0.272897	8.59625	0	0	0	0	8.3
391.163	0.272656	8.56419	0	0	0	0	8.31
391.195	0.272415	8.53227	0	0	0	0	8.32
391.227	0.272176	8.5005	0	0	0	0	8.33
391.259	0.271937	8.46888	0	0	0	0	8.34
391.291	0.2717	8.43741	0	0	0	0	8.35
391.322	0.271464	8.40608	0	0	0	0	8.36
391.354	0.271229	8.37491	0	0	0	0	8.37
391.385	0.270995	8.34388	0	0	0	0	8.38
391.416	0.270762	8.313	0	0	0	0	8.39
391.447	0.27053	8.28226	0	0	0	0	8.4
391.478	0.270299	8.25166	0	0	0	0	8.41
391.509	0.270069	8.22121	0	0	0	0	8.42
391.539	0.26984	8.19091	0	0	0	0	8.43
391.57	0.269612	8.16074	0	0	0	0	8.44
391.6	0.269385	8.13072	0	0	0	0	8.45
391.63	0.269159	8.10084	0	0	0	0	8.46
391.66	0.268935	8.0711	0	0	0	0	8.47
391.69	0.268711	8.04149	0	0	0	0	8.48
391.719	0.268488	8.01203	0	0	0	0	8.49
391.749	0.268266	7.98271	0	0	0	0	8.5
391.778	0.268045	7.95352	0	0	0	0	8.51
391.808	0.267825	7.92447	0	0	0	0	8.52
391.837	0.267606	7.89556	0	0	0	0	8.53
391.866	0.267388	7.86678	0	0	0	0	8.54
391.895	0.267171	7.83814	0	0	0	0	8.55
391.923	0.266955	7.80963	0	0	0	0	8.56
391.952	0.266739	7.78126	0	0	0	0	8.57
391.98	0.266525	7.75302	0	0	0	0	8.58
392.009	0.266312	7.72491	0	0	0	0	8.59
392.037	0.266099	7.69693	0	0	0	0	8.6
392.065	0.265888	7.66909	0	0	0	0	8.61
392.093	0.265677	7.64138	0	0	0	0	8.62
392.121	0.265468	7.61379	0	0	0	0	8.63
392.148	0.265259	7.58634	0	0	0	0	8.64
392.176	0.265051	7.55901	0	0	0	0	8.65
392.203	0.264844	7.53182	0	0	0	0	8.66
392.231	0.264638	7.50475	0	0	0	0	8.67
392.258	0.264432	7.47781	0	0	0	0	8.68
392.285	0.264228	7.45099	0	0	0	0	8.69
392.312	0.264025	7.4243	0	0	0	0	8.7
392.338	0.263822	7.39774	0	0	0	0	8.71
392.365	0.26362	7.3713	0	0	0	0	8.72
392.392	0.263419	7.34498	0	0	0	0	8.73
392.418	0.263219	7.31879	0	0	0	0	8.74
392.444	0.26302	7.29272	0	0	0	0	8.75
392.47	0.262822	7.26678	0	0	0	0	8.76
392.496	0.262624	7.24095	0	0	0	0	8.77
392.522	0.262427	7.21525	0	0	0	0	8.78
392.548	0.262231	7.18967	0	0	0	0	8.79
392.574	0.262036	7.16421	0	0	0	0	8.8
392.599	0.261842	7.13886	0	0	0	0	8.81
392.625	0.261649	7.11364	0	0	0	0	8.82
392.65	0.261456	7.08853	0	0	0	0	8.83
392.675	0.261264	7.06355	0	0	0	0	8.84
392.7	0.261073	7.03868	0	0	0	0	8.85
392.725	0.260883	7.01392	0	0	0	0	8.86
392.75	0.260693	6.98928	0	0	0	0	8.87
392.775	0.260505	6.96476	0	0	0	0	8.88
392.799	0.260317	6.94036	0	0	0	0	8.89
392.824	0.26013	6.91606	0	0	0	0	8.9
392.848	0.259943	6.89189	0	0	0	0	8.91
392.872	0.259758	6.86782	0	0	0	0	8.92
392.897	0.259573	6.84387	0	0	0	0	8.93
392.921	0.259389	6.82003	0	0	0	0	8.94
392.944	0.259206	6.7963	0	0	0	0	8.95
392.968	0.259023	6.77269	0	0	0	0	8.96
392.992	0.258841	6.74918	0	0	0	0	8.97
393.016	0.25866	6.72578	0	0	0	0	8.98
393.039	0.25848	6.7025	0	0	0	0	8.99
393.062	0.2583	6.67932	0	0	0	0	9
393.086	0.258121	6.65626	0	0	0	0	9.01
393.109	0.257943	6.6333	0	0	0	0	9.02
393.132	0.257766	6.61044	0	0	0	0	9.03
393.155	0.257589	6.5877	0	0	0	0	9.04
393.178	0.257413	6.56506	0	0	0	0	9.05
393.2	0.257237	6.54253	0	0	0	0	9.06
393.223	0.257063	6.5201	0	0	0	0	9.07
393.245	0.256889	6.49778	0	0	0	0	9.08
393.268	0.256716	6.47557	0	0	0	0	9.09
393.29	0.256543	6.45345	0	0	0	0	9.1
393.312	0.256371	6.43145	0	0	0	0	9.11
393.334	0.2562	6.40954	0	0	0	0	9.12
393.356	0.25603	6.38774	0	0	0	0	9.13
393.378	0.25586	6.36604	0	0	0	0	9.14
393.4	0.255691	6.34444	0	0	0	0	9.15
393.422	0.255522	6.32294	0	0	0	0	9.16
393.443	0.255354	6.30155	0	0	0	0	9.17
393.465	0.255187	6.28025	0	0	0	0	9.18
393.486	0.255021	6.25905	0	0	0	0	9.19
393.507	0.254855	6.23796	0	0	0	0	9.2
393.528	0.25469	6.21696	0	0	0	0	9.21
393.549	0.254525	6.19606	0	0	0	0	9.22
393.57	0.254361	6.17526	0	0	0	0	9.23
393.591	0.254198	6.15455	0	0	0	0	9.24
393.612	0.254035	6.13394	0	0	0	0	9.25
393.633	0.253873	6.11343	0	0	0	0	9.26
393.653	0.253712	6.09302	0	0	0	0	9.27
393.674	0.253551	6.0727	0	0	0	0	9.28
393.694	0.253391	6.05247	0	0	0	0	9.29
393.714	0.253231	6.03234	0	0	0	0	9.3
393.735	0.253072	6.01231	0	0	0	0	9.31
393.755	0.252914	5.99237	0	0	0	0	9.32
393.775	0.252756	5.97252	0	0	0	0	9.33
393.795	0.252599	5.95277	0	0	0	0	9.34
393.814	0.252443	5.9331	0	0	0	0	9.35
393.834	0.252287	5.91353	0	0	0	0	9.36
393.854	0.252132	5.89405	0	0	0	0	9.37
393.873	0.251977	5.87467	0	0	0	0	9.38
393.893	0.251823	5.85537	0	0	0	0	9.39
393.912	0.251669	5.83616	0	0	0	0	9.4
393.931	0.251516	5.81705	0	0	0	0	9.41
393.951	0.251364	5.79802	0	0	0	0	9.42
393.97	0.251212	5.77908	0	0	0	0	9.43
393.989	0.251061	5.76023	0	0	0	0	9.44
394.008	0.25091	5.74147	0	0	0	0	9.45
394.026	0.25076	5.7228	0	0	0	0	9.46
394.045	0.25061	5.70421	0	0	0	0	9.47
394.064	0.250461	5.68571	0	0	0	0	9.48
394.082	0.250313	5.6673	0	0	0	0	9.49
394.101	0.250165	5.64897	0	0	0	0	9.5
394.119	0.250018	5.63073	0	0	0	0	9.51
394.138	0.249871	5.61258	0	0	0	0	9.52
394.156	0.249725	5.59451	0	0	0	0	9.53
394.174	0.249579	5.57652	0	0	0	0	9.54
394.192	0.249434	5.55862	0	0	0	0	9.55
394.21	0.249289	5.5408	0	0	0	0	9.56
394.228	0.249145	5.52306	0	0	0	0	9.57
394.246	0.249001	5.50541	0	0	0	0	9.58
394.263	0.248858	5.48784	0	0	0	0	9.59
394.281	0.248716	5.47036	0	0	0	0	9.6
394.298	0.248574	5.45295	0	0	0	0	9.61
394.316	0.248432	5.43563	0	0	0	0	9.62
394.333	0.248291	5.41838	0	0	0	0	9.63
394.351	0.248151	5.40122	0	0	0	0	9.64
394.368	0.248011	5.38414	0	0	0	0	9.65
394.385	0.247871	5.36714	0	0	0	0	9.66
394.402	0.247732	5.35021	0	0	0	0	9.67
394.419	0.247594	5.33337	0	0	0	0	9.68
394.436	0.247456	5.3166	0	0	0	0	9.69
394.453	0.247318	5.29992	0	0	0	0	9.7
394.47	0.247181	5.28331	0	0	0	0	9.71
394.486	0.247045	5.26678	0	0	0	0	9.72
394.503	0.246909	5.25032	0	0	0	0	9.73
394.519	0.246773	5.23394	0	0	0	0	9.74
394.536	0.246638	5.21764	0	0	0	0	9.75
394.552	0.246504	5.20142	0	0	0	0	9.76
394.568	0.24637	5.18527	0	0	0	0	9.77
394.585	0.246236	5.16919	0	0	0	0	9.78
394.601	0.246103	5.1532	0	0	0	0	9.79
394.617	0.24597	5.13727	0	0	0	0	9.8
394.633	0.245838	5.12142	0	0	0	0	9.81
394.649	0.245706	5.10565	0	0	0	0	9.82
394.664	0.245575	5.08994	0	0	0	0	9.83
394.68	0.245444	5.07432	0	0	0	0	9.84
394.696	0.245314	5.05876	0	0	0	0	9.85
394.712	0.245184	5.04328	0	0	0	0	9.86
394.727	0.245054	5.02786	0	0	0	0	9.87
394.743	0.244925	5.01253	0	0	0	0	9.88
394.758	0.244797	4.99726	0	0	0	0	9.89
394.773	0.244669	4.98206	0	0	0	0	9.9
394.789	0.244541	4.96694	0	0	0	0	9.91
394.804	0.244414	4.95188	0	0	0	0	9.92
394.819	0.244287	4.9369	0	0	0	0	9.93
394.834	0.24416	4.92198	0	0	0	0	9.94
394.849	0.244034	4.90713	0	0	0	0	9.95
394.864	0.243909	4.89236	0	0	0	0	9.96
394.879	0.243784	4.87765	0	0	0	0	9.97
394.893	0.243659	4.86301	0	0	0	0	9.98
394.908	0.243535	4.84844	0	0	0	0	9.99
