S	I	R	e	d	dI	f	t
300	100	0	0.176	0.16	4	24	0
265.922	103.411	26.6731	0.174243	0.158402	4.13645	21.2737	0.04
235.786	105.698	50.3519	0.172408	0.156734	4.22791	18.8629	0.08
209.334	106.9	71.3574	0.17054	0.155036	4.27598	16.7467	0.12
186.222	107.111	89.9831	0.168659	0.153327	4.28444	14.8978	0.16
166.11	106.446	106.493	0.166782	0.15162	4.25782	13.2888	0.2
148.671	105.026	121.126	0.164922	0.149929	4.20104	11.8937	0.24
133.596	102.976	134.091	0.163092	0.148266	4.11906	10.6877	0.28
120.602	100.416	145.579	0.161303	0.146639	4.01666	9.64812	0.32
109.427	97.4567	155.757	0.159562	0.145056	3.89827	8.75414	0.36
99.8374	94.1969	164.774	0.157876	0.143523	3.76787	7.98699	0.4
91.6249	90.7244	172.762	0.156249	0.142045	3.62898	7.32999	0.44
84.6045	87.1145	179.837	0.154685	0.140622	3.48458	6.76836	0.48
78.6142	83.4302	186.102	0.153185	0.139259	3.33721	6.28914	0.52
73.5125	79.7238	191.649	0.15175	0.137954	3.18895	5.881	0.56
69.1765	76.0378	196.558	0.15038	0.136709	3.04151	5.53412	0.6
65.4996	72.4056	200.901	0.149075	0.135523	2.89623	5.23997	0.64
62.3897	68.8536	204.741	0.147833	0.134394	2.75414	4.99118	0.68
59.7676	65.4015	208.134	0.146653	0.133321	2.61606	4.78141	0.72
57.5648	62.0637	211.129	0.145533	0.132303	2.48255	4.60519	0.76
55.7225	58.8504	213.771	0.144471	0.131338	2.35401	4.4578	0.8
54.19	55.7679	216.099	0.143465	0.130423	2.23072	4.3352	0.84
52.9238	52.8198	218.146	0.142512	0.129556	2.11279	4.23391	0.88
51.8864	50.0073	219.945	0.141609	0.128736	2.00029	4.15091	0.92
51.0454	47.3299	221.523	0.140755	0.127959	1.89319	4.08364	0.96
50.3732	44.7854	222.903	0.139947	0.127225	1.79142	4.02985	1
49.8456	42.3709	224.109	0.139183	0.12653	1.69484	3.98765	1.04
49.442	40.0824	225.159	0.138461	0.125873	1.6033	3.95536	1.08
49.1446	37.9156	226.07	0.137777	0.125252	1.51663	3.93157	1.12
48.9379	35.8657	226.858	0.137131	0.124665	1.43463	3.91503	1.16
48.8086	33.9276	227.537	0.13652	0.124109	1.3571	3.90469	1.2
48.7451	32.0961	228.12	0.135943	0.123584	1.28385	3.8996	1.24
48.7374	30.3662	228.616	0.135397	0.123088	1.21465	3.89899	1.28
48.7769	28.7327	229.036	0.13488	0.122618	1.14931	3.90215	1.32
48.856	27.1905	229.389	0.134392	0.122174	1.08762	3.90848	1.36
48.9683	25.7347	229.683	0.13393	0.121754	1.02939	3.91746	1.4
49.1082	24.3607	229.924	0.133493	0.121357	0.974427	3.92865	1.44
49.2707	23.0638	230.119	0.133079	0.120981	0.922552	3.94165	1.48
49.4516	21.8397	230.273	0.132688	0.120626	0.873588	3.95613	1.52
49.6473	20.6843	230.391	0.132318	0.120289	0.827371	3.97178	1.56
49.8546	19.5935	230.478	0.131968	0.119971	0.783742	3.98836	1.6
50.0707	18.5637	230.538	0.131636	0.119669	0.74255	4.00566	1.64
50.2934	17.5913	230.574	0.131322	0.119384	0.703653	4.02347	1.68
50.5205	16.673	230.59	0.131025	0.119113	0.666919	4.04164	1.72
50.7503	15.8055	230.588	0.130743	0.118857	0.632219	4.06003	1.76
50.9814	14.9859	230.57	0.130477	0.118615	0.599435	4.07851	1.8
51.2125	14.2114	230.54	0.130224	0.118385	0.568455	4.097	1.84
51.4424	13.4793	230.498	0.129985	0.118168	0.539172	4.11539	1.88
51.6703	12.7872	230.447	0.129758	0.117962	0.511489	4.13362	1.92
51.8953	12.1328	230.388	0.129543	0.117767	0.485311	4.15162	1.96
52.1169	11.5138	230.323	0.12934	0.117581	0.46055	4.16935	2
52.3345	10.9281	230.252	0.129147	0.117406	0.437126	4.18676	2.04
52.5476	10.374	230.178	0.128964	0.11724	0.414959	4.20381	2.08
52.756	9.84947	230.1	0.12879	0.117082	0.393979	4.22048	2.12
52.9593	9.35291	230.019	0.128626	0.116933	0.374116	4.23674	2.16
53.1573	8.8827	229.937	0.12847	0.116791	0.355308	4.25258	2.2
53.3499	8.43733	229.854	0.128322	0.116657	0.337493	4.26799	2.24
53.5369	8.01542	229.771	0.128182	0.116529	0.320617	4.28295	2.28
53.7183	7.61562	229.687	0.128049	0.116408	0.304625	4.29746	2.32
53.8941	7.23671	229.604	0.127923	0.116294	0.289468	4.31153	2.36
54.0642	6.87752	229.521	0.127804	0.116185	0.275101	4.32513	2.4
54.2287	6.53694	229.44	0.12769	0.116082	0.261478	4.33829	2.44
54.3876	6.21395	229.36	0.127583	0.115985	0.248558	4.35101	2.48
54.541	5.90759	229.281	0.127481	0.115892	0.236304	4.36328	2.52
54.6889	5.61694	229.204	0.127384	0.115804	0.224678	4.37511	2.56
54.8316	5.34115	229.129	0.127293	0.115721	0.213646	4.38653	2.6
54.969	5.07941	229.056	0.127206	0.115642	0.203176	4.39752	2.64
55.1013	4.83096	228.985	0.127123	0.115567	0.193238	4.4081	2.68
55.2286	4.59509	228.916	0.127045	0.115496	0.183803	4.41829	2.72
55.351	4.37112	228.849	0.126971	0.115428	0.174845	4.42808	2.76
55.4688	4.15842	228.784	0.126901	0.115365	0.166337	4.4375	2.8
55.5819	3.9564	228.722	0.126834	0.115304	0.158256	4.44655	2.84
55.6906	3.76449	228.662	0.126771	0.115247	0.15058	4.45525	2.88
55.7949	3.58216	228.604	0.126712	0.115192	0.143286	4.46359	2.92
55.8951	3.4089	228.548	0.126655	0.115141	0.136356	4.47161	2.96
55.9913	3.24425	228.495	0.126601	0.115092	0.12977	4.4793	3
56.0835	3.08775	228.443	0.12655	0.115046	0.12351	4.48668	3.04
56.172	2.93899	228.394	0.126502	0.115002	0.11756	4.49376	3.08
56.2568	2.79757	228.347	0.126457	0.114961	0.111903	4.50055	3.12
56.3382	2.66311	228.302	0.126414	0.114921	0.106524	4.50706	3.16
56.4162	2.53525	228.259	0.126373	0.114884	0.10141	4.51329	3.2
56.4909	2.41366	228.218	0.126334	0.114849	0.0965463	4.51927	3.24
56.5625	2.29801	228.179	0.126298	0.114816	0.0919205	4.525	3.28
56.6311	2.18802	228.142	0.126263	0.114785	0.0875207	4.53049	3.32
56.6969	2.08338	228.107	0.12623	0.114755	0.0833354	4.53575	3.36
56.7598	1.98384	228.073	0.126199	0.114727	0.0793537	4.54079	3.4
56.8201	1.88914	228.042	0.12617	0.1147	0.0755655	4.54561	3.44
56.8779	1.79903	228.011	0.126143	0.114675	0.071961	4.55023	3.48
56.9332	1.71328	227.983	0.126117	0.114652	0.0685312	4.55466	3.52
56.9862	1.63168	227.956	0.126092	0.114629	0.0652672	4.55889	3.56
57.0369	1.55402	227.93	0.126069	0.114608	0.0621609	4.56295	3.6
57.0854	1.48011	227.906	0.126048	0.114589	0.0592045	4.56683	3.64
57.1319	1.40976	227.884	0.126027	0.11457	0.0563905	4.57055	3.68
57.1764	1.3428	227.862	0.126008	0.114553	0.0537119	4.57411	3.72
57.2191	1.27905	227.842	0.12599	0.114536	0.051162	4.57752	3.76
57.2599	1.21837	227.823	0.125973	0.114521	0.0487346	4.58079	3.8
57.2989	1.16059	227.806	0.125957	0.114506	0.0464236	4.58391	3.84
57.3363	1.10558	227.789	0.125942	0.114493	0.0442233	4.58691	3.88
57.3722	1.05321	227.774	0.125928	0.11448	0.0421283	4.58977	3.92
57.4065	1.00334	227.76	0.125915	0.114468	0.0401336	4.59252	3.96
57.4393	0.955852	227.747	0.125902	0.114457	0.0382341	4.59514	4
57.4708	0.910632	227.734	0.125891	0.114446	0.0364253	4.59766	4.04
57.5009	0.867569	227.723	0.12588	0.114437	0.0347028	4.60007	4.08
57.5298	0.826559	227.713	0.12587	0.114428	0.0330624	4.60238	4.12
57.5574	0.787501	227.703	0.125861	0.114419	0.0315001	4.60459	4.16
57.5839	0.750303	227.694	0.125853	0.114411	0.0300121	4.60671	4.2
57.6093	0.714874	227.687	0.125845	0.114404	0.0285949	4.60874	4.24
57.6336	0.681128	227.679	0.125837	0.114398	0.0272451	4.61069	4.28
57.6569	0.648986	227.673	0.125831	0.114392	0.0259594	4.61255	4.32
57.6793	0.618369	227.667	0.125825	0.114386	0.0247348	4.61434	4.36
57.7007	0.589205	227.662	0.125819	0.114381	0.0235682	4.61606	4.4
57.7213	0.561424	227.658	0.125814	0.114376	0.022457	4.6177	4.44
57.741	0.53496	227.654	0.125809	0.114372	0.0213984	4.61928	4.48
57.7599	0.509749	227.651	0.125805	0.114368	0.02039	4.62079	4.52
57.778	0.485732	227.648	0.125801	0.114365	0.0194293	4.62224	4.56
57.7954	0.462851	227.646	0.125798	0.114362	0.0185141	4.62363	4.6
57.8122	0.441053	227.644	0.125795	0.114359	0.0176421	4.62497	4.64
57.8282	0.420286	227.643	0.125792	0.114357	0.0168115	4.62626	4.68
57.8436	0.400501	227.643	0.12579	0.114355	0.01602	4.62749	4.72
57.8584	0.38165	227.642	0.125788	0.114353	0.015266	4.62867	4.76
57.8726	0.36369	227.643	0.125787	0.114352	0.0145476	4.62981	4.8
57.8863	0.346578	227.643	0.125785	0.11435	0.0138631	4.63091	4.84
57.8995	0.330274	227.644	0.125785	0.11435	0.0132109	4.63196	4.88
57.9121	0.314739	227.646	0.125784	0.114349	0.0125895	4.63297	4.92
57.9243	0.299937	227.647	0.125783	0.114349	0.0119975	4.63394	4.96
57.936	0.285833	227.649	0.125783	0.114348	0.0114333	4.63488	5
57.9473	0.272394	227.652	0.125783	0.114349	0.0108957	4.63578	5.04
57.9581	0.259588	227.654	0.125784	0.114349	0.0103835	4.63665	5.08
57.9686	0.247386	227.657	0.125784	0.114349	0.00989544	4.63749	5.12
57.9787	0.235759	227.661	0.125785	0.11435	0.00943036	4.63829	5.16
57.9884	0.224679	227.664	0.125786	0.114351	0.00898718	4.63907	5.2
57.9978	0.214122	227.668	0.125787	0.114352	0.00856487	4.63982	5.24
58.0068	0.204061	227.672	0.125789	0.114353	0.00816245	4.64054	5.28
58.0155	0.194474	227.676	0.12579	0.114355	0.00777897	4.64124	5.32
58.024	0.185339	227.681	0.125792	0.114356	0.00741354	4.64192	5.36
58.0321	0.176633	227.686	0.125794	0.114358	0.00706531	4.64257	5.4
58.04	0.168336	227.691	0.125796	0.11436	0.00673346	4.6432	5.44
58.0476	0.160431	227.696	0.125798	0.114362	0.00641722	4.64381	5.48
58.055	0.152897	227.701	0.1258	0.114364	0.00611586	4.6444	5.52
58.0621	0.145717	227.707	0.125802	0.114366	0.00582867	4.64497	5.56
58.069	0.138875	227.712	0.125805	0.114368	0.00555499	4.64552	5.6
58.0757	0.132354	227.718	0.125808	0.11437	0.00529417	4.64606	5.64
58.0822	0.12614	227.724	0.12581	0.114373	0.00504561	4.64658	5.68
58.0885	0.120219	227.73	0.125813	0.114376	0.00480874	4.64708	5.72
58.0946	0.114575	227.736	0.125816	0.114378	0.004583	4.64757	5.76
58.1006	0.109197	227.743	0.125819	0.114381	0.00436787	4.64805	5.8
58.1064	0.104071	227.749	0.125822	0.114384	0.00416285	4.64851	5.84
58.112	0.0991865	227.756	0.125826	0.114387	0.00396746	4.64896	5.88
58.1174	0.0945313	227.763	0.125829	0.11439	0.00378125	4.64939	5.92
58.1227	0.0900947	227.77	0.125832	0.114393	0.00360379	4.64982	5.96
58.1279	0.0858665	227.777	0.125836	0.114396	0.00343466	4.65023	6
58.1329	0.081837	227.784	0.125839	0.114399	0.00327348	4.65063	6.04
58.1378	0.0779966	227.791	0.125843	0.114403	0.00311987	4.65103	6.08
58.1426	0.0743367	227.798	0.125847	0.114406	0.00297347	4.65141	6.12
58.1473	0.0708486	227.805	0.12585	0.114409	0.00283394	4.65178	6.16
58.1519	0.0675242	227.813	0.125854	0.114413	0.00270097	4.65215	6.2
58.1563	0.064356	227.82	0.125858	0.114416	0.00257424	4.65251	6.24
58.1607	0.0613365	227.828	0.125862	0.11442	0.00245346	4.65285	6.28
58.1649	0.0584587	227.835	0.125866	0.114424	0.00233835	4.6532	6.32
58.1691	0.0557161	227.843	0.12587	0.114427	0.00222864	4.65353	6.36
58.1732	0.0531022	227.851	0.125874	0.114431	0.00212409	4.65386	6.4
58.1772	0.050611	227.859	0.125878	0.114435	0.00202444	4.65418	6.44
58.1811	0.0482367	227.867	0.125882	0.114438	0.00192947	4.65449	6.48
58.185	0.0459738	227.875	0.125886	0.114442	0.00183895	4.6548	6.52
58.1888	0.0438172	227.883	0.125891	0.114446	0.00175269	4.6551	6.56
58.1925	0.0417617	227.891	0.125895	0.11445	0.00167047	4.6554	6.6
58.1961	0.0398027	227.899	0.125899	0.114454	0.00159211	4.65569	6.64
58.1997	0.0379357	227.907	0.125904	0.114458	0.00151743	4.65598	6.68
58.2032	0.0361562	227.915	0.125908	0.114462	0.00144625	4.65626	6.72
58.2067	0.0344603	227.924	0.125912	0.114466	0.00137841	4.65654	6.76
58.2101	0.0328439	227.932	0.125917	0.11447	0.00131376	4.65681	6.8
58.2135	0.0313034	227.94	0.125921	0.114474	0.00125213	4.65708	6.84
58.2168	0.0298351	227.949	0.125926	0.114478	0.0011934	4.65735	6.88
58.2201	0.0284358	227.957	0.12593	0.114482	0.00113743	4.65761	6.92
58.2233	0.027102	227.965	0.125935	0.114486	0.00108408	4.65787	6.96
58.2265	0.0258309	227.974	0.12594	0.11449	0.00103324	4.65812	7
58.2297	0.0246194	227.982	0.125944	0.114495	0.000984776	4.65837	7.04
58.2328	0.0234647	227.991	0.125949	0.114499	0.000938589	4.65862	7.08
58.2358	0.0223642	227.999	0.125953	0.114503	0.000894568	4.65887	7.12
58.2389	0.0213153	228.008	0.125958	0.114507	0.000852613	4.65911	7.16
58.2419	0.0203157	228.017	0.125963	0.114512	0.000812626	4.65935	7.2
58.2448	0.0193629	228.025	0.125967	0.114516	0.000774515	4.65959	7.24
58.2478	0.0184548	228.034	0.125972	0.11452	0.000738191	4.65982	7.28
58.2507	0.0175893	228.043	0.125977	0.114524	0.000703571	4.66006	7.32
58.2536	0.0167644	228.051	0.125982	0.114529	0.000670575	4.66029	7.36
58.2564	0.0159782	228.06	0.125986	0.114533	0.000639127	4.66052	7.4
58.2593	0.0152288	228.069	0.125991	0.114537	0.000609154	4.66074	7.44
58.2621	0.0145147	228.077	0.125996	0.114542	0.000580586	4.66097	7.48
58.2649	0.013834	228.086	0.126001	0.114546	0.000553359	4.66119	7.52
58.2677	0.0131852	228.095	0.126005	0.11455	0.000527408	4.66141	7.56
58.2704	0.0125669	228.104	0.12601	0.114555	0.000502675	4.66163	7.6
58.2731	0.0119775	228.113	0.126015	0.114559	0.000479102	4.66185	7.64
58.2758	0.0114159	228.122	0.12602	0.114564	0.000456634	4.66207	7.68
58.2785	0.0108805	228.13	0.126025	0.114568	0.00043522	4.66228	7.72
58.2812	0.0103703	228.139	0.12603	0.114572	0.000414811	4.6625	7.76
58.2839	0.00988396	228.148	0.126034	0.114577	0.000395358	4.66271	7.8
58.2865	0.00942046	228.157	0.126039	0.114581	0.000376818	4.66292	7.84
58.2891	0.00897869	228.166	0.126044	0.114586	0.000359148	4.66313	7.88
58.2918	0.00855765	228.175	0.126049	0.11459	0.000342306	4.66334	7.92
58.2944	0.00815634	228.184	0.126054	0.114595	0.000326254	4.66355	7.96
58.2969	0.00777386	228.193	0.126059	0.114599	0.000310955	4.66376	8
58.2995	0.00740932	228.202	0.126064	0.114603	0.000296373	4.66396	8.04
58.3021	0.00706187	228.211	0.126069	0.114608	0.000282475	4.66417	8.08
58.3046	0.00673072	228.22	0.126074	0.114612	0.000269229	4.66437	8.12
58.3072	0.0064151	228.228	0.126079	0.114617	0.000256604	4.66458	8.16
58.3097	0.00611427	228.237	0.126083	0.114621	0.000244571	4.66478	8.2
58.3123	0.00582756	228.246	0.126088	0.114626	0.000233102	4.66498	8.24
58.3148	0.00555429	228.255	0.126093	0.11463	0.000222172	4.66518	8.28
58.3173	0.00529384	228.264	0.126098	0.114635	0.000211753	4.66538	8.32
58.3198	0.00504559	228.273	0.126103	0.114639	0.000201824	4.66558	8.36
58.3223	0.004809	228.282	0.126108	0.114644	0.00019236	4.66578	8.4
58.3248	0.00458349	228.291	0.126113	0.114648	0.00018334	4.66598	8.44
58.3272	0.00436856	228.3	0.126118	0.114653	0.000174742	4.66618	8.48
58.3297	0.00416371	228.309	0.126123	0.114657	0.000166548	4.66638	8.52
58.3322	0.00396847	228.319	0.126128	0.114662	0.000158739	4.66657	8.56
58.3346	0.00378238	228.328	0.126133	0.114666	0.000151295	4.66677	8.6
58.3371	0.00360502	228.337	0.126138	0.114671	0.000144201	4.66697	8.64
58.3395	0.00343597	228.346	0.126143	0.114675	0.000137439	4.66716	8.68
58.342	0.00327485	228.355	0.126148	0.11468	0.000130994	4.66736	8.72
58.3444	0.00312129	228.364	0.126153	0.114685	0.000124852	4.66755	8.76
58.3468	0.00297493	228.373	0.126158	0.114689	0.000118997	4.66775	8.8
58.3493	0.00283543	228.382	0.126163	0.114694	0.000113417	4.66794	8.84
58.3517	0.00270247	228.391	0.126168	0.114698	0.000108099	4.66814	8.88
58.3541	0.00257575	228.4	0.126173	0.114703	0.00010303	4.66833	8.92
58.3565	0.00245497	228.409	0.126178	0.114707	9.81989e-05	4.66852	8.96
58.3589	0.00233986	228.418	0.126183	0.114712	9.35942e-05	4.66871	9
58.3613	0.00223014	228.427	0.126188	0.114716	8.92055e-05	4.66891	9.04
58.3637	0.00212556	228.436	0.126193	0.114721	8.50226e-05	4.6691	9.08
58.3661	0.00202589	228.445	0.126198	0.114725	8.10358e-05	4.66929	9.12
58.3685	0.0019309	228.454	0.126203	0.11473	7.72359e-05	4.66948	9.16
58.3709	0.00184036	228.464	0.126208	0.114735	7.36143e-05	4.66968	9.2
58.3733	0.00175406	228.473	0.126213	0.114739	7.01624e-05	4.66987	9.24
58.3757	0.00167181	228.482	0.126218	0.114744	6.68725e-05	4.67006	9.28
58.3781	0.00159342	228.491	0.126223	0.114748	6.37368e-05	4.67025	9.32
58.3805	0.0015187	228.5	0.126228	0.114753	6.07481e-05	4.67044	9.36
58.3829	0.00144749	228.509	0.126233	0.114757	5.78996e-05	4.67063	9.4
58.3853	0.00137962	228.518	0.126238	0.114762	5.51846e-05	4.67082	9.44
58.3876	0.00131492	228.527	0.126243	0.114766	5.2597e-05	4.67101	9.48
58.39	0.00125327	228.536	0.126248	0.114771	5.01307e-05	4.6712	9.52
58.3924	0.0011945	228.546	0.126253	0.114776	4.778e-05	4.67139	9.56
58.3948	0.00113849	228.555	0.126258	0.11478	4.55396e-05	4.67158	9.6
58.3971	0.00108511	228.564	0.126263	0.114785	4.34042e-05	4.67177	9.64
58.3995	0.00103422	228.573	0.126268	0.114789	4.1369e-05	4.67196	9.68
58.4019	0.000985729	228.582	0.126273	0.114794	3.94292e-05	4.67215	9.72
58.4042	0.000939508	228.591	0.126278	0.114799	3.75803e-05	4.67234	9.76
58.4066	0.000895454	228.6	0.126283	0.114803	3.58182e-05	4.67253	9.8
58.409	0.000853466	228.609	0.126288	0.114808	3.41386e-05	4.67272	9.84
58.4113	0.000813447	228.618	0.126293	0.114812	3.25379e-05	4.67291	9.88
58.4137	0.000775304	228.628	0.126298	0.114817	3.10122e-05	4.6731	9.92
58.4161	0.00073895	228.637	0.126304	0.114821	2.9558e-05	4.67328	9.96
58.4184	0.0007043	228.646	0.126309	0.114826	2.8172e-05	4.67347	10
58.4208	0.000671275	228.655	0.126314	0.114831	2.6851e-05	4.67366	10.04
58.4231	0.000639799	228.664	0.126319	0.114835	2.5592e-05	4.67385	10.08
58.4255	0.000609798	228.673	0.126324	0.11484	2.43919e-05	4.67404	10.12
58.4278	0.000581205	228.682	0.126329	0.114844	2.32482e-05	4.67423	10.16
58.4302	0.000553952	228.691	0.126334	0.114849	2.21581e-05	4.67442	10.2
58.4326	0.000527977	228.701	0.126339	0.114853	2.11191e-05	4.6746	10.24
58.4349	0.00050322	228.71	0.126344	0.114858	2.01288e-05	4.67479	10.28
58.4373	0.000479624	228.719	0.126349	0.114863	1.9185e-05	4.67498	10.32
58.4396	0.000457134	228.728	0.126354	0.114867	1.82854e-05	4.67517	10.36
58.442	0.000435699	228.737	0.126359	0.114872	1.7428e-05	4.67536	10.4
58.4443	0.000415269	228.746	0.126364	0.114876	1.66108e-05	4.67555	10.44
58.4467	0.000395797	228.755	0.126369	0.114881	1.58319e-05	4.67573	10.48
58.449	0.000377238	228.765	0.126374	0.114886	1.50895e-05	4.67592	10.52
58.4514	0.000359549	228.774	0.126379	0.11489	1.4382e-05	4.67611	10.56
58.4537	0.00034269	228.783	0.126384	0.114895	1.37076e-05	4.6763	10.6
58.4561	0.000326621	228.792	0.126389	0.114899	1.30649e-05	4.67649	10.64
58.4584	0.000311306	228.801	0.126394	0.114904	1.24522e-05	4.67667	10.68
58.4608	0.000296709	228.81	0.126399	0.114909	1.18684e-05	4.67686	10.72
58.4631	0.000282796	228.819	0.126404	0.114913	1.13118e-05	4.67705	10.76
58.4655	0.000269536	228.829	0.126409	0.114918	1.07814e-05	4.67724	10.8
58.4678	0.000256897	228.838	0.126415	0.114922	1.02759e-05	4.67742	10.84
58.4701	0.000244851	228.847	0.12642	0.114927	9.79405e-06	4.67761	10.88
58.4725	0.00023337	228.856	0.126425	0.114931	9.3348e-06	4.6778	10.92
58.4748	0.000222427	228.865	0.12643	0.114936	8.89709e-06	4.67799	10.96
58.4772	0.000211998	228.874	0.126435	0.114941	8.47991e-06	4.67817	11
58.4795	0.000202057	228.883	0.12644	0.114945	8.08229e-06	4.67836	11.04
58.4819	0.000192583	228.893	0.126445	0.11495	7.70331e-06	4.67855	11.08
58.4842	0.000183552	228.902	0.12645	0.114954	7.3421e-06	4.67874	11.12
58.4866	0.000174946	228.911	0.126455	0.114959	6.99783e-06	4.67893	11.16
58.4889	0.000166742	228.92	0.12646	0.114964	6.6697e-06	4.67911	11.2
58.4913	0.000158924	228.929	0.126465	0.114968	6.35695e-06	4.6793	11.24
58.4936	0.000151472	228.938	0.12647	0.114973	6.05888e-06	4.67949	11.28
58.4959	0.000144369	228.947	0.126475	0.114977	5.77478e-06	4.67968	11.32
58.4983	0.0001376	228.957	0.12648	0.114982	5.504e-06	4.67986	11.36
58.5006	0.000131148	228.966	0.126485	0.114987	5.24591e-06	4.68005	11.4
58.503	0.000124998	228.975	0.12649	0.114991	4.99993e-06	4.68024	11.44
58.5053	0.000119137	228.984	0.126495	0.114996	4.76549e-06	4.68043	11.48
58.5077	0.000113551	228.993	0.1265	0.115	4.54203e-06	4.68061	11.52
58.51	0.000108226	229.002	0.126506	0.115005	4.32906e-06	4.6808	11.56
58.5124	0.000103152	229.012	0.126511	0.11501	4.12607e-06	4.68099	11.6
58.5147	9.83149e-05	229.021	0.126516	0.115014	3.93259e-06	4.68118	11.64
58.517	9.37049e-05	229.03	0.126521	0.115019	3.74819e-06	4.68136	11.68
58.5194	8.9311e-05	229.039	0.126526	0.115023	3.57244e-06	4.68155	11.72
58.5217	8.51232e-05	229.048	0.126531	0.115028	3.40493e-06	4.68174	11.76
58.5241	8.11318e-05	229.057	0.126536	0.115033	3.24527e-06	4.68193	11.8
58.5264	7.73275e-05	229.067	0.126541	0.115037	3.0931e-06	4.68211	11.84
58.5288	7.37016e-05	229.076	0.126546	0.115042	2.94807e-06	4.6823	11.88
58.5311	7.02458e-05	229.085	0.126551	0.115046	2.80983e-06	4.68249	11.92
58.5334	6.6952e-05	229.094	0.126556	0.115051	2.67808e-06	4.68268	11.96
58.5358	6.38126e-05	229.103	0.126561	0.115056	2.5525e-06	4.68286	12
58.5381	6.08204e-05	229.112	0.126566	0.11506	2.43282e-06	4.68305	12.04
58.5405	5.79685e-05	229.121	0.126571	0.115065	2.31874e-06	4.68324	12.08
58.5428	5.52504e-05	229.131	0.126576	0.115069	2.21002e-06	4.68342	12.12
58.5452	5.26597e-05	229.14	0.126581	0.115074	2.10639e-06	4.68361	12.16
58.5475	5.01905e-05	229.149	0.126586	0.115079	2.00762e-06	4.6838	12.2
58.5498	4.7837e-05	229.158	0.126592	0.115083	1.91348e-06	4.68399	12.24
58.5522	4.5594e-05	229.167	0.126597	0.115088	1.82376e-06	4.68417	12.28
58.5545	4.34561e-05	229.176	0.126602	0.115092	1.73824e-06	4.68436	12.32
58.5569	4.14184e-05	229.186	0.126607	0.115097	1.65674e-06	4.68455	12.36
58.5592	3.94763e-05	229.195	0.126612	0.115102	1.57905e-06	4.68474	12.4
58.5616	3.76253e-05	229.204	0.126617	0.115106	1.50501e-06	4.68492	12.44
58.5639	3.5861e-05	229.213	0.126622	0.115111	1.43444e-06	4.68511	12.48
58.5662	3.41795e-05	229.222	0.126627	0.115115	1.36718e-06	4.6853	12.52
58.5686	3.25768e-05	229.231	0.126632	0.11512	1.30307e-06	4.68549	12.56
58.5709	3.10493e-05	229.241	0.126637	0.115125	1.24197e-06	4.68567	12.6
58.5733	2.95934e-05	229.25	0.126642	0.115129	1.18374e-06	4.68586	12.64
58.5756	2.82057e-05	229.259	0.126647	0.115134	1.12823e-06	4.68605	12.68
58.578	2.68832e-05	229.268	0.126652	0.115138	1.07533e-06	4.68624	12.72
58.5803	2.56226e-05	229.277	0.126657	0.115143	1.0249e-06	4.68642	12.76
58.5826	2.44212e-05	229.286	0.126662	0.115148	9.76847e-07	4.68661	12.8
58.585	2.32761e-05	229.296	0.126667	0.115152	9.31043e-07	4.6868	12.84
58.5873	2.21847e-05	229.305	0.126673	0.115157	8.87386e-07	4.68699	12.88
58.5897	2.11444e-05	229.314	0.126678	0.115161	8.45777e-07	4.68717	12.92
58.592	2.0153e-05	229.323	0.126683	0.115166	8.06118e-07	4.68736	12.96
58.5944	1.9208e-05	229.332	0.126688	0.115171	7.68319e-07	4.68755	13
58.5967	1.83073e-05	229.341	0.126693	0.115175	7.32293e-07	4.68774	13.04
58.5991	1.74489e-05	229.351	0.126698	0.11518	6.97956e-07	4.68792	13.08
58.6014	1.66307e-05	229.36	0.126703	0.115184	6.65228e-07	4.68811	13.12
58.6037	1.58509e-05	229.369	0.126708	0.115189	6.34036e-07	4.6883	13.16
58.6061	1.51076e-05	229.378	0.126713	0.115194	6.04306e-07	4.68849	13.2
58.6084	1.43992e-05	229.387	0.126718	0.115198	5.7597e-07	4.68867	13.24
58.6108	1.37241e-05	229.397	0.126723	0.115203	5.48963e-07	4.68886	13.28
58.6131	1.30805e-05	229.406	0.126728	0.115208	5.23222e-07	4.68905	13.32
58.6155	1.24672e-05	229.415	0.126733	0.115212	4.98688e-07	4.68924	13.36
58.6178	1.18826e-05	229.424	0.126738	0.115217	4.75305e-07	4.68942	13.4
58.6202	1.13254e-05	229.433	0.126743	0.115221	4.53017e-07	4.68961	13.44
58.6225	1.07944e-05	229.442	0.126749	0.115226	4.31776e-07	4.6898	13.48
58.6248	1.02882e-05	229.452	0.126754	0.115231	4.1153e-07	4.68999	13.52
58.6272	9.80582e-06	229.461	0.126759	0.115235	3.92233e-07	4.69018	13.56
58.6295	9.34603e-06	229.47	0.126764	0.11524	3.73841e-07	4.69036	13.6
58.6319	8.90779e-06	229.479	0.126769	0.115244	3.56312e-07	4.69055	13.64
58.6342	8.49011e-06	229.488	0.126774	0.115249	3.39604e-07	4.69074	13.68
58.6366	8.09201e-06	229.497	0.126779	0.115254	3.2368e-07	4.69093	13.72
58.6389	7.71257e-06	229.507	0.126784	0.115258	3.08503e-07	4.69111	13.76
58.6413	7.35093e-06	229.516	0.126789	0.115263	2.94037e-07	4.6913	13.8
58.6436	7.00624e-06	229.525	0.126794	0.115267	2.8025e-07	4.69149	13.84
58.646	6.67772e-06	229.534	0.126799	0.115272	2.67109e-07	4.69168	13.88
58.6483	6.3646e-06	229.543	0.126804	0.115277	2.54584e-07	4.69186	13.92
58.6506	6.06617e-06	229.553	0.126809	0.115281	2.42647e-07	4.69205	13.96
58.653	5.78172e-06	229.562	0.126814	0.115286	2.31269e-07	4.69224	14
58.6553	5.51062e-06	229.571	0.12682	0.11529	2.20425e-07	4.69243	14.04
58.6577	5.25223e-06	229.58	0.126825	0.115295	2.10089e-07	4.69261	14.08
58.66	5.00595e-06	229.589	0.12683	0.1153	2.00238e-07	4.6928	14.12
58.6624	4.77122e-06	229.598	0.126835	0.115304	1.90849e-07	4.69299	14.16
58.6647	4.5475e-06	229.608	0.12684	0.115309	1.819e-07	4.69318	14.2
58.6671	4.33427e-06	229.617	0.126845	0.115314	1.73371e-07	4.69337	14.24
58.6694	4.13103e-06	229.626	0.12685	0.115318	1.65241e-07	4.69355	14.28
58.6718	3.93733e-06	229.635	0.126855	0.115323	1.57493e-07	4.69374	14.32
58.6741	3.75271e-06	229.644	0.12686	0.115327	1.50108e-07	4.69393	14.36
58.6765	3.57674e-06	229.654	0.126865	0.115332	1.4307e-07	4.69412	14.4
58.6788	3.40903e-06	229.663	0.12687	0.115337	1.36361e-07	4.6943	14.44
58.6811	3.24918e-06	229.672	0.126875	0.115341	1.29967e-07	4.69449	14.48
58.6835	3.09683e-06	229.681	0.12688	0.115346	1.23873e-07	4.69468	14.52
58.6858	2.95161e-06	229.69	0.126885	0.11535	1.18065e-07	4.69487	14.56
58.6882	2.81321e-06	229.699	0.126891	0.115355	1.12529e-07	4.69505	14.6
58.6905	2.6813e-06	229.709	0.126896	0.11536	1.07252e-07	4.69524	14.64
58.6929	2.55558e-06	229.718	0.126901	0.115364	1.02223e-07	4.69543	14.68
58.6952	2.43574e-06	229.727	0.126906	0.115369	9.74298e-08	4.69562	14.72
58.6976	2.32153e-06	229.736	0.126911	0.115374	9.28613e-08	4.69581	14.76
58.6999	2.21268e-06	229.745	0.126916	0.115378	8.8507e-08	4.69599	14.8
58.7023	2.10892e-06	229.755	0.126921	0.115383	8.4357e-08	4.69618	14.84
58.7046	2.01004e-06	229.764	0.126926	0.115387	8.04015e-08	4.69637	14.88
58.707	1.91579e-06	229.773	0.126931	0.115392	7.66314e-08	4.69656	14.92
58.7093	1.82595e-06	229.782	0.126936	0.115397	7.30382e-08	4.69675	14.96
58.7117	1.74034e-06	229.791	0.126941	0.115401	6.96134e-08	4.69693	15
58.714	1.65873e-06	229.801	0.126946	0.115406	6.63492e-08	4.69712	15.04
58.7164	1.58095e-06	229.81	0.126951	0.11541	6.32381e-08	4.69731	15.08
58.7187	1.50682e-06	229.819	0.126957	0.115415	6.02729e-08	4.6975	15.12
58.7211	1.43617e-06	229.828	0.126962	0.11542	5.74467e-08	4.69768	15.16
58.7234	1.36883e-06	229.837	0.126967	0.115424	5.4753e-08	4.69787	15.2
58.7258	1.30464e-06	229.846	0.126972	0.115429	5.21857e-08	4.69806	15.24
58.7281	1.24347e-06	229.856	0.126977	0.115434	4.97387e-08	4.69825	15.28
58.7305	1.18516e-06	229.865	0.126982	0.115438	4.74064e-08	4.69844	15.32
58.7328	1.12959e-06	229.874	0.126987	0.115443	4.51835e-08	4.69862	15.36
58.7351	1.07662e-06	229.883	0.126992	0.115447	4.30649e-08	4.69881	15.4
58.7375	1.02614e-06	229.892	0.126997	0.115452	4.10456e-08	4.699	15.44
58.7398	9.78024e-07	229.902	0.127002	0.115457	3.91209e-08	4.69919	15.48
58.7422	9.32164e-07	229.911	0.127007	0.115461	3.72866e-08	4.69938	15.52
58.7445	8.88455e-07	229.92	0.127012	0.115466	3.55382e-08	4.69956	15.56
58.7469	8.46795e-07	229.929	0.127017	0.11547	3.38718e-08	4.69975	15.6
58.7492	8.07089e-07	229.938	0.127023	0.115475	3.22836e-08	4.69994	15.64
58.7516	7.69245e-07	229.948	0.127028	0.11548	3.07698e-08	4.70013	15.68
58.7539	7.33175e-07	229.957	0.127033	0.115484	2.9327e-08	4.70032	15.72
58.7563	6.98796e-07	229.966	0.127038	0.115489	2.79518e-08	4.7005	15.76
58.7586	6.6603e-07	229.975	0.127043	0.115494	2.66412e-08	4.70069	15.8
58.761	6.34799e-07	229.984	0.127048	0.115498	2.5392e-08	4.70088	15.84
58.7633	6.05034e-07	229.994	0.127053	0.115503	2.42013e-08	4.70107	15.88
58.7657	5.76664e-07	230.003	0.127058	0.115507	2.30665e-08	4.70126	15.92
58.768	5.49624e-07	230.012	0.127063	0.115512	2.1985e-08	4.70144	15.96
58.7704	5.23852e-07	230.021	0.127068	0.115517	2.09541e-08	4.70163	16
58.7727	4.99289e-07	230.03	0.127073	0.115521	1.99715e-08	4.70182	16.04
58.7751	4.75877e-07	230.04	0.127078	0.115526	1.90351e-08	4.70201	16.08
58.7774	4.53563e-07	230.049	0.127084	0.11553	1.81425e-08	4.7022	16.12
58.7798	4.32296e-07	230.058	0.127089	0.115535	1.72918e-08	4.70238	16.16
58.7821	4.12025e-07	230.067	0.127094	0.11554	1.6481e-08	4.70257	16.2
58.7845	3.92705e-07	230.076	0.127099	0.115544	1.57082e-08	4.70276	16.24
58.7868	3.74291e-07	230.086	0.127104	0.115549	1.49717e-08	4.70295	16.28
58.7892	3.56741e-07	230.095	0.127109	0.115554	1.42696e-08	4.70314	16.32
58.7916	3.40013e-07	230.104	0.127114	0.115558	1.36005e-08	4.70332	16.36
58.7939	3.2407e-07	230.113	0.127119	0.115563	1.29628e-08	4.70351	16.4
58.7963	3.08874e-07	230.122	0.127124	0.115567	1.2355e-08	4.7037	16.44
58.7986	2.94391e-07	230.132	0.127129	0.115572	1.17757e-08	4.70389	16.48
58.801	2.80587e-07	230.141	0.127134	0.115577	1.12235e-08	4.70408	16.52
58.8033	2.67431e-07	230.15	0.127139	0.115581	1.06972e-08	4.70426	16.56
58.8057	2.54891e-07	230.159	0.127145	0.115586	1.01956e-08	4.70445	16.6
58.808	2.42939e-07	230.168	0.12715	0.115591	9.71756e-09	4.70464	16.64
58.8104	2.31548e-07	230.178	0.127155	0.115595	9.2619e-09	4.70483	16.68
58.8127	2.2069e-07	230.187	0.12716	0.1156	8.82761e-09	4.70502	16.72
58.8151	2.10342e-07	230.196	0.127165	0.115604	8.41368e-09	4.70521	16.76
58.8174	2.00479e-07	230.205	0.12717	0.115609	8.01917e-09	4.70539	16.8
58.8198	1.91079e-07	230.214	0.127175	0.115614	7.64315e-09	4.70558	16.84
58.8221	1.82119e-07	230.224	0.12718	0.115618	7.28476e-09	4.70577	16.88
58.8245	1.73579e-07	230.233	0.127185	0.115623	6.94318e-09	4.70596	16.92
58.8268	1.6544e-07	230.242	0.12719	0.115628	6.61761e-09	4.70615	16.96
58.8292	1.57683e-07	230.251	0.127195	0.115632	6.30731e-09	4.70633	17
58.8315	1.50289e-07	230.26	0.1272	0.115637	6.01156e-09	4.70652	17.04
58.8339	1.43242e-07	230.27	0.127206	0.115641	5.72968e-09	4.70671	17.08
58.8362	1.36525e-07	230.279	0.127211	0.115646	5.46102e-09	4.7069	17.12
58.8386	1.30124e-07	230.288	0.127216	0.115651	5.20495e-09	4.70709	17.16
58.8409	1.24022e-07	230.297	0.127221	0.115655	4.96089e-09	4.70728	17.2
58.8433	1.18207e-07	230.307	0.127226	0.11566	4.72827e-09	4.70746	17.24
58.8457	1.12664e-07	230.316	0.127231	0.115665	4.50656e-09	4.70765	17.28
58.848	1.07381e-07	230.325	0.127236	0.115669	4.29525e-09	4.70784	17.32
58.8504	1.02346e-07	230.334	0.127241	0.115674	4.09385e-09	4.70803	17.36
58.8527	9.75472e-08	230.343	0.127246	0.115678	3.90189e-09	4.70822	17.4
58.8551	9.29732e-08	230.353	0.127251	0.115683	3.71893e-09	4.70841	17.44
58.8574	8.86137e-08	230.362	0.127256	0.115688	3.54455e-09	4.70859	17.48
58.8598	8.44586e-08	230.371	0.127262	0.115692	3.37834e-09	4.70878	17.52
58.8621	8.04983e-08	230.38	0.127267	0.115697	3.21993e-09	4.70897	17.56
58.8645	7.67237e-08	230.389	0.127272	0.115702	3.06895e-09	4.70916	17.6
58.8668	7.31262e-08	230.399	0.127277	0.115706	2.92505e-09	4.70935	17.64
58.8692	6.96973e-08	230.408	0.127282	0.115711	2.78789e-09	4.70954	17.68
58.8715	6.64292e-08	230.417	0.127287	0.115715	2.65717e-09	4.70972	17.72
58.8739	6.33143e-08	230.426	0.127292	0.11572	2.53257e-09	4.70991	17.76
58.8763	6.03455e-08	230.436	0.127297	0.115725	2.41382e-09	4.7101	17.8
58.8786	5.75159e-08	230.445	0.127302	0.115729	2.30064e-09	4.71029	17.84
58.881	5.4819e-08	230.454	0.127307	0.115734	2.19276e-09	4.71048	17.88
58.8833	5.22485e-08	230.463	0.127312	0.115739	2.08994e-09	4.71067	17.92
58.8857	4.97986e-08	230.472	0.127318	0.115743	1.99194e-09	4.71085	17.96
58.888	4.74635e-08	230.482	0.127323	0.115748	1.89854e-09	4.71104	18
58.8904	4.5238e-08	230.491	0.127328	0.115752	1.80952e-09	4.71123	18.04
58.8927	4.31168e-08	230.5	0.127333	0.115757	1.72467e-09	4.71142	18.08
58.8951	4.1095e-08	230.509	0.127338	0.115762	1.6438e-09	4.71161	18.12
58.8975	3.91681e-08	230.518	0.127343	0.115766	1.56672e-09	4.7118	18.16
58.8998	3.73315e-08	230.528	0.127348	0.115771	1.49326e-09	4.71198	18.2
58.9022	3.5581e-08	230.537	0.127353	0.115776	1.42324e-09	4.71217	18.24
58.9045	3.39126e-08	230.546	0.127358	0.11578	1.3565e-09	4.71236	18.28
58.9069	3.23224e-08	230.555	0.127363	0.115785	1.2929e-09	4.71255	18.32
58.9092	3.08068e-08	230.565	0.127368	0.11579	1.23227e-09	4.71274	18.36
58.9116	2.93623e-08	230.574	0.127374	0.115794	1.17449e-09	4.71293	18.4
58.9139	2.79855e-08	230.583	0.127379	0.115799	1.11942e-09	4.71312	18.44
58.9163	2.66733e-08	230.592	0.127384	0.115803	1.06693e-09	4.7133	18.48
58.9187	2.54226e-08	230.601	0.127389	0.115808	1.0169e-09	4.71349	18.52
58.921	2.42305e-08	230.611	0.127394	0.115813	9.6922e-10	4.71368	18.56
58.9234	2.30943e-08	230.62	0.127399	0.115817	9.23773e-10	4.71387	18.6
58.9257	2.20114e-08	230.629	0.127404	0.115822	8.80458e-10	4.71406	18.64
58.9281	2.09793e-08	230.638	0.127409	0.115827	8.39173e-10	4.71425	18.68
58.9304	1.99956e-08	230.648	0.127414	0.115831	7.99824e-10	4.71443	18.72
58.9328	1.9058e-08	230.657	0.127419	0.115836	7.6232e-10	4.71462	18.76
58.9352	1.81644e-08	230.666	0.127425	0.11584	7.26575e-10	4.71481	18.8
58.9375	1.73127e-08	230.675	0.12743	0.115845	6.92506e-10	4.715	18.84
58.9399	1.65009e-08	230.684	0.127435	0.11585	6.60034e-10	4.71519	18.88
58.9422	1.57271e-08	230.694	0.12744	0.115854	6.29085e-10	4.71538	18.92
58.9446	1.49897e-08	230.703	0.127445	0.115859	5.99588e-10	4.71557	18.96
58.9469	1.42868e-08	230.712	0.12745	0.115864	5.71473e-10	4.71575	19
58.9493	1.36169e-08	230.721	0.127455	0.115868	5.44677e-10	4.71594	19.04
58.9517	1.29784e-08	230.731	0.12746	0.115873	5.19137e-10	4.71613	19.08
58.954	1.23699e-08	230.74	0.127465	0.115878	4.94794e-10	4.71632	19.12
58.9564	1.17898e-08	230.749	0.12747	0.115882	4.71593e-10	4.71651	19.16
58.9587	1.1237e-08	230.758	0.127475	0.115887	4.4948e-10	4.7167	19.2
58.9611	1.07101e-08	230.768	0.127481	0.115891	4.28404e-10	4.71689	19.24
58.9634	1.02079e-08	230.777	0.127486	0.115896	4.08316e-10	4.71708	19.28
58.9658	9.72926e-09	230.786	0.127491	0.115901	3.8917e-10	4.71726	19.32
58.9682	9.27306e-09	230.795	0.127496	0.115905	3.70922e-10	4.71745	19.36
58.9705	8.83824e-09	230.804	0.127501	0.11591	3.5353e-10	4.71764	19.4
58.9729	8.42382e-09	230.814	0.127506	0.115915	3.36953e-10	4.71783	19.44
58.9752	8.02883e-09	230.823	0.127511	0.115919	3.21153e-10	4.71802	19.48
58.9776	7.65235e-09	230.832	0.127516	0.115924	3.06094e-10	4.71821	19.52
58.98	7.29353e-09	230.841	0.127521	0.115929	2.91741e-10	4.7184	19.56
58.9823	6.95154e-09	230.851	0.127526	0.115933	2.78062e-10	4.71858	19.6
58.9847	6.62558e-09	230.86	0.127532	0.115938	2.65023e-10	4.71877	19.64
58.987	6.31491e-09	230.869	0.127537	0.115942	2.52596e-10	4.71896	19.68
58.9894	6.0188e-09	230.878	0.127542	0.115947	2.40752e-10	4.71915	19.72
58.9917	5.73658e-09	230.888	0.127547	0.115952	2.29463e-10	4.71934	19.76
58.9941	5.46759e-09	230.897	0.127552	0.115956	2.18704e-10	4.71953	19.8
58.9965	5.21122e-09	230.906	0.127557	0.115961	2.08449e-10	4.71972	19.84
58.9988	4.96686e-09	230.915	0.127562	0.115966	1.98675e-10	4.71991	19.88
59.0012	4.73397e-09	230.924	0.127567	0.11597	1.89359e-10	4.72009	19.92
59.0035	4.51199e-09	230.934	0.127572	0.115975	1.8048e-10	4.72028	19.96
59.0059	4.30042e-09	230.943	0.127577	0.11598	1.72017e-10	4.72047	20
59.0083	4.09878e-09	230.952	0.127583	0.115984	1.63951e-10	4.72066	20.04
59.0106	3.90659e-09	230.961	0.127588	0.115989	1.56263e-10	4.72085	20.08
59.013	3.72341e-09	230.971	0.127593	0.115993	1.48936e-10	4.72104	20.12
59.0153	3.54882e-09	230.98	0.127598	0.115998	1.41953e-10	4.72123	20.16
59.0177	3.38241e-09	230.989	0.127603	0.116003	1.35296e-10	4.72142	20.2
59.0201	3.22381e-09	230.998	0.127608	0.116007	1.28952e-10	4.72161	20.24
59.0224	3.07265e-09	231.008	0.127613	0.116012	1.22906e-10	4.72179	20.28
59.0248	2.92857e-09	231.017	0.127618	0.116017	1.17143e-10	4.72198	20.32
59.0271	2.79125e-09	231.026	0.127623	0.116021	1.1165e-10	4.72217	20.36
59.0295	2.66037e-09	231.035	0.127629	0.116026	1.06415e-10	4.72236	20.4
59.0319	2.53562e-09	231.045	0.127634	0.116031	1.01425e-10	4.72255	20.44
59.0342	2.41673e-09	231.054	0.127639	0.116035	9.66691e-11	4.72274	20.48
59.0366	2.30341e-09	231.063	0.127644	0.11604	9.21363e-11	4.72293	20.52
59.0389	2.1954e-09	231.072	0.127649	0.116044	8.7816e-11	4.72312	20.56
59.0413	2.09246e-09	231.082	0.127654	0.116049	8.36983e-11	4.7233	20.6
59.0437	1.99434e-09	231.091	0.127659	0.116054	7.97737e-11	4.72349	20.64
59.046	1.90083e-09	231.1	0.127664	0.116058	7.60331e-11	4.72368	20.68
59.0484	1.8117e-09	231.109	0.127669	0.116063	7.24679e-11	4.72387	20.72
59.0508	1.72675e-09	231.119	0.127674	0.116068	6.90699e-11	4.72406	20.76
59.0531	1.64578e-09	231.128	0.12768	0.116072	6.58312e-11	4.72425	20.8
59.0555	1.56861e-09	231.137	0.127685	0.116077	6.27444e-11	4.72444	20.84
59.0578	1.49506e-09	231.146	0.12769	0.116082	5.98023e-11	4.72463	20.88
59.0602	1.42495e-09	231.155	0.127695	0.116086	5.69982e-11	4.72482	20.92
59.0626	1.35814e-09	231.165	0.1277	0.116091	5.43255e-11	4.72501	20.96
59.0649	1.29446e-09	231.174	0.127705	0.116096	5.17782e-11	4.72519	21
59.0673	1.23376e-09	231.183	0.12771	0.1161	4.93503e-11	4.72538	21.04
59.0697	1.17591e-09	231.192	0.127715	0.116105	4.70363e-11	4.72557	21.08
59.072	1.12077e-09	231.202	0.12772	0.116109	4.48308e-11	4.72576	21.12
59.0744	1.06822e-09	231.211	0.127726	0.116114	4.27286e-11	4.72595	21.16
59.0767	1.01813e-09	231.22	0.127731	0.116119	4.07251e-11	4.72614	21.2
59.0791	9.70387e-10	231.229	0.127736	0.116123	3.88155e-11	4.72633	21.24
59.0815	9.24886e-10	231.239	0.127741	0.116128	3.69954e-11	4.72652	21.28
59.0838	8.81518e-10	231.248	0.127746	0.116133	3.52607e-11	4.72671	21.32
59.0862	8.40184e-10	231.257	0.127751	0.116137	3.36073e-11	4.7269	21.36
59.0886	8.00788e-10	231.266	0.127756	0.116142	3.20315e-11	4.72708	21.4
59.0909	7.63239e-10	231.276	0.127761	0.116147	3.05295e-11	4.72727	21.44
59.0933	7.2745e-10	231.285	0.127766	0.116151	2.9098e-11	4.72746	21.48
59.0956	6.9334e-10	231.294	0.127772	0.116156	2.77336e-11	4.72765	21.52
59.098	6.60829e-10	231.303	0.127777	0.116161	2.64332e-11	4.72784	21.56
59.1004	6.29843e-10	231.313	0.127782	0.116165	2.51937e-11	4.72803	21.6
59.1027	6.0031e-10	231.322	0.127787	0.11617	2.40124e-11	4.72822	21.64
59.1051	5.72161e-10	231.331	0.127792	0.116175	2.28865e-11	4.72841	21.68
59.1075	5.45333e-10	231.34	0.127797	0.116179	2.18133e-11	4.7286	21.72
59.1098	5.19762e-10	231.35	0.127802	0.116184	2.07905e-11	4.72879	21.76
59.1122	4.9539e-10	231.359	0.127807	0.116188	1.98156e-11	4.72898	21.8
59.1146	4.72162e-10	231.368	0.127812	0.116193	1.88865e-11	4.72916	21.84
59.1169	4.50022e-10	231.377	0.127818	0.116198	1.80009e-11	4.72935	21.88
59.1193	4.2892e-10	231.387	0.127823	0.116202	1.71568e-11	4.72954	21.92
59.1216	4.08808e-10	231.396	0.127828	0.116207	1.63523e-11	4.72973	21.96
59.124	3.89639e-10	231.405	0.127833	0.116212	1.55856e-11	4.72992	22
59.1264	3.71369e-10	231.414	0.127838	0.116216	1.48548e-11	4.73011	22.04
59.1287	3.53956e-10	231.424	0.127843	0.116221	1.41582e-11	4.7303	22.08
59.1311	3.37359e-10	231.433	0.127848	0.116226	1.34943e-11	4.73049	22.12
59.1335	3.2154e-10	231.442	0.127853	0.11623	1.28616e-11	4.73068	22.16
59.1358	3.06463e-10	231.451	0.127858	0.116235	1.22585e-11	4.73087	22.2
59.1382	2.92093e-10	231.461	0.127864	0.11624	1.16837e-11	4.73106	22.24
59.1406	2.78397e-10	231.47	0.127869	0.116244	1.11359e-11	4.73125	22.28
59.1429	2.65343e-10	231.479	0.127874	0.116249	1.06137e-11	4.73143	22.32
59.1453	2.52901e-10	231.489	0.127879	0.116254	1.0116e-11	4.73162	22.36
59.1477	2.41042e-10	231.498	0.127884	0.116258	9.64169e-12	4.73181	22.4
59.15	2.2974e-10	231.507	0.127889	0.116263	9.18959e-12	4.732	22.44
59.1524	2.18967e-10	231.516	0.127894	0.116267	8.75869e-12	4.73219	22.48
59.1548	2.087e-10	231.526	0.127899	0.116272	8.34799e-12	4.73238	22.52
59.1571	1.98914e-10	231.535	0.127904	0.116277	7.95655e-12	4.73257	22.56
59.1595	1.89587e-10	231.544	0.12791	0.116281	7.58347e-12	4.73276	22.6
59.1619	1.80697e-10	231.553	0.127915	0.116286	7.22788e-12	4.73295	22.64
59.1642	1.72224e-10	231.563	0.12792	0.116291	6.88897e-12	4.73314	22.68
59.1666	1.64149e-10	231.572	0.127925	0.116295	6.56594e-12	4.73333	22.72
59.169	1.56452e-10	231.581	0.12793	0.1163	6.25807e-12	4.73352	22.76
59.1713	1.49116e-10	231.59	0.127935	0.116305	5.96463e-12	4.73371	22.8
59.1737	1.42124e-10	231.6	0.12794	0.116309	5.68494e-12	4.73389	22.84
59.1761	1.35459e-10	231.609	0.127945	0.116314	5.41838e-12	4.73408	22.88
59.1784	1.29108e-10	231.618	0.12795	0.116319	5.16431e-12	4.73427	22.92
59.1808	1.23054e-10	231.627	0.127956	0.116323	4.92216e-12	4.73446	22.96
59.1832	1.17284e-10	231.637	0.127961	0.116328	4.69136e-12	4.73465	23
59.1855	1.11784e-10	231.646	0.127966	0.116333	4.47138e-12	4.73484	23.04
59.1879	1.06543e-10	231.655	0.127971	0.116337	4.26172e-12	4.73503	23.08
59.1903	1.01547e-10	231.664	0.127976	0.116342	4.06188e-12	4.73522	23.12
59.1926	9.67855e-11	231.674	0.127981	0.116347	3.87142e-12	4.73541	23.16
59.195	9.22473e-11	231.683	0.127986	0.116351	3.68989e-12	4.7356	23.2
59.1974	8.79218e-11	231.692	0.127991	0.116356	3.51687e-12	4.73579	23.24
59.1997	8.37991e-11	231.702	0.127997	0.116361	3.35197e-12	4.73598	23.28
59.2021	7.98698e-11	231.711	0.128002	0.116365	3.19479e-12	4.73617	23.32
59.2045	7.61247e-11	231.72	0.128007	0.11637	3.04499e-12	4.73636	23.36
59.2068	7.25552e-11	231.729	0.128012	0.116374	2.90221e-12	4.73655	23.4
59.2092	6.91531e-11	231.739	0.128017	0.116379	2.76612e-12	4.73674	23.44
59.2116	6.59105e-11	231.748	0.128022	0.116384	2.63642e-12	4.73692	23.48
59.2139	6.282e-11	231.757	0.128027	0.116388	2.5128e-12	4.73711	23.52
59.2163	5.98743e-11	231.766	0.128032	0.116393	2.39497e-12	4.7373	23.56
59.2187	5.70668e-11	231.776	0.128038	0.116398	2.28267e-12	4.73749	23.6
59.221	5.4391e-11	231.785	0.128043	0.116402	2.17564e-12	4.73768	23.64
59.2234	5.18406e-11	231.794	0.128048	0.116407	2.07362e-12	4.73787	23.68
59.2258	4.94098e-11	231.803	0.128053	0.116412	1.97639e-12	4.73806	23.72
59.2281	4.70929e-11	231.813	0.128058	0.116416	1.88372e-12	4.73825	23.76
59.2305	4.48848e-11	231.822	0.128063	0.116421	1.79539e-12	4.73844	23.8
59.2329	4.27801e-11	231.831	0.128068	0.116426	1.7112e-12	4.73863	23.84
59.2352	4.07742e-11	231.841	0.128073	0.11643	1.63097e-12	4.73882	23.88
59.2376	3.88623e-11	231.85	0.128078	0.116435	1.55449e-12	4.73901	23.92
59.24	3.704e-11	231.859	0.128084	0.11644	1.4816e-12	4.7392	23.96
59.2424	3.53032e-11	231.868	0.128089	0.116444	1.41213e-12	4.73939	24
59.2447	3.36478e-11	231.878	0.128094	0.116449	1.34591e-12	4.73958	24.04
59.2471	3.20701e-11	231.887	0.128099	0.116454	1.2828e-12	4.73977	24.08
59.2495	3.05663e-11	231.896	0.128104	0.116458	1.22265e-12	4.73996	24.12
59.2518	2.91331e-11	231.905	0.128109	0.116463	1.16532e-12	4.74015	24.16
59.2542	2.7767e-11	231.915	0.128114	0.116468	1.11068e-12	4.74034	24.2
59.2566	2.6465e-11	231.924	0.128119	0.116472	1.0586e-12	4.74053	24.24
59.2589	2.52241e-11	231.933	0.128125	0.116477	1.00896e-12	4.74072	24.28
59.2613	2.40413e-11	231.943	0.12813	0.116482	9.61653e-13	4.7409	24.32
59.2637	2.2914e-11	231.952	0.128135	0.116486	9.16561e-13	4.74109	24.36
59.2661	2.18396e-11	231.961	0.12814	0.116491	8.73583e-13	4.74128	24.4
59.2684	2.08155e-11	231.97	0.128145	0.116496	8.32621e-13	4.74147	24.44
59.2708	1.98395e-11	231.98	0.12815	0.1165	7.93579e-13	4.74166	24.48
59.2732	1.89092e-11	231.989	0.128155	0.116505	7.56368e-13	4.74185	24.52
59.2755	1.80226e-11	231.998	0.12816	0.11651	7.20902e-13	4.74204	24.56
59.2779	1.71775e-11	232.008	0.128166	0.116514	6.87099e-13	4.74223	24.6
59.2803	1.6372e-11	232.017	0.128171	0.116519	6.54881e-13	4.74242	24.64
59.2826	1.56043e-11	232.026	0.128176	0.116523	6.24174e-13	4.74261	24.68
59.285	1.48727e-11	232.035	0.128181	0.116528	5.94906e-13	4.7428	24.72
59.2874	1.41753e-11	232.045	0.128186	0.116533	5.67011e-13	4.74299	24.76
59.2898	1.35106e-11	232.054	0.128191	0.116537	5.40424e-13	4.74318	24.8
59.2921	1.28771e-11	232.063	0.128196	0.116542	5.15083e-13	4.74337	24.84
59.2945	1.22733e-11	232.072	0.128201	0.116547	4.90931e-13	4.74356	24.88
59.2969	1.16978e-11	232.082	0.128207	0.116551	4.67911e-13	4.74375	24.92
59.2992	1.11493e-11	232.091	0.128212	0.116556	4.45971e-13	4.74394	24.96
59.3016	1.06265e-11	232.1	0.128217	0.116561	4.25059e-13	4.74413	25
59.304	1.01282e-11	232.11	0.128222	0.116565	4.05128e-13	4.74432	25.04
59.3064	9.6533e-12	232.119	0.128227	0.11657	3.86132e-13	4.74451	25.08
59.3087	9.20066e-12	232.128	0.128232	0.116575	3.68026e-13	4.7447	25.12
59.3111	8.76924e-12	232.137	0.128237	0.116579	3.50769e-13	4.74489	25.16
59.3135	8.35805e-12	232.147	0.128243	0.116584	3.34322e-13	4.74508	25.2
59.3158	7.96614e-12	232.156	0.128248	0.116589	3.18646e-13	4.74527	25.24
59.3182	7.59261e-12	232.165	0.128253	0.116593	3.03704e-13	4.74546	25.28
59.3206	7.23659e-12	232.175	0.128258	0.116598	2.89464e-13	4.74565	25.32
59.323	6.89727e-12	232.184	0.128263	0.116603	2.75891e-13	4.74584	25.36
59.3253	6.57385e-12	232.193	0.128268	0.116607	2.62954e-13	4.74603	25.4
59.3277	6.2656e-12	232.202	0.128273	0.116612	2.50624e-13	4.74622	25.44
59.3301	5.97181e-12	232.212	0.128278	0.116617	2.38872e-13	4.74641	25.48
59.3325	5.69179e-12	232.221	0.128284	0.116621	2.27672e-13	4.7466	25.52
59.3348	5.4249e-12	232.23	0.128289	0.116626	2.16996e-13	4.74679	25.56
59.3372	5.17053e-12	232.24	0.128294	0.116631	2.06821e-13	4.74698	25.6
59.3396	4.92808e-12	232.249	0.128299	0.116635	1.97123e-13	4.74717	25.64
59.3419	4.69701e-12	232.258	0.128304	0.11664	1.8788e-13	4.74736	25.68
59.3443	4.47676e-12	232.267	0.128309	0.116645	1.79071e-13	4.74755	25.72
59.3467	4.26685e-12	232.277	0.128314	0.116649	1.70674e-13	4.74774	25.76
59.3491	4.06678e-12	232.286	0.128319	0.116654	1.62671e-13	4.74793	25.8
59.3514	3.87608e-12	232.295	0.128325	0.116659	1.55043e-13	4.74812	25.84
59.3538	3.69434e-12	232.305	0.12833	0.116663	1.47773e-13	4.74831	25.88
59.3562	3.52111e-12	232.314	0.128335	0.116668	1.40844e-13	4.7485	25.92
59.3586	3.356e-12	232.323	0.12834	0.116673	1.3424e-13	4.74868	25.96
59.3609	3.19864e-12	232.333	0.128345	0.116677	1.27946e-13	4.74887	26
59.3633	3.04866e-12	232.342	0.12835	0.116682	1.21946e-13	4.74906	26.04
59.3657	2.9057e-12	232.351	0.128355	0.116687	1.16228e-13	4.74925	26.08
59.3681	2.76946e-12	232.36	0.128361	0.116691	1.10778e-13	4.74944	26.12
59.3704	2.6396e-12	232.37	0.128366	0.116696	1.05584e-13	4.74963	26.16
59.3728	2.51583e-12	232.379	0.128371	0.116701	1.00633e-13	4.74982	26.2
59.3752	2.39786e-12	232.388	0.128376	0.116705	9.59143e-14	4.75001	26.24
59.3776	2.28542e-12	232.398	0.128381	0.11671	9.14169e-14	4.7502	26.28
59.3799	2.17826e-12	232.407	0.128386	0.116715	8.71304e-14	4.75039	26.32
59.3823	2.07612e-12	232.416	0.128391	0.116719	8.30448e-14	4.75058	26.36
59.3847	1.97877e-12	232.425	0.128396	0.116724	7.91509e-14	4.75077	26.4
59.3871	1.88599e-12	232.435	0.128402	0.116729	7.54395e-14	4.75096	26.44
59.3894	1.79755e-12	232.444	0.128407	0.116733	7.19021e-14	4.75115	26.48
59.3918	1.71327e-12	232.453	0.128412	0.116738	6.85306e-14	4.75134	26.52
59.3942	1.63293e-12	232.463	0.128417	0.116743	6.53172e-14	4.75153	26.56
59.3966	1.55636e-12	232.472	0.128422	0.116747	6.22545e-14	4.75172	26.6
59.3989	1.48338e-12	232.481	0.128427	0.116752	5.93354e-14	4.75191	26.64
59.4013	1.41383e-12	232.491	0.128432	0.116757	5.65532e-14	4.7521	26.68
59.4037	1.34753e-12	232.5	0.128438	0.116761	5.39014e-14	4.75229	26.72
59.4061	1.28435e-12	232.509	0.128443	0.116766	5.13739e-14	4.75248	26.76
59.4084	1.22413e-12	232.518	0.128448	0.116771	4.8965e-14	4.75267	26.8
59.4108	1.16673e-12	232.528	0.128453	0.116775	4.6669e-14	4.75286	26.84
59.4132	1.11202e-12	232.537	0.128458	0.11678	4.44807e-14	4.75305	26.88
59.4156	1.05988e-12	232.546	0.128463	0.116785	4.2395e-14	4.75324	26.92
59.4179	1.01018e-12	232.556	0.128468	0.116789	4.04071e-14	4.75344	26.96
59.4203	9.62811e-13	232.565	0.128474	0.116794	3.85124e-14	4.75363	27
59.4227	9.17665e-13	232.574	0.128479	0.116799	3.67066e-14	4.75382	27.04
59.4251	8.74636e-13	232.584	0.128484	0.116803	3.49854e-14	4.75401	27.08
59.4274	8.33624e-13	232.593	0.128489	0.116808	3.3345e-14	4.7542	27.12
59.4298	7.94535e-13	232.602	0.128494	0.116813	3.17814e-14	4.75439	27.16
59.4322	7.57279e-13	232.611	0.128499	0.116817	3.02912e-14	4.75458	27.2
59.4346	7.21771e-13	232.621	0.128504	0.116822	2.88708e-14	4.75477	27.24
59.437	6.87927e-13	232.63	0.128509	0.116827	2.75171e-14	4.75496	27.28
59.4393	6.5567e-13	232.639	0.128515	0.116831	2.62268e-14	4.75515	27.32
59.4417	6.24926e-13	232.649	0.12852	0.116836	2.4997e-14	4.75534	27.36
59.4441	5.95623e-13	232.658	0.128525	0.116841	2.38249e-14	4.75553	27.4
59.4465	5.67694e-13	232.667	0.12853	0.116845	2.27078e-14	4.75572	27.44
59.4488	5.41075e-13	232.677	0.128535	0.11685	2.1643e-14	4.75591	27.48
59.4512	5.15704e-13	232.686	0.12854	0.116855	2.06282e-14	4.7561	27.52
59.4536	4.91523e-13	232.695	0.128545	0.11686	1.96609e-14	4.75629	27.56
59.456	4.68475e-13	232.704	0.128551	0.116864	1.8739e-14	4.75648	27.6
59.4583	4.46508e-13	232.714	0.128556	0.116869	1.78603e-14	4.75667	27.64
59.4607	4.25571e-13	232.723	0.128561	0.116874	1.70229e-14	4.75686	27.68
59.4631	4.05616e-13	232.732	0.128566	0.116878	1.62247e-14	4.75705	27.72
59.4655	3.86597e-13	232.742	0.128571	0.116883	1.54639e-14	4.75724	27.76
59.4679	3.6847e-13	232.751	0.128576	0.116888	1.47388e-14	4.75743	27.8
59.4702	3.51192e-13	232.76	0.128581	0.116892	1.40477e-14	4.75762	27.84
59.4726	3.34725e-13	232.77	0.128587	0.116897	1.3389e-14	4.75781	27.88
59.475	3.19029e-13	232.779	0.128592	0.116902	1.27612e-14	4.758	27.92
59.4774	3.0407e-13	232.788	0.128597	0.116906	1.21628e-14	4.75819	27.96
59.4798	2.89812e-13	232.798	0.128602	0.116911	1.15925e-14	4.75838	28
59.4821	2.76223e-13	232.807	0.128607	0.116916	1.10489e-14	4.75857	28.04
59.4845	2.63271e-13	232.816	0.128612	0.11692	1.05308e-14	4.75876	28.08
59.4869	2.50926e-13	232.825	0.128617	0.116925	1.0037e-14	4.75895	28.12
59.4893	2.3916e-13	232.835	0.128623	0.11693	9.56641e-15	4.75914	28.16
59.4916	2.27946e-13	232.844	0.128628	0.116934	9.11784e-15	4.75933	28.2
59.494	2.17258e-13	232.853	0.128633	0.116939	8.6903e-15	4.75952	28.24
59.4964	2.0707e-13	232.863	0.128638	0.116944	8.28281e-15	4.75971	28.28
59.4988	1.97361e-13	232.872	0.128643	0.116948	7.89443e-15	4.7599	28.32
59.5012	1.88107e-13	232.881	0.128648	0.116953	7.52426e-15	4.76009	28.36
59.5035	1.79286e-13	232.891	0.128653	0.116958	7.17145e-15	4.76028	28.4
59.5059	1.7088e-13	232.9	0.128659	0.116962	6.83518e-15	4.76047	28.44
59.5083	1.62867e-13	232.909	0.128664	0.116967	6.51468e-15	4.76066	28.48
59.5107	1.5523e-13	232.919	0.128669	0.116972	6.20921e-15	4.76085	28.52
59.5131	1.47951e-13	232.928	0.128674	0.116976	5.91806e-15	4.76105	28.56
59.5154	1.41014e-13	232.937	0.128679	0.116981	5.64056e-15	4.76124	28.6
59.5178	1.34402e-13	232.947	0.128684	0.116986	5.37607e-15	4.76143	28.64
59.5202	1.281e-13	232.956	0.128689	0.11699	5.12399e-15	4.76162	28.68
59.5226	1.22093e-13	232.965	0.128695	0.116995	4.88373e-15	4.76181	28.72
59.525	1.16368e-13	232.975	0.1287	0.117	4.65473e-15	4.762	28.76
59.5273	1.10912e-13	232.984	0.128705	0.117004	4.43647e-15	4.76219	28.8
59.5297	1.05711e-13	232.993	0.12871	0.117009	4.22844e-15	4.76238	28.84
59.5321	1.00754e-13	233.002	0.128715	0.117014	4.03017e-15	4.76257	28.88
59.5345	9.60299e-14	233.012	0.12872	0.117019	3.84119e-15	4.76276	28.92
59.5369	9.1527e-14	233.021	0.128726	0.117023	3.66108e-15	4.76295	28.96
59.5393	8.72353e-14	233.03	0.128731	0.117028	3.48941e-15	4.76314	29
59.5416	8.31449e-14	233.04	0.128736	0.117033	3.32579e-15	4.76333	29.04
59.544	7.92462e-14	233.049	0.128741	0.117037	3.16985e-15	4.76352	29.08
59.5464	7.55303e-14	233.058	0.128746	0.117042	3.02121e-15	4.76371	29.12
59.5488	7.19887e-14	233.068	0.128751	0.117047	2.87955e-15	4.7639	29.16
59.5512	6.86132e-14	233.077	0.128756	0.117051	2.74453e-15	4.76409	29.2
59.5535	6.53959e-14	233.086	0.128762	0.117056	2.61584e-15	4.76428	29.24
59.5559	6.23295e-14	233.096	0.128767	0.117061	2.49318e-15	4.76447	29.28
59.5583	5.94069e-14	233.105	0.128772	0.117065	2.37627e-15	4.76466	29.32
59.5607	5.66213e-14	233.114	0.128777	0.11707	2.26485e-15	4.76485	29.36
59.5631	5.39663e-14	233.124	0.128782	0.117075	2.15865e-15	4.76505	29.4
59.5655	5.14358e-14	233.133	0.128787	0.117079	2.05743e-15	4.76524	29.44
59.5678	4.9024e-14	233.142	0.128792	0.117084	1.96096e-15	4.76543	29.48
59.5702	4.67253e-14	233.152	0.128798	0.117089	1.86901e-15	4.76562	29.52
59.5726	4.45343e-14	233.161	0.128803	0.117093	1.78137e-15	4.76581	29.56
59.575	4.24461e-14	233.17	0.128808	0.117098	1.69784e-15	4.766	29.6
59.5774	4.04558e-14	233.18	0.128813	0.117103	1.61823e-15	4.76619	29.64
59.5797	3.85588e-14	233.189	0.128818	0.117107	1.54235e-15	4.76638	29.68
59.5821	3.67508e-14	233.198	0.128823	0.117112	1.47003e-15	4.76657	29.72
59.5845	3.50276e-14	233.208	0.128829	0.117117	1.4011e-15	4.76676	29.76
59.5869	3.33851e-14	233.217	0.128834	0.117122	1.3354e-15	4.76695	29.8
59.5893	3.18197e-14	233.226	0.128839	0.117126	1.27279e-15	4.76714	29.84
59.5917	3.03277e-14	233.236	0.128844	0.117131	1.21311e-15	4.76733	29.88
59.594	2.89056e-14	233.245	0.128849	0.117136	1.15622e-15	4.76752	29.92
59.5964	2.75502e-14	233.254	0.128854	0.11714	1.10201e-15	4.76771	29.96
59.5988	2.62584e-14	233.264	0.128859	0.117145	1.05034e-15	4.7679	30
59.6012	2.50271e-14	233.273	0.128865	0.11715	1.00109e-15	4.7681	30.04
59.6036	2.38536e-14	233.282	0.12887	0.117154	9.54144e-16	4.76829	30.08
59.606	2.27351e-14	233.292	0.128875	0.117159	9.09405e-16	4.76848	30.12
59.6083	2.16691e-14	233.301	0.12888	0.117164	8.66763e-16	4.76867	30.16
59.6107	2.0653e-14	233.31	0.128885	0.117168	8.2612e-16	4.76886	30.2
59.6131	1.96846e-14	233.32	0.12889	0.117173	7.87383e-16	4.76905	30.24
59.6155	1.87616e-14	233.329	0.128896	0.117178	7.50463e-16	4.76924	30.28
59.6179	1.78818e-14	233.338	0.128901	0.117182	7.15274e-16	4.76943	30.32
59.6203	1.70434e-14	233.348	0.128906	0.117187	6.81735e-16	4.76962	30.36
59.6227	1.62442e-14	233.357	0.128911	0.117192	6.49768e-16	4.76981	30.4
59.625	1.54825e-14	233.366	0.128916	0.117196	6.193e-16	4.77	30.44
59.6274	1.47565e-14	233.376	0.128921	0.117201	5.90261e-16	4.77019	30.48
59.6298	1.40646e-14	233.385	0.128926	0.117206	5.62584e-16	4.77038	30.52
59.6322	1.34051e-14	233.394	0.128932	0.117211	5.36204e-16	4.77058	30.56
59.6346	1.27765e-14	233.404	0.128937	0.117215	5.11062e-16	4.77077	30.6
59.637	1.21775e-14	233.413	0.128942	0.11722	4.87098e-16	4.77096	30.64
59.6393	1.16065e-14	233.422	0.128947	0.117225	4.64258e-16	4.77115	30.68
59.6417	1.10622e-14	233.432	0.128952	0.117229	4.42489e-16	4.77134	30.72
59.6441	1.05435e-14	233.441	0.128957	0.117234	4.21741e-16	4.77153	30.76
59.6465	1.00491e-14	233.45	0.128963	0.117239	4.01965e-16	4.77172	30.8
59.6489	9.57793e-15	233.46	0.128968	0.117243	3.83117e-16	4.77191	30.84
59.6513	9.12882e-15	233.469	0.128973	0.117248	3.65153e-16	4.7721	30.88
59.6537	8.70077e-15	233.478	0.128978	0.117253	3.48031e-16	4.77229	30.92
59.656	8.29279e-15	233.488	0.128983	0.117257	3.31712e-16	4.77248	30.96
59.6584	7.90394e-15	233.497	0.128988	0.117262	3.16158e-16	4.77267	31
59.6608	7.53333e-15	233.506	0.128993	0.117267	3.01333e-16	4.77287	31.04
59.6632	7.18009e-15	233.516	0.128999	0.117271	2.87204e-16	4.77306	31.08
59.6656	6.84341e-15	233.525	0.129004	0.117276	2.73737e-16	4.77325	31.12
59.668	6.52253e-15	233.534	0.129009	0.117281	2.60901e-16	4.77344	31.16
59.6704	6.21669e-15	233.544	0.129014	0.117286	2.48667e-16	4.77363	31.2
59.6727	5.92518e-15	233.553	0.129019	0.11729	2.37007e-16	4.77382	31.24
59.6751	5.64735e-15	233.562	0.129024	0.117295	2.25894e-16	4.77401	31.28
59.6775	5.38255e-15	233.572	0.12903	0.1173	2.15302e-16	4.7742	31.32
59.6799	5.13016e-15	233.581	0.129035	0.117304	2.05206e-16	4.77439	31.36
59.6823	4.88961e-15	233.59	0.12904	0.117309	1.95584e-16	4.77458	31.4
59.6847	4.66033e-15	233.6	0.129045	0.117314	1.86413e-16	4.77477	31.44
59.6871	4.44181e-15	233.609	0.12905	0.117318	1.77672e-16	4.77497	31.48
59.6895	4.23353e-15	233.618	0.129055	0.117323	1.69341e-16	4.77516	31.52
59.6918	4.03502e-15	233.628	0.129061	0.117328	1.61401e-16	4.77535	31.56
59.6942	3.84582e-15	233.637	0.129066	0.117332	1.53833e-16	4.77554	31.6
59.6966	3.66549e-15	233.646	0.129071	0.117337	1.4662e-16	4.77573	31.64
59.699	3.49362e-15	233.656	0.129076	0.117342	1.39745e-16	4.77592	31.68
59.7014	3.3298e-15	233.665	0.129081	0.117347	1.33192e-16	4.77611	31.72
59.7038	3.17367e-15	233.674	0.129086	0.117351	1.26947e-16	4.7763	31.76
59.7062	3.02485e-15	233.684	0.129092	0.117356	1.20994e-16	4.77649	31.8
59.7086	2.88302e-15	233.693	0.129097	0.117361	1.15321e-16	4.77668	31.84
59.7109	2.74783e-15	233.702	0.129102	0.117365	1.09913e-16	4.77688	31.88
59.7133	2.61899e-15	233.712	0.129107	0.11737	1.04759e-16	4.77707	31.92
59.7157	2.49618e-15	233.721	0.129112	0.117375	9.98473e-17	4.77726	31.96
59.7181	2.37914e-15	233.73	0.129117	0.117379	9.51655e-17	4.77745	32
59.7205	2.26758e-15	233.74	0.129123	0.117384	9.07032e-17	4.77764	32.04
59.7229	2.16125e-15	233.749	0.129128	0.117389	8.64501e-17	4.77783	32.08
59.7253	2.05991e-15	233.758	0.129133	0.117394	8.23964e-17	4.77802	32.12
59.7277	1.96332e-15	233.768	0.129138	0.117398	7.85329e-17	4.77821	32.16
59.73	1.87126e-15	233.777	0.129143	0.117403	7.48505e-17	4.7784	32.2
59.7324	1.78352e-15	233.787	0.129148	0.117408	7.13407e-17	4.77859	32.24
59.7348	1.69989e-15	233.796	0.129154	0.117412	6.79956e-17	4.77879	32.28
59.7372	1.62018e-15	233.805	0.129159	0.117417	6.48073e-17	4.77898	32.32
59.7396	1.54421e-15	233.815	0.129164	0.117422	6.17684e-17	4.77917	32.36
59.742	1.4718e-15	233.824	0.129169	0.117426	5.88721e-17	4.77936	32.4
59.7444	1.40279e-15	233.833	0.129174	0.117431	5.61116e-17	4.77955	32.44
59.7468	1.33701e-15	233.843	0.129179	0.117436	5.34805e-17	4.77974	32.48
59.7492	1.27432e-15	233.852	0.129185	0.11744	5.09728e-17	4.77993	32.52
59.7516	1.21457e-15	233.861	0.12919	0.117445	4.85827e-17	4.78012	32.56
59.7539	1.15762e-15	233.871	0.129195	0.11745	4.63047e-17	4.78032	32.6
59.7563	1.10334e-15	233.88	0.1292	0.117455	4.41334e-17	4.78051	32.64
59.7587	1.0516e-15	233.889	0.129205	0.117459	4.2064e-17	4.7807	32.68
59.7611	1.00229e-15	233.899	0.12921	0.117464	4.00916e-17	4.78089	32.72
59.7635	9.55294e-16	233.908	0.129216	0.117469	3.82117e-17	4.78108	32.76
59.7659	9.105e-16	233.917	0.129221	0.117473	3.642e-17	4.78127	32.8
59.7683	8.67807e-16	233.927	0.129226	0.117478	3.47123e-17	4.78146	32.84
59.7707	8.27115e-16	233.936	0.129231	0.117483	3.30846e-17	4.78165	32.88
59.7731	7.88332e-16	233.946	0.129236	0.117487	3.15333e-17	4.78184	32.92
59.7755	7.51367e-16	233.955	0.129241	0.117492	3.00547e-17	4.78204	32.96
59.7778	7.16135e-16	233.964	0.129247	0.117497	2.86454e-17	4.78223	33
59.7802	6.82556e-16	233.974	0.129252	0.117502	2.73022e-17	4.78242	33.04
59.7826	6.50551e-16	233.983	0.129257	0.117506	2.6022e-17	4.78261	33.08
59.785	6.20046e-16	233.992	0.129262	0.117511	2.48019e-17	4.7828	33.12
59.7874	5.90972e-16	234.002	0.129267	0.117516	2.36389e-17	4.78299	33.16
59.7898	5.63262e-16	234.011	0.129272	0.11752	2.25305e-17	4.78318	33.2
59.7922	5.3685e-16	234.02	0.129278	0.117525	2.1474e-17	4.78337	33.24
59.7946	5.11677e-16	234.03	0.129283	0.11753	2.04671e-17	4.78357	33.28
59.797	4.87685e-16	234.039	0.129288	0.117534	1.95074e-17	4.78376	33.32
59.7994	4.64817e-16	234.048	0.129293	0.117539	1.85927e-17	4.78395	33.36
59.8018	4.43022e-16	234.058	0.129298	0.117544	1.77209e-17	4.78414	33.4
59.8041	4.22249e-16	234.067	0.129303	0.117549	1.689e-17	4.78433	33.44
59.8065	4.0245e-16	234.077	0.129309	0.117553	1.6098e-17	4.78452	33.48
59.8089	3.83579e-16	234.086	0.129314	0.117558	1.53431e-17	4.78471	33.52
59.8113	3.65593e-16	234.095	0.129319	0.117563	1.46237e-17	4.78491	33.56
59.8137	3.4845e-16	234.105	0.129324	0.117567	1.3938e-17	4.7851	33.6
59.8161	3.32111e-16	234.114	0.129329	0.117572	1.32844e-17	4.78529	33.64
59.8185	3.16539e-16	234.123	0.129334	0.117577	1.26615e-17	4.78548	33.68
59.8209	3.01696e-16	234.133	0.12934	0.117581	1.20678e-17	4.78567	33.72
59.8233	2.87549e-16	234.142	0.129345	0.117586	1.1502e-17	4.78586	33.76
59.8257	2.74066e-16	234.151	0.12935	0.117591	1.09627e-17	4.78605	33.8
59.8281	2.61215e-16	234.161	0.129355	0.117596	1.04486e-17	4.78625	33.84
59.8305	2.48967e-16	234.17	0.12936	0.1176	9.95868e-18	4.78644	33.88
59.8329	2.37293e-16	234.18	0.129365	0.117605	9.49172e-18	4.78663	33.92
59.8352	2.26166e-16	234.189	0.129371	0.11761	9.04665e-18	4.78682	33.96
59.8376	2.15561e-16	234.198	0.129376	0.117614	8.62245e-18	4.78701	34
59.84	2.05454e-16	234.208	0.129381	0.117619	8.21814e-18	4.7872	34.04
59.8424	1.9582e-16	234.217	0.129386	0.117624	7.8328e-18	4.78739	34.08
59.8448	1.86638e-16	234.226	0.129391	0.117628	7.46552e-18	4.78759	34.12
59.8472	1.77886e-16	234.236	0.129397	0.117633	7.11546e-18	4.78778	34.16
59.8496	1.69545e-16	234.245	0.129402	0.117638	6.78181e-18	4.78797	34.2
59.852	1.61595e-16	234.254	0.129407	0.117643	6.46382e-18	4.78816	34.24
59.8544	1.54018e-16	234.264	0.129412	0.117647	6.16073e-18	4.78835	34.28
59.8568	1.46796e-16	234.273	0.129417	0.117652	5.87185e-18	4.78854	34.32
59.8592	1.39913e-16	234.283	0.129422	0.117657	5.59652e-18	4.78873	34.36
59.8616	1.33352e-16	234.292	0.129428	0.117661	5.3341e-18	4.78893	34.4
59.864	1.271e-16	234.301	0.129433	0.117666	5.08398e-18	4.78912	34.44
59.8664	1.2114e-16	234.311	0.129438	0.117671	4.84559e-18	4.78931	34.48
59.8688	1.1546e-16	234.32	0.129443	0.117676	4.61838e-18	4.7895	34.52
59.8712	1.10046e-16	234.329	0.129448	0.11768	4.40183e-18	4.78969	34.56
59.8735	1.04886e-16	234.339	0.129453	0.117685	4.19543e-18	4.78988	34.6
59.8759	9.99676e-17	234.348	0.129459	0.11769	3.9987e-18	4.79008	34.64
59.8783	9.52801e-17	234.358	0.129464	0.117694	3.8112e-18	4.79027	34.68
59.8807	9.08124e-17	234.367	0.129469	0.117699	3.6325e-18	4.79046	34.72
59.8831	8.65542e-17	234.376	0.129474	0.117704	3.46217e-18	4.79065	34.76
59.8855	8.24957e-17	234.386	0.129479	0.117708	3.29983e-18	4.79084	34.8
59.8879	7.86275e-17	234.395	0.129485	0.117713	3.1451e-18	4.79103	34.84
59.8903	7.49406e-17	234.404	0.12949	0.117718	2.99763e-18	4.79122	34.88
59.8927	7.14267e-17	234.414	0.129495	0.117723	2.85707e-18	4.79142	34.92
59.8951	6.80775e-17	234.423	0.1295	0.117727	2.7231e-18	4.79161	34.96
59.8975	6.48853e-17	234.433	0.129505	0.117732	2.59541e-18	4.7918	35
59.8999	6.18428e-17	234.442	0.12951	0.117737	2.47371e-18	4.79199	35.04
59.9023	5.8943e-17	234.451	0.129516	0.117741	2.35772e-18	4.79218	35.08
59.9047	5.61792e-17	234.461	0.129521	0.117746	2.24717e-18	4.79237	35.12
59.9071	5.3545e-17	234.47	0.129526	0.117751	2.1418e-18	4.79257	35.16
59.9095	5.10342e-17	234.479	0.129531	0.117756	2.04137e-18	4.79276	35.2
59.9119	4.86412e-17	234.489	0.129536	0.11776	1.94565e-18	4.79295	35.24
59.9143	4.63604e-17	234.498	0.129541	0.117765	1.85442e-18	4.79314	35.28
59.9167	4.41866e-17	234.508	0.129547	0.11777	1.76746e-18	4.79333	35.32
59.9191	4.21147e-17	234.517	0.129552	0.117774	1.68459e-18	4.79352	35.36
59.9215	4.01399e-17	234.526	0.129557	0.117779	1.6056e-18	4.79372	35.4
59.9239	3.82578e-17	234.536	0.129562	0.117784	1.53031e-18	4.79391	35.44
59.9262	3.64639e-17	234.545	0.129567	0.117789	1.45855e-18	4.7941	35.48
59.9286	3.47541e-17	234.554	0.129573	0.117793	1.39016e-18	4.79429	35.52
59.931	3.31245e-17	234.564	0.129578	0.117798	1.32498e-18	4.79448	35.56
59.9334	3.15713e-17	234.573	0.129583	0.117803	1.26285e-18	4.79467	35.6
59.9358	3.00909e-17	234.583	0.129588	0.117807	1.20364e-18	4.79487	35.64
59.9382	2.86799e-17	234.592	0.129593	0.117812	1.1472e-18	4.79506	35.68
59.9406	2.73351e-17	234.601	0.129598	0.117817	1.0934e-18	4.79525	35.72
59.943	2.60534e-17	234.611	0.129604	0.117822	1.04213e-18	4.79544	35.76
59.9454	2.48317e-17	234.62	0.129609	0.117826	9.93269e-19	4.79563	35.8
59.9478	2.36674e-17	234.63	0.129614	0.117831	9.46695e-19	4.79583	35.84
59.9502	2.25576e-17	234.639	0.129619	0.117836	9.02304e-19	4.79602	35.88
59.9526	2.14999e-17	234.648	0.129624	0.11784	8.59995e-19	4.79621	35.92
59.955	2.04918e-17	234.658	0.12963	0.117845	8.1967e-19	4.7964	35.96
59.9574	1.95309e-17	234.667	0.129635	0.11785	7.81236e-19	4.79659	36
59.9598	1.86151e-17	234.676	0.12964	0.117854	7.44604e-19	4.79678	36.04
59.9622	1.77422e-17	234.686	0.129645	0.117859	7.09689e-19	4.79698	36.08
59.9646	1.69103e-17	234.695	0.12965	0.117864	6.76412e-19	4.79717	36.12
59.967	1.61174e-17	234.705	0.129656	0.117869	6.44695e-19	4.79736	36.16
59.9694	1.53616e-17	234.714	0.129661	0.117873	6.14465e-19	4.79755	36.2
59.9718	1.46413e-17	234.723	0.129666	0.117878	5.85653e-19	4.79774	36.24
59.9742	1.39548e-17	234.733	0.129671	0.117883	5.58192e-19	4.79794	36.28
59.9766	1.33004e-17	234.742	0.129676	0.117887	5.32018e-19	4.79813	36.32
59.979	1.26768e-17	234.752	0.129681	0.117892	5.07072e-19	4.79832	36.36
59.9814	1.20824e-17	234.761	0.129687	0.117897	4.83295e-19	4.79851	36.4
59.9838	1.15158e-17	234.77	0.129692	0.117902	4.60633e-19	4.7987	36.44
59.9862	1.09759e-17	234.78	0.129697	0.117906	4.39034e-19	4.7989	36.48
59.9886	1.04612e-17	234.789	0.129702	0.117911	4.18448e-19	4.79909	36.52
59.991	9.97067e-18	234.798	0.129707	0.117916	3.98827e-19	4.79928	36.56
59.9934	9.50315e-18	234.808	0.129713	0.117921	3.80126e-19	4.79947	36.6
59.9958	9.05755e-18	234.817	0.129718	0.117925	3.62302e-19	4.79966	36.64
59.9982	8.63284e-18	234.827	0.129723	0.11793	3.45314e-19	4.79986	36.68
60.0006	8.22804e-18	234.836	0.129728	0.117935	3.29122e-19	4.80005	36.72
60.003	7.84223e-18	234.845	0.129733	0.117939	3.13689e-19	4.80024	36.76
60.0054	7.47451e-18	234.855	0.129738	0.117944	2.9898e-19	4.80043	36.8
60.0078	7.12403e-18	234.864	0.129744	0.117949	2.84961e-19	4.80062	36.84
60.0102	6.78998e-18	234.874	0.129749	0.117954	2.71599e-19	4.80081	36.88
60.0126	6.4716e-18	234.883	0.129754	0.117958	2.58864e-19	4.80101	36.92
60.015	6.16815e-18	234.892	0.129759	0.117963	2.46726e-19	4.8012	36.96
60.0174	5.87892e-18	234.902	0.129764	0.117968	2.35157e-19	4.80139	37
60.0198	5.60326e-18	234.911	0.12977	0.117972	2.2413e-19	4.80158	37.04
60.0222	5.34052e-18	234.921	0.129775	0.117977	2.13621e-19	4.80178	37.08
60.0246	5.09011e-18	234.93	0.12978	0.117982	2.03604e-19	4.80197	37.12
60.027	4.85143e-18	234.939	0.129785	0.117987	1.94057e-19	4.80216	37.16
60.0294	4.62395e-18	234.949	0.12979	0.117991	1.84958e-19	4.80235	37.2
60.0318	4.40713e-18	234.958	0.129796	0.117996	1.76285e-19	4.80254	37.24
60.0342	4.20048e-18	234.968	0.129801	0.118001	1.68019e-19	4.80274	37.28
60.0366	4.00352e-18	234.977	0.129806	0.118005	1.60141e-19	4.80293	37.32
60.039	3.81579e-18	234.986	0.129811	0.11801	1.52632e-19	4.80312	37.36
60.0414	3.63687e-18	234.996	0.129816	0.118015	1.45475e-19	4.80331	37.4
60.0438	3.46634e-18	235.005	0.129822	0.11802	1.38654e-19	4.8035	37.44
60.0462	3.3038e-18	235.015	0.129827	0.118024	1.32152e-19	4.8037	37.48
60.0486	3.14889e-18	235.024	0.129832	0.118029	1.25955e-19	4.80389	37.52
60.051	3.00124e-18	235.033	0.129837	0.118034	1.20049e-19	4.80408	37.56
60.0534	2.86051e-18	235.043	0.129842	0.118038	1.1442e-19	4.80427	37.6
60.0558	2.72638e-18	235.052	0.129848	0.118043	1.09055e-19	4.80446	37.64
60.0582	2.59854e-18	235.062	0.129853	0.118048	1.03942e-19	4.80466	37.68
60.0606	2.47669e-18	235.071	0.129858	0.118053	9.90677e-20	4.80485	37.72
60.063	2.36056e-18	235.08	0.129863	0.118057	9.44225e-20	4.80504	37.76
60.0654	2.24987e-18	235.09	0.129868	0.118062	8.9995e-20	4.80523	37.8
60.0678	2.14438e-18	235.099	0.129873	0.118067	8.57751e-20	4.80543	37.84
60.0702	2.04383e-18	235.109	0.129879	0.118072	8.17531e-20	4.80562	37.88
60.0726	1.94799e-18	235.118	0.129884	0.118076	7.79197e-20	4.80581	37.92
60.075	1.85665e-18	235.127	0.129889	0.118081	7.42661e-20	4.806	37.96
60.0774	1.76959e-18	235.137	0.129894	0.118086	7.07837e-20	4.80619	38
60.0798	1.68662e-18	235.146	0.129899	0.11809	6.74647e-20	4.80639	38.04
60.0822	1.60753e-18	235.156	0.129905	0.118095	6.43013e-20	4.80658	38.08
60.0846	1.53215e-18	235.165	0.12991	0.1181	6.12862e-20	4.80677	38.12
60.087	1.46031e-18	235.174	0.129915	0.118105	5.84125e-20	4.80696	38.16
60.0894	1.39184e-18	235.184	0.12992	0.118109	5.56735e-20	4.80716	38.2
60.0918	1.32657e-18	235.193	0.129925	0.118114	5.3063e-20	4.80735	38.24
60.0942	1.26437e-18	235.203	0.129931	0.118119	5.05749e-20	4.80754	38.28
60.0966	1.20508e-18	235.212	0.129936	0.118123	4.82034e-20	4.80773	38.32
60.0991	1.14858e-18	235.221	0.129941	0.118128	4.59431e-20	4.80792	38.36
60.1015	1.09472e-18	235.231	0.129946	0.118133	4.37889e-20	4.80812	38.4
60.1039	1.04339e-18	235.24	0.129951	0.118138	4.17356e-20	4.80831	38.44
60.1063	9.94466e-19	235.25	0.129957	0.118142	3.97786e-20	4.8085	38.48
60.1087	9.47835e-19	235.259	0.129962	0.118147	3.79134e-20	4.80869	38.52
60.1111	9.03391e-19	235.268	0.129967	0.118152	3.61356e-20	4.80889	38.56
60.1135	8.61031e-19	235.278	0.129972	0.118157	3.44412e-20	4.80908	38.6
60.1159	8.20657e-19	235.287	0.129977	0.118161	3.28263e-20	4.80927	38.64
60.1183	7.82177e-19	235.297	0.129983	0.118166	3.12871e-20	4.80946	38.68
60.1207	7.45501e-19	235.306	0.129988	0.118171	2.982e-20	4.80965	38.72
60.1231	7.10544e-19	235.316	0.129993	0.118175	2.84218e-20	4.80985	38.76
60.1255	6.77227e-19	235.325	0.129998	0.11818	2.70891e-20	4.81004	38.8
60.1279	6.45471e-19	235.334	0.130003	0.118185	2.58189e-20	4.81023	38.84
60.1303	6.15205e-19	235.344	0.130009	0.11819	2.46082e-20	4.81042	38.88
60.1327	5.86358e-19	235.353	0.130014	0.118194	2.34543e-20	4.81062	38.92
60.1351	5.58864e-19	235.363	0.130019	0.118199	2.23546e-20	4.81081	38.96
60.1375	5.32659e-19	235.372	0.130024	0.118204	2.13064e-20	4.811	39
60.1399	5.07682e-19	235.381	0.130029	0.118209	2.03073e-20	4.81119	39.04
60.1423	4.83877e-19	235.391	0.130035	0.118213	1.93551e-20	4.81139	39.08
60.1447	4.61188e-19	235.4	0.13004	0.118218	1.84475e-20	4.81158	39.12
60.1471	4.39563e-19	235.41	0.130045	0.118223	1.75825e-20	4.81177	39.16
60.1495	4.18952e-19	235.419	0.13005	0.118227	1.67581e-20	4.81196	39.2
60.152	3.99307e-19	235.428	0.130055	0.118232	1.59723e-20	4.81216	39.24
60.1544	3.80584e-19	235.438	0.130061	0.118237	1.52234e-20	4.81235	39.28
60.1568	3.62738e-19	235.447	0.130066	0.118242	1.45095e-20	4.81254	39.32
60.1592	3.45729e-19	235.457	0.130071	0.118246	1.38292e-20	4.81273	39.36
60.1616	3.29518e-19	235.466	0.130076	0.118251	1.31807e-20	4.81293	39.4
60.164	3.14067e-19	235.476	0.130081	0.118256	1.25627e-20	4.81312	39.44
60.1664	2.9934e-19	235.485	0.130087	0.118261	1.19736e-20	4.81331	39.48
60.1688	2.85304e-19	235.494	0.130092	0.118265	1.14122e-20	4.8135	39.52
60.1712	2.71926e-19	235.504	0.130097	0.11827	1.08771e-20	4.8137	39.56
60.1736	2.59176e-19	235.513	0.130102	0.118275	1.0367e-20	4.81389	39.6
60.176	2.47023e-19	235.523	0.130107	0.118279	9.88092e-21	4.81408	39.64
60.1784	2.3544e-19	235.532	0.130113	0.118284	9.41761e-21	4.81427	39.68
60.1808	2.244e-19	235.541	0.130118	0.118289	8.97602e-21	4.81447	39.72
60.1832	2.13878e-19	235.551	0.130123	0.118294	8.55513e-21	4.81466	39.76
60.1856	2.0385e-19	235.56	0.130128	0.118298	8.15398e-21	4.81485	39.8
60.188	1.94291e-19	235.57	0.130133	0.118303	7.77164e-21	4.81504	39.84
60.1905	1.85181e-19	235.579	0.130139	0.118308	7.40723e-21	4.81524	39.88
60.1929	1.76498e-19	235.589	0.130144	0.118313	7.0599e-21	4.81543	39.92
60.1953	1.68222e-19	235.598	0.130149	0.118317	6.72886e-21	4.81562	39.96
