S	I	R	e	d	dI	f	t
300	100	0	0.176	0.16	4	12	0
277.013	99.5731	19.4289	0.174247	0.158406	3.98292	11.0805	0.04
256.145	98.3799	37.5293	0.172504	0.156822	3.93519	10.2458	0.08
237.288	96.5134	54.3529	0.170788	0.155262	3.86054	9.49153	0.12
220.315	94.0731	69.9529	0.16911	0.153736	3.76292	8.81258	0.16
205.089	91.1599	84.3846	0.167479	0.152254	3.6464	8.20357	0.2
191.475	87.872	97.7042	0.165903	0.150821	3.51488	7.65901	0.24
179.336	84.3016	109.969	0.164387	0.149443	3.37206	7.17344	0.28
168.539	80.5327	121.238	0.162936	0.148124	3.22131	6.74157	0.32
158.959	76.6401	131.568	0.161553	0.146867	3.0656	6.35835	0.36
150.476	72.6887	141.017	0.16024	0.145672	2.90755	6.01903	0.4
142.98	68.7336	149.641	0.158996	0.144542	2.74934	5.7192	0.44
136.369	64.8204	157.497	0.157822	0.143475	2.59281	5.45478	0.48
130.551	60.9859	164.637	0.156717	0.14247	2.43944	5.22206	0.52
125.441	57.2592	171.113	0.155678	0.141525	2.29037	5.01765	0.56
120.963	53.6624	176.975	0.154704	0.14064	2.1465	4.83851	0.6
117.047	50.2114	182.27	0.153792	0.139811	2.00846	4.68189	0.64
113.633	46.9173	187.042	0.15294	0.139037	1.87669	4.54531	0.68
110.664	43.7866	191.334	0.152145	0.138314	1.75146	4.42657	0.72
108.092	40.8225	195.185	0.151404	0.13764	1.6329	4.32369	0.76
105.873	38.0252	198.633	0.150713	0.137012	1.52101	4.23491	0.8
103.966	35.393	201.711	0.150071	0.136428	1.41572	4.15865	0.84
102.337	32.922	204.453	0.149474	0.135885	1.31688	4.0935	0.88
100.955	30.6073	206.889	0.148919	0.13538	1.22429	4.03821	0.92
99.7916	28.443	209.045	0.148403	0.134912	1.13772	3.99167	0.96
98.8217	26.4224	210.948	0.147924	0.134477	1.0569	3.95287	1
98.0233	24.5386	212.621	0.14748	0.134073	0.981543	3.92093	1.04
97.3765	22.7842	214.085	0.147068	0.133698	0.911369	3.89506	1.08
96.8636	21.1521	215.362	0.146686	0.133351	0.846083	3.87455	1.12
96.4689	19.6348	216.469	0.146332	0.133029	0.785393	3.85876	1.16
96.1782	18.2254	217.422	0.146003	0.13273	0.729015	3.84713	1.2
95.9789	16.9168	218.238	0.145699	0.132454	0.676673	3.83916	1.24
95.8597	15.7025	218.93	0.145417	0.132197	0.628099	3.83439	1.28
95.8107	14.576	219.512	0.145155	0.131959	0.58304	3.83243	1.32
95.8227	13.5313	219.993	0.144913	0.131739	0.541253	3.83291	1.36
95.8878	12.5627	220.386	0.144688	0.131535	0.502509	3.83551	1.4
95.9987	11.6648	220.7	0.14448	0.131346	0.466592	3.83995	1.44
96.1491	10.8325	220.944	0.144287	0.13117	0.433299	3.84596	1.48
96.3332	10.061	221.125	0.144109	0.131008	0.40244	3.85333	1.52
96.546	9.34592	221.251	0.143943	0.130857	0.373837	3.86184	1.56
96.7829	8.68309	221.328	0.14379	0.130718	0.347324	3.87132	1.6
97.0398	8.06867	221.363	0.143647	0.130589	0.322747	3.88159	1.64
97.3131	7.49907	221.36	0.143516	0.130469	0.299963	3.89252	1.68
97.5997	6.97094	221.324	0.143394	0.130358	0.278838	3.90399	1.72
97.8966	6.48122	221.26	0.143281	0.130255	0.259249	3.91586	1.76
98.2014	6.02702	221.171	0.143176	0.13016	0.241081	3.92806	1.8
98.5118	5.60572	221.062	0.143079	0.130072	0.224229	3.94047	1.84
98.826	5.21484	220.935	0.142989	0.12999	0.208594	3.95304	1.88
99.142	4.85213	220.792	0.142906	0.129915	0.194085	3.96568	1.92
99.4586	4.51549	220.637	0.142829	0.129845	0.18062	3.97834	1.96
99.7742	4.20298	220.472	0.142758	0.12978	0.168119	3.99097	2
100.088	3.91281	220.299	0.142692	0.12972	0.156513	4.00351	2.04
100.398	3.64333	220.119	0.142631	0.129664	0.145733	4.01594	2.08
100.705	3.393	219.934	0.142574	0.129613	0.13572	4.02821	2.12
101.007	3.16041	219.746	0.142522	0.129566	0.126416	4.04029	2.16
101.304	2.94426	219.556	0.142474	0.129522	0.117771	4.05217	2.2
101.595	2.74335	219.365	0.142429	0.129481	0.109734	4.06381	2.24
101.88	2.55655	219.173	0.142388	0.129444	0.102262	4.07521	2.28
102.159	2.38285	218.982	0.14235	0.12941	0.095314	4.08635	2.32
102.43	2.22128	218.793	0.142316	0.129378	0.0888513	4.09721	2.36
102.695	2.07098	218.605	0.142283	0.129348	0.082839	4.10779	2.4
102.952	1.93111	218.421	0.142254	0.129322	0.0772445	4.11808	2.44
103.202	1.80095	218.239	0.142226	0.129297	0.0720378	4.12808	2.48
103.445	1.67978	218.06	0.142201	0.129274	0.067191	4.13779	2.52
103.68	1.56696	217.886	0.142178	0.129253	0.0626784	4.1472	2.56
103.908	1.4619	217.715	0.142157	0.129234	0.0584762	4.1563	2.6
104.128	1.36405	217.549	0.142138	0.129216	0.0545622	4.16512	2.64
104.341	1.2729	217.387	0.14212	0.1292	0.0509161	4.17364	2.68
104.547	1.18797	217.23	0.142104	0.129186	0.0475189	4.18187	2.72
104.745	1.10883	217.077	0.14209	0.129173	0.0443532	4.18981	2.76
104.937	1.03507	216.93	0.142077	0.129161	0.0414027	4.19747	2.8
105.121	0.966306	216.787	0.142065	0.12915	0.0386522	4.20485	2.84
105.299	0.902199	216.648	0.142054	0.12914	0.036088	4.21196	2.88
105.47	0.842423	216.515	0.142044	0.129131	0.0336969	4.21881	2.92
105.635	0.786676	216.386	0.142035	0.129123	0.031467	4.2254	2.96
105.793	0.73468	216.262	0.142028	0.129116	0.0293872	4.23173	3
105.945	0.686177	216.143	0.142021	0.12911	0.0274471	4.23782	3.04
106.092	0.640925	216.028	0.142015	0.129104	0.025637	4.24366	3.08
106.232	0.598702	215.918	0.142009	0.1291	0.0239481	4.24928	3.12
106.367	0.5593	215.812	0.142005	0.129095	0.022372	4.25467	3.16
106.496	0.522527	215.711	0.142001	0.129092	0.0209011	4.25984	3.2
106.62	0.488204	215.614	0.141998	0.129089	0.0195282	4.26481	3.24
106.739	0.456164	215.521	0.141995	0.129086	0.0182465	4.26956	3.28
106.853	0.426251	215.432	0.141993	0.129085	0.0170501	4.27412	3.32
106.962	0.398323	215.347	0.141991	0.129083	0.0159329	4.27849	3.36
107.067	0.372245	215.266	0.14199	0.129082	0.0148898	4.28268	3.4
107.167	0.347893	215.189	0.14199	0.129081	0.0139157	4.28669	3.44
107.263	0.325149	215.115	0.141989	0.129081	0.013006	4.29053	3.48
107.355	0.303907	215.044	0.141989	0.129081	0.0121563	4.2942	3.52
107.443	0.284066	214.977	0.14199	0.129082	0.0113626	4.29772	3.56
107.527	0.265531	214.914	0.141991	0.129083	0.0106212	4.30109	3.6
107.608	0.248216	214.853	0.141992	0.129084	0.00992863	4.30431	3.64
107.685	0.232039	214.795	0.141993	0.129085	0.00928155	4.30739	3.68
107.758	0.216924	214.741	0.141995	0.129086	0.00867697	4.31034	3.72
107.829	0.202802	214.689	0.141997	0.129088	0.00811206	4.31316	3.76
107.896	0.189605	214.64	0.141999	0.12909	0.00758418	4.31585	3.8
107.961	0.177272	214.593	0.142002	0.129092	0.00709089	4.31843	3.84
108.022	0.165747	214.549	0.142004	0.129095	0.00662988	4.32089	3.88
108.081	0.154976	214.507	0.142007	0.129097	0.00619903	4.32325	3.92
108.138	0.144908	214.468	0.14201	0.1291	0.00579633	4.3255	3.96
108.191	0.135499	214.431	0.142013	0.129103	0.00541994	4.32766	4
108.243	0.126703	214.396	0.142017	0.129106	0.00506812	4.32972	4.04
108.292	0.118481	214.363	0.14202	0.129109	0.00473925	4.33168	4.08
108.339	0.110796	214.332	0.142024	0.129113	0.00443182	4.33357	4.12
108.384	0.103611	214.303	0.142028	0.129116	0.00414443	4.33536	4.16
108.427	0.0968938	214.275	0.142032	0.12912	0.00387575	4.33708	4.2
108.468	0.090614	214.25	0.142036	0.129123	0.00362456	4.33873	4.24
108.508	0.0847429	214.226	0.14204	0.129127	0.00338972	4.3403	4.28
108.545	0.0792536	214.203	0.142044	0.129131	0.00317014	4.3418	4.32
108.581	0.074121	214.182	0.142048	0.129135	0.00296484	4.34324	4.36
108.615	0.069322	214.163	0.142053	0.129139	0.00277288	4.34462	4.4
108.648	0.0648347	214.144	0.142057	0.129143	0.00259339	4.34593	4.44
108.68	0.0606387	214.127	0.142062	0.129147	0.00242555	4.34719	4.48
108.71	0.0567151	214.112	0.142067	0.129151	0.0022686	4.3484	4.52
108.739	0.0530461	214.097	0.142071	0.129156	0.00212184	4.34955	4.56
108.766	0.049615	214.084	0.142076	0.12916	0.0019846	4.35066	4.6
108.793	0.0464063	214.072	0.142081	0.129164	0.00185625	4.35171	4.64
108.818	0.0434057	214.061	0.142086	0.129169	0.00173623	4.35273	4.68
108.842	0.0405995	214.05	0.142091	0.129173	0.00162398	4.3537	4.72
108.866	0.0379752	214.041	0.142096	0.129178	0.00151901	4.35463	4.76
108.888	0.0355208	214.033	0.142101	0.129182	0.00142083	4.35552	4.8
108.909	0.0332253	214.025	0.142106	0.129187	0.00132901	4.35638	4.84
108.93	0.0310784	214.018	0.142111	0.129192	0.00124314	4.3572	4.88
108.95	0.0290705	214.012	0.142116	0.129196	0.00116282	4.35798	4.92
108.969	0.0271926	214.007	0.142121	0.129201	0.0010877	4.35874	4.96
108.987	0.0254361	214.003	0.142126	0.129206	0.00101744	4.35947	5
109.004	0.0237933	213.999	0.142132	0.129211	0.00095173	4.36017	5.04
109.021	0.0222567	213.995	0.142137	0.129215	0.000890267	4.36084	5.08
109.037	0.0208194	213.993	0.142142	0.12922	0.000832778	4.36148	5.12
109.053	0.0194751	213.991	0.142148	0.129225	0.000779006	4.3621	5.16
109.068	0.0182177	213.989	0.142153	0.12923	0.00072871	4.3627	5.2
109.082	0.0170416	213.988	0.142158	0.129235	0.000681665	4.36328	5.24
109.096	0.0159415	213.988	0.142164	0.12924	0.00063766	4.36383	5.28
109.109	0.0149125	213.988	0.142169	0.129245	0.000596499	4.36437	5.32
109.122	0.0139499	213.988	0.142175	0.12925	0.000557997	4.36488	5.36
109.135	0.0130496	213.989	0.14218	0.129255	0.000521983	4.36538	5.4
109.147	0.0122074	213.99	0.142186	0.12926	0.000488295	4.36586	5.44
109.158	0.0114196	213.992	0.142191	0.129265	0.000456783	4.36633	5.48
109.169	0.0106827	213.994	0.142196	0.12927	0.000427307	4.36678	5.52
109.18	0.00999334	213.996	0.142202	0.129275	0.000399733	4.36722	5.56
109.191	0.00934852	213.999	0.142207	0.12928	0.000373941	4.36764	5.6
109.201	0.00874533	214.001	0.142213	0.129285	0.000349813	4.36805	5.64
109.211	0.00818109	214.005	0.142219	0.12929	0.000327244	4.36844	5.68
109.221	0.00765327	214.008	0.142224	0.129295	0.000306131	4.36883	5.72
109.23	0.00715953	214.012	0.14223	0.1293	0.000286381	4.3692	5.76
109.239	0.00669765	214.016	0.142235	0.129305	0.000267906	4.36957	5.8
109.248	0.00626559	214.02	0.142241	0.12931	0.000250624	4.36992	5.84
109.257	0.00586141	214.025	0.142246	0.129315	0.000234457	4.37026	5.88
109.265	0.00548332	214.03	0.142252	0.12932	0.000219333	4.3706	5.92
109.273	0.00512962	214.034	0.142258	0.129325	0.000205185	4.37092	5.96
109.281	0.00479875	214.04	0.142263	0.12933	0.00019195	4.37124	6
109.289	0.00448923	214.045	0.142269	0.129335	0.000179569	4.37155	6.04
109.296	0.00419968	214.05	0.142274	0.12934	0.000167987	4.37185	6.08
109.304	0.00392881	214.056	0.14228	0.129345	0.000157153	4.37215	6.12
109.311	0.00367542	214.062	0.142286	0.129351	0.000147017	4.37244	6.16
109.318	0.00343838	214.068	0.142291	0.129356	0.000137535	4.37272	6.2
109.325	0.00321663	214.074	0.142297	0.129361	0.000128665	4.373	6.24
109.332	0.00300918	214.08	0.142303	0.129366	0.000120367	4.37327	6.28
109.339	0.00281511	214.086	0.142308	0.129371	0.000112605	4.37354	6.32
109.345	0.00263357	214.093	0.142314	0.129376	0.000105343	4.3738	6.36
109.352	0.00246373	214.099	0.142319	0.129381	9.85493e-05	4.37406	6.4
109.358	0.00230485	214.106	0.142325	0.129386	9.2194e-05	4.37431	6.44
109.364	0.00215622	214.113	0.142331	0.129392	8.62487e-05	4.37456	6.48
109.37	0.00201717	214.12	0.142336	0.129397	8.06869e-05	4.37481	6.52
109.376	0.00188709	214.127	0.142342	0.129402	7.54838e-05	4.37505	6.56
109.382	0.00176541	214.134	0.142348	0.129407	7.06162e-05	4.37529	6.6
109.388	0.00165157	214.141	0.142353	0.129412	6.60626e-05	4.37552	6.64
109.394	0.00154507	214.148	0.142359	0.129417	6.18027e-05	4.37575	6.68
109.399	0.00144544	214.155	0.142365	0.129422	5.78175e-05	4.37598	6.72
109.405	0.00135223	214.163	0.14237	0.129428	5.40893e-05	4.3762	6.76
109.411	0.00126504	214.17	0.142376	0.129433	5.06016e-05	4.37643	6.8
109.416	0.00118347	214.178	0.142382	0.129438	4.73387e-05	4.37665	6.84
109.422	0.00110716	214.185	0.142387	0.129443	4.42863e-05	4.37686	6.88
109.427	0.00103577	214.193	0.142393	0.129448	4.14308e-05	4.37708	6.92
109.432	0.000968983	214.2	0.142399	0.129453	3.87593e-05	4.37729	6.96
109.438	0.000906505	214.208	0.142404	0.129459	3.62602e-05	4.3775	7
109.443	0.000848055	214.216	0.14241	0.129464	3.39222e-05	4.37771	7.04
109.448	0.000793374	214.224	0.142416	0.129469	3.17349e-05	4.37792	7.08
109.453	0.000742219	214.231	0.142421	0.129474	2.96888e-05	4.37812	7.12
109.458	0.000694362	214.239	0.142427	0.129479	2.77745e-05	4.37833	7.16
109.463	0.000649592	214.247	0.142433	0.129484	2.59837e-05	4.37853	7.2
109.468	0.000607709	214.255	0.142439	0.12949	2.43083e-05	4.37873	7.24
109.473	0.000568526	214.263	0.142444	0.129495	2.2741e-05	4.37893	7.28
109.478	0.000531869	214.271	0.14245	0.1295	2.12748e-05	4.37912	7.32
109.483	0.000497577	214.279	0.142456	0.129505	1.99031e-05	4.37932	7.36
109.488	0.000465495	214.287	0.142461	0.12951	1.86198e-05	4.37952	7.4
109.493	0.000435482	214.295	0.142467	0.129515	1.74193e-05	4.37971	7.44
109.498	0.000407404	214.304	0.142473	0.129521	1.62962e-05	4.3799	7.48
109.502	0.000381137	214.312	0.142478	0.129526	1.52455e-05	4.3801	7.52
109.507	0.000356563	214.32	0.142484	0.129531	1.42625e-05	4.38029	7.56
109.512	0.000333574	214.328	0.14249	0.129536	1.3343e-05	4.38048	7.6
109.517	0.000312067	214.336	0.142495	0.129541	1.24827e-05	4.38067	7.64
109.521	0.000291947	214.345	0.142501	0.129546	1.16779e-05	4.38086	7.68
109.526	0.000273124	214.353	0.142507	0.129552	1.0925e-05	4.38104	7.72
109.531	0.000255514	214.361	0.142513	0.129557	1.02206e-05	4.38123	7.76
109.535	0.00023904	214.369	0.142518	0.129562	9.56162e-06	4.38142	7.8
109.54	0.000223629	214.378	0.142524	0.129567	8.94515e-06	4.3816	7.84
109.545	0.000209211	214.386	0.14253	0.129572	8.36842e-06	4.38179	7.88
109.549	0.000195722	214.394	0.142535	0.129578	7.82888e-06	4.38197	7.92
109.554	0.000183103	214.403	0.142541	0.129583	7.32413e-06	4.38216	7.96
109.559	0.000171298	214.411	0.142547	0.129588	6.85192e-06	4.38234	8
109.563	0.000160254	214.419	0.142552	0.129593	6.41015e-06	4.38253	8.04
109.568	0.000149922	214.428	0.142558	0.129598	5.99687e-06	4.38271	8.08
109.572	0.000140256	214.436	0.142564	0.129603	5.61024e-06	4.38289	8.12
109.577	0.000131213	214.445	0.142569	0.129609	5.24853e-06	4.38307	8.16
109.581	0.000122754	214.453	0.142575	0.129614	4.91014e-06	4.38326	8.2
109.586	0.000114839	214.461	0.142581	0.129619	4.59357e-06	4.38344	8.24
109.59	0.000107435	214.47	0.142587	0.129624	4.29741e-06	4.38362	8.28
109.595	0.000100509	214.478	0.142592	0.129629	4.02035e-06	4.3838	8.32
109.599	9.40286e-05	214.487	0.142598	0.129635	3.76114e-06	4.38398	8.36
109.604	8.79664e-05	214.495	0.142604	0.12964	3.51865e-06	4.38416	8.4
109.608	8.2295e-05	214.504	0.142609	0.129645	3.2918e-06	4.38434	8.44
109.613	7.69892e-05	214.512	0.142615	0.12965	3.07957e-06	4.38452	8.48
109.617	7.20256e-05	214.521	0.142621	0.129655	2.88102e-06	4.3847	8.52
109.622	6.73819e-05	214.529	0.142627	0.12966	2.69528e-06	4.38488	8.56
109.626	6.30377e-05	214.538	0.142632	0.129666	2.52151e-06	4.38506	8.6
109.631	5.89735e-05	214.546	0.142638	0.129671	2.35894e-06	4.38524	8.64
109.635	5.51713e-05	214.555	0.142644	0.129676	2.20685e-06	4.38541	8.68
109.64	5.16143e-05	214.563	0.142649	0.129681	2.06457e-06	4.38559	8.72
109.644	4.82867e-05	214.572	0.142655	0.129686	1.93147e-06	4.38577	8.76
109.649	4.51735e-05	214.58	0.142661	0.129692	1.80694e-06	4.38595	8.8
109.653	4.22611e-05	214.589	0.142666	0.129697	1.69044e-06	4.38613	8.84
109.658	3.95364e-05	214.597	0.142672	0.129702	1.58146e-06	4.3863	8.88
109.662	3.69875e-05	214.606	0.142678	0.129707	1.4795e-06	4.38648	8.92
109.666	3.46028e-05	214.614	0.142684	0.129712	1.38411e-06	4.38666	8.96
109.671	3.23719e-05	214.623	0.142689	0.129718	1.29488e-06	4.38684	9
109.675	3.02848e-05	214.631	0.142695	0.129723	1.21139e-06	4.38701	9.04
109.68	2.83323e-05	214.64	0.142701	0.129728	1.13329e-06	4.38719	9.08
109.684	2.65057e-05	214.648	0.142706	0.129733	1.06023e-06	4.38737	9.12
109.689	2.47968e-05	214.657	0.142712	0.129738	9.91872e-07	4.38755	9.16
109.693	2.31981e-05	214.666	0.142718	0.129743	9.27925e-07	4.38772	9.2
109.698	2.17025e-05	214.674	0.142723	0.129749	8.681e-07	4.3879	9.24
109.702	2.03033e-05	214.683	0.142729	0.129754	8.12132e-07	4.38808	9.28
109.706	1.89943e-05	214.691	0.142735	0.129759	7.59772e-07	4.38825	9.32
109.711	1.77697e-05	214.7	0.142741	0.129764	7.10789e-07	4.38843	9.36
109.715	1.66241e-05	214.708	0.142746	0.129769	6.64963e-07	4.38861	9.4
109.72	1.55523e-05	214.717	0.142752	0.129775	6.22092e-07	4.38878	9.44
109.724	1.45496e-05	214.725	0.142758	0.12978	5.81984e-07	4.38896	9.48
109.728	1.36116e-05	214.734	0.142763	0.129785	5.44463e-07	4.38914	9.52
109.733	1.2734e-05	214.743	0.142769	0.12979	5.09361e-07	4.38931	9.56
109.737	1.1913e-05	214.751	0.142775	0.129795	4.76521e-07	4.38949	9.6
109.742	1.1145e-05	214.76	0.142781	0.129801	4.45799e-07	4.38967	9.64
109.746	1.04264e-05	214.768	0.142786	0.129806	4.17058e-07	4.38984	9.68
109.75	9.75424e-06	214.777	0.142792	0.129811	3.90169e-07	4.39002	9.72
109.755	9.12536e-06	214.785	0.142798	0.129816	3.65015e-07	4.39019	9.76
109.759	8.53704e-06	214.794	0.142803	0.129821	3.41482e-07	4.39037	9.8
109.764	7.98664e-06	214.803	0.142809	0.129826	3.19466e-07	4.39055	9.84
109.768	7.47173e-06	214.811	0.142815	0.129832	2.98869e-07	4.39072	9.88
109.772	6.99002e-06	214.82	0.142821	0.129837	2.79601e-07	4.3909	9.92
109.777	6.53936e-06	214.828	0.142826	0.129842	2.61574e-07	4.39108	9.96
109.781	6.11776e-06	214.837	0.142832	0.129847	2.4471e-07	4.39125	10
109.786	5.72334e-06	214.845	0.142838	0.129852	2.28933e-07	4.39143	10.04
109.79	5.35435e-06	214.854	0.142843	0.129858	2.14174e-07	4.3916	10.08
109.794	5.00914e-06	214.863	0.142849	0.129863	2.00366e-07	4.39178	10.12
109.799	4.6862e-06	214.871	0.142855	0.129868	1.87448e-07	4.39196	10.16
109.803	4.38407e-06	214.88	0.142861	0.129873	1.75363e-07	4.39213	10.2
109.808	4.10142e-06	214.888	0.142866	0.129878	1.64057e-07	4.39231	10.24
109.812	3.837e-06	214.897	0.142872	0.129884	1.5348e-07	4.39248	10.28
109.816	3.58962e-06	214.906	0.142878	0.129889	1.43585e-07	4.39266	10.32
109.821	3.35819e-06	214.914	0.142883	0.129894	1.34328e-07	4.39284	10.36
109.825	3.14168e-06	214.923	0.142889	0.129899	1.25667e-07	4.39301	10.4
109.83	2.93914e-06	214.931	0.142895	0.129904	1.17565e-07	4.39319	10.44
109.834	2.74965e-06	214.94	0.142901	0.12991	1.09986e-07	4.39336	10.48
109.838	2.57237e-06	214.948	0.142906	0.129915	1.02895e-07	4.39354	10.52
109.843	2.40653e-06	214.957	0.142912	0.12992	9.62611e-08	4.39372	10.56
109.847	2.25137e-06	214.966	0.142918	0.129925	9.0055e-08	4.39389	10.6
109.852	2.10623e-06	214.974	0.142923	0.12993	8.4249e-08	4.39407	10.64
109.856	1.97043e-06	214.983	0.142929	0.129936	7.88174e-08	4.39424	10.68
109.86	1.8434e-06	214.991	0.142935	0.129941	7.37359e-08	4.39442	10.72
109.865	1.72455e-06	215	0.142941	0.129946	6.8982e-08	4.39459	10.76
109.869	1.61337e-06	215.009	0.142946	0.129951	6.45347e-08	4.39477	10.8
109.874	1.50935e-06	215.017	0.142952	0.129956	6.0374e-08	4.39495	10.84
109.878	1.41204e-06	215.026	0.142958	0.129962	5.64816e-08	4.39512	10.88
109.882	1.321e-06	215.034	0.142963	0.129967	5.28402e-08	4.3953	10.92
109.887	1.23584e-06	215.043	0.142969	0.129972	4.94335e-08	4.39547	10.96
109.891	1.15616e-06	215.052	0.142975	0.129977	4.62464e-08	4.39565	11
109.896	1.08162e-06	215.06	0.142981	0.129982	4.32649e-08	4.39583	11.04
109.9	1.01189e-06	215.069	0.142986	0.129988	4.04755e-08	4.396	11.08
109.904	9.4665e-07	215.077	0.142992	0.129993	3.7866e-08	4.39618	11.12
109.909	8.85618e-07	215.086	0.142998	0.129998	3.54247e-08	4.39635	11.16
109.913	8.28521e-07	215.095	0.143003	0.130003	3.31408e-08	4.39653	11.2
109.918	7.75105e-07	215.103	0.143009	0.130008	3.10042e-08	4.39671	11.24
109.922	7.25133e-07	215.112	0.143015	0.130014	2.90053e-08	4.39688	11.28
109.926	6.78383e-07	215.12	0.143021	0.130019	2.71353e-08	4.39706	11.32
109.931	6.34646e-07	215.129	0.143026	0.130024	2.53859e-08	4.39723	11.36
109.935	5.9373e-07	215.138	0.143032	0.130029	2.37492e-08	4.39741	11.4
109.94	5.55451e-07	215.146	0.143038	0.130034	2.2218e-08	4.39759	11.44
109.944	5.19641e-07	215.155	0.143043	0.13004	2.07856e-08	4.39776	11.48
109.948	4.86139e-07	215.163	0.143049	0.130045	1.94455e-08	4.39794	11.52
109.953	4.54797e-07	215.172	0.143055	0.13005	1.81919e-08	4.39811	11.56
109.957	4.25475e-07	215.181	0.143061	0.130055	1.7019e-08	4.39829	11.6
109.962	3.98044e-07	215.189	0.143066	0.13006	1.59218e-08	4.39847	11.64
109.966	3.72382e-07	215.198	0.143072	0.130066	1.48953e-08	4.39864	11.68
109.97	3.48374e-07	215.206	0.143078	0.130071	1.39349e-08	4.39882	11.72
109.975	3.25914e-07	215.215	0.143084	0.130076	1.30365e-08	4.39899	11.76
109.979	3.04901e-07	215.224	0.143089	0.130081	1.21961e-08	4.39917	11.8
109.984	2.85244e-07	215.232	0.143095	0.130086	1.14098e-08	4.39934	11.84
109.988	2.66854e-07	215.241	0.143101	0.130092	1.06742e-08	4.39952	11.88
109.992	2.49649e-07	215.249	0.143106	0.130097	9.98598e-09	4.3997	11.92
109.997	2.33554e-07	215.258	0.143112	0.130102	9.34217e-09	4.39987	11.96
110.001	2.18497e-07	215.267	0.143118	0.130107	8.73987e-09	4.40005	12
110.006	2.0441e-07	215.275	0.143124	0.130112	8.17639e-09	4.40022	12.04
110.01	1.91231e-07	215.284	0.143129	0.130118	7.64925e-09	4.4004	12.08
110.014	1.78902e-07	215.293	0.143135	0.130123	7.15609e-09	4.40058	12.12
110.019	1.67368e-07	215.301	0.143141	0.130128	6.69473e-09	4.40075	12.16
110.023	1.56578e-07	215.31	0.143146	0.130133	6.26311e-09	4.40093	12.2
110.028	1.46483e-07	215.318	0.143152	0.130138	5.85932e-09	4.4011	12.24
110.032	1.37039e-07	215.327	0.143158	0.130144	5.48156e-09	4.40128	12.28
110.036	1.28204e-07	215.336	0.143164	0.130149	5.12816e-09	4.40146	12.32
110.041	1.19938e-07	215.344	0.143169	0.130154	4.79754e-09	4.40163	12.36
110.045	1.12206e-07	215.353	0.143175	0.130159	4.48823e-09	4.40181	12.4
110.05	1.04972e-07	215.361	0.143181	0.130164	4.19887e-09	4.40199	12.44
110.054	9.82041e-08	215.37	0.143187	0.13017	3.92816e-09	4.40216	12.48
110.058	9.18727e-08	215.379	0.143192	0.130175	3.67491e-09	4.40234	12.52
110.063	8.59496e-08	215.387	0.143198	0.13018	3.43798e-09	4.40251	12.56
110.067	8.04083e-08	215.396	0.143204	0.130185	3.21633e-09	4.40269	12.6
110.072	7.52242e-08	215.404	0.143209	0.13019	3.00897e-09	4.40287	12.64
110.076	7.03744e-08	215.413	0.143215	0.130196	2.81498e-09	4.40304	12.68
110.08	6.58373e-08	215.422	0.143221	0.130201	2.63349e-09	4.40322	12.72
110.085	6.15927e-08	215.43	0.143227	0.130206	2.46371e-09	4.40339	12.76
110.089	5.76217e-08	215.439	0.143232	0.130211	2.30487e-09	4.40357	12.8
110.094	5.39067e-08	215.448	0.143238	0.130216	2.15627e-09	4.40375	12.84
110.098	5.04313e-08	215.456	0.143244	0.130222	2.01725e-09	4.40392	12.88
110.102	4.71799e-08	215.465	0.14325	0.130227	1.8872e-09	4.4041	12.92
110.107	4.41382e-08	215.473	0.143255	0.130232	1.76553e-09	4.40427	12.96
110.111	4.12925e-08	215.482	0.143261	0.130237	1.6517e-09	4.40445	13
110.116	3.86303e-08	215.491	0.143267	0.130243	1.54521e-09	4.40463	13.04
110.12	3.61398e-08	215.499	0.143272	0.130248	1.44559e-09	4.4048	13.08
110.124	3.38098e-08	215.508	0.143278	0.130253	1.35239e-09	4.40498	13.12
110.129	3.163e-08	215.516	0.143284	0.130258	1.2652e-09	4.40516	13.16
110.133	2.95908e-08	215.525	0.14329	0.130263	1.18363e-09	4.40533	13.2
110.138	2.7683e-08	215.534	0.143295	0.130269	1.10732e-09	4.40551	13.24
110.142	2.58983e-08	215.542	0.143301	0.130274	1.03593e-09	4.40568	13.28
110.146	2.42286e-08	215.551	0.143307	0.130279	9.69143e-10	4.40586	13.32
110.151	2.26665e-08	215.56	0.143313	0.130284	9.06661e-10	4.40604	13.36
110.155	2.12052e-08	215.568	0.143318	0.130289	8.48207e-10	4.40621	13.4
110.16	1.98381e-08	215.577	0.143324	0.130295	7.93522e-10	4.40639	13.44
110.164	1.85591e-08	215.585	0.14333	0.1303	7.42363e-10	4.40656	13.48
110.169	1.73625e-08	215.594	0.143336	0.130305	6.94501e-10	4.40674	13.52
110.173	1.62431e-08	215.603	0.143341	0.13031	6.49726e-10	4.40692	13.56
110.177	1.51959e-08	215.611	0.143347	0.130315	6.07837e-10	4.40709	13.6
110.182	1.42162e-08	215.62	0.143353	0.130321	5.68649e-10	4.40727	13.64
110.186	1.32997e-08	215.629	0.143358	0.130326	5.31987e-10	4.40745	13.68
110.191	1.24422e-08	215.637	0.143364	0.130331	4.97689e-10	4.40762	13.72
110.195	1.16401e-08	215.646	0.14337	0.130336	4.65603e-10	4.4078	13.76
110.199	1.08896e-08	215.654	0.143376	0.130342	4.35585e-10	4.40797	13.8
110.204	1.01875e-08	215.663	0.143381	0.130347	4.07502e-10	4.40815	13.84
110.208	9.53074e-09	215.672	0.143387	0.130352	3.8123e-10	4.40833	13.88
110.213	8.91628e-09	215.68	0.143393	0.130357	3.56651e-10	4.4085	13.92
110.217	8.34144e-09	215.689	0.143399	0.130362	3.33657e-10	4.40868	13.96
110.221	7.80365e-09	215.698	0.143404	0.130368	3.12146e-10	4.40886	14
110.226	7.30054e-09	215.706	0.14341	0.130373	2.92022e-10	4.40903	14.04
110.23	6.82986e-09	215.715	0.143416	0.130378	2.73195e-10	4.40921	14.08
110.235	6.38953e-09	215.723	0.143422	0.130383	2.55581e-10	4.40939	14.12
110.239	5.97759e-09	215.732	0.143427	0.130388	2.39104e-10	4.40956	14.16
110.243	5.59221e-09	215.741	0.143433	0.130394	2.23688e-10	4.40974	14.2
110.248	5.23167e-09	215.749	0.143439	0.130399	2.09267e-10	4.40991	14.24
110.252	4.89438e-09	215.758	0.143444	0.130404	1.95775e-10	4.41009	14.28
110.257	4.57883e-09	215.767	0.14345	0.130409	1.83153e-10	4.41027	14.32
110.261	4.28363e-09	215.775	0.143456	0.130415	1.71345e-10	4.41044	14.36
110.265	4.00745e-09	215.784	0.143462	0.13042	1.60298e-10	4.41062	14.4
110.27	3.74909e-09	215.792	0.143467	0.130425	1.49964e-10	4.4108	14.44
110.274	3.50738e-09	215.801	0.143473	0.13043	1.40295e-10	4.41097	14.48
110.279	3.28125e-09	215.81	0.143479	0.130435	1.3125e-10	4.41115	14.52
110.283	3.06971e-09	215.818	0.143485	0.130441	1.22788e-10	4.41133	14.56
110.288	2.8718e-09	215.827	0.14349	0.130446	1.14872e-10	4.4115	14.6
110.292	2.68665e-09	215.836	0.143496	0.130451	1.07466e-10	4.41168	14.64
110.296	2.51344e-09	215.844	0.143502	0.130456	1.00537e-10	4.41185	14.68
110.301	2.35139e-09	215.853	0.143508	0.130461	9.40557e-11	4.41203	14.72
110.305	2.19979e-09	215.862	0.143513	0.130467	8.79918e-11	4.41221	14.76
110.31	2.05797e-09	215.87	0.143519	0.130472	8.23188e-11	4.41238	14.8
110.314	1.92529e-09	215.879	0.143525	0.130477	7.70116e-11	4.41256	14.84
110.318	1.80116e-09	215.887	0.143531	0.130482	7.20466e-11	4.41274	14.88
110.323	1.68504e-09	215.896	0.143536	0.130488	6.74016e-11	4.41291	14.92
110.327	1.5764e-09	215.905	0.143542	0.130493	6.30561e-11	4.41309	14.96
110.332	1.47477e-09	215.913	0.143548	0.130498	5.89908e-11	4.41327	15
110.336	1.37969e-09	215.922	0.143554	0.130503	5.51876e-11	4.41344	15.04
110.34	1.29074e-09	215.931	0.143559	0.130508	5.16296e-11	4.41362	15.08
110.345	1.20752e-09	215.939	0.143565	0.130514	4.83009e-11	4.4138	15.12
110.349	1.12967e-09	215.948	0.143571	0.130519	4.51869e-11	4.41397	15.16
110.354	1.05684e-09	215.956	0.143577	0.130524	4.22737e-11	4.41415	15.2
110.358	9.88705e-10	215.965	0.143582	0.130529	3.95482e-11	4.41433	15.24
110.363	9.24962e-10	215.974	0.143588	0.130535	3.69985e-11	4.4145	15.28
110.367	8.65328e-10	215.982	0.143594	0.13054	3.46131e-11	4.41468	15.32
110.371	8.09539e-10	215.991	0.143599	0.130545	3.23816e-11	4.41486	15.36
110.376	7.57347e-10	216	0.143605	0.13055	3.02939e-11	4.41503	15.4
110.38	7.0852e-10	216.008	0.143611	0.130555	2.83408e-11	4.41521	15.44
110.385	6.62841e-10	216.017	0.143617	0.130561	2.65136e-11	4.41539	15.48
110.389	6.20107e-10	216.026	0.143622	0.130566	2.48043e-11	4.41556	15.52
110.393	5.80127e-10	216.034	0.143628	0.130571	2.32051e-11	4.41574	15.56
110.398	5.42726e-10	216.043	0.143634	0.130576	2.1709e-11	4.41591	15.6
110.402	5.07735e-10	216.052	0.14364	0.130582	2.03094e-11	4.41609	15.64
110.407	4.75001e-10	216.06	0.143645	0.130587	1.9e-11	4.41627	15.68
110.411	4.44377e-10	216.069	0.143651	0.130592	1.77751e-11	4.41644	15.72
110.416	4.15727e-10	216.077	0.143657	0.130597	1.66291e-11	4.41662	15.76
110.42	3.88925e-10	216.086	0.143663	0.130602	1.5557e-11	4.4168	15.8
110.424	3.6385e-10	216.095	0.143668	0.130608	1.4554e-11	4.41697	15.84
110.429	3.40392e-10	216.103	0.143674	0.130613	1.36157e-11	4.41715	15.88
110.433	3.18447e-10	216.112	0.14368	0.130618	1.27379e-11	4.41733	15.92
110.438	2.97916e-10	216.121	0.143686	0.130623	1.19166e-11	4.4175	15.96
110.442	2.78709e-10	216.129	0.143691	0.130629	1.11484e-11	4.41768	16
110.446	2.6074e-10	216.138	0.143697	0.130634	1.04296e-11	4.41786	16.04
110.451	2.4393e-10	216.147	0.143703	0.130639	9.7572e-12	4.41803	16.08
110.455	2.28203e-10	216.155	0.143709	0.130644	9.12814e-12	4.41821	16.12
110.46	2.13491e-10	216.164	0.143714	0.130649	8.53963e-12	4.41839	16.16
110.464	1.99727e-10	216.173	0.14372	0.130655	7.98907e-12	4.41856	16.2
110.469	1.8685e-10	216.181	0.143726	0.13066	7.47401e-12	4.41874	16.24
110.473	1.74804e-10	216.19	0.143732	0.130665	6.99215e-12	4.41892	16.28
110.477	1.63534e-10	216.198	0.143737	0.13067	6.54135e-12	4.41909	16.32
110.482	1.52991e-10	216.207	0.143743	0.130676	6.11962e-12	4.41927	16.36
110.486	1.43127e-10	216.216	0.143749	0.130681	5.72508e-12	4.41945	16.4
110.491	1.33899e-10	216.224	0.143755	0.130686	5.35598e-12	4.41963	16.44
110.495	1.25267e-10	216.233	0.14376	0.130691	5.01067e-12	4.4198	16.48
110.499	1.17191e-10	216.242	0.143766	0.130696	4.68762e-12	4.41998	16.52
110.504	1.09635e-10	216.25	0.143772	0.130702	4.38541e-12	4.42016	16.56
110.508	1.02567e-10	216.259	0.143778	0.130707	4.10267e-12	4.42033	16.6
110.513	9.59542e-11	216.268	0.143783	0.130712	3.83817e-12	4.42051	16.64
110.517	8.97679e-11	216.276	0.143789	0.130717	3.59072e-12	4.42069	16.68
110.522	8.39804e-11	216.285	0.143795	0.130723	3.35922e-12	4.42086	16.72
110.526	7.85661e-11	216.294	0.143801	0.130728	3.14264e-12	4.42104	16.76
110.53	7.35008e-11	216.302	0.143806	0.130733	2.94003e-12	4.42122	16.8
110.535	6.87621e-11	216.311	0.143812	0.130738	2.75049e-12	4.42139	16.84
110.539	6.43289e-11	216.32	0.143818	0.130744	2.57316e-12	4.42157	16.88
110.544	6.01816e-11	216.328	0.143824	0.130749	2.40726e-12	4.42175	16.92
110.548	5.63016e-11	216.337	0.143829	0.130754	2.25206e-12	4.42192	16.96
110.553	5.26717e-11	216.345	0.143835	0.130759	2.10687e-12	4.4221	17
110.557	4.92759e-11	216.354	0.143841	0.130764	1.97104e-12	4.42228	17.04
110.561	4.6099e-11	216.363	0.143847	0.13077	1.84396e-12	4.42245	17.08
110.566	4.3127e-11	216.371	0.143852	0.130775	1.72508e-12	4.42263	17.12
110.57	4.03465e-11	216.38	0.143858	0.13078	1.61386e-12	4.42281	17.16
110.575	3.77453e-11	216.389	0.143864	0.130785	1.50981e-12	4.42298	17.2
110.579	3.53118e-11	216.397	0.14387	0.130791	1.41247e-12	4.42316	17.24
110.583	3.30352e-11	216.406	0.143875	0.130796	1.32141e-12	4.42334	17.28
110.588	3.09054e-11	216.415	0.143881	0.130801	1.23622e-12	4.42352	17.32
110.592	2.89129e-11	216.423	0.143887	0.130806	1.15651e-12	4.42369	17.36
110.597	2.70488e-11	216.432	0.143893	0.130812	1.08195e-12	4.42387	17.4
110.601	2.53049e-11	216.441	0.143898	0.130817	1.0122e-12	4.42405	17.44
110.606	2.36735e-11	216.449	0.143904	0.130822	9.4694e-13	4.42422	17.48
110.61	2.21472e-11	216.458	0.14391	0.130827	8.85889e-13	4.4244	17.52
110.614	2.07194e-11	216.467	0.143916	0.130832	8.28775e-13	4.42458	17.56
110.619	1.93836e-11	216.475	0.143921	0.130838	7.75342e-13	4.42475	17.6
110.623	1.81339e-11	216.484	0.143927	0.130843	7.25355e-13	4.42493	17.64
110.628	1.69648e-11	216.493	0.143933	0.130848	6.7859e-13	4.42511	17.68
110.632	1.5871e-11	216.501	0.143939	0.130853	6.34841e-13	4.42528	17.72
110.637	1.48478e-11	216.51	0.143944	0.130859	5.93912e-13	4.42546	17.76
110.641	1.38905e-11	216.519	0.14395	0.130864	5.55621e-13	4.42564	17.8
110.645	1.2995e-11	216.527	0.143956	0.130869	5.198e-13	4.42582	17.84
110.65	1.21572e-11	216.536	0.143962	0.130874	4.86287e-13	4.42599	17.88
110.654	1.13734e-11	216.545	0.143967	0.13088	4.54936e-13	4.42617	17.92
110.659	1.06401e-11	216.553	0.143973	0.130885	4.25605e-13	4.42635	17.96
110.663	9.95415e-12	216.562	0.143979	0.13089	3.98166e-13	4.42652	18
110.668	9.31239e-12	216.571	0.143985	0.130895	3.72496e-13	4.4267	18.04
110.672	8.71201e-12	216.579	0.143991	0.1309	3.4848e-13	4.42688	18.08
110.676	8.15033e-12	216.588	0.143996	0.130906	3.26013e-13	4.42705	18.12
110.681	7.62487e-12	216.597	0.144002	0.130911	3.04995e-13	4.42723	18.16
110.685	7.13328e-12	216.605	0.144008	0.130916	2.85331e-13	4.42741	18.2
110.69	6.67339e-12	216.614	0.144014	0.130921	2.66936e-13	4.42759	18.24
110.694	6.24315e-12	216.623	0.144019	0.130927	2.49726e-13	4.42776	18.28
110.699	5.84064e-12	216.631	0.144025	0.130932	2.33626e-13	4.42794	18.32
110.703	5.46409e-12	216.64	0.144031	0.130937	2.18564e-13	4.42812	18.36
110.707	5.11181e-12	216.649	0.144037	0.130942	2.04472e-13	4.42829	18.4
110.712	4.78225e-12	216.657	0.144042	0.130948	1.9129e-13	4.42847	18.44
110.716	4.47393e-12	216.666	0.144048	0.130953	1.78957e-13	4.42865	18.48
110.721	4.18549e-12	216.675	0.144054	0.130958	1.67419e-13	4.42883	18.52
110.725	3.91564e-12	216.683	0.14406	0.130963	1.56626e-13	4.429	18.56
110.73	3.6632e-12	216.692	0.144065	0.130969	1.46528e-13	4.42918	18.6
110.734	3.42702e-12	216.701	0.144071	0.130974	1.37081e-13	4.42936	18.64
110.738	3.20608e-12	216.709	0.144077	0.130979	1.28243e-13	4.42953	18.68
110.743	2.99938e-12	216.718	0.144083	0.130984	1.19975e-13	4.42971	18.72
110.747	2.806e-12	216.727	0.144088	0.130989	1.1224e-13	4.42989	18.76
110.752	2.6251e-12	216.735	0.144094	0.130995	1.05004e-13	4.43007	18.8
110.756	2.45585e-12	216.744	0.1441	0.131	9.82342e-14	4.43024	18.84
110.761	2.29752e-12	216.753	0.144106	0.131005	9.19009e-14	4.43042	18.88
110.765	2.1494e-12	216.761	0.144112	0.13101	8.59759e-14	4.4306	18.92
110.769	2.01082e-12	216.77	0.144117	0.131016	8.04329e-14	4.43077	18.96
110.774	1.88118e-12	216.779	0.144123	0.131021	7.52473e-14	4.43095	19
110.778	1.7599e-12	216.787	0.144129	0.131026	7.0396e-14	4.43113	19.04
110.783	1.64644e-12	216.796	0.144135	0.131031	6.58574e-14	4.43131	19.08
110.787	1.54029e-12	216.805	0.14414	0.131037	6.16115e-14	4.43148	19.12
110.792	1.44098e-12	216.813	0.144146	0.131042	5.76393e-14	4.43166	19.16
110.796	1.34808e-12	216.822	0.144152	0.131047	5.39233e-14	4.43184	19.2
110.8	1.26117e-12	216.831	0.144158	0.131052	5.04467e-14	4.43202	19.24
110.805	1.17986e-12	216.839	0.144163	0.131058	4.71944e-14	4.43219	19.28
110.809	1.10379e-12	216.848	0.144169	0.131063	4.41517e-14	4.43237	19.32
110.814	1.03263e-12	216.857	0.144175	0.131068	4.13052e-14	4.43255	19.36
110.818	9.66054e-13	216.865	0.144181	0.131073	3.86422e-14	4.43272	19.4
110.823	9.03771e-13	216.874	0.144186	0.131079	3.61508e-14	4.4329	19.44
110.827	8.45504e-13	216.883	0.144192	0.131084	3.38201e-14	4.43308	19.48
110.831	7.90993e-13	216.891	0.144198	0.131089	3.16397e-14	4.43326	19.52
110.836	7.39996e-13	216.9	0.144204	0.131094	2.95999e-14	4.43343	19.56
110.84	6.92288e-13	216.909	0.14421	0.1311	2.76915e-14	4.43361	19.6
110.845	6.47655e-13	216.917	0.144215	0.131105	2.59062e-14	4.43379	19.64
110.849	6.059e-13	216.926	0.144221	0.13111	2.4236e-14	4.43397	19.68
110.854	5.66837e-13	216.935	0.144227	0.131115	2.26735e-14	4.43414	19.72
110.858	5.30292e-13	216.943	0.144233	0.131121	2.12117e-14	4.43432	19.76
110.862	4.96103e-13	216.952	0.144238	0.131126	1.98441e-14	4.4345	19.8
110.867	4.64119e-13	216.961	0.144244	0.131131	1.85647e-14	4.43467	19.84
110.871	4.34196e-13	216.969	0.14425	0.131136	1.73679e-14	4.43485	19.88
110.876	4.06203e-13	216.978	0.144256	0.131142	1.62481e-14	4.43503	19.92
110.88	3.80015e-13	216.987	0.144261	0.131147	1.52006e-14	4.43521	19.96
110.885	3.55515e-13	216.995	0.144267	0.131152	1.42206e-14	4.43538	20
110.889	3.32594e-13	217.004	0.144273	0.131157	1.33038e-14	4.43556	20.04
110.893	3.11151e-13	217.013	0.144279	0.131162	1.2446e-14	4.43574	20.08
110.898	2.91091e-13	217.021	0.144285	0.131168	1.16436e-14	4.43592	20.12
110.902	2.72324e-13	217.03	0.14429	0.131173	1.0893e-14	4.43609	20.16
110.907	2.54767e-13	217.039	0.144296	0.131178	1.01907e-14	4.43627	20.2
110.911	2.38342e-13	217.047	0.144302	0.131183	9.53366e-15	4.43645	20.24
110.916	2.22975e-13	217.056	0.144308	0.131189	8.91901e-15	4.43663	20.28
110.92	2.086e-13	217.065	0.144313	0.131194	8.34399e-15	4.4368	20.32
110.925	1.95151e-13	217.074	0.144319	0.131199	7.80604e-15	4.43698	20.36
110.929	1.82569e-13	217.082	0.144325	0.131204	7.30278e-15	4.43716	20.4
110.933	1.70799e-13	217.091	0.144331	0.13121	6.83196e-15	4.43734	20.44
110.938	1.59787e-13	217.1	0.144336	0.131215	6.39149e-15	4.43751	20.48
110.942	1.49486e-13	217.108	0.144342	0.13122	5.97942e-15	4.43769	20.52
110.947	1.39848e-13	217.117	0.144348	0.131225	5.59392e-15	4.43787	20.56
110.951	1.30832e-13	217.126	0.144354	0.131231	5.23327e-15	4.43805	20.6
110.956	1.22397e-13	217.134	0.14436	0.131236	4.89588e-15	4.43822	20.64
110.96	1.14506e-13	217.143	0.144365	0.131241	4.58023e-15	4.4384	20.68
110.964	1.07123e-13	217.152	0.144371	0.131246	4.28494e-15	4.43858	20.72
110.969	1.00217e-13	217.16	0.144377	0.131252	4.00868e-15	4.43876	20.76
110.973	9.37559e-14	217.169	0.144383	0.131257	3.75024e-15	4.43893	20.8
110.978	8.77113e-14	217.178	0.144388	0.131262	3.50845e-15	4.43911	20.84
110.982	8.20565e-14	217.186	0.144394	0.131267	3.28226e-15	4.43929	20.88
110.987	7.67662e-14	217.195	0.1444	0.131273	3.07065e-15	4.43947	20.92
110.991	7.18169e-14	217.204	0.144406	0.131278	2.87268e-15	4.43964	20.96
110.996	6.71868e-14	217.212	0.144412	0.131283	2.68747e-15	4.43982	21
111	6.28552e-14	217.221	0.144417	0.131288	2.51421e-15	4.44	21.04
111.004	5.88028e-14	217.23	0.144423	0.131294	2.35211e-15	4.44018	21.08
111.009	5.50117e-14	217.239	0.144429	0.131299	2.20047e-15	4.44035	21.12
111.013	5.1465e-14	217.247	0.144435	0.131304	2.0586e-15	4.44053	21.16
111.018	4.8147e-14	217.256	0.14444	0.131309	1.92588e-15	4.44071	21.2
111.022	4.50429e-14	217.265	0.144446	0.131315	1.80172e-15	4.44089	21.24
111.027	4.21389e-14	217.273	0.144452	0.13132	1.68556e-15	4.44106	21.28
111.031	3.94222e-14	217.282	0.144458	0.131325	1.57689e-15	4.44124	21.32
111.035	3.68806e-14	217.291	0.144463	0.13133	1.47522e-15	4.44142	21.36
111.04	3.45028e-14	217.299	0.144469	0.131336	1.38011e-15	4.4416	21.4
111.044	3.22784e-14	217.308	0.144475	0.131341	1.29113e-15	4.44177	21.44
111.049	3.01973e-14	217.317	0.144481	0.131346	1.20789e-15	4.44195	21.48
111.053	2.82505e-14	217.325	0.144487	0.131351	1.13002e-15	4.44213	21.52
111.058	2.64291e-14	217.334	0.144492	0.131357	1.05717e-15	4.44231	21.56
111.062	2.47252e-14	217.343	0.144498	0.131362	9.89008e-16	4.44249	21.6
111.067	2.31311e-14	217.351	0.144504	0.131367	9.25245e-16	4.44266	21.64
111.071	2.16398e-14	217.36	0.14451	0.131372	8.65593e-16	4.44284	21.68
111.075	2.02447e-14	217.369	0.144516	0.131378	8.09787e-16	4.44302	21.72
111.08	1.89395e-14	217.378	0.144521	0.131383	7.57579e-16	4.4432	21.76
111.084	1.77184e-14	217.386	0.144527	0.131388	7.08737e-16	4.44337	21.8
111.089	1.65761e-14	217.395	0.144533	0.131393	6.63044e-16	4.44355	21.84
111.093	1.55074e-14	217.404	0.144539	0.131399	6.20296e-16	4.44373	21.88
111.098	1.45076e-14	217.412	0.144544	0.131404	5.80305e-16	4.44391	21.92
111.102	1.35723e-14	217.421	0.14455	0.131409	5.42892e-16	4.44408	21.96
111.107	1.26973e-14	217.43	0.144556	0.131415	5.07891e-16	4.44426	22
111.111	1.18787e-14	217.438	0.144562	0.13142	4.75147e-16	4.44444	22.04
111.115	1.11128e-14	217.447	0.144568	0.131425	4.44513e-16	4.44462	22.08
111.12	1.03964e-14	217.456	0.144573	0.13143	4.15855e-16	4.4448	22.12
111.124	9.7261e-15	217.465	0.144579	0.131436	3.89044e-16	4.44497	22.16
111.129	9.09904e-15	217.473	0.144585	0.131441	3.63962e-16	4.44515	22.2
111.133	8.51242e-15	217.482	0.144591	0.131446	3.40497e-16	4.44533	22.24
111.138	7.96361e-15	217.491	0.144596	0.131451	3.18544e-16	4.44551	22.28
111.142	7.45018e-15	217.499	0.144602	0.131457	2.98007e-16	4.44568	22.32
111.147	6.96986e-15	217.508	0.144608	0.131462	2.78794e-16	4.44586	22.36
111.151	6.5205e-15	217.517	0.144614	0.131467	2.6082e-16	4.44604	22.4
111.155	6.10012e-15	217.525	0.14462	0.131472	2.44005e-16	4.44622	22.44
111.16	5.70683e-15	217.534	0.144625	0.131478	2.28273e-16	4.4464	22.48
111.164	5.33891e-15	217.543	0.144631	0.131483	2.13556e-16	4.44657	22.52
111.169	4.9947e-15	217.552	0.144637	0.131488	1.99788e-16	4.44675	22.56
111.173	4.67268e-15	217.56	0.144643	0.131493	1.86907e-16	4.44693	22.6
111.178	4.37143e-15	217.569	0.144648	0.131499	1.74857e-16	4.44711	22.64
111.182	4.0896e-15	217.578	0.144654	0.131504	1.63584e-16	4.44728	22.68
111.187	3.82594e-15	217.586	0.14466	0.131509	1.53037e-16	4.44746	22.72
111.191	3.57927e-15	217.595	0.144666	0.131514	1.43171e-16	4.44764	22.76
111.195	3.34851e-15	217.604	0.144672	0.13152	1.3394e-16	4.44782	22.8
111.2	3.13263e-15	217.612	0.144677	0.131525	1.25305e-16	4.448	22.84
111.204	2.93066e-15	217.621	0.144683	0.13153	1.17227e-16	4.44817	22.88
111.209	2.74172e-15	217.63	0.144689	0.131535	1.09669e-16	4.44835	22.92
111.213	2.56496e-15	217.639	0.144695	0.131541	1.02598e-16	4.44853	22.96
111.218	2.39959e-15	217.647	0.144701	0.131546	9.59836e-17	4.44871	23
111.222	2.24489e-15	217.656	0.144706	0.131551	8.97954e-17	4.44889	23.04
111.227	2.10015e-15	217.665	0.144712	0.131556	8.40062e-17	4.44906	23.08
111.231	1.96475e-15	217.673	0.144718	0.131562	7.85902e-17	4.44924	23.12
111.235	1.83808e-15	217.682	0.144724	0.131567	7.35234e-17	4.44942	23.16
111.24	1.71958e-15	217.691	0.14473	0.131572	6.87832e-17	4.4496	23.2
111.244	1.60872e-15	217.699	0.144735	0.131578	6.43487e-17	4.44978	23.24
111.249	1.505e-15	217.708	0.144741	0.131583	6.02e-17	4.44995	23.28
111.253	1.40797e-15	217.717	0.144747	0.131588	5.63188e-17	4.45013	23.32
111.258	1.3172e-15	217.726	0.144753	0.131593	5.26879e-17	4.45031	23.36
111.262	1.23228e-15	217.734	0.144758	0.131599	4.9291e-17	4.45049	23.4
111.267	1.15283e-15	217.743	0.144764	0.131604	4.61131e-17	4.45067	23.44
111.271	1.0785e-15	217.752	0.14477	0.131609	4.31402e-17	4.45084	23.48
111.276	1.00897e-15	217.76	0.144776	0.131614	4.03589e-17	4.45102	23.52
111.28	9.43922e-16	217.769	0.144782	0.13162	3.77569e-17	4.4512	23.56
111.284	8.83066e-16	217.778	0.144787	0.131625	3.53226e-17	4.45138	23.6
111.289	8.26133e-16	217.787	0.144793	0.13163	3.30453e-17	4.45156	23.64
111.293	7.72871e-16	217.795	0.144799	0.131635	3.09148e-17	4.45173	23.68
111.298	7.23043e-16	217.804	0.144805	0.131641	2.89217e-17	4.45191	23.72
111.302	6.76428e-16	217.813	0.144811	0.131646	2.70571e-17	4.45209	23.76
111.307	6.32817e-16	217.821	0.144816	0.131651	2.53127e-17	4.45227	23.8
111.311	5.92019e-16	217.83	0.144822	0.131656	2.36807e-17	4.45245	23.84
111.316	5.5385e-16	217.839	0.144828	0.131662	2.2154e-17	4.45262	23.88
111.32	5.18143e-16	217.848	0.144834	0.131667	2.07257e-17	4.4528	23.92
111.324	4.84737e-16	217.856	0.14484	0.131672	1.93895e-17	4.45298	23.96
111.329	4.53486e-16	217.865	0.144845	0.131678	1.81394e-17	4.45316	24
111.333	4.24249e-16	217.874	0.144851	0.131683	1.697e-17	4.45334	24.04
111.338	3.96897e-16	217.882	0.144857	0.131688	1.58759e-17	4.45351	24.08
111.342	3.71308e-16	217.891	0.144863	0.131693	1.48523e-17	4.45369	24.12
111.347	3.4737e-16	217.9	0.144868	0.131699	1.38948e-17	4.45387	24.16
111.351	3.24974e-16	217.909	0.144874	0.131704	1.2999e-17	4.45405	24.2
111.356	3.04023e-16	217.917	0.14488	0.131709	1.21609e-17	4.45423	24.24
111.36	2.84422e-16	217.926	0.144886	0.131714	1.13769e-17	4.4544	24.28
111.365	2.66085e-16	217.935	0.144892	0.13172	1.06434e-17	4.45458	24.32
111.369	2.4893e-16	217.943	0.144897	0.131725	9.9572e-18	4.45476	24.36
111.373	2.32881e-16	217.952	0.144903	0.13173	9.31524e-18	4.45494	24.4
111.378	2.17867e-16	217.961	0.144909	0.131735	8.71468e-18	4.45512	24.44
111.382	2.03821e-16	217.97	0.144915	0.131741	8.15283e-18	4.4553	24.48
111.387	1.9068e-16	217.978	0.144921	0.131746	7.62721e-18	4.45547	24.52
111.391	1.78387e-16	217.987	0.144926	0.131751	7.13547e-18	4.45565	24.56
111.396	1.66886e-16	217.996	0.144932	0.131757	6.67544e-18	4.45583	24.6
111.4	1.56127e-16	218.004	0.144938	0.131762	6.24506e-18	4.45601	24.64
111.405	1.46061e-16	218.013	0.144944	0.131767	5.84243e-18	4.45619	24.68
111.409	1.36644e-16	218.022	0.14495	0.131772	5.46576e-18	4.45636	24.72
111.414	1.27834e-16	218.031	0.144955	0.131778	5.11338e-18	4.45654	24.76
111.418	1.19593e-16	218.039	0.144961	0.131783	4.78371e-18	4.45672	24.8
111.422	1.11882e-16	218.048	0.144967	0.131788	4.4753e-18	4.4569	24.84
111.427	1.04669e-16	218.057	0.144973	0.131793	4.18677e-18	4.45708	24.88
111.431	9.79211e-17	218.065	0.144979	0.131799	3.91684e-18	4.45726	24.92
111.436	9.16079e-17	218.074	0.144984	0.131804	3.66432e-18	4.45743	24.96
111.44	8.57019e-17	218.083	0.14499	0.131809	3.42807e-18	4.45761	25
111.445	8.01765e-17	218.092	0.144996	0.131815	3.20706e-18	4.45779	25.04
111.449	7.50074e-17	218.1	0.145002	0.13182	3.0003e-18	4.45797	25.08
111.454	7.01716e-17	218.109	0.145008	0.131825	2.80686e-18	4.45815	25.12
111.458	6.56475e-17	218.118	0.145013	0.13183	2.6259e-18	4.45833	25.16
111.463	6.14152e-17	218.126	0.145019	0.131836	2.45661e-18	4.4585	25.2
111.467	5.74556e-17	218.135	0.145025	0.131841	2.29823e-18	4.45868	25.24
111.472	5.37514e-17	218.144	0.145031	0.131846	2.15006e-18	4.45886	25.28
111.476	5.0286e-17	218.153	0.145037	0.131851	2.01144e-18	4.45904	25.32
111.48	4.7044e-17	218.161	0.145042	0.131857	1.88176e-18	4.45922	25.36
111.485	4.4011e-17	218.17	0.145048	0.131862	1.76044e-18	4.4594	25.4
111.489	4.11735e-17	218.179	0.145054	0.131867	1.64694e-18	4.45957	25.44
111.494	3.8519e-17	218.188	0.14506	0.131873	1.54076e-18	4.45975	25.48
111.498	3.60356e-17	218.196	0.145066	0.131878	1.44142e-18	4.45993	25.52
111.503	3.37124e-17	218.205	0.145071	0.131883	1.34849e-18	4.46011	25.56
111.507	3.15389e-17	218.214	0.145077	0.131888	1.26155e-18	4.46029	25.6
111.512	2.95055e-17	218.222	0.145083	0.131894	1.18022e-18	4.46047	25.64
111.516	2.76033e-17	218.231	0.145089	0.131899	1.10413e-18	4.46064	25.68
111.521	2.58236e-17	218.24	0.145095	0.131904	1.03295e-18	4.46082	25.72
111.525	2.41587e-17	218.249	0.1451	0.131909	9.6635e-19	4.461	25.76
111.529	2.26012e-17	218.257	0.145106	0.131915	9.04048e-19	4.46118	25.8
111.534	2.11441e-17	218.266	0.145112	0.13192	8.45763e-19	4.46136	25.84
111.538	1.97809e-17	218.275	0.145118	0.131925	7.91235e-19	4.46154	25.88
111.543	1.85056e-17	218.284	0.145124	0.131931	7.40223e-19	4.46171	25.92
111.547	1.73125e-17	218.292	0.145129	0.131936	6.925e-19	4.46189	25.96
111.552	1.61963e-17	218.301	0.145135	0.131941	6.47853e-19	4.46207	26
111.556	1.51521e-17	218.31	0.145141	0.131946	6.06085e-19	4.46225	26.04
111.561	1.41753e-17	218.318	0.145147	0.131952	5.6701e-19	4.46243	26.08
111.565	1.32614e-17	218.327	0.145153	0.131957	5.30454e-19	4.46261	26.12
111.57	1.24064e-17	218.336	0.145158	0.131962	4.96255e-19	4.46279	26.16
111.574	1.16065e-17	218.345	0.145164	0.131968	4.64261e-19	4.46296	26.2
111.579	1.08582e-17	218.353	0.14517	0.131973	4.34329e-19	4.46314	26.24
111.583	1.01582e-17	218.362	0.145176	0.131978	4.06328e-19	4.46332	26.28
111.587	9.50328e-18	218.371	0.145182	0.131983	3.80131e-19	4.4635	26.32
111.592	8.89059e-18	218.38	0.145187	0.131989	3.55623e-19	4.46368	26.36
111.596	8.3174e-18	218.388	0.145193	0.131994	3.32696e-19	4.46386	26.4
111.601	7.78116e-18	218.397	0.145199	0.131999	3.11247e-19	4.46403	26.44
111.605	7.2795e-18	218.406	0.145205	0.132004	2.9118e-19	4.46421	26.48
111.61	6.81018e-18	218.415	0.145211	0.13201	2.72407e-19	4.46439	26.52
111.614	6.37112e-18	218.423	0.145217	0.132015	2.54845e-19	4.46457	26.56
111.619	5.96036e-18	218.432	0.145222	0.13202	2.38415e-19	4.46475	26.6
111.623	5.57609e-18	218.441	0.145228	0.132026	2.23044e-19	4.46493	26.64
111.628	5.21659e-18	218.449	0.145234	0.132031	2.08664e-19	4.46511	26.68
111.632	4.88027e-18	218.458	0.14524	0.132036	1.95211e-19	4.46528	26.72
111.637	4.56563e-18	218.467	0.145246	0.132041	1.82625e-19	4.46546	26.76
111.641	4.27128e-18	218.476	0.145251	0.132047	1.70851e-19	4.46564	26.8
111.646	3.9959e-18	218.484	0.145257	0.132052	1.59836e-19	4.46582	26.84
111.65	3.73828e-18	218.493	0.145263	0.132057	1.49531e-19	4.466	26.88
111.654	3.49727e-18	218.502	0.145269	0.132063	1.39891e-19	4.46618	26.92
111.659	3.2718e-18	218.511	0.145275	0.132068	1.30872e-19	4.46636	26.96
111.663	3.06086e-18	218.519	0.14528	0.132073	1.22434e-19	4.46653	27
111.668	2.86352e-18	218.528	0.145286	0.132078	1.14541e-19	4.46671	27.04
111.672	2.67891e-18	218.537	0.145292	0.132084	1.07156e-19	4.46689	27.08
111.677	2.50619e-18	218.546	0.145298	0.132089	1.00248e-19	4.46707	27.12
111.681	2.34462e-18	218.554	0.145304	0.132094	9.37846e-20	4.46725	27.16
111.686	2.19345e-18	218.563	0.145309	0.1321	8.77382e-20	4.46743	27.2
111.69	2.05204e-18	218.572	0.145315	0.132105	8.20816e-20	4.46761	27.24
111.695	1.91974e-18	218.581	0.145321	0.13211	7.67897e-20	4.46779	27.28
111.699	1.79597e-18	218.589	0.145327	0.132115	7.18389e-20	4.46796	27.32
111.704	1.68018e-18	218.598	0.145333	0.132121	6.72074e-20	4.46814	27.36
111.708	1.57186e-18	218.607	0.145339	0.132126	6.28744e-20	4.46832	27.4
111.713	1.47052e-18	218.616	0.145344	0.132131	5.88208e-20	4.4685	27.44
111.717	1.37571e-18	218.624	0.14535	0.132137	5.50286e-20	4.46868	27.48
111.721	1.28702e-18	218.633	0.145356	0.132142	5.14808e-20	4.46886	27.52
111.726	1.20404e-18	218.642	0.145362	0.132147	4.81617e-20	4.46904	27.56
111.73	1.12642e-18	218.651	0.145368	0.132152	4.50567e-20	4.46922	27.6
111.735	1.0538e-18	218.659	0.145373	0.132158	4.21518e-20	4.46939	27.64
111.739	9.85856e-19	218.668	0.145379	0.132163	3.94342e-20	4.46957	27.68
111.744	9.22296e-19	218.677	0.145385	0.132168	3.68919e-20	4.46975	27.72
111.748	8.62835e-19	218.686	0.145391	0.132174	3.45134e-20	4.46993	27.76
111.753	8.07206e-19	218.694	0.145397	0.132179	3.22883e-20	4.47011	27.8
111.757	7.55165e-19	218.703	0.145402	0.132184	3.02066e-20	4.47029	27.84
111.762	7.06478e-19	218.712	0.145408	0.132189	2.82591e-20	4.47047	27.88
111.766	6.60931e-19	218.72	0.145414	0.132195	2.64372e-20	4.47065	27.92
111.771	6.18319e-19	218.729	0.14542	0.1322	2.47328e-20	4.47082	27.96
111.775	5.78455e-19	218.738	0.145426	0.132205	2.31382e-20	4.471	28
111.78	5.41162e-19	218.747	0.145432	0.132211	2.16465e-20	4.47118	28.04
111.784	5.06272e-19	218.755	0.145437	0.132216	2.02509e-20	4.47136	28.08
111.788	4.73632e-19	218.764	0.145443	0.132221	1.89453e-20	4.47154	28.12
111.793	4.43096e-19	218.773	0.145449	0.132226	1.77239e-20	4.47172	28.16
111.797	4.14529e-19	218.782	0.145455	0.132232	1.65812e-20	4.4719	28.2
111.802	3.87804e-19	218.79	0.145461	0.132237	1.55122e-20	4.47208	28.24
111.806	3.62802e-19	218.799	0.145466	0.132242	1.45121e-20	4.47225	28.28
111.811	3.39411e-19	218.808	0.145472	0.132248	1.35765e-20	4.47243	28.32
111.815	3.17529e-19	218.817	0.145478	0.132253	1.27012e-20	4.47261	28.36
111.82	2.97058e-19	218.825	0.145484	0.132258	1.18823e-20	4.47279	28.4
111.824	2.77906e-19	218.834	0.14549	0.132263	1.11162e-20	4.47297	28.44
111.829	2.59989e-19	218.843	0.145496	0.132269	1.03996e-20	4.47315	28.48
111.833	2.43227e-19	218.852	0.145501	0.132274	9.72908e-21	4.47333	28.52
111.838	2.27546e-19	218.86	0.145507	0.132279	9.10183e-21	4.47351	28.56
111.842	2.12876e-19	218.869	0.145513	0.132285	8.51502e-21	4.47369	28.6
111.847	1.99151e-19	218.878	0.145519	0.13229	7.96605e-21	4.47386	28.64
111.851	1.86312e-19	218.887	0.145525	0.132295	7.45247e-21	4.47404	28.68
111.856	1.743e-19	218.896	0.14553	0.1323	6.972e-21	4.47422	28.72
111.86	1.63063e-19	218.904	0.145536	0.132306	6.5225e-21	4.4744	28.76
111.865	1.5255e-19	218.913	0.145542	0.132311	6.10199e-21	4.47458	28.8
111.869	1.42715e-19	218.922	0.145548	0.132316	5.70858e-21	4.47476	28.84
111.873	1.33514e-19	218.931	0.145554	0.132322	5.34054e-21	4.47494	28.88
111.878	1.24906e-19	218.939	0.14556	0.132327	4.99623e-21	4.47512	28.92
111.882	1.16853e-19	218.948	0.145565	0.132332	4.67412e-21	4.4753	28.96
111.887	1.09319e-19	218.957	0.145571	0.132337	4.37277e-21	4.47548	29
111.891	1.02271e-19	218.966	0.145577	0.132343	4.09085e-21	4.47565	29.04
111.896	9.56777e-20	218.974	0.145583	0.132348	3.82711e-21	4.47583	29.08
111.9	8.95092e-20	218.983	0.145589	0.132353	3.58037e-21	4.47601	29.12
111.905	8.37384e-20	218.992	0.145595	0.132359	3.34954e-21	4.47619	29.16
111.909	7.83397e-20	219.001	0.1456	0.132364	3.13359e-21	4.47637	29.2
111.914	7.3289e-20	219.009	0.145606	0.132369	2.93156e-21	4.47655	29.24
111.918	6.8564e-20	219.018	0.145612	0.132375	2.74256e-21	4.47673	29.28
111.923	6.41436e-20	219.027	0.145618	0.13238	2.56574e-21	4.47691	29.32
111.927	6.00081e-20	219.036	0.145624	0.132385	2.40033e-21	4.47709	29.36
111.932	5.61393e-20	219.044	0.145629	0.13239	2.24557e-21	4.47727	29.4
111.936	5.25199e-20	219.053	0.145635	0.132396	2.1008e-21	4.47744	29.44
111.941	4.91339e-20	219.062	0.145641	0.132401	1.96536e-21	4.47762	29.48
111.945	4.59662e-20	219.071	0.145647	0.132406	1.83865e-21	4.4778	29.52
111.95	4.30027e-20	219.079	0.145653	0.132412	1.72011e-21	4.47798	29.56
111.954	4.02302e-20	219.088	0.145659	0.132417	1.60921e-21	4.47816	29.6
111.958	3.76365e-20	219.097	0.145664	0.132422	1.50546e-21	4.47834	29.64
111.963	3.521e-20	219.106	0.14567	0.132427	1.4084e-21	4.47852	29.68
111.967	3.294e-20	219.114	0.145676	0.132433	1.3176e-21	4.4787	29.72
111.972	3.08163e-20	219.123	0.145682	0.132438	1.23265e-21	4.47888	29.76
111.976	2.88295e-20	219.132	0.145688	0.132443	1.15318e-21	4.47906	29.8
111.981	2.69709e-20	219.141	0.145694	0.132449	1.07883e-21	4.47924	29.84
111.985	2.5232e-20	219.15	0.145699	0.132454	1.00928e-21	4.47941	29.88
111.99	2.36053e-20	219.158	0.145705	0.132459	9.44211e-22	4.47959	29.92
111.994	2.20834e-20	219.167	0.145711	0.132465	8.83336e-22	4.47977	29.96
111.999	2.06597e-20	219.176	0.145717	0.13247	8.26386e-22	4.47995	30
112.003	1.93277e-20	219.185	0.145723	0.132475	7.73108e-22	4.48013	30.04
112.008	1.80816e-20	219.193	0.145728	0.13248	7.23265e-22	4.48031	30.08
112.012	1.69159e-20	219.202	0.145734	0.132486	6.76635e-22	4.48049	30.12
112.017	1.58253e-20	219.211	0.14574	0.132491	6.33011e-22	4.48067	30.16
112.021	1.4805e-20	219.22	0.145746	0.132496	5.922e-22	4.48085	30.2
112.026	1.38505e-20	219.228	0.145752	0.132502	5.5402e-22	4.48103	30.24
112.03	1.29575e-20	219.237	0.145758	0.132507	5.18302e-22	4.48121	30.28
112.035	1.21221e-20	219.246	0.145763	0.132512	4.84886e-22	4.48139	30.32
112.039	1.13406e-20	219.255	0.145769	0.132518	4.53625e-22	4.48156	30.36
112.044	1.06095e-20	219.263	0.145775	0.132523	4.24379e-22	4.48174	30.4
112.048	9.92546e-21	219.272	0.145781	0.132528	3.97019e-22	4.48192	30.44
112.053	9.28555e-21	219.281	0.145787	0.132533	3.71422e-22	4.4821	30.48
112.057	8.6869e-21	219.29	0.145793	0.132539	3.47476e-22	4.48228	30.52
112.062	8.12685e-21	219.299	0.145798	0.132544	3.25074e-22	4.48246	30.56
112.066	7.6029e-21	219.307	0.145804	0.132549	3.04116e-22	4.48264	30.6
112.07	7.11273e-21	219.316	0.14581	0.132555	2.84509e-22	4.48282	30.64
112.075	6.65416e-21	219.325	0.145816	0.13256	2.66166e-22	4.483	30.68
112.079	6.22516e-21	219.334	0.145822	0.132565	2.49006e-22	4.48318	30.72
112.084	5.82381e-21	219.342	0.145828	0.132571	2.32952e-22	4.48336	30.76
112.088	5.44834e-21	219.351	0.145833	0.132576	2.17934e-22	4.48354	30.8
112.093	5.09708e-21	219.36	0.145839	0.132581	2.03883e-22	4.48372	30.84
112.097	4.76846e-21	219.369	0.145845	0.132586	1.90739e-22	4.4839	30.88
112.102	4.46103e-21	219.378	0.145851	0.132592	1.78441e-22	4.48407	30.92
112.106	4.17342e-21	219.386	0.145857	0.132597	1.66937e-22	4.48425	30.96
112.111	3.90436e-21	219.395	0.145863	0.132602	1.56174e-22	4.48443	31
112.115	3.65264e-21	219.404	0.145868	0.132608	1.46106e-22	4.48461	31.04
112.12	3.41715e-21	219.413	0.145874	0.132613	1.36686e-22	4.48479	31.08
112.124	3.19684e-21	219.421	0.14588	0.132618	1.27874e-22	4.48497	31.12
112.129	2.99073e-21	219.43	0.145886	0.132624	1.19629e-22	4.48515	31.16
112.133	2.79792e-21	219.439	0.145892	0.132629	1.11917e-22	4.48533	31.2
112.138	2.61753e-21	219.448	0.145898	0.132634	1.04701e-22	4.48551	31.24
112.142	2.44878e-21	219.456	0.145903	0.132639	9.79511e-23	4.48569	31.28
112.147	2.2909e-21	219.465	0.145909	0.132645	9.1636e-23	4.48587	31.32
112.151	2.1432e-21	219.474	0.145915	0.13265	8.57281e-23	4.48605	31.36
112.156	2.00503e-21	219.483	0.145921	0.132655	8.02011e-23	4.48623	31.4
112.16	1.87576e-21	219.492	0.145927	0.132661	7.50304e-23	4.48641	31.44
112.165	1.75483e-21	219.5	0.145933	0.132666	7.01931e-23	4.48659	31.48
112.169	1.64169e-21	219.509	0.145938	0.132671	6.56677e-23	4.48677	31.52
112.174	1.53585e-21	219.518	0.145944	0.132677	6.1434e-23	4.48694	31.56
112.178	1.43683e-21	219.527	0.14595	0.132682	5.74732e-23	4.48712	31.6
112.183	1.3442e-21	219.535	0.145956	0.132687	5.37679e-23	4.4873	31.64
112.187	1.25753e-21	219.544	0.145962	0.132693	5.03014e-23	4.48748	31.68
112.192	1.17646e-21	219.553	0.145968	0.132698	4.70584e-23	4.48766	31.72
112.196	1.10061e-21	219.562	0.145973	0.132703	4.40244e-23	4.48784	31.76
112.201	1.02965e-21	219.571	0.145979	0.132708	4.11861e-23	4.48802	31.8
112.205	9.6327e-22	219.579	0.145985	0.132714	3.85308e-23	4.4882	31.84
112.21	9.01167e-22	219.588	0.145991	0.132719	3.60467e-23	4.48838	31.88
112.214	8.43067e-22	219.597	0.145997	0.132724	3.37227e-23	4.48856	31.92
112.218	7.88713e-22	219.606	0.146003	0.13273	3.15485e-23	4.48874	31.96
112.223	7.37864e-22	219.615	0.146009	0.132735	2.95146e-23	4.48892	32
112.227	6.90293e-22	219.623	0.146014	0.13274	2.76117e-23	4.4891	32.04
112.232	6.45789e-22	219.632	0.14602	0.132746	2.58315e-23	4.48928	32.08
112.236	6.04154e-22	219.641	0.146026	0.132751	2.41661e-23	4.48946	32.12
112.241	5.65203e-22	219.65	0.146032	0.132756	2.26081e-23	4.48964	32.16
112.245	5.28764e-22	219.658	0.146038	0.132762	2.11505e-23	4.48982	32.2
112.25	4.94673e-22	219.667	0.146044	0.132767	1.97869e-23	4.49	32.24
112.254	4.62781e-22	219.676	0.146049	0.132772	1.85112e-23	4.49018	32.28
112.259	4.32945e-22	219.685	0.146055	0.132777	1.73178e-23	4.49036	32.32
112.263	4.05032e-22	219.694	0.146061	0.132783	1.62013e-23	4.49054	32.36
112.268	3.78919e-22	219.702	0.146067	0.132788	1.51568e-23	4.49071	32.4
112.272	3.5449e-22	219.711	0.146073	0.132793	1.41796e-23	4.49089	32.44
112.277	3.31635e-22	219.72	0.146079	0.132799	1.32654e-23	4.49107	32.48
112.281	3.10254e-22	219.729	0.146084	0.132804	1.24102e-23	4.49125	32.52
112.286	2.90252e-22	219.738	0.14609	0.132809	1.16101e-23	4.49143	32.56
112.29	2.71539e-22	219.746	0.146096	0.132815	1.08616e-23	4.49161	32.6
112.295	2.54032e-22	219.755	0.146102	0.13282	1.01613e-23	4.49179	32.64
112.299	2.37655e-22	219.764	0.146108	0.132825	9.50619e-24	4.49197	32.68
112.304	2.22333e-22	219.773	0.146114	0.132831	8.89331e-24	4.49215	32.72
112.308	2.07999e-22	219.781	0.146119	0.132836	8.31994e-24	4.49233	32.76
112.313	1.94589e-22	219.79	0.146125	0.132841	7.78355e-24	4.49251	32.8
112.317	1.82043e-22	219.799	0.146131	0.132847	7.28173e-24	4.49269	32.84
112.322	1.70307e-22	219.808	0.146137	0.132852	6.81227e-24	4.49287	32.88
112.326	1.59327e-22	219.817	0.146143	0.132857	6.37307e-24	4.49305	32.92
112.331	1.49055e-22	219.825	0.146149	0.132862	5.96219e-24	4.49323	32.96
112.335	1.39445e-22	219.834	0.146155	0.132868	5.5778e-24	4.49341	33
112.34	1.30455e-22	219.843	0.14616	0.132873	5.21819e-24	4.49359	33.04
112.344	1.22044e-22	219.852	0.146166	0.132878	4.88177e-24	4.49377	33.08
112.349	1.14176e-22	219.861	0.146172	0.132884	4.56703e-24	4.49395	33.12
112.353	1.06815e-22	219.869	0.146178	0.132889	4.27259e-24	4.49413	33.16
112.358	9.99282e-23	219.878	0.146184	0.132894	3.99713e-24	4.49431	33.2
112.362	9.34857e-23	219.887	0.14619	0.1329	3.73943e-24	4.49449	33.24
112.367	8.74585e-23	219.896	0.146195	0.132905	3.49834e-24	4.49467	33.28
112.371	8.182e-23	219.905	0.146201	0.13291	3.2728e-24	4.49485	33.32
112.376	7.65449e-23	219.913	0.146207	0.132916	3.0618e-24	4.49503	33.36
112.38	7.161e-23	219.922	0.146213	0.132921	2.8644e-24	4.49521	33.4
112.385	6.69932e-23	219.931	0.146219	0.132926	2.67973e-24	4.49539	33.44
112.389	6.2674e-23	219.94	0.146225	0.132932	2.50696e-24	4.49557	33.48
112.394	5.86333e-23	219.949	0.146231	0.132937	2.34533e-24	4.49575	33.52
112.398	5.48532e-23	219.957	0.146236	0.132942	2.19413e-24	4.49593	33.56
112.403	5.13167e-23	219.966	0.146242	0.132948	2.05267e-24	4.49611	33.6
112.407	4.80082e-23	219.975	0.146248	0.132953	1.92033e-24	4.49629	33.64
112.412	4.49131e-23	219.984	0.146254	0.132958	1.79652e-24	4.49647	33.68
112.416	4.20175e-23	219.993	0.14626	0.132963	1.6807e-24	4.49665	33.72
112.421	3.93086e-23	220.001	0.146266	0.132969	1.57234e-24	4.49683	33.76
112.425	3.67743e-23	220.01	0.146272	0.132974	1.47097e-24	4.49701	33.8
112.43	3.44034e-23	220.019	0.146277	0.132979	1.37614e-24	4.49718	33.84
112.434	3.21853e-23	220.028	0.146283	0.132985	1.28741e-24	4.49736	33.88
112.439	3.01103e-23	220.037	0.146289	0.13299	1.20441e-24	4.49754	33.92
112.443	2.81691e-23	220.045	0.146295	0.132995	1.12676e-24	4.49772	33.96
112.448	2.6353e-23	220.054	0.146301	0.133001	1.05412e-24	4.4979	34
112.452	2.46539e-23	220.063	0.146307	0.133006	9.86158e-25	4.49808	34.04
112.457	2.30645e-23	220.072	0.146312	0.133011	9.22579e-25	4.49826	34.08
112.461	2.15775e-23	220.081	0.146318	0.133017	8.63099e-25	4.49844	34.12
112.466	2.01863e-23	220.089	0.146324	0.133022	8.07454e-25	4.49862	34.16
112.47	1.88849e-23	220.098	0.14633	0.133027	7.55396e-25	4.4988	34.2
112.475	1.76674e-23	220.107	0.146336	0.133033	7.06695e-25	4.49898	34.24
112.479	1.65283e-23	220.116	0.146342	0.133038	6.61133e-25	4.49916	34.28
112.484	1.54627e-23	220.125	0.146348	0.133043	6.18509e-25	4.49934	34.32
112.488	1.44658e-23	220.133	0.146353	0.133049	5.78633e-25	4.49952	34.36
112.493	1.35332e-23	220.142	0.146359	0.133054	5.41327e-25	4.4997	34.4
112.497	1.26607e-23	220.151	0.146365	0.133059	5.06427e-25	4.49988	34.44
112.502	1.18444e-23	220.16	0.146371	0.133065	4.73777e-25	4.50006	34.48
112.506	1.10808e-23	220.169	0.146377	0.13307	4.43232e-25	4.50024	34.52
112.511	1.03664e-23	220.177	0.146383	0.133075	4.14656e-25	4.50042	34.56
112.515	9.69807e-24	220.186	0.146389	0.13308	3.87923e-25	4.5006	34.6
112.52	9.07282e-24	220.195	0.146394	0.133086	3.62913e-25	4.50078	34.64
112.524	8.48788e-24	220.204	0.1464	0.133091	3.39515e-25	4.50096	34.68
112.529	7.94066e-24	220.213	0.146406	0.133096	3.17626e-25	4.50114	34.72
112.533	7.42871e-24	220.221	0.146412	0.133102	2.97149e-25	4.50132	34.76
112.538	6.94977e-24	220.23	0.146418	0.133107	2.77991e-25	4.5015	34.8
112.542	6.50171e-24	220.239	0.146424	0.133112	2.60068e-25	4.50168	34.84
112.547	6.08254e-24	220.248	0.14643	0.133118	2.43301e-25	4.50186	34.88
112.551	5.69039e-24	220.257	0.146435	0.133123	2.27616e-25	4.50204	34.92
112.556	5.32352e-24	220.265	0.146441	0.133128	2.12941e-25	4.50222	34.96
112.56	4.98031e-24	220.274	0.146447	0.133134	1.99212e-25	4.5024	35
112.565	4.65922e-24	220.283	0.146453	0.133139	1.86369e-25	4.50258	35.04
112.569	4.35883e-24	220.292	0.146459	0.133144	1.74353e-25	4.50276	35.08
112.574	4.07781e-24	220.301	0.146465	0.13315	1.63112e-25	4.50294	35.12
112.578	3.81491e-24	220.309	0.146471	0.133155	1.52596e-25	4.50312	35.16
112.583	3.56896e-24	220.318	0.146476	0.13316	1.42758e-25	4.5033	35.2
112.587	3.33886e-24	220.327	0.146482	0.133166	1.33554e-25	4.50348	35.24
112.592	3.1236e-24	220.336	0.146488	0.133171	1.24944e-25	4.50366	35.28
112.596	2.92222e-24	220.345	0.146494	0.133176	1.16889e-25	4.50384	35.32
112.601	2.73382e-24	220.354	0.1465	0.133182	1.09353e-25	4.50402	35.36
112.605	2.55756e-24	220.362	0.146506	0.133187	1.02303e-25	4.5042	35.4
112.61	2.39267e-24	220.371	0.146512	0.133192	9.5707e-26	4.50438	35.44
112.614	2.23842e-24	220.38	0.146517	0.133198	8.95366e-26	4.50457	35.48
112.619	2.0941e-24	220.389	0.146523	0.133203	8.37641e-26	4.50475	35.52
112.623	1.95909e-24	220.398	0.146529	0.133208	7.83637e-26	4.50493	35.56
112.628	1.83279e-24	220.406	0.146535	0.133214	7.33115e-26	4.50511	35.6
112.632	1.71462e-24	220.415	0.146541	0.133219	6.8585e-26	4.50529	35.64
112.637	1.60408e-24	220.424	0.146547	0.133224	6.41632e-26	4.50547	35.68
112.641	1.50066e-24	220.433	0.146553	0.13323	6.00265e-26	4.50565	35.72
112.646	1.40391e-24	220.442	0.146558	0.133235	5.61565e-26	4.50583	35.76
112.65	1.3134e-24	220.45	0.146564	0.13324	5.2536e-26	4.50601	35.8
112.655	1.22872e-24	220.459	0.14657	0.133246	4.9149e-26	4.50619	35.84
112.659	1.14951e-24	220.468	0.146576	0.133251	4.59803e-26	4.50637	35.88
112.664	1.0754e-24	220.477	0.146582	0.133256	4.30158e-26	4.50655	35.92
112.668	1.00606e-24	220.486	0.146588	0.133262	4.02425e-26	4.50673	35.96
112.673	9.41201e-25	220.495	0.146594	0.133267	3.76481e-26	4.50691	36
112.677	8.80521e-25	220.503	0.146599	0.133272	3.52208e-26	4.50709	36.04
112.682	8.23752e-25	220.512	0.146605	0.133278	3.29501e-26	4.50727	36.08
112.686	7.70644e-25	220.521	0.146611	0.133283	3.08258e-26	4.50745	36.12
112.691	7.20959e-25	220.53	0.146617	0.133288	2.88384e-26	4.50763	36.16
112.695	6.74478e-25	220.539	0.146623	0.133294	2.69791e-26	4.50781	36.2
112.7	6.30994e-25	220.547	0.146629	0.133299	2.52397e-26	4.50799	36.24
112.704	5.90313e-25	220.556	0.146635	0.133304	2.36125e-26	4.50817	36.28
112.709	5.52254e-25	220.565	0.146641	0.13331	2.20902e-26	4.50835	36.32
112.713	5.1665e-25	220.574	0.146646	0.133315	2.0666e-26	4.50853	36.36
112.718	4.8334e-25	220.583	0.146652	0.13332	1.93336e-26	4.50871	36.4
112.722	4.52179e-25	220.592	0.146658	0.133326	1.80872e-26	4.50889	36.44
112.727	4.23026e-25	220.6	0.146664	0.133331	1.6921e-26	4.50907	36.48
112.731	3.95753e-25	220.609	0.14667	0.133336	1.58301e-26	4.50925	36.52
112.736	3.70238e-25	220.618	0.146676	0.133342	1.48095e-26	4.50943	36.56
112.74	3.46369e-25	220.627	0.146682	0.133347	1.38547e-26	4.50961	36.6
112.745	3.24038e-25	220.636	0.146687	0.133352	1.29615e-26	4.50979	36.64
112.749	3.03147e-25	220.645	0.146693	0.133358	1.21259e-26	4.50997	36.68
112.754	2.83602e-25	220.653	0.146699	0.133363	1.13441e-26	4.51015	36.72
112.758	2.65318e-25	220.662	0.146705	0.133368	1.06127e-26	4.51033	36.76
112.763	2.48213e-25	220.671	0.146711	0.133374	9.9285e-27	4.51051	36.8
112.767	2.3221e-25	220.68	0.146717	0.133379	9.2884e-27	4.51069	36.84
112.772	2.17239e-25	220.689	0.146723	0.133384	8.68956e-27	4.51087	36.88
112.776	2.03233e-25	220.697	0.146729	0.13339	8.12933e-27	4.51106	36.92
112.781	1.90131e-25	220.706	0.146734	0.133395	7.60522e-27	4.51124	36.96
112.785	1.77873e-25	220.715	0.14674	0.1334	7.11491e-27	4.51142	37
112.79	1.66405e-25	220.724	0.146746	0.133406	6.6562e-27	4.5116	37.04
112.794	1.55677e-25	220.733	0.146752	0.133411	6.22706e-27	4.51178	37.08
112.799	1.4564e-25	220.742	0.146758	0.133416	5.8256e-27	4.51196	37.12
112.803	1.3625e-25	220.75	0.146764	0.133422	5.45001e-27	4.51214	37.16
112.808	1.27466e-25	220.759	0.14677	0.133427	5.09864e-27	4.51232	37.2
112.812	1.19248e-25	220.768	0.146775	0.133432	4.76992e-27	4.5125	37.24
112.817	1.1156e-25	220.777	0.146781	0.133438	4.4624e-27	4.51268	37.28
112.821	1.04368e-25	220.786	0.146787	0.133443	4.1747e-27	4.51286	37.32
112.826	9.76389e-26	220.795	0.146793	0.133448	3.90555e-27	4.51304	37.36
112.831	9.13439e-26	220.803	0.146799	0.133454	3.65376e-27	4.51322	37.4
112.835	8.54549e-26	220.812	0.146805	0.133459	3.41819e-27	4.5134	37.44
112.84	7.99455e-26	220.821	0.146811	0.133464	3.19782e-27	4.51358	37.48
112.844	7.47913e-26	220.83	0.146817	0.13347	2.99165e-27	4.51376	37.52
112.849	6.99694e-26	220.839	0.146822	0.133475	2.79878e-27	4.51394	37.56
112.853	6.54584e-26	220.848	0.146828	0.13348	2.61833e-27	4.51412	37.6
112.858	6.12382e-26	220.856	0.146834	0.133486	2.44953e-27	4.5143	37.64
112.862	5.729e-26	220.865	0.14684	0.133491	2.2916e-27	4.51448	37.68
112.867	5.35965e-26	220.874	0.146846	0.133496	2.14386e-27	4.51466	37.72
112.871	5.0141e-26	220.883	0.146852	0.133502	2.00564e-27	4.51485	37.76
112.876	4.69084e-26	220.892	0.146858	0.133507	1.87634e-27	4.51503	37.8
112.88	4.38841e-26	220.901	0.146864	0.133512	1.75537e-27	4.51521	37.84
112.885	4.10549e-26	220.909	0.146869	0.133518	1.64219e-27	4.51539	37.88
112.889	3.8408e-26	220.918	0.146875	0.133523	1.53632e-27	4.51557	37.92
112.894	3.59318e-26	220.927	0.146881	0.133528	1.43727e-27	4.51575	37.96
112.898	3.36152e-26	220.936	0.146887	0.133534	1.34461e-27	4.51593	38
112.903	3.1448e-26	220.945	0.146893	0.133539	1.25792e-27	4.51611	38.04
112.907	2.94205e-26	220.954	0.146899	0.133544	1.17682e-27	4.51629	38.08
112.912	2.75237e-26	220.962	0.146905	0.13355	1.10095e-27	4.51647	38.12
112.916	2.57492e-26	220.971	0.146911	0.133555	1.02997e-27	4.51665	38.16
112.921	2.40891e-26	220.98	0.146916	0.13356	9.63565e-28	4.51683	38.2
112.925	2.25361e-26	220.989	0.146922	0.133566	9.01443e-28	4.51701	38.24
112.93	2.10831e-26	220.998	0.146928	0.133571	8.43325e-28	4.51719	38.28
112.934	1.97239e-26	221.007	0.146934	0.133576	7.88955e-28	4.51737	38.32
112.939	1.84522e-26	221.015	0.14694	0.133582	7.3809e-28	4.51755	38.36
112.943	1.72626e-26	221.024	0.146946	0.133587	6.90504e-28	4.51774	38.4
112.948	1.61497e-26	221.033	0.146952	0.133592	6.45986e-28	4.51792	38.44
112.952	1.51085e-26	221.042	0.146958	0.133598	6.04339e-28	4.5181	38.48
112.957	1.41344e-26	221.051	0.146963	0.133603	5.65376e-28	4.51828	38.52
112.961	1.32231e-26	221.06	0.146969	0.133608	5.28926e-28	4.51846	38.56
112.966	1.23706e-26	221.069	0.146975	0.133614	4.94825e-28	4.51864	38.6
112.97	1.15731e-26	221.077	0.146981	0.133619	4.62923e-28	4.51882	38.64
112.975	1.08269e-26	221.086	0.146987	0.133624	4.33078e-28	4.519	38.68
112.98	1.01289e-26	221.095	0.146993	0.13363	4.05157e-28	4.51918	38.72
112.984	9.47589e-27	221.104	0.146999	0.133635	3.79036e-28	4.51936	38.76
112.989	8.86496e-27	221.113	0.147005	0.133641	3.54599e-28	4.51954	38.8
112.993	8.29343e-27	221.122	0.14701	0.133646	3.31737e-28	4.51972	38.84
112.998	7.75874e-27	221.13	0.147016	0.133651	3.1035e-28	4.5199	38.88
113.002	7.25852e-27	221.139	0.147022	0.133657	2.90341e-28	4.52008	38.92
113.007	6.79055e-27	221.148	0.147028	0.133662	2.71622e-28	4.52027	38.96
113.011	6.35276e-27	221.157	0.147034	0.133667	2.5411e-28	4.52045	39
113.016	5.94319e-27	221.166	0.14704	0.133673	2.37727e-28	4.52063	39.04
113.02	5.56002e-27	221.175	0.147046	0.133678	2.22401e-28	4.52081	39.08
113.025	5.20156e-27	221.183	0.147052	0.133683	2.08062e-28	4.52099	39.12
113.029	4.86621e-27	221.192	0.147057	0.133689	1.94648e-28	4.52117	39.16
113.034	4.55248e-27	221.201	0.147063	0.133694	1.82099e-28	4.52135	39.2
113.038	4.25897e-27	221.21	0.147069	0.133699	1.70359e-28	4.52153	39.24
113.043	3.98439e-27	221.219	0.147075	0.133705	1.59376e-28	4.52171	39.28
113.047	3.72751e-27	221.228	0.147081	0.13371	1.491e-28	4.52189	39.32
113.052	3.48719e-27	221.237	0.147087	0.133715	1.39488e-28	4.52207	39.36
113.056	3.26237e-27	221.245	0.147093	0.133721	1.30495e-28	4.52225	39.4
113.061	3.05204e-27	221.254	0.147099	0.133726	1.22082e-28	4.52244	39.44
113.065	2.85527e-27	221.263	0.147105	0.133731	1.14211e-28	4.52262	39.48
113.07	2.67119e-27	221.272	0.14711	0.133737	1.06847e-28	4.5228	39.52
113.074	2.49897e-27	221.281	0.147116	0.133742	9.99588e-29	4.52298	39.56
113.079	2.33786e-27	221.29	0.147122	0.133747	9.35143e-29	4.52316	39.6
113.083	2.18713e-27	221.298	0.147128	0.133753	8.74853e-29	4.52334	39.64
113.088	2.04613e-27	221.307	0.147134	0.133758	8.1845e-29	4.52352	39.68
113.093	1.91421e-27	221.316	0.14714	0.133763	7.65684e-29	4.5237	39.72
113.097	1.7908e-27	221.325	0.147146	0.133769	7.16319e-29	4.52388	39.76
113.102	1.67534e-27	221.334	0.147152	0.133774	6.70137e-29	4.52406	39.8
113.106	1.56733e-27	221.343	0.147157	0.13378	6.26932e-29	4.52424	39.84
113.111	1.46628e-27	221.352	0.147163	0.133785	5.86513e-29	4.52443	39.88
113.115	1.37175e-27	221.36	0.147169	0.13379	5.487e-29	4.52461	39.92
113.12	1.28331e-27	221.369	0.147175	0.133796	5.13324e-29	4.52479	39.96
