S	I	R	e	d	dI	f	t
380	20	0	0.176	0.16	0.8	0	0
376.984	20.6268	1.60709	0.175656	0.159687	0.825072	0	0.04
373.91	21.2571	3.23164	0.175296	0.15936	0.850283	0	0.08
370.795	21.8864	4.8733	0.174924	0.159022	0.875455	0	0.12
367.64	22.5132	6.53158	0.174541	0.158674	0.900527	0	0.16
364.448	23.136	8.20591	0.174147	0.158316	0.925438	0	0.2
361.221	23.7532	9.89557	0.173743	0.157948	0.950129	0	0.24
357.962	24.3634	11.5998	0.173327	0.15757	0.974535	0	0.28
354.674	24.9649	13.3176	0.172901	0.157183	0.998594	0	0.32
351.359	25.5561	15.0481	0.172464	0.156785	1.02224	0	0.36
348.022	26.1354	16.7901	0.172017	0.156379	1.04542	0	0.4
344.664	26.7013	18.5423	0.17156	0.155963	1.06805	0	0.44
341.291	27.2523	20.3035	0.171092	0.155539	1.09009	0	0.48
337.904	27.7867	22.0722	0.170616	0.155105	1.11147	0	0.52
334.508	28.3032	23.8469	0.17013	0.154663	1.13213	0	0.56
331.107	28.8002	25.626	0.169634	0.154213	1.15201	0	0.6
327.704	29.2765	27.4079	0.169131	0.153755	1.17106	0	0.64
324.303	29.7308	29.1908	0.168619	0.15329	1.18923	0	0.68
320.909	30.1617	30.9729	0.168099	0.152817	1.20647	0	0.72
317.525	30.5684	32.7523	0.167572	0.152338	1.22273	0	0.76
314.154	30.9496	34.5272	0.167038	0.151852	1.23798	0	0.8
310.802	31.3046	36.2955	0.166497	0.151361	1.25218	0	0.84
307.472	31.6325	38.0552	0.16595	0.150864	1.2653	0	0.88
304.167	31.9327	39.8045	0.165398	0.150362	1.27731	0	0.92
300.891	32.2046	41.5413	0.16484	0.149855	1.28818	0	0.96
297.648	32.4478	43.2636	0.164278	0.149344	1.29791	0	1
294.441	32.6619	44.9693	0.163712	0.148829	1.30648	0	1.04
291.274	32.8468	46.6566	0.163142	0.148311	1.31387	0	1.08
288.15	33.0025	48.3234	0.162569	0.14779	1.3201	0	1.12
285.071	33.1289	49.9679	0.161994	0.147267	1.32516	0	1.16
282.041	33.2263	51.5882	0.161416	0.146742	1.32905	0	1.2
279.062	33.2951	53.1825	0.160837	0.146216	1.3318	0	1.24
276.137	33.3355	54.749	0.160257	0.145689	1.33342	0	1.28
273.268	33.3481	56.2862	0.159677	0.145161	1.33392	0	1.32
270.457	33.3335	57.7924	0.159096	0.144633	1.33334	0	1.36
267.706	33.2925	59.266	0.158516	0.144106	1.3317	0	1.4
265.016	33.2257	60.7058	0.157937	0.143579	1.32903	0	1.44
262.39	33.1341	62.1103	0.157359	0.143054	1.32537	0	1.48
259.828	33.0187	63.4784	0.156783	0.14253	1.32075	0	1.52
257.332	32.8803	64.8088	0.156209	0.142008	1.31521	0	1.56
254.901	32.72	66.1007	0.155638	0.141489	1.3088	0	1.6
252.538	32.5389	67.353	0.155069	0.140972	1.30156	0	1.64
250.243	32.3381	68.565	0.154504	0.140458	1.29353	0	1.68
248.015	32.1188	69.7359	0.153943	0.139948	1.28475	0	1.72
245.856	31.8821	70.8652	0.153385	0.139441	1.27528	0	1.76
243.765	31.6291	71.9523	0.152832	0.138938	1.26517	0	1.8
241.741	31.3611	72.9969	0.152284	0.13844	1.25444	0	1.84
239.785	31.0792	73.9986	0.15174	0.137945	1.24317	0	1.88
237.897	30.7846	74.9573	0.151201	0.137456	1.23138	0	1.92
236.075	30.4783	75.8728	0.150668	0.136971	1.21913	0	1.96
234.319	30.1616	76.7452	0.15014	0.13649	1.20646	0	2
232.629	29.8355	77.5745	0.149617	0.136016	1.19342	0	2.04
231.003	29.5011	78.3609	0.1491	0.135546	1.18005	0	2.08
229.44	29.1595	79.1046	0.14859	0.135082	1.16638	0	2.12
227.939	28.8115	79.806	0.148085	0.134623	1.15246	0	2.16
226.5	28.4583	80.4654	0.147587	0.13417	1.13833	0	2.2
225.121	28.1006	81.0833	0.147094	0.133722	1.12403	0	2.24
223.801	27.7395	81.6602	0.146608	0.13328	1.10958	0	2.28
222.538	27.3757	82.1968	0.146129	0.132844	1.09503	0	2.32
221.332	27.0101	82.6935	0.145655	0.132414	1.0804	0	2.36
220.18	26.6433	83.1512	0.145189	0.13199	1.06573	0	2.4
219.081	26.2761	83.5705	0.144728	0.131571	1.05104	0	2.44
218.035	25.9092	83.9522	0.144274	0.131159	1.03637	0	2.48
217.039	25.5432	84.2971	0.143827	0.130752	1.02173	0	2.52
216.092	25.1786	84.6061	0.143386	0.130351	1.00714	0	2.56
215.193	24.816	84.8799	0.142951	0.129956	0.99264	0	2.6
214.34	24.4559	85.1196	0.142523	0.129566	0.978237	0	2.64
213.532	24.0988	85.3259	0.142101	0.129183	0.963952	0	2.68
212.767	23.745	85.4999	0.141685	0.128805	0.949801	0	2.72
212.044	23.395	85.6423	0.141276	0.128432	0.935801	0	2.76
211.361	23.0491	85.7543	0.140872	0.128066	0.921964	0	2.8
210.716	22.7076	85.8367	0.140475	0.127704	0.908304	0	2.84
210.11	22.3708	85.8906	0.140083	0.127348	0.894832	0	2.88
209.539	22.0389	85.9167	0.139698	0.126998	0.881557	0	2.92
209.003	21.7122	85.9162	0.139318	0.126653	0.868488	0	2.96
208.501	21.3908	85.89	0.138944	0.126313	0.855634	0	3
208.03	21.075	85.839	0.138575	0.125978	0.843	0	3.04
207.59	20.7648	85.7642	0.138212	0.125648	0.830593	0	3.08
207.179	20.4604	85.6664	0.137855	0.125322	0.818418	0	3.12
206.797	20.1619	85.5467	0.137502	0.125002	0.806478	0	3.16
206.441	19.8694	85.4059	0.137155	0.124687	0.794776	0	3.2
206.112	19.5829	85.245	0.136813	0.124376	0.783316	0	3.24
205.806	19.3025	85.0648	0.136476	0.124069	0.772098	0	3.28
205.524	19.0281	84.8662	0.136144	0.123767	0.761125	0	3.32
205.265	18.7599	84.6501	0.135817	0.12347	0.750396	0	3.36
205.026	18.4978	84.4172	0.135494	0.123176	0.739911	0	3.4
204.808	18.2418	84.1685	0.135176	0.122887	0.729672	0	3.44
204.608	17.9919	83.9047	0.134862	0.122602	0.719675	0	3.48
204.427	17.748	83.6266	0.134553	0.122321	0.709921	0	3.52
204.263	17.5102	83.335	0.134248	0.122043	0.700407	0	3.56
204.115	17.2783	83.0307	0.133947	0.12177	0.691132	0	3.6
203.983	17.0523	82.7143	0.13365	0.1215	0.682094	0	3.64
203.865	16.8322	82.3865	0.133357	0.121233	0.673289	0	3.68
203.76	16.6179	82.0481	0.133067	0.12097	0.664716	0	3.72
203.668	16.4093	81.6998	0.132782	0.120711	0.656372	0	3.76
203.588	16.2063	81.3421	0.1325	0.120455	0.648252	0	3.8
203.519	16.0089	80.9758	0.132222	0.120201	0.640355	0	3.84
203.46	15.8169	80.6014	0.131947	0.119952	0.632677	0	3.88
203.412	15.6303	80.2195	0.131675	0.119705	0.625213	0	3.92
203.372	15.4491	79.8307	0.131407	0.119461	0.617962	0	3.96
203.34	15.273	79.4356	0.131141	0.119219	0.610919	0	4
203.316	15.102	79.0346	0.130879	0.118981	0.60408	0	4.04
203.299	14.936	78.6284	0.13062	0.118745	0.597441	0	4.08
203.288	14.775	78.2174	0.130363	0.118512	0.591	0	4.12
203.283	14.6188	77.8021	0.13011	0.118282	0.584752	0	4.16
203.284	14.4673	77.3829	0.129859	0.118054	0.578693	0	4.2
203.289	14.3205	76.9604	0.129611	0.117828	0.572819	0	4.24
203.298	14.1782	76.5349	0.129365	0.117605	0.567127	0	4.28
203.311	14.0403	76.1069	0.129122	0.117383	0.561613	0	4.32
203.327	13.9068	75.6768	0.128881	0.117164	0.556273	0	4.36
203.346	13.7776	75.2449	0.128642	0.116947	0.551103	0	4.4
203.368	13.6525	74.8116	0.128406	0.116733	0.5461	0	4.44
203.391	13.5315	74.3773	0.128172	0.11652	0.54126	0	4.48
203.415	13.4145	73.9423	0.12794	0.116309	0.536579	0	4.52
203.441	13.3013	73.507	0.12771	0.1161	0.532054	0	4.56
203.467	13.192	73.0716	0.127481	0.115892	0.527681	0	4.6
203.493	13.0864	72.6365	0.127255	0.115687	0.523457	0	4.64
203.52	12.9845	72.2019	0.127031	0.115483	0.519379	0	4.68
203.546	12.886	71.7682	0.126808	0.11528	0.515442	0	4.72
203.571	12.7911	71.3355	0.126587	0.115079	0.511644	0	4.76
203.596	12.6995	70.9042	0.126368	0.11488	0.507981	0	4.8
203.619	12.6113	70.4744	0.12615	0.114682	0.504451	0	4.84
203.641	12.5262	70.0464	0.125934	0.114485	0.501049	0	4.88
203.66	12.4443	69.6205	0.125719	0.11429	0.497774	0	4.92
203.678	12.3655	69.1967	0.125506	0.114096	0.494621	0	4.96
203.693	12.2897	68.7754	0.125294	0.113903	0.491588	0	5
203.706	12.2168	68.3567	0.125083	0.113712	0.488673	0	5.04
203.716	12.1468	67.9408	0.124874	0.113521	0.485871	0	5.08
203.723	12.0795	67.5278	0.124665	0.113332	0.483181	0	5.12
203.727	12.015	67.1179	0.124458	0.113144	0.4806	0	5.16
203.727	11.9531	66.7113	0.124252	0.112957	0.478125	0	5.2
203.724	11.8938	66.3081	0.124047	0.11277	0.475753	0	5.24
203.717	11.8371	65.9085	0.123844	0.112585	0.473482	0	5.28
203.706	11.7827	65.5125	0.123641	0.112401	0.471309	0	5.32
203.691	11.7308	65.1202	0.123439	0.112217	0.469233	0	5.36
203.672	11.6812	64.7319	0.123237	0.112034	0.467249	0	5.4
203.649	11.6339	64.3475	0.123037	0.111852	0.465357	0	5.44
203.621	11.5888	63.9673	0.122838	0.111671	0.463553	0	5.48
203.588	11.5459	63.5913	0.122639	0.11149	0.461836	0	5.52
203.551	11.5051	63.2195	0.122441	0.11131	0.460203	0	5.56
203.509	11.4663	62.852	0.122244	0.111131	0.458653	0	5.6
203.462	11.4296	62.489	0.122047	0.110952	0.457182	0	5.64
203.41	11.3947	62.1305	0.121851	0.110774	0.455789	0	5.68
203.352	11.3618	61.7765	0.121656	0.110596	0.454472	0	5.72
203.29	11.3307	61.4272	0.121461	0.110419	0.453229	0	5.76
203.222	11.3014	61.0825	0.121267	0.110243	0.452058	0	5.8
203.15	11.2739	60.7425	0.121073	0.110066	0.450956	0	5.84
203.071	11.2481	60.4072	0.12088	0.109891	0.449923	0	5.88
202.987	11.2239	60.0768	0.120687	0.109715	0.448955	0	5.92
202.898	11.2013	59.7511	0.120494	0.10954	0.448052	0	5.96
202.803	11.1803	59.4304	0.120302	0.109366	0.447211	0	6
202.703	11.1608	59.1144	0.12011	0.109191	0.446432	0	6.04
202.597	11.1428	58.8034	0.119919	0.109017	0.445711	0	6.08
202.485	11.1262	58.4973	0.119728	0.108843	0.445047	0	6.12
202.368	11.111	58.1961	0.119537	0.10867	0.444439	0	6.16
202.245	11.0971	57.8998	0.119346	0.108497	0.443884	0	6.2
202.116	11.0846	57.6085	0.119156	0.108324	0.443382	0	6.24
201.981	11.0733	57.3221	0.118966	0.108151	0.442931	0	6.28
201.841	11.0632	57.0407	0.118776	0.107978	0.442529	0	6.32
201.695	11.0543	56.7642	0.118586	0.107805	0.442174	0	6.36
201.543	11.0466	56.4926	0.118396	0.107633	0.441865	0	6.4
201.385	11.04	56.2259	0.118206	0.10746	0.441601	0	6.44
201.222	11.0345	55.9641	0.118017	0.107288	0.441379	0	6.48
201.053	11.03	55.7073	0.117828	0.107116	0.441199	0	6.52
200.878	11.0265	55.4553	0.117638	0.106944	0.441059	0	6.56
200.697	11.0239	55.2081	0.117449	0.106772	0.440957	0	6.6
200.511	11.0223	54.9658	0.11726	0.1066	0.440892	0	6.64
200.319	11.0216	54.7283	0.11707	0.106428	0.440863	0	6.68
200.122	11.0217	54.4955	0.116881	0.106256	0.440869	0	6.72
199.919	11.0227	54.2675	0.116692	0.106084	0.440907	0	6.76
199.71	11.0244	54.0442	0.116503	0.105911	0.440977	0	6.8
199.496	11.0269	53.8256	0.116313	0.105739	0.441077	0	6.84
199.276	11.0301	53.6117	0.116124	0.105567	0.441205	0	6.88
199.051	11.034	53.4023	0.115934	0.105395	0.441362	0	6.92
198.82	11.0386	53.1975	0.115745	0.105223	0.441544	0	6.96
198.584	11.0438	52.9972	0.115555	0.10505	0.441752	0	7
198.343	11.0496	52.8015	0.115365	0.104878	0.441983	0	7.04
198.097	11.0559	52.6101	0.115176	0.104705	0.442236	0	7.08
197.845	11.0628	52.4232	0.114986	0.104532	0.442511	0	7.12
197.588	11.0701	52.2405	0.114795	0.104359	0.442805	0	7.16
197.326	11.078	52.0622	0.114605	0.104186	0.443118	0	7.2
197.059	11.0862	51.8881	0.114415	0.104013	0.443449	0	7.24
196.787	11.0949	51.7183	0.114224	0.10384	0.443796	0	7.28
196.51	11.1039	51.5525	0.114033	0.103667	0.444158	0	7.32
196.229	11.1133	51.3908	0.113843	0.103493	0.444533	0	7.36
195.943	11.1231	51.2332	0.113651	0.10332	0.444922	0	7.4
195.652	11.1331	51.0795	0.11346	0.103146	0.445322	0	7.44
195.356	11.1433	50.9298	0.113269	0.102972	0.445733	0	7.48
195.056	11.1538	50.7838	0.113077	0.102797	0.446153	0	7.52
194.751	11.1645	50.6417	0.112885	0.102623	0.446581	0	7.56
194.442	11.1754	50.5033	0.112693	0.102448	0.447017	0	7.6
194.129	11.1865	50.3686	0.112501	0.102274	0.447458	0	7.64
193.812	11.1976	50.2375	0.112309	0.102099	0.447905	0	7.68
193.49	11.2089	50.1099	0.112116	0.101924	0.448356	0	7.72
193.165	11.2202	49.9858	0.111923	0.101748	0.448809	0	7.76
192.835	11.2316	49.8651	0.11173	0.101573	0.449265	0	7.8
192.502	11.243	49.7478	0.111537	0.101397	0.449722	0	7.84
192.165	11.2545	49.6337	0.111343	0.101221	0.450179	0	7.88
191.824	11.2659	49.5229	0.11115	0.101045	0.450634	0	7.92
191.48	11.2772	49.4151	0.110956	0.100869	0.451088	0	7.96
191.132	11.2885	49.3105	0.110762	0.100692	0.451539	0	8
190.781	11.2997	49.2089	0.110567	0.100516	0.451987	0	8.04
190.427	11.3107	49.1102	0.110373	0.100339	0.452429	0	8.08
190.069	11.3217	49.0144	0.110178	0.100162	0.452867	0	8.12
189.708	11.3324	48.9214	0.109983	0.0999848	0.453298	0	8.16
189.345	11.343	48.8311	0.109788	0.0998075	0.453722	0	8.2
188.978	11.3534	48.7435	0.109593	0.0996299	0.454138	0	8.24
188.609	11.3636	48.6584	0.109397	0.0994522	0.454545	0	8.28
188.236	11.3736	48.5759	0.109202	0.0992744	0.454942	0	8.32
187.862	11.3832	48.4959	0.109006	0.0990963	0.45533	0	8.36
187.484	11.3927	48.4182	0.10881	0.0989181	0.455706	0	8.4
187.105	11.4018	48.3428	0.108614	0.0987398	0.456071	0	8.44
186.723	11.4106	48.2696	0.108417	0.0985612	0.456423	0	8.48
186.339	11.4191	48.1987	0.108221	0.0983826	0.456762	0	8.52
185.952	11.4272	48.1298	0.108024	0.0982038	0.457088	0	8.56
185.564	11.435	48.0629	0.107827	0.0980249	0.457399	0	8.6
185.174	11.4424	47.9981	0.10763	0.0978458	0.457696	0	8.64
184.782	11.4494	47.935	0.107433	0.0976666	0.457977	0	8.68
184.388	11.456	47.8739	0.107236	0.0974873	0.458242	0	8.72
183.993	11.4623	47.8144	0.107039	0.0973079	0.45849	0	8.76
183.596	11.468	47.7567	0.106841	0.0971284	0.458722	0	8.8
183.198	11.4734	47.7005	0.106644	0.0969488	0.458935	0	8.84
182.799	11.4783	47.6459	0.106446	0.0967691	0.459131	0	8.88
182.398	11.4827	47.5928	0.106248	0.0965893	0.459309	0	8.92
181.996	11.4867	47.5411	0.10605	0.0964094	0.459468	0	8.96
181.593	11.4902	47.4907	0.105852	0.0962295	0.459607	0	9
181.189	11.4932	47.4416	0.105654	0.0960495	0.459727	0	9.04
180.784	11.4957	47.3938	0.105456	0.0958695	0.459827	0	9.08
180.379	11.4977	47.347	0.105258	0.0956894	0.459908	0	9.12
179.973	11.4992	47.3014	0.10506	0.0955093	0.459967	0	9.16
179.566	11.5002	47.2568	0.104862	0.0953292	0.460006	0	9.2
179.159	11.5006	47.2131	0.104664	0.095149	0.460024	0	9.24
178.751	11.5005	47.1704	0.104466	0.0949688	0.460021	0	9.28
178.343	11.4999	47.1285	0.104267	0.0947886	0.459996	0	9.32
177.935	11.4988	47.0874	0.104069	0.0946085	0.45995	0	9.36
177.527	11.4971	47.047	0.103871	0.0944283	0.459883	0	9.4
177.118	11.4948	47.0072	0.103673	0.0942482	0.459793	0	9.44
176.71	11.4921	46.9681	0.103475	0.0940681	0.459682	0	9.48
176.302	11.4887	46.9295	0.103277	0.093888	0.459549	0	9.52
175.894	11.4848	46.8914	0.103079	0.093708	0.459394	0	9.56
175.486	11.4804	46.8538	0.102881	0.093528	0.459217	0	9.6
175.078	11.4754	46.8166	0.102683	0.0933482	0.459018	0	9.64
174.671	11.4699	46.7797	0.102485	0.0931684	0.458797	0	9.68
174.265	11.4638	46.7431	0.102287	0.0929886	0.458554	0	9.72
173.859	11.4572	46.7067	0.10209	0.092809	0.458289	0	9.76
173.453	11.45	46.6705	0.101892	0.0926295	0.458002	0	9.8
173.048	11.4423	46.6345	0.101695	0.0924501	0.457694	0	9.84
172.644	11.4341	46.5985	0.101498	0.0922708	0.457364	0	9.88
172.241	11.4253	46.5627	0.101301	0.0920916	0.457012	0	9.92
171.839	11.416	46.5268	0.101104	0.0919126	0.456639	0	9.96
171.437	11.4061	46.4909	0.100907	0.0917337	0.456245	0	10
171.037	11.3958	46.4549	0.10071	0.0915549	0.45583	0	10.04
170.637	11.3849	46.4188	0.100514	0.0913764	0.455395	0	10.08
170.239	11.3735	46.3826	0.100318	0.091198	0.454939	0	10.12
169.842	11.3616	46.3462	0.100122	0.0910197	0.454462	0	10.16
169.446	11.3491	46.3095	0.0999259	0.0908417	0.453966	0	10.2
169.051	11.3362	46.2726	0.0997303	0.0906639	0.453449	0	10.24
168.657	11.3228	46.2354	0.0995349	0.0904862	0.452914	0	10.28
168.265	11.309	46.1979	0.0993397	0.0903088	0.452359	0	10.32
167.874	11.2946	46.16	0.0991448	0.0901316	0.451785	0	10.36
167.485	11.2798	46.1217	0.0989501	0.0899546	0.451192	0	10.4
167.097	11.2645	46.083	0.0987557	0.0897779	0.450581	0	10.44
166.711	11.2488	46.0439	0.0985615	0.0896014	0.449953	0	10.48
166.326	11.2327	46.0043	0.0983676	0.0894251	0.449306	0	10.52
165.942	11.2161	45.9642	0.098174	0.0892491	0.448642	0	10.56
165.561	11.199	45.9236	0.0979807	0.0890733	0.447962	0	10.6
165.181	11.1816	45.8824	0.0977877	0.0888979	0.447265	0	10.64
164.802	11.1638	45.8407	0.0975949	0.0887227	0.446552	0	10.68
164.425	11.1456	45.7984	0.0974025	0.0885477	0.445823	0	10.72
164.05	11.127	45.7555	0.0972104	0.0883731	0.445078	0	10.76
163.677	11.108	45.712	0.0970186	0.0881988	0.444319	0	10.8
163.305	11.0886	45.6678	0.0968272	0.0880247	0.443545	0	10.84
162.936	11.0689	45.623	0.0966361	0.087851	0.442757	0	10.88
162.568	11.0489	45.5775	0.0964453	0.0876776	0.441955	0	10.92
162.201	11.0285	45.5313	0.0962549	0.0875044	0.44114	0	10.96
161.837	11.0078	45.4845	0.0960648	0.0873317	0.440312	0	11
161.474	10.9868	45.4369	0.0958751	0.0871592	0.439472	0	11.04
161.114	10.9655	45.3886	0.0956858	0.0869871	0.438619	0	11.08
160.755	10.9439	45.3396	0.0954968	0.0868153	0.437755	0	11.12
160.398	10.922	45.2899	0.0953082	0.0866438	0.436879	0	11.16
160.043	10.8998	45.2394	0.09512	0.0864727	0.435993	0	11.2
159.689	10.8774	45.1882	0.0949321	0.0863019	0.435096	0	11.24
159.338	10.8547	45.1362	0.0947447	0.0861315	0.434189	0	11.28
158.988	10.8318	45.0835	0.0945576	0.0859615	0.433273	0	11.32
158.641	10.8087	45.03	0.094371	0.0857918	0.432347	0	11.36
158.295	10.7853	44.9758	0.0941847	0.0856225	0.431413	0	11.4
157.951	10.7618	44.9208	0.0939989	0.0854535	0.43047	0	11.44
157.609	10.738	44.865	0.0938134	0.0852849	0.42952	0	11.48
157.269	10.714	44.8085	0.0936284	0.0851167	0.428562	0	11.52
156.931	10.6899	44.7512	0.0934438	0.0849489	0.427597	0	11.56
156.595	10.6656	44.6931	0.0932596	0.0847814	0.426625	0	11.6
156.26	10.6412	44.6343	0.0930758	0.0846144	0.425647	0	11.64
155.928	10.6166	44.5747	0.0928925	0.0844477	0.424663	0	11.68
155.597	10.5918	44.5144	0.0927095	0.0842814	0.423674	0	11.72
155.268	10.567	44.4534	0.092527	0.0841155	0.422679	0	11.76
154.941	10.542	44.3916	0.092345	0.08395	0.42168	0	11.8
154.616	10.5169	44.329	0.0921633	0.0837849	0.420676	0	11.84
154.293	10.4917	44.2657	0.0919822	0.0836201	0.419669	0	11.88
153.971	10.4664	44.2018	0.0918014	0.0834558	0.418657	0	11.92
153.652	10.4411	44.1371	0.0916211	0.0832919	0.417643	0	11.96
153.334	10.4156	44.0716	0.0914412	0.0831284	0.416625	0	12
153.017	10.3901	44.0055	0.0912618	0.0829652	0.415605	0	12.04
152.703	10.3646	43.9387	0.0910828	0.0828025	0.414583	0	12.08
152.39	10.339	43.8713	0.0909042	0.0826402	0.413559	0	12.12
152.079	10.3133	43.8031	0.0907261	0.0824783	0.412533	0	12.16
151.77	10.2876	43.7343	0.0905484	0.0823168	0.411506	0	12.2
151.462	10.2619	43.6649	0.0903712	0.0821556	0.410477	0	12.24
151.156	10.2362	43.5948	0.0901944	0.0819949	0.409449	0	12.28
150.852	10.2105	43.5241	0.0900181	0.0818346	0.408419	0	12.32
150.549	10.1848	43.4528	0.0898422	0.0816747	0.40739	0	12.36
150.248	10.159	43.3809	0.0896668	0.0815153	0.406361	0	12.4
149.949	10.1333	43.3084	0.0894918	0.0813562	0.405333	0	12.44
149.651	10.1076	43.2353	0.0893172	0.0811975	0.404305	0	12.48
149.354	10.0819	43.1617	0.0891431	0.0810392	0.403278	0	12.52
149.06	10.0563	43.0875	0.0889695	0.0808813	0.402252	0	12.56
148.766	10.0307	43.0128	0.0887963	0.0807239	0.401228	0	12.6
148.474	10.0051	42.9376	0.0886235	0.0805668	0.400206	0	12.64
148.184	9.97964	42.8619	0.0884512	0.0804101	0.399185	0	12.68
147.895	9.95418	42.7856	0.0882793	0.0802539	0.398167	0	12.72
147.607	9.92878	42.7089	0.0881078	0.080098	0.397151	0	12.76
147.321	9.90345	42.6318	0.0879368	0.0799426	0.396138	0	12.8
147.036	9.87819	42.5542	0.0877663	0.0797875	0.395128	0	12.84
146.753	9.853	42.4762	0.0875961	0.0796328	0.39412	0	12.88
146.471	9.8279	42.3977	0.0874264	0.0794786	0.393116	0	12.92
146.19	9.80287	42.3189	0.0872572	0.0793247	0.392115	0	12.96
145.911	9.77794	42.2396	0.0870883	0.0791712	0.391118	0	13
145.632	9.75309	42.16	0.08692	0.0790181	0.390124	0	13.04
145.355	9.72835	42.08	0.086752	0.0788654	0.389134	0	13.08
145.079	9.7037	41.9997	0.0865844	0.0787131	0.388148	0	13.12
144.805	9.67915	41.9191	0.0864173	0.0785612	0.387166	0	13.16
144.531	9.65471	41.8381	0.0862506	0.0784097	0.386189	0	13.2
144.259	9.63039	41.7569	0.0860844	0.0782585	0.385215	0	13.24
143.988	9.60617	41.6754	0.0859185	0.0781078	0.384247	0	13.28
143.718	9.58207	41.5936	0.0857531	0.0779574	0.383283	0	13.32
143.449	9.55809	41.5115	0.0855881	0.0778074	0.382324	0	13.36
143.181	9.53423	41.4292	0.0854235	0.0776577	0.381369	0	13.4
142.914	9.51049	41.3467	0.0852593	0.0775085	0.38042	0	13.44
142.648	9.48688	41.264	0.0850956	0.0773596	0.379475	0	13.48
142.383	9.4634	41.1811	0.0849322	0.0772111	0.378536	0	13.52
142.119	9.44005	41.098	0.0847692	0.0770629	0.377602	0	13.56
141.856	9.41683	41.0147	0.0846067	0.0769152	0.376673	0	13.6
141.594	9.39374	40.9313	0.0844445	0.0767678	0.375749	0	13.64
141.333	9.37078	40.8477	0.0842828	0.0766207	0.374831	0	13.68
141.073	9.34797	40.764	0.0841214	0.076474	0.373919	0	13.72
140.814	9.32529	40.6802	0.0839605	0.0763277	0.373012	0	13.76
140.555	9.30275	40.5963	0.0837999	0.0761817	0.37211	0	13.8
140.298	9.28035	40.5124	0.0836397	0.0760361	0.371214	0	13.84
140.041	9.25809	40.4283	0.0834799	0.0758908	0.370324	0	13.88
139.785	9.23597	40.3442	0.0833205	0.0757459	0.369439	0	13.92
139.529	9.214	40.26	0.0831615	0.0756013	0.36856	0	13.96
139.275	9.19216	40.1758	0.0830028	0.0754571	0.367686	0	14
139.021	9.17047	40.0916	0.0828445	0.0753132	0.366819	0	14.04
138.768	9.14893	40.0073	0.0826866	0.0751697	0.365957	0	14.08
138.516	9.12752	39.9231	0.0825291	0.0750265	0.365101	0	14.12
138.264	9.10627	39.8389	0.0823719	0.0748836	0.364251	0	14.16
138.013	9.08515	39.7547	0.0822152	0.0747411	0.363406	0	14.2
137.762	9.06418	39.6705	0.0820587	0.0745988	0.362567	0	14.24
137.513	9.04335	39.5864	0.0819027	0.074457	0.361734	0	14.28
137.264	9.02267	39.5023	0.081747	0.0743154	0.360907	0	14.32
137.015	9.00213	39.4183	0.0815916	0.0741742	0.360085	0	14.36
136.767	8.98173	39.3344	0.0814366	0.0740333	0.359269	0	14.4
136.52	8.96148	39.2505	0.081282	0.0738927	0.358459	0	14.44
136.273	8.94136	39.1668	0.0811277	0.0737524	0.357655	0	14.48
136.027	8.92139	39.0831	0.0809737	0.0736125	0.356856	0	14.52
135.781	8.90156	38.9996	0.0808201	0.0734728	0.356062	0	14.56
135.536	8.88187	38.9161	0.0806669	0.0733335	0.355275	0	14.6
135.291	8.86231	38.8329	0.0805139	0.0731945	0.354492	0	14.64
135.047	8.8429	38.7497	0.0803613	0.0730558	0.353716	0	14.68
134.803	8.82362	38.6667	0.0802091	0.0729174	0.352945	0	14.72
134.56	8.80447	38.5838	0.0800572	0.0727793	0.352179	0	14.76
134.317	8.78546	38.5012	0.0799056	0.0726414	0.351419	0	14.8
134.075	8.76659	38.4186	0.0797543	0.0725039	0.350664	0	14.84
133.833	8.74784	38.3363	0.0796034	0.0723667	0.349914	0	14.88
133.591	8.72923	38.2541	0.0794528	0.0722298	0.349169	0	14.92
133.35	8.71075	38.1722	0.0793025	0.0720932	0.34843	0	14.96
133.109	8.69239	38.0904	0.0791525	0.0719568	0.347696	0	15
132.869	8.67417	38.0088	0.0790028	0.0718208	0.346967	0	15.04
132.629	8.65606	37.9275	0.0788535	0.071685	0.346243	0	15.08
132.389	8.63809	37.8463	0.0787045	0.0715495	0.345523	0	15.12
132.15	8.62023	37.7654	0.0785557	0.0714143	0.344809	0	15.16
131.911	8.6025	37.6847	0.0784073	0.0712794	0.3441	0	15.2
131.673	8.58488	37.6042	0.0782592	0.0711447	0.343395	0	15.24
131.435	8.56738	37.524	0.0781114	0.0710104	0.342695	0	15.28
131.197	8.55	37.444	0.0779639	0.0708763	0.342	0	15.32
130.959	8.53274	37.3642	0.0778167	0.0707424	0.341309	0	15.36
130.722	8.51558	37.2847	0.0776698	0.0706089	0.340623	0	15.4
130.485	8.49854	37.2054	0.0775232	0.0704756	0.339942	0	15.44
130.248	8.48161	37.1264	0.0773768	0.0703426	0.339264	0	15.48
130.012	8.46478	37.0477	0.0772308	0.0702098	0.338591	0	15.52
129.776	8.44806	36.9692	0.0770851	0.0700773	0.337923	0	15.56
129.54	8.43145	36.891	0.0769396	0.0699451	0.337258	0	15.6
129.305	8.41494	36.813	0.0767944	0.0698131	0.336598	0	15.64
129.07	8.39853	36.7353	0.0766496	0.0696814	0.335941	0	15.68
128.835	8.38221	36.6579	0.076505	0.06955	0.335289	0	15.72
128.6	8.366	36.5808	0.0763606	0.0694188	0.33464	0	15.76
128.366	8.34988	36.5039	0.0762166	0.0692878	0.333995	0	15.8
128.132	8.33385	36.4274	0.0760728	0.0691571	0.333354	0	15.84
127.898	8.31792	36.3511	0.0759293	0.0690267	0.332717	0	15.88
127.664	8.30207	36.275	0.0757861	0.0688965	0.332083	0	15.92
127.431	8.28632	36.1993	0.0756432	0.0687665	0.331453	0	15.96
127.198	8.27065	36.1239	0.0755005	0.0686368	0.330826	0	16
126.965	8.25506	36.0487	0.0753581	0.0685074	0.330202	0	16.04
126.732	8.23956	35.9738	0.075216	0.0683782	0.329582	0	16.08
126.5	8.22413	35.8992	0.0750741	0.0682492	0.328965	0	16.12
126.267	8.20879	35.8249	0.0749325	0.0681204	0.328352	0	16.16
126.035	8.19353	35.7509	0.0747912	0.067992	0.327741	0	16.2
125.804	8.17834	35.6772	0.0746501	0.0678637	0.327133	0	16.24
125.572	8.16322	35.6038	0.0745093	0.0677357	0.326529	0	16.28
125.341	8.14818	35.5306	0.0743687	0.0676079	0.325927	0	16.32
125.11	8.1332	35.4578	0.0742284	0.0674804	0.325328	0	16.36
124.879	8.1183	35.3852	0.0740884	0.0673531	0.324732	0	16.4
124.649	8.10346	35.3129	0.0739486	0.067226	0.324138	0	16.44
124.418	8.08869	35.2409	0.073809	0.0670991	0.323547	0	16.48
124.188	8.07398	35.1692	0.0736698	0.0669725	0.322959	0	16.52
123.958	8.05933	35.0978	0.0735308	0.0668461	0.322373	0	16.56
123.729	8.04474	35.0267	0.073392	0.06672	0.32179	0	16.6
123.499	8.03021	34.9558	0.0732535	0.0665941	0.321209	0	16.64
123.27	8.01574	34.8853	0.0731152	0.0664684	0.32063	0	16.68
123.041	8.00133	34.815	0.0729772	0.0663429	0.320053	0	16.72
122.812	7.98697	34.745	0.0728394	0.0662176	0.319479	0	16.76
122.584	7.97266	34.6752	0.0727019	0.0660926	0.318906	0	16.8
122.355	7.9584	34.6058	0.0725646	0.0659678	0.318336	0	16.84
122.127	7.94419	34.5366	0.0724275	0.0658432	0.317768	0	16.88
121.899	7.93003	34.4677	0.0722908	0.0657189	0.317201	0	16.92
121.672	7.91591	34.3991	0.0721542	0.0655947	0.316636	0	16.96
121.444	7.90184	34.3307	0.0720179	0.0654708	0.316074	0	17
121.217	7.88782	34.2626	0.0718818	0.0653471	0.315513	0	17.04
120.99	7.87383	34.1948	0.071746	0.0652236	0.314953	0	17.08
120.764	7.85989	34.1272	0.0716104	0.0651004	0.314396	0	17.12
120.537	7.84599	34.0599	0.0714751	0.0649773	0.313839	0	17.16
120.311	7.83212	33.9929	0.07134	0.0648545	0.313285	0	17.2
120.085	7.81829	33.9261	0.0712051	0.0647319	0.312732	0	17.24
119.86	7.8045	33.8596	0.0710705	0.0646095	0.31218	0	17.28
119.634	7.79074	33.7933	0.0709361	0.0644874	0.31163	0	17.32
119.409	7.77702	33.7273	0.0708019	0.0643654	0.311081	0	17.36
119.184	7.76332	33.6615	0.070668	0.0642437	0.310533	0	17.4
118.96	7.74966	33.596	0.0705343	0.0641221	0.309987	0	17.44
118.735	7.73603	33.5307	0.0704009	0.0640008	0.309441	0	17.48
118.511	7.72243	33.4656	0.0702677	0.0638797	0.308897	0	17.52
118.287	7.70885	33.4008	0.0701347	0.0637588	0.308354	0	17.56
118.064	7.69531	33.3362	0.0700019	0.0636381	0.307812	0	17.6
117.84	7.68178	33.2719	0.0698694	0.0635177	0.307271	0	17.64
117.617	7.66828	33.2078	0.0697371	0.0633974	0.306731	0	17.68
117.395	7.65481	33.1439	0.0696051	0.0632774	0.306192	0	17.72
117.172	7.64136	33.0802	0.0694733	0.0631575	0.305654	0	17.76
116.95	7.62793	33.0168	0.0693417	0.0630379	0.305117	0	17.8
116.728	7.61452	32.9536	0.0692103	0.0629185	0.304581	0	17.84
116.506	7.60114	32.8906	0.0690792	0.0627993	0.304045	0	17.88
116.285	7.58777	32.8278	0.0689483	0.0626803	0.303511	0	17.92
116.064	7.57442	32.7652	0.0688176	0.0625615	0.302977	0	17.96
115.843	7.56109	32.7028	0.0686872	0.0624429	0.302443	0	18
115.623	7.54777	32.6406	0.068557	0.0623245	0.301911	0	18.04
115.403	7.53448	32.5787	0.068427	0.0622064	0.301379	0	18.08
115.183	7.52119	32.5169	0.0682973	0.0620884	0.300848	0	18.12
114.963	7.50793	32.4553	0.0681678	0.0619707	0.300317	0	18.16
114.744	7.49468	32.394	0.0680385	0.0618531	0.299787	0	18.2
114.525	7.48144	32.3328	0.0679094	0.0617358	0.299258	0	18.24
114.307	7.46821	32.2718	0.0677806	0.0616187	0.298729	0	18.28
114.088	7.455	32.211	0.0676519	0.0615018	0.2982	0	18.32
113.871	7.4418	32.1503	0.0675236	0.0613851	0.297672	0	18.36
113.653	7.42862	32.0899	0.0673954	0.0612686	0.297145	0	18.4
113.436	7.41544	32.0296	0.0672675	0.0611523	0.296618	0	18.44
113.219	7.40228	31.9695	0.0671398	0.0610362	0.296091	0	18.48
113.002	7.38912	31.9096	0.0670123	0.0609203	0.295565	0	18.52
112.786	7.37598	31.8498	0.0668851	0.0608046	0.295039	0	18.56
112.57	7.36284	31.7902	0.066758	0.0606891	0.294514	0	18.6
112.354	7.34972	31.7308	0.0666312	0.0605738	0.293989	0	18.64
112.139	7.3366	31.6715	0.0665047	0.0604588	0.293464	0	18.68
111.924	7.3235	31.6124	0.0663783	0.0603439	0.29294	0	18.72
111.709	7.3104	31.5535	0.0662522	0.0602293	0.292416	0	18.76
111.495	7.29731	31.4947	0.0661263	0.0601148	0.291892	0	18.8
111.281	7.28423	31.436	0.0660006	0.0600006	0.291369	0	18.84
111.068	7.27115	31.3775	0.0658752	0.0598865	0.290846	0	18.88
110.854	7.25809	31.3192	0.06575	0.0597727	0.290324	0	18.92
110.642	7.24503	31.2609	0.065625	0.0596591	0.289801	0	18.96
110.429	7.23198	31.2029	0.0655002	0.0595456	0.289279	0	19
110.217	7.21893	31.1449	0.0653757	0.0594324	0.288757	0	19.04
110.005	7.2059	31.0872	0.0652513	0.0593194	0.288236	0	19.08
109.794	7.19287	31.0295	0.0651272	0.0592066	0.287715	0	19.12
109.583	7.17984	30.972	0.0650034	0.059094	0.287194	0	19.16
109.372	7.16683	30.9146	0.0648797	0.0589816	0.286673	0	19.2
109.162	7.15381	30.8573	0.0647563	0.0588694	0.286153	0	19.24
108.952	7.14081	30.8002	0.0646331	0.0587574	0.285632	0	19.28
108.743	7.12781	30.7432	0.0645101	0.0586456	0.285113	0	19.32
108.534	7.11482	30.6863	0.0643874	0.058534	0.284593	0	19.36
108.325	7.10184	30.6295	0.0642648	0.0584226	0.284074	0	19.4
108.117	7.08886	30.5729	0.0641425	0.0583114	0.283555	0	19.44
107.909	7.07589	30.5163	0.0640205	0.0582004	0.283036	0	19.48
107.701	7.06293	30.4599	0.0638986	0.0580896	0.282517	0	19.52
107.494	7.04997	30.4036	0.063777	0.0579791	0.281999	0	19.56
107.287	7.03702	30.3474	0.0636555	0.0578687	0.281481	0	19.6
107.081	7.02408	30.2913	0.0635344	0.0577585	0.280963	0	19.64
106.875	7.01115	30.2354	0.0634134	0.0576485	0.280446	0	19.68
106.669	6.99822	30.1795	0.0632926	0.0575388	0.279929	0	19.72
106.464	6.9853	30.1237	0.0631721	0.0574292	0.279412	0	19.76
106.259	6.97238	30.0681	0.0630518	0.0573198	0.278895	0	19.8
106.055	6.95948	30.0125	0.0629317	0.0572107	0.278379	0	19.84
105.851	6.94658	29.957	0.0628119	0.0571017	0.277863	0	19.88
105.647	6.93369	29.9017	0.0626923	0.056993	0.277348	0	19.92
105.444	6.92081	29.8464	0.0625729	0.0568844	0.276832	0	19.96
105.241	6.90794	29.7913	0.0624537	0.0567761	0.276317	0	20
105.039	6.89507	29.7362	0.0623347	0.0566679	0.275803	0	20.04
104.836	6.88221	29.6812	0.062216	0.05656	0.275289	0	20.08
104.635	6.86937	29.6263	0.0620974	0.0564522	0.274775	0	20.12
104.434	6.85653	29.5715	0.0619791	0.0563447	0.274261	0	20.16
104.233	6.8437	29.5168	0.061861	0.0562373	0.273748	0	20.2
104.032	6.83088	29.4622	0.0617432	0.0561302	0.273235	0	20.24
103.832	6.81807	29.4077	0.0616255	0.0560232	0.272723	0	20.28
103.633	6.80527	29.3532	0.0615081	0.0559165	0.272211	0	20.32
103.433	6.79248	29.2989	0.0613909	0.0558099	0.271699	0	20.36
103.235	6.7797	29.2446	0.061274	0.0557036	0.271188	0	20.4
103.036	6.76693	29.1904	0.0611572	0.0555975	0.270677	0	20.44
102.838	6.75418	29.1363	0.0610407	0.0554915	0.270167	0	20.48
102.641	6.74143	29.0823	0.0609243	0.0553858	0.269657	0	20.52
102.443	6.7287	29.0284	0.0608082	0.0552802	0.269148	0	20.56
102.247	6.71597	28.9745	0.0606924	0.0551749	0.268639	0	20.6
102.05	6.70326	28.9208	0.0605767	0.0550697	0.26813	0	20.64
101.854	6.69056	28.8671	0.0604613	0.0549648	0.267623	0	20.68
101.659	6.67788	28.8134	0.060346	0.05486	0.267115	0	20.72
101.464	6.6652	28.7599	0.060231	0.0547555	0.266608	0	20.76
101.269	6.65254	28.7065	0.0601163	0.0546511	0.266102	0	20.8
101.074	6.6399	28.6531	0.0600017	0.054547	0.265596	0	20.84
100.881	6.62726	28.5998	0.0598873	0.054443	0.265091	0	20.88
100.687	6.61464	28.5465	0.0597732	0.0543393	0.264586	0	20.92
100.494	6.60204	28.4934	0.0596593	0.0542357	0.264082	0	20.96
100.301	6.58945	28.4403	0.0595456	0.0541324	0.263578	0	21
100.109	6.57687	28.3873	0.0594321	0.0540292	0.263075	0	21.04
99.9169	6.56431	28.3344	0.0593188	0.0539262	0.262572	0	21.08
99.7253	6.55176	28.2815	0.0592058	0.0538235	0.262071	0	21.12
99.5342	6.53923	28.2288	0.059093	0.0537209	0.261569	0	21.16
99.3435	6.52672	28.1761	0.0589804	0.0536185	0.261069	0	21.2
99.1532	6.51422	28.1234	0.058868	0.0535163	0.260569	0	21.24
98.9632	6.50174	28.0709	0.0587558	0.0534143	0.260069	0	21.28
98.7737	6.48927	28.0184	0.0586438	0.0533125	0.259571	0	21.32
98.5846	6.47682	27.966	0.058532	0.053211	0.259073	0	21.36
98.3958	6.46439	27.9137	0.0584205	0.0531096	0.258575	0	21.4
98.2075	6.45197	27.8614	0.0583092	0.0530083	0.258079	0	21.44
98.0196	6.43957	27.8092	0.0581981	0.0529073	0.257583	0	21.48
97.832	6.42719	27.7571	0.0580872	0.0528065	0.257088	0	21.52
97.6449	6.41483	27.7051	0.0579765	0.0527059	0.256593	0	21.56
97.4581	6.40249	27.6531	0.057866	0.0526055	0.256099	0	21.6
97.2717	6.39016	27.6012	0.0577558	0.0525052	0.255606	0	21.64
97.0858	6.37785	27.5494	0.0576457	0.0524052	0.255114	0	21.68
96.9002	6.36557	27.4976	0.0575359	0.0523053	0.254623	0	21.72
96.715	6.3533	27.4459	0.0574263	0.0522057	0.254132	0	21.76
96.5302	6.34105	27.3943	0.0573168	0.0521062	0.253642	0	21.8
96.3458	6.32882	27.3428	0.0572076	0.0520069	0.253153	0	21.84
96.1617	6.31661	27.2913	0.0570986	0.0519079	0.252664	0	21.88
95.9781	6.30442	27.2399	0.0569899	0.051809	0.252177	0	21.92
95.7948	6.29225	27.1886	0.0568813	0.0517103	0.25169	0	21.96
95.6119	6.2801	27.1374	0.0567729	0.0516118	0.251204	0	22
95.4294	6.26797	27.0862	0.0566648	0.0515134	0.250719	0	22.04
95.2473	6.25586	27.0351	0.0565568	0.0514153	0.250234	0	22.08
95.0656	6.24377	26.9841	0.0564491	0.0513174	0.249751	0	22.12
94.8842	6.2317	26.9332	0.0563416	0.0512196	0.249268	0	22.16
94.7032	6.21966	26.8823	0.0562343	0.0511221	0.248786	0	22.2
94.5226	6.20763	26.8315	0.0561272	0.0510247	0.248305	0	22.24
94.3424	6.19563	26.7808	0.0560203	0.0509275	0.247825	0	22.28
94.1625	6.18365	26.7301	0.0559136	0.0508305	0.247346	0	22.32
93.983	6.17169	26.6795	0.0558071	0.0507337	0.246868	0	22.36
93.8039	6.15975	26.629	0.0557008	0.0506371	0.24639	0	22.4
93.6252	6.14784	26.5786	0.0555947	0.0505407	0.245914	0	22.44
93.4468	6.13595	26.5283	0.0554888	0.0504444	0.245438	0	22.48
93.2688	6.12408	26.478	0.0553832	0.0503483	0.244963	0	22.52
93.0911	6.11223	26.4278	0.0552777	0.0502525	0.244489	0	22.56
92.9139	6.10041	26.3777	0.0551725	0.0501568	0.244016	0	22.6
92.7369	6.0886	26.3276	0.0550674	0.0500613	0.243544	0	22.64
92.5604	6.07683	26.2777	0.0549625	0.049966	0.243073	0	22.68
92.3842	6.06507	26.2278	0.0548579	0.0498708	0.242603	0	22.72
92.2084	6.05334	26.178	0.0547535	0.0497759	0.242133	0	22.76
92.0329	6.04163	26.1282	0.0546492	0.0496811	0.241665	0	22.8
91.8578	6.02994	26.0786	0.0545452	0.0495865	0.241198	0	22.84
91.683	6.01828	26.029	0.0544413	0.0494921	0.240731	0	22.88
91.5086	6.00664	25.9795	0.0543377	0.0493979	0.240266	0	22.92
91.3346	5.99502	25.9301	0.0542342	0.0493039	0.239801	0	22.96
91.1609	5.98343	25.8807	0.054131	0.04921	0.239337	0	23
90.9875	5.97186	25.8315	0.054028	0.0491163	0.238875	0	23.04
90.8145	5.96032	25.7823	0.0539251	0.0490228	0.238413	0	23.08
90.6418	5.9488	25.7332	0.0538225	0.0489295	0.237952	0	23.12
90.4695	5.9373	25.6842	0.05372	0.0488364	0.237492	0	23.16
90.2976	5.92583	25.6352	0.0536178	0.0487434	0.237033	0	23.2
90.126	5.91438	25.5863	0.0535157	0.0486507	0.236575	0	23.24
89.9547	5.90296	25.5376	0.0534139	0.0485581	0.236118	0	23.28
89.7838	5.89156	25.4889	0.0533122	0.0484657	0.235662	0	23.32
89.6132	5.88018	25.4403	0.0532108	0.0483734	0.235207	0	23.36
89.4429	5.86883	25.3917	0.0531095	0.0482814	0.234753	0	23.4
89.273	5.8575	25.3433	0.0530085	0.0481895	0.2343	0	23.44
89.1034	5.8462	25.2949	0.0529076	0.0480978	0.233848	0	23.48
88.9342	5.83492	25.2466	0.0528069	0.0480063	0.233397	0	23.52
88.7653	5.82366	25.1984	0.0527064	0.0479149	0.232947	0	23.56
88.5967	5.81243	25.1503	0.0526061	0.0478238	0.232497	0	23.6
88.4285	5.80123	25.1022	0.052506	0.0477328	0.232049	0	23.64
88.2605	5.79004	25.0543	0.0524061	0.0476419	0.231602	0	23.68
88.093	5.77888	25.0064	0.0523064	0.0475513	0.231155	0	23.72
87.9257	5.76775	24.9586	0.0522069	0.0474608	0.23071	0	23.76
87.7588	5.75664	24.9109	0.0521076	0.0473705	0.230266	0	23.8
87.5922	5.74555	24.8633	0.0520085	0.0472804	0.229822	0	23.84
87.4259	5.73449	24.8158	0.0519095	0.0471905	0.22938	0	23.88
87.26	5.72345	24.7683	0.0518108	0.0471007	0.228938	0	23.92
87.0943	5.71244	24.7209	0.0517122	0.0470111	0.228498	0	23.96
86.929	5.70145	24.6737	0.0516138	0.0469217	0.228058	0	24
86.7641	5.69049	24.6265	0.0515156	0.0468324	0.227619	0	24.04
86.5994	5.67955	24.5794	0.0514176	0.0467433	0.227182	0	24.08
86.435	5.66863	24.5323	0.0513198	0.0466544	0.226745	0	24.12
86.271	5.65774	24.4854	0.0512222	0.0465657	0.226309	0	24.16
86.1073	5.64687	24.4385	0.0511248	0.0464771	0.225875	0	24.2
85.9439	5.63602	24.3918	0.0510276	0.0463887	0.225441	0	24.24
85.7808	5.6252	24.3451	0.0509305	0.0463004	0.225008	0	24.28
85.618	5.6144	24.2985	0.0508336	0.0462124	0.224576	0	24.32
85.4556	5.60363	24.252	0.0507369	0.0461245	0.224145	0	24.36
85.2934	5.59288	24.2056	0.0506404	0.0460368	0.223715	0	24.4
85.1316	5.58215	24.1593	0.0505441	0.0459492	0.223286	0	24.44
84.9701	5.57145	24.113	0.050448	0.0458618	0.222858	0	24.48
84.8089	5.56077	24.0669	0.0503521	0.0457746	0.222431	0	24.52
84.648	5.55011	24.0208	0.0502563	0.0456875	0.222004	0	24.56
84.4873	5.53948	23.9748	0.0501607	0.0456007	0.221579	0	24.6
84.327	5.52887	23.9289	0.0500653	0.0455139	0.221155	0	24.64
84.1671	5.51828	23.8831	0.0499701	0.0454274	0.220731	0	24.68
84.0074	5.50772	23.8374	0.0498751	0.045341	0.220309	0	24.72
83.848	5.49718	23.7918	0.0497802	0.0452548	0.219887	0	24.76
83.6889	5.48666	23.7462	0.0496856	0.0451687	0.219467	0	24.8
83.5301	5.47617	23.7008	0.0495911	0.0450828	0.219047	0	24.84
83.3716	5.4657	23.6554	0.0494968	0.0449971	0.218628	0	24.88
83.2134	5.45525	23.6101	0.0494027	0.0449115	0.21821	0	24.92
83.0555	5.44482	23.5649	0.0493087	0.0448261	0.217793	0	24.96
82.8979	5.43442	23.5198	0.049215	0.0447409	0.217377	0	25
82.7407	5.42404	23.4748	0.0491214	0.0446558	0.216962	0	25.04
82.5837	5.41368	23.4299	0.049028	0.0445709	0.216547	0	25.08
82.4269	5.40335	23.385	0.0489347	0.0444861	0.216134	0	25.12
82.2705	5.39303	23.3403	0.0488417	0.0444015	0.215721	0	25.16
82.1144	5.38274	23.2956	0.0487488	0.0443171	0.21531	0	25.2
81.9586	5.37247	23.251	0.0486561	0.0442328	0.214899	0	25.24
81.8031	5.36222	23.2065	0.0485636	0.0441487	0.214489	0	25.28
81.6478	5.352	23.1621	0.0484713	0.0440648	0.21408	0	25.32
81.4929	5.3418	23.1178	0.0483791	0.043981	0.213672	0	25.36
81.3382	5.33161	23.0736	0.0482871	0.0438974	0.213265	0	25.4
81.1839	5.32145	23.0295	0.0481953	0.0438139	0.212858	0	25.44
81.0298	5.31132	22.9854	0.0481037	0.0437306	0.212453	0	25.48
80.876	5.3012	22.9414	0.0480122	0.0436474	0.212048	0	25.52
80.7225	5.2911	22.8976	0.0479209	0.0435645	0.211644	0	25.56
80.5693	5.28103	22.8538	0.0478298	0.0434816	0.211241	0	25.6
80.4163	5.27098	22.8101	0.0477388	0.0433989	0.210839	0	25.64
80.2637	5.26095	22.7665	0.0476481	0.0433164	0.210438	0	25.68
80.1113	5.25093	22.7229	0.0475575	0.0432341	0.210037	0	25.72
79.9592	5.24094	22.6795	0.047467	0.0431519	0.209638	0	25.76
79.8074	5.23098	22.6361	0.0473768	0.0430698	0.209239	0	25.8
79.6559	5.22103	22.5929	0.0472867	0.0429879	0.208841	0	25.84
79.5047	5.2111	22.5497	0.0471968	0.0429062	0.208444	0	25.88
79.3537	5.20119	22.5066	0.0471071	0.0428246	0.208048	0	25.92
79.203	5.19131	22.4636	0.0470175	0.0427432	0.207652	0	25.96
79.0527	5.18144	22.4207	0.0469281	0.0426619	0.207258	0	26
78.9025	5.17159	22.3778	0.0468389	0.0425808	0.206864	0	26.04
78.7527	5.16177	22.3351	0.0467498	0.0424998	0.206471	0	26.08
78.6032	5.15196	22.2924	0.0466609	0.042419	0.206079	0	26.12
78.4539	5.14218	22.2499	0.0465722	0.0423384	0.205687	0	26.16
78.3049	5.13241	22.2074	0.0464836	0.0422579	0.205297	0	26.2
78.1562	5.12267	22.165	0.0463953	0.0421775	0.204907	0	26.24
78.0077	5.11294	22.1226	0.046307	0.0420973	0.204518	0	26.28
77.8595	5.10324	22.0804	0.046219	0.0420173	0.204129	0	26.32
77.7116	5.09355	22.0383	0.0461311	0.0419374	0.203742	0	26.36
77.564	5.08388	21.9962	0.0460434	0.0418576	0.203355	0	26.4
77.4167	5.07423	21.9542	0.0459559	0.0417781	0.202969	0	26.44
77.2696	5.06461	21.9123	0.0458685	0.0416986	0.202584	0	26.48
77.1228	5.055	21.8705	0.0457813	0.0416193	0.2022	0	26.52
76.9763	5.04541	21.8288	0.0456942	0.0415402	0.201816	0	26.56
76.83	5.03584	21.7871	0.0456073	0.0414612	0.201433	0	26.6
76.684	5.02629	21.7456	0.0455206	0.0413824	0.201051	0	26.64
76.5383	5.01675	21.7041	0.045434	0.0413037	0.20067	0	26.68
76.3929	5.00724	21.6627	0.0453476	0.0412251	0.20029	0	26.72
76.2477	4.99774	21.6214	0.0452614	0.0411467	0.19991	0	26.76
76.1028	4.98827	21.5802	0.0451754	0.0410685	0.199531	0	26.8
75.9582	4.97881	21.539	0.0450895	0.0409904	0.199152	0	26.84
75.8138	4.96937	21.498	0.0450037	0.0409125	0.198775	0	26.88
75.6697	4.95995	21.457	0.0449181	0.0408347	0.198398	0	26.92
75.5259	4.95055	21.4161	0.0448327	0.040757	0.198022	0	26.96
75.3823	4.94116	21.3753	0.0447475	0.0406795	0.197647	0	27
75.2391	4.9318	21.3346	0.0446624	0.0406022	0.197272	0	27.04
75.096	4.92245	21.2939	0.0445775	0.040525	0.196898	0	27.08
74.9533	4.91312	21.2533	0.0444927	0.0404479	0.196525	0	27.12
74.8108	4.90381	21.2128	0.0444081	0.040371	0.196152	0	27.16
74.6686	4.89451	21.1724	0.0443236	0.0402942	0.195781	0	27.2
74.5266	4.88524	21.1321	0.0442393	0.0402176	0.19541	0	27.24
74.3849	4.87598	21.0919	0.0441552	0.0401411	0.195039	0	27.28
74.2435	4.86674	21.0517	0.0440712	0.0400648	0.19467	0	27.32
74.1023	4.85752	21.0116	0.0439874	0.0399886	0.194301	0	27.36
73.9614	4.84831	20.9716	0.0439038	0.0399125	0.193933	0	27.4
73.8208	4.83913	20.9317	0.0438203	0.0398366	0.193565	0	27.44
73.6804	4.82996	20.8918	0.043737	0.0397609	0.193198	0	27.48
73.5403	4.8208	20.8521	0.0436538	0.0396853	0.192832	0	27.52
73.4004	4.81167	20.8124	0.0435708	0.0396098	0.192467	0	27.56
73.2608	4.80255	20.7728	0.0434879	0.0395345	0.192102	0	27.6
73.1215	4.79345	20.7332	0.0434052	0.0394593	0.191738	0	27.64
72.9824	4.78437	20.6938	0.0433227	0.0393842	0.191375	0	27.68
72.8436	4.7753	20.6544	0.0432403	0.0393093	0.191012	0	27.72
72.705	4.76625	20.6151	0.043158	0.0392346	0.19065	0	27.76
72.5668	4.75722	20.5759	0.0430759	0.03916	0.190289	0	27.8
72.4287	4.7482	20.5368	0.042994	0.0390855	0.189928	0	27.84
72.2909	4.7392	20.4977	0.0429123	0.0390111	0.189568	0	27.88
72.1534	4.73022	20.4587	0.0428306	0.0389369	0.189209	0	27.92
72.0162	4.72126	20.4198	0.0427492	0.0388629	0.18885	0	27.96
71.8792	4.71231	20.381	0.0426679	0.038789	0.188492	0	28
71.7424	4.70338	20.3422	0.0425867	0.0387152	0.188135	0	28.04
71.6059	4.69446	20.3035	0.0425057	0.0386416	0.187779	0	28.08
71.4697	4.68557	20.2649	0.0424249	0.0385681	0.187423	0	28.12
71.3337	4.67668	20.2264	0.0423442	0.0384947	0.187067	0	28.16
71.198	4.66782	20.1879	0.0422637	0.0384215	0.186713	0	28.2
71.0626	4.65897	20.1496	0.0421833	0.0383484	0.186359	0	28.24
70.9274	4.65014	20.1112	0.042103	0.0382755	0.186006	0	28.28
70.7924	4.64132	20.073	0.042023	0.0382027	0.185653	0	28.32
70.6577	4.63252	20.0349	0.041943	0.03813	0.185301	0	28.36
70.5233	4.62374	19.9968	0.0418633	0.0380575	0.18495	0	28.4
70.3891	4.61497	19.9588	0.0417836	0.0379851	0.184599	0	28.44
70.2551	4.60622	19.9208	0.0417042	0.0379129	0.184249	0	28.48
70.1214	4.59749	19.883	0.0416248	0.0378408	0.1839	0	28.52
69.988	4.58877	19.8452	0.0415457	0.0377688	0.183551	0	28.56
69.8548	4.58007	19.8075	0.0414666	0.037697	0.183203	0	28.6
69.7219	4.57138	19.7698	0.0413878	0.0376252	0.182855	0	28.64
69.5892	4.56271	19.7323	0.0413091	0.0375537	0.182508	0	28.68
69.4568	4.55406	19.6948	0.0412305	0.0374823	0.182162	0	28.72
69.3246	4.54542	19.6574	0.0411521	0.037411	0.181817	0	28.76
69.1927	4.53679	19.62	0.0410738	0.0373398	0.181472	0	28.8
69.061	4.52819	19.5827	0.0409956	0.0372688	0.181127	0	28.84
68.9296	4.5196	19.5455	0.0409177	0.0371979	0.180784	0	28.88
68.7984	4.51102	19.5084	0.0408398	0.0371271	0.180441	0	28.92
68.6675	4.50246	19.4713	0.0407622	0.0370565	0.180098	0	28.96
68.5368	4.49392	19.4343	0.0406846	0.036986	0.179757	0	29
68.4063	4.48539	19.3974	0.0406072	0.0369157	0.179416	0	29.04
68.2762	4.47688	19.3606	0.04053	0.0368454	0.179075	0	29.08
68.1462	4.46838	19.3238	0.0404529	0.0367754	0.178735	0	29.12
68.0165	4.4599	19.2871	0.0403759	0.0367054	0.178396	0	29.16
67.8871	4.45143	19.2504	0.0402991	0.0366356	0.178057	0	29.2
67.7579	4.44298	19.2139	0.0402225	0.0365659	0.177719	0	29.24
67.6289	4.43455	19.1774	0.040146	0.0364963	0.177382	0	29.28
67.5002	4.42613	19.141	0.0400696	0.0364269	0.177045	0	29.32
67.3717	4.41773	19.1046	0.0399934	0.0363576	0.176709	0	29.36
67.2435	4.40934	19.0683	0.0399173	0.0362885	0.176374	0	29.4
67.1155	4.40097	19.0321	0.0398414	0.0362194	0.176039	0	29.44
66.9878	4.39261	18.9959	0.0397656	0.0361505	0.175704	0	29.48
66.8603	4.38427	18.9598	0.0396899	0.0360818	0.175371	0	29.52
66.733	4.37594	18.9238	0.0396144	0.0360131	0.175038	0	29.56
66.606	4.36763	18.8879	0.0395391	0.0359446	0.174705	0	29.6
66.4792	4.35933	18.852	0.0394639	0.0358762	0.174373	0	29.64
66.3527	4.35105	18.8162	0.0393888	0.035808	0.174042	0	29.68
66.2264	4.34278	18.7805	0.0393139	0.0357399	0.173711	0	29.72
66.1004	4.33453	18.7448	0.0392391	0.0356719	0.173381	0	29.76
65.9746	4.3263	18.7092	0.0391644	0.035604	0.173052	0	29.8
65.849	4.31808	18.6736	0.0390899	0.0355363	0.172723	0	29.84
65.7237	4.30987	18.6382	0.0390156	0.0354687	0.172395	0	29.88
65.5986	4.30168	18.6028	0.0389413	0.0354012	0.172067	0	29.92
65.4737	4.29351	18.5674	0.0388673	0.0353339	0.17174	0	29.96
65.3491	4.28535	18.5322	0.0387933	0.0352667	0.171414	0	30
65.2248	4.2772	18.497	0.0387195	0.0351996	0.171088	0	30.04
65.1006	4.26907	18.4618	0.0386459	0.0351326	0.170763	0	30.08
64.9767	4.26096	18.4268	0.0385724	0.0350658	0.170438	0	30.12
64.8531	4.25286	18.3918	0.038499	0.0349991	0.170114	0	30.16
64.7296	4.24478	18.3568	0.0384257	0.0349325	0.169791	0	30.2
64.6064	4.23671	18.3219	0.0383526	0.034866	0.169468	0	30.24
64.4835	4.22865	18.2871	0.0382797	0.0347997	0.169146	0	30.28
64.3608	4.22061	18.2524	0.0382069	0.0347335	0.168824	0	30.32
64.2383	4.21259	18.2177	0.0381342	0.0346674	0.168503	0	30.36
64.116	4.20458	18.1831	0.0380616	0.0346015	0.168183	0	30.4
63.994	4.19658	18.1486	0.0379892	0.0345357	0.167863	0	30.44
63.8722	4.1886	18.1141	0.037917	0.03447	0.167544	0	30.48
63.7507	4.18063	18.0797	0.0378448	0.0344044	0.167225	0	30.52
63.6293	4.17268	18.0453	0.0377728	0.0343389	0.166907	0	30.56
63.5082	4.16475	18.011	0.037701	0.0342736	0.16659	0	30.6
63.3874	4.15683	17.9768	0.0376293	0.0342084	0.166273	0	30.64
63.2668	4.14892	17.9427	0.0375577	0.0341433	0.165957	0	30.68
63.1464	4.14103	17.9086	0.0374862	0.0340784	0.165641	0	30.72
63.0262	4.13315	17.8745	0.0374149	0.0340136	0.165326	0	30.76
62.9063	4.12529	17.8406	0.0373437	0.0339488	0.165011	0	30.8
62.7865	4.11744	17.8067	0.0372727	0.0338843	0.164698	0	30.84
62.6671	4.10961	17.7728	0.0372018	0.0338198	0.164384	0	30.88
62.5478	4.10179	17.7391	0.037131	0.0337555	0.164071	0	30.92
62.4288	4.09398	17.7053	0.0370604	0.0336912	0.163759	0	30.96
62.31	4.08619	17.6717	0.0369899	0.0336272	0.163448	0	31
62.1914	4.07842	17.6381	0.0369195	0.0335632	0.163137	0	31.04
62.0731	4.07066	17.6046	0.0368493	0.0334993	0.162826	0	31.08
61.955	4.06291	17.5711	0.0367792	0.0334356	0.162516	0	31.12
61.8371	4.05518	17.5377	0.0367092	0.033372	0.162207	0	31.16
61.7194	4.04746	17.5044	0.0366394	0.0333085	0.161899	0	31.2
61.602	4.03976	17.4711	0.0365697	0.0332452	0.16159	0	31.24
61.4848	4.03207	17.4379	0.0365001	0.0331819	0.161283	0	31.28
61.3678	4.0244	17.4048	0.0364307	0.0331188	0.160976	0	31.32
61.251	4.01674	17.3717	0.0363614	0.0330558	0.16067	0	31.36
61.1345	4.0091	17.3387	0.0362922	0.0329929	0.160364	0	31.4
61.0181	4.00147	17.3057	0.0362231	0.0329301	0.160059	0	31.44
60.902	3.99385	17.2728	0.0361542	0.0328675	0.159754	0	31.48
60.7862	3.98625	17.24	0.0360855	0.032805	0.15945	0	31.52
60.6705	3.97866	17.2072	0.0360168	0.0327426	0.159146	0	31.56
60.5551	3.97109	17.1745	0.0359483	0.0326803	0.158843	0	31.6
60.4399	3.96353	17.1419	0.0358799	0.0326181	0.158541	0	31.64
60.3249	3.95598	17.1093	0.0358117	0.0325561	0.158239	0	31.68
60.2101	3.94845	17.0768	0.0357435	0.0324941	0.157938	0	31.72
60.0955	3.94094	17.0443	0.0356755	0.0324323	0.157638	0	31.76
59.9812	3.93344	17.0119	0.0356077	0.0323706	0.157337	0	31.8
59.8671	3.92595	16.9795	0.0355399	0.032309	0.157038	0	31.84
59.7532	3.91847	16.9473	0.0354723	0.0322476	0.156739	0	31.88
59.6395	3.91101	16.915	0.0354048	0.0321862	0.156441	0	31.92
59.526	3.90357	16.8829	0.0353375	0.032125	0.156143	0	31.96
59.4128	3.89614	16.8508	0.0352703	0.0320639	0.155846	0	32
59.2998	3.88872	16.8187	0.0352032	0.0320029	0.155549	0	32.04
59.187	3.88132	16.7867	0.0351362	0.031942	0.155253	0	32.08
59.0744	3.87393	16.7548	0.0350694	0.0318812	0.154957	0	32.12
58.962	3.86655	16.723	0.0350027	0.0318206	0.154662	0	32.16
58.8498	3.85919	16.6912	0.0349361	0.0317601	0.154368	0	32.2
58.7379	3.85185	16.6594	0.0348696	0.0316996	0.154074	0	32.24
58.6261	3.84451	16.6277	0.0348033	0.0316393	0.153781	0	32.28
58.5146	3.83719	16.5961	0.0347371	0.0315792	0.153488	0	32.32
58.4033	3.82989	16.5645	0.034671	0.0315191	0.153196	0	32.36
58.2922	3.8226	16.533	0.034605	0.0314591	0.152904	0	32.4
58.1813	3.81532	16.5016	0.0345392	0.0313993	0.152613	0	32.44
58.0706	3.80806	16.4702	0.0344735	0.0313396	0.152322	0	32.48
57.9601	3.80081	16.4389	0.0344079	0.0312799	0.152032	0	32.52
57.8499	3.79357	16.4076	0.0343425	0.0312204	0.151743	0	32.56
57.7398	3.78635	16.3764	0.0342771	0.031161	0.151454	0	32.6
57.63	3.77914	16.3453	0.0342119	0.0311018	0.151166	0	32.64
57.5204	3.77195	16.3142	0.0341469	0.0310426	0.150878	0	32.68
57.411	3.76476	16.2831	0.0340819	0.0309836	0.150591	0	32.72
57.3018	3.7576	16.2522	0.0340171	0.0309246	0.150304	0	32.76
57.1928	3.75044	16.2213	0.0339524	0.0308658	0.150018	0	32.8
57.084	3.7433	16.1904	0.0338878	0.0308071	0.149732	0	32.84
56.9754	3.73618	16.1596	0.0338233	0.0307485	0.149447	0	32.88
56.867	3.72907	16.1289	0.033759	0.03069	0.149163	0	32.92
56.7588	3.72197	16.0982	0.0336948	0.0306316	0.148879	0	32.96
56.6509	3.71488	16.0676	0.0336307	0.0305733	0.148595	0	33
56.5431	3.70781	16.037	0.0335667	0.0305152	0.148312	0	33.04
56.4356	3.70075	16.0065	0.0335028	0.0304571	0.14803	0	33.08
56.3282	3.69371	15.976	0.0334391	0.0303992	0.147748	0	33.12
56.2211	3.68667	15.9456	0.0333755	0.0303414	0.147467	0	33.16
56.1142	3.67966	15.9153	0.033312	0.0302836	0.147186	0	33.2
56.0074	3.67265	15.885	0.0332486	0.030226	0.146906	0	33.24
55.9009	3.66566	15.8548	0.0331854	0.0301685	0.146626	0	33.28
55.7946	3.65868	15.8246	0.0331223	0.0301112	0.146347	0	33.32
55.6884	3.65172	15.7945	0.0330593	0.0300539	0.146069	0	33.36
55.5825	3.64477	15.7645	0.0329964	0.0299967	0.145791	0	33.4
55.4768	3.63783	15.7345	0.0329336	0.0299396	0.145513	0	33.44
55.3713	3.6309	15.7046	0.032871	0.0298827	0.145236	0	33.48
55.266	3.62399	15.6747	0.0328084	0.0298259	0.14496	0	33.52
55.1608	3.61709	15.6449	0.032746	0.0297691	0.144684	0	33.56
55.0559	3.61021	15.6151	0.0326837	0.0297125	0.144408	0	33.6
54.9512	3.60334	15.5854	0.0326216	0.029656	0.144134	0	33.64
54.8467	3.59648	15.5557	0.0325595	0.0295996	0.143859	0	33.68
54.7424	3.58963	15.5261	0.0324976	0.0295433	0.143585	0	33.72
54.6383	3.5828	15.4966	0.0324358	0.0294871	0.143312	0	33.76
54.5343	3.57598	15.4671	0.0323741	0.029431	0.143039	0	33.8
54.4306	3.56918	15.4377	0.0323125	0.029375	0.142767	0	33.84
54.3271	3.56238	15.4083	0.032251	0.0293191	0.142495	0	33.88
54.2238	3.5556	15.379	0.0321897	0.0292633	0.142224	0	33.92
54.1206	3.54884	15.3497	0.0321284	0.0292077	0.141953	0	33.96
54.0177	3.54208	15.3205	0.0320673	0.0291521	0.141683	0	34
53.915	3.53534	15.2914	0.0320063	0.0290967	0.141414	0	34.04
53.8124	3.52861	15.2623	0.0319455	0.0290413	0.141145	0	34.08
53.7101	3.5219	15.2332	0.0318847	0.0289861	0.140876	0	34.12
53.6079	3.5152	15.2042	0.031824	0.0289309	0.140608	0	34.16
53.506	3.50851	15.1753	0.0317635	0.0288759	0.14034	0	34.2
53.4042	3.50183	15.1464	0.0317031	0.028821	0.140073	0	34.24
53.3026	3.49517	15.1176	0.0316428	0.0287662	0.139807	0	34.28
53.2012	3.48852	15.0889	0.0315826	0.0287114	0.139541	0	34.32
53.1001	3.48188	15.0601	0.0315225	0.0286568	0.139275	0	34.36
52.9991	3.47525	15.0315	0.0314626	0.0286023	0.13901	0	34.4
52.8983	3.46864	15.0029	0.0314027	0.0285479	0.138746	0	34.44
52.7977	3.46204	14.9743	0.031343	0.0284936	0.138482	0	34.48
52.6972	3.45545	14.9458	0.0312834	0.0284394	0.138218	0	34.52
52.597	3.44888	14.9174	0.0312238	0.0283853	0.137955	0	34.56
52.497	3.44231	14.889	0.0311645	0.0283313	0.137693	0	34.6
52.3971	3.43576	14.8607	0.0311052	0.0282774	0.137431	0	34.64
52.2975	3.42923	14.8324	0.031046	0.0282236	0.137169	0	34.68
52.198	3.4227	14.8042	0.030987	0.02817	0.136908	0	34.72
52.0987	3.41619	14.776	0.030928	0.0281164	0.136648	0	34.76
51.9996	3.40969	14.7479	0.0308692	0.0280629	0.136388	0	34.8
51.9007	3.4032	14.7198	0.0308105	0.0280095	0.136128	0	34.84
51.802	3.39673	14.6918	0.0307519	0.0279562	0.135869	0	34.88
51.7035	3.39026	14.6639	0.0306934	0.0279031	0.135611	0	34.92
51.6052	3.38381	14.636	0.030635	0.02785	0.135353	0	34.96
51.507	3.37738	14.6081	0.0305767	0.027797	0.135095	0	35
51.409	3.37095	14.5803	0.0305185	0.0277441	0.134838	0	35.04
51.3113	3.36454	14.5526	0.0304605	0.0276914	0.134582	0	35.08
51.2137	3.35814	14.5249	0.0304026	0.0276387	0.134325	0	35.12
51.1163	3.35175	14.4973	0.0303447	0.0275861	0.13407	0	35.16
51.019	3.34537	14.4697	0.030287	0.0275336	0.133815	0	35.2
50.922	3.33901	14.4421	0.0302294	0.0274813	0.13356	0	35.24
50.8252	3.33266	14.4147	0.0301719	0.027429	0.133306	0	35.28
50.7285	3.32632	14.3872	0.0301145	0.0273768	0.133053	0	35.32
50.632	3.31999	14.3599	0.0300572	0.0273247	0.1328	0	35.36
50.5357	3.31367	14.3325	0.03	0.0272728	0.132547	0	35.4
50.4396	3.30737	14.3053	0.029943	0.0272209	0.132295	0	35.44
50.3437	3.30108	14.2781	0.029886	0.0271691	0.132043	0	35.48
50.2479	3.2948	14.2509	0.0298292	0.0271174	0.131792	0	35.52
50.1523	3.28853	14.2238	0.0297724	0.0270659	0.131541	0	35.56
50.0569	3.28228	14.1967	0.0297158	0.0270144	0.131291	0	35.6
49.9617	3.27603	14.1697	0.0296593	0.026963	0.131041	0	35.64
49.8667	3.2698	14.1427	0.0296029	0.0269117	0.130792	0	35.68
49.7719	3.26358	14.1158	0.0295466	0.0268605	0.130543	0	35.72
49.6772	3.25737	14.089	0.0294904	0.0268094	0.130295	0	35.76
49.5827	3.25118	14.0622	0.0294343	0.0267584	0.130047	0	35.8
49.4884	3.24499	14.0354	0.0293783	0.0267075	0.1298	0	35.84
49.3943	3.23882	14.0087	0.0293224	0.0266567	0.129553	0	35.88
49.3003	3.23266	13.9821	0.0292666	0.026606	0.129306	0	35.92
49.2066	3.22651	13.9555	0.0292109	0.0265554	0.12906	0	35.96
49.113	3.22037	13.9289	0.0291554	0.0265049	0.128815	0	36
49.0195	3.21425	13.9024	0.0290999	0.0264545	0.12857	0	36.04
48.9263	3.20814	13.876	0.0290446	0.0264042	0.128325	0	36.08
48.8333	3.20203	13.8496	0.0289893	0.0263539	0.128081	0	36.12
48.7404	3.19594	13.8232	0.0289342	0.0263038	0.127838	0	36.16
48.6477	3.18987	13.7969	0.0288792	0.0262538	0.127595	0	36.2
48.5551	3.1838	13.7707	0.0288242	0.0262038	0.127352	0	36.24
48.4628	3.17774	13.7445	0.0287694	0.026154	0.12711	0	36.28
48.3706	3.1717	13.7183	0.0287147	0.0261042	0.126868	0	36.32
48.2786	3.16567	13.6922	0.02866	0.0260546	0.126627	0	36.36
48.1868	3.15965	13.6662	0.0286055	0.026005	0.126386	0	36.4
48.0951	3.15364	13.6402	0.0285511	0.0259556	0.126145	0	36.44
48.0036	3.14764	13.6142	0.0284968	0.0259062	0.125906	0	36.48
47.9123	3.14165	13.5883	0.0284426	0.0258569	0.125666	0	36.52
47.8212	3.13568	13.5625	0.0283885	0.0258077	0.125427	0	36.56
47.7302	3.12971	13.5367	0.0283345	0.0257586	0.125189	0	36.6
47.6394	3.12376	13.5109	0.0282806	0.0257096	0.12495	0	36.64
47.5488	3.11782	13.4852	0.0282268	0.0256607	0.124713	0	36.68
47.4584	3.11189	13.4596	0.0281731	0.0256119	0.124476	0	36.72
47.3681	3.10597	13.4339	0.0281195	0.0255632	0.124239	0	36.76
47.278	3.10006	13.4084	0.028066	0.0255146	0.124003	0	36.8
47.1881	3.09417	13.3829	0.0280127	0.0254661	0.123767	0	36.84
47.0983	3.08828	13.3574	0.0279594	0.0254176	0.123531	0	36.88
47.0087	3.08241	13.332	0.0279062	0.0253693	0.123296	0	36.92
46.9193	3.07655	13.3066	0.0278531	0.025321	0.123062	0	36.96
46.8301	3.0707	13.2813	0.0278001	0.0252728	0.122828	0	37
46.741	3.06486	13.2561	0.0277473	0.0252248	0.122594	0	37.04
46.6521	3.05903	13.2309	0.0276945	0.0251768	0.122361	0	37.08
46.5634	3.05321	13.2057	0.0276418	0.0251289	0.122128	0	37.12
46.4748	3.0474	13.1806	0.0275892	0.0250811	0.121896	0	37.16
46.3864	3.04161	13.1555	0.0275367	0.0250334	0.121664	0	37.2
46.2982	3.03582	13.1305	0.0274844	0.0249858	0.121433	0	37.24
46.2101	3.03005	13.1055	0.0274321	0.0249383	0.121202	0	37.28
46.1222	3.02429	13.0806	0.0273799	0.0248908	0.120971	0	37.32
46.0345	3.01854	13.0557	0.0273278	0.0248435	0.120741	0	37.36
45.9469	3.01279	13.0308	0.0272758	0.0247962	0.120512	0	37.4
45.8595	3.00707	13.0061	0.027224	0.024749	0.120283	0	37.44
45.7723	3.00135	12.9813	0.0271722	0.024702	0.120054	0	37.48
45.6852	2.99564	12.9566	0.0271205	0.024655	0.119826	0	37.52
45.5983	2.98994	12.932	0.0270689	0.0246081	0.119598	0	37.56
45.5116	2.98425	12.9074	0.0270174	0.0245613	0.11937	0	37.6
45.425	2.97858	12.8828	0.026966	0.0245146	0.119143	0	37.64
45.3386	2.97291	12.8583	0.0269147	0.0244679	0.118917	0	37.68
45.2523	2.96726	12.8339	0.0268635	0.0244214	0.11869	0	37.72
45.1663	2.96162	12.8094	0.0268124	0.0243749	0.118465	0	37.76
45.0803	2.95598	12.7851	0.0267614	0.0243286	0.118239	0	37.8
44.9946	2.95036	12.7608	0.0267105	0.0242823	0.118015	0	37.84
44.909	2.94475	12.7365	0.0266597	0.0242361	0.11779	0	37.88
44.8236	2.93915	12.7123	0.026609	0.02419	0.117566	0	37.92
44.7383	2.93356	12.6881	0.0265584	0.024144	0.117342	0	37.96
44.6532	2.92798	12.6639	0.0265079	0.0240981	0.117119	0	38
44.5683	2.92241	12.6399	0.0264574	0.0240522	0.116897	0	38.04
44.4835	2.91686	12.6158	0.0264071	0.0240065	0.116674	0	38.08
44.3989	2.91131	12.5918	0.0263569	0.0239608	0.116452	0	38.12
44.3144	2.90577	12.5679	0.0263067	0.0239152	0.116231	0	38.16
44.2301	2.90025	12.544	0.0262567	0.0238697	0.11601	0	38.2
44.146	2.89473	12.5201	0.0262068	0.0238243	0.115789	0	38.24
44.062	2.88922	12.4963	0.0261569	0.023779	0.115569	0	38.28
43.9782	2.88373	12.4725	0.0261072	0.0237338	0.115349	0	38.32
43.8946	2.87824	12.4488	0.0260575	0.0236886	0.11513	0	38.36
43.8111	2.87277	12.4251	0.0260079	0.0236436	0.114911	0	38.4
43.7277	2.86731	12.4015	0.0259585	0.0235986	0.114692	0	38.44
43.6445	2.86185	12.3779	0.0259091	0.0235537	0.114474	0	38.48
43.5615	2.85641	12.3543	0.0258598	0.0235089	0.114256	0	38.52
43.4787	2.85098	12.3308	0.0258106	0.0234642	0.114039	0	38.56
43.3959	2.84556	12.3074	0.0257615	0.0234196	0.113822	0	38.6
43.3134	2.84014	12.284	0.0257125	0.023375	0.113606	0	38.64
43.231	2.83474	12.2606	0.0256636	0.0233305	0.11339	0	38.68
43.1488	2.82935	12.2373	0.0256148	0.0232862	0.113174	0	38.72
43.0667	2.82397	12.214	0.0255661	0.0232419	0.112959	0	38.76
42.9848	2.8186	12.1908	0.0255174	0.0231977	0.112744	0	38.8
42.903	2.81324	12.1676	0.0254689	0.0231535	0.112529	0	38.84
42.8214	2.80789	12.1445	0.0254204	0.0231095	0.112315	0	38.88
42.7399	2.80255	12.1214	0.0253721	0.0230655	0.112102	0	38.92
42.6586	2.79722	12.0983	0.0253238	0.0230217	0.111889	0	38.96
42.5775	2.7919	12.0753	0.0252757	0.0229779	0.111676	0	39
42.4965	2.78659	12.0523	0.0252276	0.0229342	0.111463	0	39.04
42.4157	2.78129	12.0294	0.0251796	0.0228905	0.111251	0	39.08
42.335	2.776	12.0065	0.0251317	0.022847	0.11104	0	39.12
42.2544	2.77072	11.9837	0.0250839	0.0228035	0.110829	0	39.16
42.1741	2.76545	11.9609	0.0250362	0.0227602	0.110618	0	39.2
42.0938	2.76019	11.9381	0.0249886	0.0227169	0.110407	0	39.24
42.0138	2.75494	11.9154	0.024941	0.0226737	0.110197	0	39.28
41.9338	2.7497	11.8928	0.0248936	0.0226305	0.109988	0	39.32
41.8541	2.74447	11.8701	0.0248462	0.0225875	0.109779	0	39.36
41.7745	2.73925	11.8476	0.024799	0.0225445	0.10957	0	39.4
41.695	2.73404	11.825	0.0247518	0.0225016	0.109361	0	39.44
41.6157	2.72884	11.8025	0.0247047	0.0224588	0.109153	0	39.48
41.5365	2.72364	11.7801	0.0246577	0.0224161	0.108946	0	39.52
41.4575	2.71846	11.7577	0.0246108	0.0223735	0.108739	0	39.56
41.3786	2.71329	11.7353	0.024564	0.0223309	0.108532	0	39.6
41.2999	2.70813	11.713	0.0245173	0.0222884	0.108325	0	39.64
41.2214	2.70298	11.6907	0.0244706	0.022246	0.108119	0	39.68
41.143	2.69784	11.6685	0.0244241	0.0222037	0.107914	0	39.72
41.0647	2.69271	11.6463	0.0243776	0.0221615	0.107708	0	39.76
40.9866	2.68759	11.6241	0.0243313	0.0221193	0.107503	0	39.8
40.9086	2.68247	11.602	0.024285	0.0220773	0.107299	0	39.84
40.8308	2.67737	11.58	0.0242388	0.0220353	0.107095	0	39.88
40.7531	2.67228	11.5579	0.0241927	0.0219933	0.106891	0	39.92
40.6756	2.6672	11.536	0.0241467	0.0219515	0.106688	0	39.96
