S	I	R	e	d	dI	f	t
300	100	0	0.264	2.4	0.06	0	0
280.931	104.919	12.0585	0.26262	2.38745	0.0629514	0	0.06
262.487	108.991	24.2315	0.261169	2.37426	0.0653949	0	0.12
245.012	112.098	36.4061	0.259721	2.3611	0.0672588	0	0.18
228.66	114.205	48.4666	0.258279	2.34799	0.068523	0	0.24
213.538	115.321	60.2994	0.256845	2.33495	0.0691928	0	0.3
199.705	115.494	71.798	0.255418	2.32198	0.0692964	0	0.36
187.184	114.799	82.8666	0.254	2.3091	0.0688793	0	0.42
175.959	113.333	93.4228	0.252592	2.29629	0.068	0	0.48
165.99	111.207	103.399	0.251193	2.28358	0.0667242	0	0.54
157.214	108.534	112.744	0.249805	2.27095	0.0651202	0	0.6
149.557	105.426	121.42	0.248426	2.25842	0.0632557	0	0.66
142.934	101.99	129.405	0.247057	2.24598	0.0611942	0	0.72
137.258	98.3225	136.69	0.245699	2.23362	0.0589935	0	0.78
132.443	94.5081	143.276	0.24435	2.22136	0.0567048	0	0.84
128.403	90.62	149.175	0.243011	2.20919	0.054372	0	0.9
125.06	86.7194	154.404	0.241681	2.1971	0.0520317	0	0.96
122.338	82.8563	158.989	0.240361	2.1851	0.0497138	0	1.02
120.168	79.0702	162.958	0.239049	2.17318	0.0474421	0	1.08
118.486	75.3917	166.344	0.237747	2.16134	0.045235	0	1.14
117.236	71.8435	169.183	0.236453	2.14957	0.0431061	0	1.2
116.365	68.4417	171.508	0.235168	2.13789	0.041065	0	1.26
115.827	65.1968	173.356	0.233891	2.12628	0.0391181	0	1.32
115.579	62.1149	174.764	0.232622	2.11474	0.037269	0	1.38
115.583	59.1986	175.765	0.231361	2.10328	0.0355192	0	1.44
115.806	56.4474	176.395	0.230108	2.09189	0.0338684	0	1.5
116.218	53.8588	176.684	0.228863	2.08057	0.0323153	0	1.56
116.792	51.4286	176.666	0.227625	2.06932	0.0308572	0	1.62
117.502	49.1516	176.368	0.226394	2.05813	0.029491	0	1.68
118.329	47.0215	175.819	0.225171	2.04701	0.0282129	0	1.74
119.251	45.0317	175.044	0.223956	2.03596	0.027019	0	1.8
120.252	43.1752	174.068	0.222747	2.02497	0.0259051	0	1.86
121.316	41.4448	172.914	0.221545	2.01405	0.0248669	0	1.92
122.43	39.8336	171.602	0.220351	2.00319	0.0239001	0	1.98
123.58	38.3344	170.151	0.219163	1.99239	0.0230007	0	2.04
124.756	36.9407	168.58	0.217982	1.98166	0.0221644	0	2.1
125.947	35.6458	166.904	0.216808	1.97098	0.0213875	0	2.16
127.145	34.4436	165.14	0.215641	1.96037	0.0206661	0	2.22
128.341	33.3281	163.3	0.21448	1.94982	0.0199968	0	2.28
129.529	32.2938	161.398	0.213325	1.93932	0.0193763	0	2.34
130.702	31.3354	159.444	0.212177	1.92889	0.0188012	0	2.4
131.853	30.4479	157.45	0.211036	1.91851	0.0182688	0	2.46
132.98	29.6268	155.425	0.209901	1.90819	0.0177761	0	2.52
134.075	28.8678	153.378	0.208772	1.89793	0.0173207	0	2.58
135.137	28.1668	151.317	0.207649	1.88772	0.0169001	0	2.64
136.161	27.5201	149.248	0.206533	1.87757	0.0165121	0	2.7
137.144	26.9242	147.179	0.205423	1.86748	0.0161545	0	2.76
138.083	26.3758	145.115	0.204319	1.85744	0.0158255	0	2.82
138.976	25.8719	143.062	0.203221	1.84746	0.0155232	0	2.88
139.822	25.4098	141.024	0.202129	1.83753	0.0152459	0	2.94
140.618	24.9868	139.005	0.201043	1.82766	0.0149921	0	3
141.362	24.6006	137.01	0.199962	1.81784	0.0147603	0	3.06
142.055	24.2487	135.042	0.198888	1.80807	0.0145492	0	3.12
142.694	23.9293	133.104	0.19782	1.79836	0.0143576	0	3.18
143.278	23.6402	131.198	0.196757	1.7887	0.0141841	0	3.24
143.809	23.3796	129.327	0.1957	1.77909	0.0140278	0	3.3
144.284	23.1459	127.492	0.194649	1.76953	0.0138876	0	3.36
144.704	22.9375	125.697	0.193603	1.76003	0.0137625	0	3.42
145.068	22.7527	123.941	0.192563	1.75057	0.0136516	0	3.48
145.377	22.5903	122.228	0.191529	1.74117	0.0135542	0	3.54
145.631	22.4488	120.556	0.1905	1.73182	0.0134693	0	3.6
145.83	22.3271	118.929	0.189477	1.72251	0.0133962	0	3.66
145.975	22.2238	117.345	0.188459	1.71326	0.0133343	0	3.72
146.065	22.1378	115.806	0.187446	1.70406	0.0132827	0	3.78
146.103	22.0681	114.313	0.186439	1.6949	0.0132409	0	3.84
146.088	22.0136	112.865	0.185438	1.6858	0.0132081	0	3.9
146.021	21.9732	111.462	0.184441	1.67674	0.0131839	0	3.96
145.904	21.946	110.106	0.183451	1.66773	0.0131676	0	4.02
145.736	21.9312	108.794	0.182465	1.65877	0.0131587	0	4.08
145.52	21.9276	107.528	0.181484	1.64986	0.0131566	0	4.14
145.257	21.9346	106.307	0.180509	1.64099	0.0131607	0	4.2
144.947	21.9511	105.131	0.179539	1.63217	0.0131707	0	4.26
144.592	21.9764	103.999	0.178574	1.6234	0.0131858	0	4.32
144.193	22.0096	102.91	0.177614	1.61468	0.0132058	0	4.38
143.752	22.0499	101.864	0.17666	1.606	0.01323	0	4.44
143.27	22.0966	100.86	0.17571	1.59736	0.013258	0	4.5
142.749	22.1488	99.8981	0.174766	1.58878	0.0132893	0	4.56
142.19	22.2058	98.9763	0.173826	1.58024	0.0133235	0	4.62
141.595	22.2669	98.0942	0.172891	1.57174	0.0133601	0	4.68
140.966	22.3313	97.2507	0.171962	1.56329	0.0133988	0	4.74
140.304	22.3982	96.4449	0.171037	1.55488	0.0134389	0	4.8
139.61	22.4671	95.6756	0.170117	1.54652	0.0134803	0	4.86
138.887	22.5372	94.9419	0.169202	1.5382	0.0135223	0	4.92
138.137	22.6078	94.2424	0.168292	1.52992	0.0135647	0	4.98
137.361	22.6782	93.5762	0.167386	1.52169	0.0136069	0	5.04
136.561	22.748	92.9418	0.166486	1.51351	0.0136488	0	5.1
135.739	22.8164	92.3381	0.16559	1.50536	0.0136898	0	5.16
134.897	22.8829	91.7638	0.164699	1.49726	0.0137297	0	5.22
134.036	22.9468	91.2176	0.163812	1.4892	0.0137681	0	5.28
133.159	23.0078	90.6982	0.162931	1.48119	0.0138047	0	5.34
132.266	23.0653	90.2042	0.162054	1.47322	0.0138392	0	5.4
131.361	23.1187	89.7344	0.161181	1.46529	0.0138712	0	5.46
130.444	23.1677	89.2873	0.160314	1.4574	0.0139006	0	5.52
129.518	23.2119	88.8616	0.15945	1.44955	0.0139271	0	5.58
128.584	23.2509	88.456	0.158592	1.44174	0.0139505	0	5.64
127.643	23.2843	88.0691	0.157738	1.43398	0.0139706	0	5.7
126.698	23.3119	87.6996	0.156888	1.42626	0.0139871	0	5.76
125.75	23.3333	87.3462	0.156043	1.41858	0.014	0	5.82
124.8	23.3484	87.0074	0.155203	1.41094	0.014009	0	5.88
123.85	23.3569	86.6822	0.154367	1.40334	0.0140142	0	5.94
122.901	23.3588	86.3692	0.153535	1.39578	0.0140153	0	6
121.955	23.3538	86.0672	0.152708	1.38826	0.0140123	0	6.06
121.013	23.342	85.7749	0.151885	1.38078	0.0140052	0	6.12
120.075	23.3232	85.4913	0.151067	1.37334	0.0139939	0	6.18
119.144	23.2974	85.2151	0.150253	1.36594	0.0139784	0	6.24
118.219	23.2647	84.9454	0.149443	1.35858	0.0139588	0	6.3
117.303	23.2252	84.681	0.148638	1.35126	0.0139351	0	6.36
116.396	23.1788	84.421	0.147837	1.34397	0.0139073	0	6.42
115.498	23.1258	84.1644	0.14704	1.33673	0.0138755	0	6.48
114.611	23.0662	83.9104	0.146248	1.32953	0.0138397	0	6.54
113.735	23.0003	83.6579	0.14546	1.32236	0.0138002	0	6.6
112.871	22.9282	83.4064	0.144676	1.31523	0.0137569	0	6.66
112.019	22.8501	83.1549	0.143896	1.30815	0.01371	0	6.72
111.18	22.7662	82.9028	0.14312	1.3011	0.0136597	0	6.78
110.354	22.6768	82.6495	0.142349	1.29408	0.0136061	0	6.84
109.541	22.5822	82.3943	0.141582	1.28711	0.0135493	0	6.9
108.742	22.4825	82.1368	0.140819	1.28017	0.0134895	0	6.96
107.957	22.3782	81.8764	0.14006	1.27327	0.0134269	0	7.02
107.186	22.2694	81.6126	0.139305	1.26641	0.0133616	0	7.08
106.429	22.1564	81.3452	0.138554	1.25958	0.0132939	0	7.14
105.685	22.0397	81.0737	0.137807	1.25279	0.0132238	0	7.2
104.956	21.9193	80.7978	0.137064	1.24604	0.0131516	0	7.26
104.241	21.7957	80.5173	0.136326	1.23932	0.0130774	0	7.32
103.539	21.6692	80.2321	0.135591	1.23264	0.0130015	0	7.38
102.851	21.5399	79.9418	0.13486	1.226	0.0129239	0	7.44
102.177	21.4083	79.6465	0.134133	1.21939	0.012845	0	7.5
101.516	21.2745	79.3459	0.13341	1.21282	0.0127647	0	7.56
100.868	21.1389	79.0401	0.132691	1.20628	0.0126834	0	7.62
100.233	21.0018	78.7291	0.131976	1.19978	0.0126011	0	7.68
99.6097	20.8633	78.4128	0.131265	1.19332	0.012518	0	7.74
98.9989	20.7238	78.0913	0.130557	1.18688	0.0124343	0	7.8
98.3998	20.5834	77.7647	0.129854	1.18049	0.01235	0	7.86
97.8122	20.4424	77.433	0.129154	1.17413	0.0122654	0	7.92
97.2355	20.3011	77.0964	0.128458	1.1678	0.0121806	0	7.98
96.6696	20.1595	76.7551	0.127766	1.16151	0.0120957	0	8.04
96.1139	20.018	76.4091	0.127077	1.15525	0.0120108	0	8.1
95.5681	19.8767	76.0586	0.126392	1.14902	0.011926	0	8.16
95.0318	19.7358	75.704	0.125711	1.14283	0.0118415	0	8.22
94.5046	19.5954	75.3452	0.125034	1.13667	0.0117572	0	8.28
93.9861	19.4557	74.9826	0.12436	1.13055	0.0116734	0	8.34
93.4759	19.3168	74.6164	0.12369	1.12445	0.0115901	0	8.4
92.9737	19.1789	74.2468	0.123024	1.1184	0.0115073	0	8.46
92.479	19.042	73.8741	0.122361	1.11237	0.0114252	0	8.52
91.9914	18.9063	73.4985	0.121701	1.10638	0.0113438	0	8.58
91.5106	18.7719	73.1202	0.121046	1.10042	0.0112631	0	8.64
91.0363	18.6389	72.7395	0.120394	1.09449	0.0111833	0	8.7
90.568	18.5072	72.3567	0.119745	1.08859	0.0111043	0	8.76
90.1054	18.3771	71.9719	0.1191	1.08273	0.0110263	0	8.82
89.6483	18.2486	71.5855	0.118458	1.07689	0.0109491	0	8.88
89.1961	18.1216	71.1977	0.11782	1.07109	0.010873	0	8.94
88.7488	17.9963	70.8087	0.117185	1.06532	0.0107978	0	9
88.3058	17.8727	70.4187	0.116554	1.05958	0.0107236	0	9.06
87.8671	17.7508	70.0281	0.115926	1.05388	0.0106505	0	9.12
87.4321	17.6307	69.637	0.115302	1.0482	0.0105784	0	9.18
87.0008	17.5123	69.2457	0.114681	1.04255	0.0105074	0	9.24
86.5729	17.3956	68.8543	0.114063	1.03694	0.0104374	0	9.3
86.1481	17.2807	68.4631	0.113449	1.03135	0.0103684	0	9.36
85.7261	17.1676	68.0723	0.112838	1.0258	0.0103006	0	9.42
85.3068	17.0563	67.682	0.11223	1.02027	0.0102338	0	9.48
84.89	16.9466	67.2926	0.111625	1.01478	0.010168	0	9.54
84.4755	16.8387	66.904	0.111024	1.00931	0.0101032	0	9.6
84.0631	16.7325	66.5166	0.110426	1.00387	0.0100395	0	9.66
83.6526	16.628	66.1304	0.109831	0.998466	0.00997682	0	9.72
83.2439	16.5252	65.7457	0.10924	0.993088	0.00991511	0	9.78
82.8368	16.424	65.3625	0.108651	0.987739	0.00985437	0	9.84
82.4312	16.3243	64.981	0.108066	0.98242	0.0097946	0	9.9
82.027	16.2263	64.6014	0.107484	0.977128	0.00973576	0	9.96
81.6242	16.1297	64.2237	0.106905	0.971865	0.00967784	0	10.02
81.2224	16.0347	63.8481	0.106329	0.966631	0.00962081	0	10.08
80.8218	15.9411	63.4746	0.105757	0.961425	0.00956465	0	10.14
80.4222	15.8489	63.1033	0.105187	0.956247	0.00950934	0	10.2
80.0236	15.7581	62.7344	0.104621	0.951097	0.00945485	0	10.26
79.6258	15.6686	62.368	0.104057	0.945974	0.00940116	0	10.32
79.2289	15.5804	62.004	0.103497	0.940879	0.00934823	0	10.38
78.8327	15.4934	61.6425	0.102939	0.935812	0.00929606	0	10.44
78.4373	15.4077	61.2837	0.102385	0.930772	0.00924459	0	10.5
78.0427	15.323	60.9274	0.101833	0.925759	0.00919383	0	10.56
77.6487	15.2395	60.5739	0.101285	0.920773	0.00914372	0	10.62
77.2555	15.1571	60.2231	0.10074	0.915814	0.00909426	0	10.68
76.8629	15.0757	59.875	0.100197	0.910882	0.00904541	0	10.74
76.471	14.9953	59.5297	0.0996573	0.905976	0.00899715	0	10.8
76.0797	14.9158	59.1872	0.0991206	0.901096	0.00894945	0	10.86
75.6892	14.8372	58.8475	0.0985867	0.896243	0.00890229	0	10.92
75.2993	14.7594	58.5106	0.0980558	0.891416	0.00885565	0	10.98
74.9102	14.6825	58.1765	0.0975277	0.886615	0.00880949	0	11.04
74.5218	14.6063	57.8451	0.0970024	0.88184	0.0087638	0	11.1
74.1342	14.5309	57.5166	0.0964799	0.87709	0.00871856	0	11.16
73.7474	14.4562	57.1908	0.0959603	0.872366	0.00867373	0	11.22
73.3613	14.3822	56.8678	0.0954435	0.867668	0.00862931	0	11.28
72.9761	14.3088	56.5475	0.0949294	0.862995	0.00858526	0	11.34
72.5918	14.236	56.23	0.0944181	0.858347	0.00854158	0	11.4
72.2085	14.1637	55.9151	0.0939096	0.853724	0.00849823	0	11.46
71.826	14.092	55.6029	0.0934038	0.849125	0.00845521	0	11.52
71.4446	14.0208	55.2932	0.0929007	0.844552	0.00841249	0	11.58
71.0642	13.9501	54.9862	0.0924004	0.840003	0.00837006	0	11.64
70.6849	13.8798	54.6817	0.0919027	0.835479	0.0083279	0	11.7
70.3067	13.81	54.3798	0.0914077	0.830979	0.00828599	0	11.76
69.9297	13.7405	54.0803	0.0909153	0.826503	0.00824433	0	11.82
69.5538	13.6715	53.7832	0.0904257	0.822051	0.00820289	0	11.88
69.1793	13.6028	53.4886	0.0899386	0.817624	0.00816168	0	11.94
68.806	13.5344	53.1963	0.0894542	0.81322	0.00812066	0	12
68.434	13.4664	52.9062	0.0889724	0.80884	0.00807983	0	12.06
68.0634	13.3987	52.6185	0.0884931	0.804483	0.00803919	0	12.12
67.6942	13.3312	52.3329	0.0880165	0.80015	0.00799872	0	12.18
67.3264	13.264	52.0495	0.0875424	0.79584	0.00795842	0	12.24
66.9602	13.1971	51.7683	0.0870709	0.791553	0.00791826	0	12.3
66.5954	13.1304	51.4891	0.0866019	0.78729	0.00787826	0	12.36
66.2322	13.064	51.212	0.0861354	0.783049	0.0078384	0	12.42
65.8707	12.9978	50.9368	0.0856714	0.778831	0.00779867	0	12.48
65.5107	12.9318	50.6636	0.08521	0.774636	0.00775907	0	12.54
65.1524	12.866	50.3922	0.084751	0.770464	0.0077196	0	12.6
64.7958	12.8004	50.1228	0.0842945	0.766314	0.00768025	0	12.66
64.4409	12.735	49.8551	0.0838405	0.762186	0.00764102	0	12.72
64.0877	12.6698	49.5892	0.0833889	0.75808	0.0076019	0	12.78
63.7363	12.6048	49.3251	0.0829397	0.753997	0.00756289	0	12.84
63.3867	12.54	49.0626	0.0824929	0.749936	0.007524	0	12.9
63.0389	12.4754	48.8018	0.0820486	0.745896	0.00748521	0	12.96
62.6929	12.4109	48.5426	0.0816066	0.741878	0.00744653	0	13.02
62.3487	12.3466	48.285	0.081167	0.737882	0.00740796	0	13.08
62.0065	12.2825	48.0289	0.0807298	0.733907	0.0073695	0	13.14
61.6661	12.2186	47.7744	0.080295	0.729954	0.00733114	0	13.2
61.3276	12.1548	47.5213	0.0798624	0.726022	0.00729289	0	13.26
60.991	12.0913	47.2697	0.0794323	0.722111	0.00725475	0	13.32
60.6563	12.0279	47.0195	0.0790044	0.718222	0.00721672	0	13.38
60.3235	11.9647	46.7707	0.0785788	0.714353	0.0071788	0	13.44
59.9926	11.9017	46.5232	0.0781556	0.710505	0.007141	0	13.5
59.6637	11.8388	46.2771	0.0777346	0.706678	0.00710331	0	13.56
59.3367	11.7762	46.0323	0.0773158	0.702871	0.00706573	0	13.62
59.0116	11.7138	45.7888	0.0768994	0.699085	0.00702827	0	13.68
58.6885	11.6516	45.5465	0.0764851	0.695319	0.00699094	0	13.74
58.3672	11.5895	45.3055	0.0760731	0.691574	0.00695373	0	13.8
58.048	11.5277	45.0658	0.0756634	0.687849	0.00691664	0	13.86
57.7306	11.4661	44.8272	0.0752558	0.684143	0.00687969	0	13.92
57.4151	11.4048	44.5898	0.0748504	0.680458	0.00684286	0	13.98
57.1016	11.3436	44.3536	0.0744472	0.676793	0.00680617	0	14.04
56.79	11.2827	44.1186	0.0740462	0.673147	0.00676961	0	14.1
56.4802	11.222	43.8847	0.0736473	0.669521	0.0067332	0	14.16
56.1724	11.1615	43.6519	0.0732506	0.665915	0.00669692	0	14.22
55.8664	11.1013	43.4202	0.072856	0.662328	0.00666079	0	14.28
55.5623	11.0413	43.1897	0.0724636	0.65876	0.00662481	0	14.34
55.26	10.9816	42.9603	0.0720733	0.655211	0.00658898	0	14.4
54.9596	10.9222	42.7319	0.071685	0.651682	0.0065533	0	14.46
54.661	10.863	42.5046	0.0712989	0.648172	0.00651777	0	14.52
54.3642	10.804	42.2784	0.0709148	0.64468	0.0064824	0	14.58
54.0693	10.7453	42.0533	0.0705328	0.641208	0.0064472	0	14.64
53.7761	10.6869	41.8292	0.0701529	0.637754	0.00641215	0	14.7
53.4847	10.6288	41.6062	0.069775	0.634318	0.00637727	0	14.76
53.195	10.5709	41.3843	0.0693992	0.630901	0.00634255	0	14.82
52.9071	10.5133	41.1634	0.0690253	0.627503	0.006308	0	14.88
52.621	10.456	40.9435	0.0686535	0.624123	0.00627362	0	14.94
52.3365	10.399	40.7246	0.0682837	0.620761	0.00623941	0	15
52.0537	10.3423	40.5068	0.0679159	0.617417	0.00620538	0	15.06
51.7726	10.2859	40.2901	0.0675501	0.614091	0.00617152	0	15.12
51.4932	10.2297	40.0743	0.0671862	0.610784	0.00613783	0	15.18
51.2154	10.1739	39.8596	0.0668243	0.607493	0.00610432	0	15.24
50.9393	10.1183	39.646	0.0664643	0.604221	0.00607099	0	15.3
50.6647	10.0631	39.4333	0.0661063	0.600966	0.00603784	0	15.36
50.3918	10.0081	39.2217	0.0657502	0.597729	0.00600487	0	15.42
50.1204	9.95346	39.0111	0.0653961	0.59451	0.00597207	0	15.48
49.8506	9.8991	38.8015	0.0650438	0.591307	0.00593946	0	15.54
49.5824	9.84505	38.5929	0.0646934	0.588122	0.00590703	0	15.6
49.3157	9.79131	38.3854	0.064345	0.584954	0.00587478	0	15.66
49.0505	9.73786	38.1789	0.0639984	0.581803	0.00584272	0	15.72
48.7868	9.68472	37.9734	0.0636536	0.578669	0.00581083	0	15.78
48.5246	9.63189	37.7689	0.0633108	0.575552	0.00577913	0	15.84
48.2639	9.57935	37.5654	0.0629697	0.572452	0.00574761	0	15.9
48.0046	9.52712	37.363	0.0626306	0.569369	0.00571627	0	15.96
47.7468	9.47519	37.1616	0.0622932	0.566302	0.00568511	0	16.02
47.4905	9.42356	36.9612	0.0619576	0.563251	0.00565414	0	16.08
47.2355	9.37224	36.7618	0.0616239	0.560217	0.00562334	0	16.14
46.9819	9.32121	36.5635	0.061292	0.5572	0.00559273	0	16.2
46.7298	9.27049	36.3661	0.0609618	0.554198	0.00556229	0	16.26
46.479	9.22006	36.1698	0.0606335	0.551213	0.00553204	0	16.32
46.2296	9.16993	35.9745	0.0603068	0.548244	0.00550196	0	16.38
45.9815	9.12009	35.7802	0.059982	0.545291	0.00547205	0	16.44
45.7348	9.07055	35.5869	0.0596589	0.542354	0.00544233	0	16.5
45.4894	9.0213	35.3947	0.0593376	0.539432	0.00541278	0	16.56
45.2454	8.97234	35.2034	0.0590179	0.536527	0.0053834	0	16.62
45.0026	8.92367	35.0132	0.0587	0.533637	0.0053542	0	16.68
44.7612	8.87529	34.8239	0.0583839	0.530762	0.00532517	0	16.74
44.521	8.82719	34.6357	0.0580694	0.527903	0.00529631	0	16.8
44.2821	8.77937	34.4485	0.0577566	0.52506	0.00526762	0	16.86
44.0445	8.73184	34.2622	0.0574455	0.522232	0.0052391	0	16.92
43.8082	8.68458	34.077	0.057136	0.519419	0.00521075	0	16.98
43.5731	8.63761	33.8928	0.0568283	0.516621	0.00518256	0	17.04
43.3392	8.5909	33.7096	0.0565222	0.513838	0.00515454	0	17.1
43.1066	8.54447	33.5273	0.0562177	0.51107	0.00512668	0	17.16
42.8752	8.49831	33.3461	0.0559149	0.508317	0.00509899	0	17.22
42.645	8.45242	33.1658	0.0556137	0.505579	0.00507145	0	17.28
42.4161	8.40679	32.9865	0.0553142	0.502856	0.00504408	0	17.34
42.1883	8.36143	32.8082	0.0550162	0.500147	0.00501686	0	17.4
41.9617	8.31633	32.6308	0.0547199	0.497453	0.0049898	0	17.46
41.7363	8.27149	32.4545	0.0544251	0.494774	0.00496289	0	17.52
41.5122	8.22691	32.2791	0.054132	0.492109	0.00493614	0	17.58
41.2891	8.18258	32.1046	0.0538404	0.489458	0.00490955	0	17.64
41.0673	8.1385	31.9312	0.0535504	0.486822	0.0048831	0	17.7
40.8466	8.09467	31.7586	0.0532619	0.484199	0.0048568	0	17.76
40.6271	8.05109	31.5871	0.052975	0.481591	0.00483066	0	17.82
40.4087	8.00776	31.4164	0.0526897	0.478997	0.00480466	0	17.88
40.1914	7.96467	31.2467	0.0524059	0.476417	0.0047788	0	17.94
39.9753	7.92182	31.078	0.0521236	0.473851	0.00475309	0	18
39.7604	7.87922	30.9102	0.0518428	0.471298	0.00472753	0	18.06
39.5465	7.83685	30.7433	0.0515636	0.46876	0.00470211	0	18.12
39.3338	7.79471	30.5773	0.0512858	0.466235	0.00467683	0	18.18
39.1222	7.75281	30.4122	0.0510096	0.463723	0.00465169	0	18.24
38.9117	7.71114	30.2481	0.0507348	0.461226	0.00462668	0	18.3
38.7023	7.6697	30.0849	0.0504615	0.458741	0.00460182	0	18.36
38.494	7.62849	29.9225	0.0501897	0.45627	0.00457709	0	18.42
38.2868	7.5875	29.7611	0.0499194	0.453813	0.0045525	0	18.48
38.0808	7.54673	29.6005	0.0496505	0.451368	0.00452804	0	18.54
37.8757	7.50619	29.4409	0.049383	0.448937	0.00450371	0	18.6
37.6718	7.46587	29.2821	0.049117	0.446519	0.00447952	0	18.66
37.469	7.42577	29.1242	0.0488525	0.444113	0.00445546	0	18.72
37.2672	7.38588	28.9671	0.0485893	0.441721	0.00443153	0	18.78
37.0665	7.34621	28.811	0.0483276	0.439342	0.00440773	0	18.84
36.8668	7.30675	28.6557	0.0480673	0.436975	0.00438405	0	18.9
36.6682	7.26751	28.5012	0.0478084	0.434622	0.0043605	0	18.96
36.4707	7.22847	28.3476	0.0475509	0.432281	0.00433708	0	19.02
36.2742	7.18964	28.1948	0.0472947	0.429952	0.00431379	0	19.08
36.0788	7.15103	28.0429	0.04704	0.427636	0.00429062	0	19.14
35.8844	7.11261	27.8918	0.0467866	0.425333	0.00426757	0	19.2
35.691	7.0744	27.7415	0.0465346	0.423042	0.00424464	0	19.26
35.4987	7.0364	27.5921	0.0462839	0.420763	0.00422184	0	19.32
35.3073	6.9986	27.4435	0.0460346	0.418496	0.00419916	0	19.38
35.1171	6.96099	27.2957	0.0457866	0.416242	0.0041766	0	19.44
34.9278	6.92359	27.1487	0.04554	0.414	0.00415416	0	19.5
34.7395	6.88639	27.0024	0.0452947	0.41177	0.00413183	0	19.56
34.5523	6.84938	26.857	0.0450507	0.409552	0.00410963	0	19.62
34.366	6.81257	26.7124	0.0448081	0.407346	0.00408754	0	19.68
34.1808	6.77595	26.5686	0.0445667	0.405152	0.00406557	0	19.74
33.9965	6.73953	26.4255	0.0443267	0.40297	0.00404372	0	19.8
33.8133	6.7033	26.2833	0.0440879	0.400799	0.00402198	0	19.86
33.631	6.66726	26.1418	0.0438504	0.39864	0.00400035	0	19.92
33.4497	6.63141	26.001	0.0436142	0.396493	0.00397884	0	19.98
33.2694	6.59575	25.8611	0.0433793	0.394357	0.00395745	0	20.04
33.09	6.56027	25.7219	0.0431456	0.392233	0.00393616	0	20.1
32.9116	6.52499	25.5834	0.0429132	0.39012	0.00391499	0	20.16
32.7342	6.48989	25.4457	0.0426821	0.388019	0.00389393	0	20.22
32.5577	6.45498	25.3087	0.0424522	0.385929	0.00387299	0	20.28
32.3822	6.42025	25.1725	0.0422235	0.38385	0.00385215	0	20.34
32.2077	6.3857	25.037	0.041996	0.381782	0.00383142	0	20.4
32.034	6.35134	24.9023	0.0417698	0.379726	0.0038108	0	20.46
31.8613	6.31716	24.7682	0.0415448	0.37768	0.0037903	0	20.52
31.6896	6.28316	24.6349	0.0413211	0.375646	0.0037699	0	20.58
31.5188	6.24934	24.5023	0.0410985	0.373623	0.0037496	0	20.64
31.3489	6.2157	24.3704	0.0408771	0.37161	0.00372942	0	20.7
31.1799	6.18224	24.2393	0.0406569	0.369608	0.00370934	0	20.76
31.0118	6.14895	24.1088	0.0404379	0.367617	0.00368937	0	20.82
30.8447	6.11584	23.979	0.0402201	0.365637	0.00366951	0	20.88
30.6784	6.08291	23.85	0.0400035	0.363668	0.00364975	0	20.94
30.5131	6.05015	23.7216	0.039788	0.361709	0.00363009	0	21
30.3486	6.01757	23.5939	0.0395737	0.359761	0.00361054	0	21.06
30.1851	5.98516	23.4669	0.0393605	0.357823	0.00359109	0	21.12
30.0224	5.95292	23.3406	0.0391485	0.355895	0.00357175	0	21.18
29.8606	5.92085	23.2149	0.0389376	0.353978	0.00355251	0	21.24
29.6997	5.88896	23.0899	0.0387279	0.352072	0.00353337	0	21.3
29.5396	5.85723	22.9656	0.0385193	0.350175	0.00351434	0	21.36
29.3805	5.82567	22.842	0.0383118	0.348289	0.0034954	0	21.42
29.2221	5.79429	22.719	0.0381054	0.346413	0.00347657	0	21.48
29.0647	5.76307	22.5967	0.0379002	0.344547	0.00345784	0	21.54
28.9081	5.73201	22.4751	0.037696	0.342691	0.00343921	0	21.6
28.7523	5.70113	22.3541	0.037493	0.340845	0.00342068	0	21.66
28.5974	5.6704	22.2337	0.037291	0.339009	0.00340224	0	21.72
28.4433	5.63985	22.114	0.0370901	0.337183	0.00338391	0	21.78
28.2901	5.60945	21.9949	0.0368903	0.335367	0.00336567	0	21.84
28.1377	5.57922	21.8765	0.0366916	0.33356	0.00334753	0	21.9
27.9861	5.54916	21.7587	0.036494	0.331764	0.00332949	0	21.96
27.8353	5.51925	21.6415	0.0362974	0.329977	0.00331155	0	22.02
27.6854	5.4895	21.525	0.0361019	0.328199	0.0032937	0	22.08
27.5362	5.45992	21.4091	0.0359074	0.326431	0.00327595	0	22.14
27.3879	5.43049	21.2938	0.035714	0.324673	0.00325829	0	22.2
27.2403	5.40122	21.1791	0.0355216	0.322924	0.00324073	0	22.26
27.0936	5.37211	21.0651	0.0353303	0.321185	0.00322327	0	22.32
26.9477	5.34316	20.9516	0.03514	0.319455	0.00320589	0	22.38
26.8025	5.31436	20.8388	0.0349507	0.317734	0.00318862	0	22.44
26.6581	5.28572	20.7265	0.0347625	0.316022	0.00317143	0	22.5
26.5146	5.25723	20.6149	0.0345752	0.31432	0.00315434	0	22.56
26.3717	5.22889	20.5039	0.034389	0.312627	0.00313734	0	22.62
26.2297	5.20071	20.3934	0.0342037	0.310943	0.00312043	0	22.68
26.0884	5.17268	20.2836	0.0340195	0.309268	0.00310361	0	22.74
25.9479	5.14481	20.1743	0.0338363	0.307602	0.00308688	0	22.8
25.8082	5.11708	20.0657	0.033654	0.305945	0.00307025	0	22.86
25.6692	5.0895	19.9576	0.0334727	0.304297	0.0030537	0	22.92
25.5309	5.06207	19.8501	0.0332924	0.302658	0.00303724	0	22.98
25.3934	5.03479	19.7431	0.0331131	0.301028	0.00302088	0	23.04
25.2566	5.00766	19.6368	0.0329347	0.299407	0.0030046	0	23.1
25.1206	4.98067	19.531	0.0327573	0.297794	0.0029884	0	23.16
24.9853	4.95383	19.4258	0.0325809	0.29619	0.0029723	0	23.22
24.8508	4.92714	19.3212	0.0324054	0.294594	0.00295628	0	23.28
24.7169	4.90059	19.2171	0.0322308	0.293007	0.00294035	0	23.34
24.5838	4.87418	19.1135	0.0320572	0.291429	0.00292451	0	23.4
24.4514	4.84791	19.0106	0.0318845	0.289859	0.00290875	0	23.46
24.3197	4.82179	18.9082	0.0317128	0.288298	0.00289307	0	23.52
24.1887	4.79581	18.8063	0.031542	0.286745	0.00287749	0	23.58
24.0585	4.76997	18.705	0.0313721	0.285201	0.00286198	0	23.64
23.9289	4.74427	18.6042	0.0312031	0.283664	0.00284656	0	23.7
23.8	4.71871	18.504	0.031035	0.282136	0.00283122	0	23.76
23.6719	4.69328	18.4043	0.0308678	0.280617	0.00281597	0	23.82
23.5444	4.668	18.3052	0.0307016	0.279105	0.0028008	0	23.88
23.4176	4.64285	18.2065	0.0305362	0.277602	0.00278571	0	23.94
23.2914	4.61783	18.1085	0.0303717	0.276106	0.0027707	0	24
23.166	4.59296	18.0109	0.0302081	0.274619	0.00275577	0	24.06
23.0412	4.56821	17.9139	0.0300454	0.27314	0.00274093	0	24.12
22.9171	4.5436	17.8174	0.0298836	0.271669	0.00272616	0	24.18
22.7937	4.51913	17.7214	0.0297226	0.270205	0.00271148	0	24.24
22.671	4.49478	17.6259	0.0295625	0.26875	0.00269687	0	24.3
22.5489	4.47057	17.5309	0.0294032	0.267302	0.00268234	0	24.36
22.4274	4.44649	17.4365	0.0292449	0.265862	0.00266789	0	24.42
22.3066	4.42253	17.3426	0.0290873	0.26443	0.00265352	0	24.48
22.1865	4.39871	17.2491	0.0289307	0.263006	0.00263923	0	24.54
22.067	4.37502	17.1562	0.0287748	0.261589	0.00262501	0	24.6
21.9481	4.35145	17.0638	0.0286198	0.26018	0.00261087	0	24.66
21.8299	4.32801	16.9719	0.0284657	0.258779	0.00259681	0	24.72
21.7124	4.3047	16.8804	0.0283123	0.257385	0.00258282	0	24.78
21.5954	4.28151	16.7895	0.0281598	0.255998	0.00256891	0	24.84
21.4791	4.25845	16.699	0.0280081	0.25462	0.00255507	0	24.9
21.3634	4.23551	16.6091	0.0278573	0.253248	0.00254131	0	24.96
21.2483	4.2127	16.5196	0.0277072	0.251884	0.00252762	0	25.02
21.1339	4.19001	16.4306	0.027558	0.250527	0.00251401	0	25.08
21.0201	4.16744	16.3421	0.0274095	0.249178	0.00250047	0	25.14
20.9068	4.145	16.2541	0.0272619	0.247835	0.002487	0	25.2
20.7942	4.12267	16.1665	0.0271151	0.246501	0.0024736	0	25.26
20.6822	4.10047	16.0794	0.026969	0.245173	0.00246028	0	25.32
20.5708	4.07838	15.9928	0.0268237	0.243852	0.00244703	0	25.38
20.46	4.05642	15.9067	0.0266792	0.242539	0.00243385	0	25.44
20.3498	4.03457	15.821	0.0265355	0.241232	0.00242074	0	25.5
20.2402	4.01284	15.7357	0.0263926	0.239933	0.0024077	0	25.56
20.1312	3.99123	15.651	0.0262504	0.23864	0.00239474	0	25.62
20.0228	3.96973	15.5667	0.026109	0.237355	0.00238184	0	25.68
19.9149	3.94835	15.4828	0.0259684	0.236076	0.00236901	0	25.74
19.8076	3.92708	15.3994	0.0258285	0.234805	0.00235625	0	25.8
19.7009	3.90593	15.3165	0.0256894	0.23354	0.00234356	0	25.86
19.5948	3.8849	15.234	0.025551	0.232282	0.00233094	0	25.92
19.4893	3.86397	15.1519	0.0254134	0.231031	0.00231838	0	25.98
19.3843	3.84316	15.0703	0.0252765	0.229786	0.0023059	0	26.04
19.2799	3.82246	14.9891	0.0251404	0.228549	0.00229348	0	26.1
19.176	3.80188	14.9084	0.0250049	0.227318	0.00228113	0	26.16
19.0727	3.7814	14.8281	0.0248702	0.226093	0.00226884	0	26.22
18.97	3.76103	14.7482	0.0247363	0.224875	0.00225662	0	26.28
18.8678	3.74078	14.6687	0.024603	0.223664	0.00224447	0	26.34
18.7662	3.72063	14.5897	0.0244705	0.222459	0.00223238	0	26.4
18.6651	3.70059	14.5111	0.0243387	0.221261	0.00222035	0	26.46
18.5646	3.68066	14.433	0.0242076	0.220069	0.0022084	0	26.52
18.4646	3.66083	14.3552	0.0240772	0.218884	0.0021965	0	26.58
18.3651	3.64112	14.2779	0.0239475	0.217705	0.00218467	0	26.64
18.2662	3.62151	14.201	0.0238185	0.216532	0.0021729	0	26.7
18.1678	3.602	14.1245	0.0236902	0.215366	0.0021612	0	26.76
18.0699	3.5826	14.0484	0.0235626	0.214206	0.00214956	0	26.82
17.9726	3.5633	13.9728	0.0234357	0.213052	0.00213798	0	26.88
17.8758	3.54411	13.8975	0.0233095	0.211904	0.00212647	0	26.94
17.7795	3.52502	13.8226	0.0231839	0.210763	0.00211501	0	27
17.6837	3.50604	13.7482	0.023059	0.209628	0.00210362	0	27.06
17.5884	3.48715	13.6741	0.0229348	0.208498	0.00209229	0	27.12
17.4937	3.46837	13.6005	0.0228113	0.207375	0.00208102	0	27.18
17.3995	3.44969	13.5272	0.0226884	0.206258	0.00206981	0	27.24
17.3057	3.43111	13.4544	0.0225662	0.205147	0.00205866	0	27.3
17.2125	3.41263	13.3819	0.0224446	0.204042	0.00204758	0	27.36
17.1198	3.39425	13.3098	0.0223237	0.202943	0.00203655	0	27.42
17.0276	3.37596	13.2381	0.0222035	0.20185	0.00202558	0	27.48
16.9359	3.35778	13.1668	0.0220839	0.200763	0.00201467	0	27.54
16.8446	3.33969	13.0959	0.0219649	0.199681	0.00200382	0	27.6
16.7539	3.3217	13.0254	0.0218466	0.198606	0.00199302	0	27.66
16.6636	3.30381	12.9552	0.021729	0.197536	0.00198229	0	27.72
16.5739	3.28602	12.8854	0.0216119	0.196472	0.00197161	0	27.78
16.4846	3.26832	12.816	0.0214955	0.195414	0.00196099	0	27.84
16.3958	3.25071	12.747	0.0213797	0.194361	0.00195043	0	27.9
16.3075	3.2332	12.6783	0.0212645	0.193314	0.00193992	0	27.96
16.2196	3.21579	12.61	0.02115	0.192273	0.00192947	0	28.02
16.1323	3.19847	12.5421	0.0210361	0.191237	0.00191908	0	28.08
16.0454	3.18124	12.4746	0.0209228	0.190207	0.00190874	0	28.14
15.9589	3.1641	12.4074	0.0208101	0.189182	0.00189846	0	28.2
15.873	3.14706	12.3405	0.020698	0.188163	0.00188823	0	28.26
15.7875	3.13011	12.2741	0.0205865	0.18715	0.00187806	0	28.32
15.7024	3.11325	12.2079	0.0204756	0.186142	0.00186795	0	28.38
15.6179	3.09648	12.1422	0.0203653	0.185139	0.00185789	0	28.44
15.5337	3.0798	12.0768	0.0202556	0.184142	0.00184788	0	28.5
15.4501	3.06321	12.0117	0.0201465	0.18315	0.00183792	0	28.56
15.3668	3.04671	11.947	0.020038	0.182163	0.00182802	0	28.62
15.2841	3.0303	11.8827	0.01993	0.181182	0.00181818	0	28.68
15.2017	3.01397	11.8187	0.0198227	0.180206	0.00180838	0	28.74
15.1198	2.99774	11.755	0.0197159	0.179236	0.00179864	0	28.8
15.0384	2.98159	11.6917	0.0196097	0.17827	0.00178895	0	28.86
14.9574	2.96553	11.6287	0.0195041	0.17731	0.00177932	0	28.92
14.8768	2.94956	11.5661	0.019399	0.176355	0.00176973	0	28.98
14.7967	2.93367	11.5038	0.0192945	0.175405	0.0017602	0	29.04
14.717	2.91786	11.4418	0.0191906	0.17446	0.00175072	0	29.1
14.6377	2.90215	11.3802	0.0190872	0.17352	0.00174129	0	29.16
14.5589	2.88651	11.3189	0.0189844	0.172586	0.00173191	0	29.22
14.4805	2.87097	11.2579	0.0188822	0.171656	0.00172258	0	29.28
14.4025	2.8555	11.1973	0.0187805	0.170731	0.0017133	0	29.34
14.3249	2.84012	11.137	0.0186793	0.169812	0.00170407	0	29.4
14.2477	2.82482	11.077	0.0185787	0.168897	0.00169489	0	29.46
14.171	2.8096	11.0173	0.0184786	0.167987	0.00168576	0	29.52
14.0946	2.79447	10.958	0.0183791	0.167082	0.00167668	0	29.58
14.0187	2.77942	10.8989	0.0182801	0.166182	0.00166765	0	29.64
13.9432	2.76445	10.8402	0.0181816	0.165287	0.00165867	0	29.7
13.8681	2.74955	10.7819	0.0180837	0.164397	0.00164973	0	29.76
13.7934	2.73474	10.7238	0.0179863	0.163511	0.00164085	0	29.82
13.7191	2.72001	10.666	0.0178894	0.162631	0.00163201	0	29.88
13.6452	2.70536	10.6086	0.017793	0.161755	0.00162322	0	29.94
13.5717	2.69079	10.5514	0.0176972	0.160883	0.00161447	0	30
13.4986	2.67629	10.4946	0.0176019	0.160017	0.00160578	0	30.06
13.4259	2.66188	10.4381	0.017507	0.159155	0.00159713	0	30.12
13.3536	2.64754	10.3818	0.0174127	0.158298	0.00158852	0	30.18
13.2816	2.63328	10.3259	0.0173189	0.157445	0.00157997	0	30.24
13.2101	2.61909	10.2703	0.0172257	0.156597	0.00157146	0	30.3
13.1389	2.60499	10.215	0.0171329	0.155753	0.00156299	0	30.36
13.0682	2.59095	10.1599	0.0170406	0.154914	0.00155457	0	30.42
12.9978	2.577	10.1052	0.0169488	0.15408	0.0015462	0	30.48
12.9278	2.56312	10.0508	0.0168575	0.15325	0.00153787	0	30.54
12.8581	2.54931	9.99664	0.0167667	0.152425	0.00152959	0	30.6
12.7889	2.53558	9.94279	0.0166764	0.151603	0.00152135	0	30.66
12.72	2.52192	9.88924	0.0165866	0.150787	0.00151315	0	30.72
12.6515	2.50833	9.83597	0.0164972	0.149975	0.001505	0	30.78
12.5833	2.49482	9.78299	0.0164083	0.149167	0.00149689	0	30.84
12.5155	2.48139	9.73029	0.01632	0.148363	0.00148883	0	30.9
12.4481	2.46802	9.67788	0.0162321	0.147564	0.00148081	0	30.96
12.3811	2.45472	9.62575	0.0161446	0.146769	0.00147283	0	31.02
12.3144	2.4415	9.5739	0.0160577	0.145979	0.0014649	0	31.08
12.2481	2.42835	9.52233	0.0159712	0.145192	0.00145701	0	31.14
12.1821	2.41527	9.47103	0.0158851	0.14441	0.00144916	0	31.2
12.1165	2.40226	9.42002	0.0157996	0.143632	0.00144136	0	31.26
12.0512	2.38932	9.36928	0.0157145	0.142859	0.00143359	0	31.32
11.9863	2.37645	9.31881	0.0156298	0.142089	0.00142587	0	31.38
11.9217	2.36365	9.26861	0.0155456	0.141324	0.00141819	0	31.44
11.8575	2.35092	9.21869	0.0154619	0.140563	0.00141055	0	31.5
11.7936	2.33826	9.16903	0.0153786	0.139806	0.00140295	0	31.56
11.7301	2.32566	9.11964	0.0152958	0.139052	0.0013954	0	31.62
11.6669	2.31313	9.07052	0.0152134	0.138303	0.00138788	0	31.68
11.6041	2.30067	9.02166	0.0151314	0.137558	0.0013804	0	31.74
11.5416	2.28828	8.97306	0.0150499	0.136818	0.00137297	0	31.8
11.4794	2.27595	8.92473	0.0149689	0.136081	0.00136557	0	31.86
11.4176	2.2637	8.87666	0.0148882	0.135348	0.00135822	0	31.92
11.3561	2.2515	8.82884	0.014808	0.134619	0.0013509	0	31.98
11.2949	2.23937	8.78129	0.0147283	0.133893	0.00134362	0	32.04
11.2341	2.22731	8.73398	0.0146489	0.133172	0.00133639	0	32.1
11.1736	2.21531	8.68694	0.01457	0.132455	0.00132919	0	32.16
11.1134	2.20338	8.64015	0.0144916	0.131741	0.00132203	0	32.22
11.0535	2.19151	8.59361	0.0144135	0.131032	0.00131491	0	32.28
10.994	2.17971	8.54732	0.0143359	0.130326	0.00130783	0	32.34
10.9347	2.16797	8.50128	0.0142586	0.129624	0.00130078	0	32.4
10.8758	2.15629	8.45548	0.0141818	0.128926	0.00129377	0	32.46
10.8173	2.14468	8.40994	0.0141054	0.128231	0.00128681	0	32.52
10.759	2.13312	8.36464	0.0140295	0.127541	0.00127987	0	32.58
10.701	2.12163	8.31958	0.0139539	0.126854	0.00127298	0	32.64
10.6434	2.1102	8.27477	0.0138787	0.12617	0.00126612	0	32.7
10.5861	2.09884	8.2302	0.013804	0.125491	0.0012593	0	32.76
10.5291	2.08753	8.18586	0.0137296	0.124815	0.00125252	0	32.82
10.4723	2.07629	8.14177	0.0136557	0.124142	0.00124577	0	32.88
10.4159	2.0651	8.09792	0.0135821	0.123474	0.00123906	0	32.94
10.3598	2.05398	8.0543	0.0135089	0.122809	0.00123239	0	33
10.304	2.04292	8.01091	0.0134362	0.122147	0.00122575	0	33.06
10.2485	2.03191	7.96776	0.0133638	0.121489	0.00121915	0	33.12
10.1933	2.02097	7.92484	0.0132918	0.120835	0.00121258	0	33.18
10.1384	2.01008	7.88215	0.0132202	0.120184	0.00120605	0	33.24
10.0838	1.99926	7.8397	0.013149	0.119536	0.00119955	0	33.3
10.0295	1.98849	7.79747	0.0130782	0.118893	0.00119309	0	33.36
9.97545	1.97778	7.75547	0.0130077	0.118252	0.00118667	0	33.42
9.92172	1.96712	7.71369	0.0129377	0.117615	0.00118027	0	33.48
9.86828	1.95653	7.67214	0.012868	0.116982	0.00117392	0	33.54
9.81512	1.94599	7.63082	0.0127987	0.116352	0.00116759	0	33.6
9.76225	1.93551	7.58971	0.0127297	0.115725	0.0011613	0	33.66
9.70967	1.92508	7.54883	0.0126612	0.115101	0.00115505	0	33.72
9.65737	1.91471	7.50817	0.012593	0.114481	0.00114883	0	33.78
9.60535	1.9044	7.46773	0.0125251	0.113865	0.00114264	0	33.84
9.55361	1.89414	7.4275	0.0124577	0.113251	0.00113648	0	33.9
9.50215	1.88394	7.38749	0.0123906	0.112641	0.00113036	0	33.96
9.45096	1.87379	7.3477	0.0123238	0.112035	0.00112427	0	34.02
9.40006	1.8637	7.30812	0.0122574	0.111431	0.00111822	0	34.08
9.34942	1.85366	7.26876	0.0121914	0.110831	0.00111219	0	34.14
9.29906	1.84367	7.2296	0.0121257	0.110234	0.0011062	0	34.2
9.24897	1.83374	7.19066	0.0120604	0.10964	0.00110024	0	34.26
9.19915	1.82386	7.15193	0.0119955	0.10905	0.00109432	0	34.32
9.1496	1.81404	7.11341	0.0119309	0.108462	0.00108842	0	34.38
9.10032	1.80427	7.07509	0.0118666	0.107878	0.00108256	0	34.44
9.0513	1.79455	7.03698	0.0118027	0.107297	0.00107673	0	34.5
9.00254	1.78488	6.99908	0.0117391	0.106719	0.00107093	0	34.56
8.95405	1.77527	6.96137	0.0116759	0.106144	0.00106516	0	34.62
8.90582	1.76571	6.92388	0.011613	0.105572	0.00105942	0	34.68
8.85785	1.75619	6.88658	0.0115504	0.105004	0.00105372	0	34.74
8.81014	1.74674	6.84949	0.0114882	0.104438	0.00104804	0	34.8
8.76268	1.73733	6.81259	0.0114263	0.103876	0.0010424	0	34.86
8.71548	1.72797	6.7759	0.0113648	0.103316	0.00103678	0	34.92
8.66853	1.71866	6.7394	0.0113036	0.10276	0.0010312	0	34.98
8.62184	1.7094	6.7031	0.0112427	0.102206	0.00102564	0	35.04
8.5754	1.7002	6.66699	0.0111821	0.101656	0.00102012	0	35.1
8.52921	1.69104	6.63108	0.0111219	0.101108	0.00101462	0	35.16
8.48326	1.68193	6.59536	0.011062	0.100563	0.00100916	0	35.22
8.43757	1.67287	6.55983	0.0110024	0.100022	0.00100372	0	35.28
8.39212	1.66386	6.5245	0.0109431	0.0994829	0.000998315	0	35.34
8.34692	1.6549	6.48936	0.0108842	0.098947	0.000992937	0	35.4
8.30196	1.64598	6.4544	0.0108255	0.098414	0.000987589	0	35.46
8.25724	1.63712	6.41963	0.0107672	0.0978839	0.000982269	0	35.52
8.21276	1.6283	6.38505	0.0107092	0.0973567	0.000976978	0	35.58
8.16852	1.61953	6.35066	0.0106515	0.0968323	0.000971716	0	35.64
8.12452	1.6108	6.31645	0.0105942	0.0963107	0.000966481	0	35.7
8.08076	1.60213	6.28243	0.0105371	0.0957919	0.000961276	0	35.76
8.03723	1.5935	6.24859	0.0104803	0.0952759	0.000956098	0	35.82
7.99394	1.58491	6.21493	0.0104239	0.0947627	0.000950948	0	35.88
7.95088	1.57638	6.18146	0.0103677	0.0942523	0.000945825	0	35.94
7.90805	1.56788	6.14816	0.0103119	0.0937446	0.000940731	0	36
7.86546	1.55944	6.11504	0.0102564	0.0932396	0.000935663	0	36.06
7.82309	1.55104	6.0821	0.0102011	0.0927374	0.000930623	0	36.12
7.78095	1.54268	6.04934	0.0101462	0.0922378	0.000925611	0	36.18
7.73904	1.53437	6.01676	0.0100915	0.091741	0.000920625	0	36.24
7.69735	1.52611	5.98435	0.0100372	0.0912468	0.000915666	0	36.3
7.65589	1.51789	5.95211	0.00998309	0.0907553	0.000910734	0	36.36
7.61465	1.50971	5.92005	0.00992931	0.0902665	0.000905828	0	36.42
7.57363	1.50158	5.88816	0.00987583	0.0897803	0.000900949	0	36.48
7.53284	1.49349	5.85645	0.00982263	0.0892967	0.000896096	0	36.54
7.49226	1.48545	5.8249	0.00976972	0.0888157	0.000891269	0	36.6
7.45191	1.47745	5.79353	0.0097171	0.0883373	0.000886468	0	36.66
7.41177	1.46949	5.76232	0.00966476	0.0878614	0.000881693	0	36.72
7.37184	1.46157	5.73128	0.0096127	0.0873882	0.000876944	0	36.78
7.33213	1.4537	5.70041	0.00956092	0.0869175	0.00087222	0	36.84
7.29264	1.44587	5.6697	0.00950942	0.0864493	0.000867522	0	36.9
7.25336	1.43808	5.63916	0.0094582	0.0859836	0.000862849	0	36.96
7.21429	1.43034	5.60879	0.00940725	0.0855205	0.000858201	0	37.02
7.17543	1.42263	5.57858	0.00935658	0.0850598	0.000853579	0	37.08
7.13678	1.41497	5.54853	0.00930618	0.0846016	0.000848981	0	37.14
7.09833	1.40735	5.51864	0.00925605	0.0841459	0.000844408	0	37.2
7.0601	1.39977	5.48891	0.00920619	0.0836927	0.000839859	0	37.26
7.02207	1.39223	5.45935	0.0091566	0.0832419	0.000835335	0	37.32
6.98425	1.38473	5.42994	0.00910728	0.0827935	0.000830836	0	37.38
6.94663	1.37727	5.40069	0.00905823	0.0823475	0.000826361	0	37.44
6.90921	1.36985	5.3716	0.00900943	0.0819039	0.000821909	0	37.5
6.87199	1.36247	5.34267	0.0089609	0.0814628	0.000817482	0	37.56
6.83497	1.35513	5.31389	0.00891264	0.081024	0.000813079	0	37.62
6.79816	1.34783	5.28527	0.00886463	0.0805875	0.000808699	0	37.68
6.76154	1.34057	5.2568	0.00881688	0.0801534	0.000804343	0	37.74
6.72512	1.33335	5.22848	0.00876939	0.0797217	0.00080001	0	37.8
6.68889	1.32617	5.20032	0.00872215	0.0792923	0.000795701	0	37.86
6.65286	1.31903	5.17231	0.00867517	0.0788652	0.000791415	0	37.92
6.61703	1.31192	5.14445	0.00862844	0.0784404	0.000787152	0	37.98
6.58139	1.30485	5.11673	0.00858196	0.0780178	0.000782912	0	38.04
6.54594	1.29783	5.08917	0.00853574	0.0775976	0.000778695	0	38.1
6.51068	1.29083	5.06176	0.00848976	0.0771796	0.000774501	0	38.16
6.47561	1.28388	5.0345	0.00844403	0.0767639	0.000770329	0	38.22
6.44072	1.27697	5.00738	0.00839854	0.0763504	0.000766179	0	38.28
6.40603	1.27009	4.9804	0.00835331	0.0759391	0.000762052	0	38.34
6.37153	1.26325	4.95358	0.00830831	0.0755301	0.000757948	0	38.4
6.33721	1.25644	4.9269	0.00826356	0.0751233	0.000753865	0	38.46
6.30307	1.24967	4.90036	0.00821905	0.0747186	0.000749804	0	38.52
6.26912	1.24294	4.87396	0.00817477	0.0743161	0.000745765	0	38.58
6.23535	1.23625	4.84771	0.00813074	0.0739158	0.000741748	0	38.64
6.20176	1.22959	4.82159	0.00808694	0.0735177	0.000737753	0	38.7
6.16836	1.22296	4.79562	0.00804338	0.0731217	0.000733779	0	38.76
6.13513	1.21638	4.76979	0.00800006	0.0727278	0.000729826	0	38.82
6.10208	1.20983	4.7441	0.00795697	0.0723361	0.000725895	0	38.88
6.06922	1.20331	4.71855	0.00791411	0.0719464	0.000721985	0	38.94
6.03652	1.19683	4.69313	0.00787148	0.0715589	0.000718096	0	39
6.00401	1.19038	4.66785	0.00782908	0.0711734	0.000714228	0	39.06
5.97167	1.18397	4.64271	0.00778691	0.07079	0.000710381	0	39.12
5.9395	1.17759	4.6177	0.00774496	0.0704087	0.000706554	0	39.18
5.90751	1.17125	4.59282	0.00770324	0.0700295	0.000702749	0	39.24
5.87569	1.16494	4.56809	0.00766175	0.0696523	0.000698963	0	39.3
5.84404	1.15866	4.54348	0.00762048	0.0692771	0.000695198	0	39.36
5.81256	1.15242	4.51901	0.00757943	0.0689039	0.000691454	0	39.42
5.78125	1.14622	4.49466	0.0075386	0.0685328	0.000687729	0	39.48
5.75011	1.14004	4.47045	0.007498	0.0681636	0.000684025	0	39.54
5.71914	1.1339	4.44637	0.00745761	0.0677965	0.00068034	0	39.6
5.68833	1.12779	4.42242	0.00741744	0.0674313	0.000676675	0	39.66
5.65769	1.12172	4.3986	0.00737749	0.0670681	0.000673031	0	39.72
5.62721	1.11568	4.37491	0.00733775	0.0667068	0.000669405	0	39.78
5.5969	1.10967	4.35134	0.00729822	0.0663475	0.0006658	0	39.84
5.56676	1.10369	4.3279	0.00725891	0.0659901	0.000662213	0	39.9
5.53677	1.09774	4.30459	0.00721981	0.0656346	0.000658646	0	39.96
5.50695	1.09183	4.28141	0.00718092	0.0652811	0.000655098	0	40.02
5.47728	1.08595	4.25834	0.00714224	0.0649295	0.00065157	0	40.08
5.44778	1.0801	4.23541	0.00710377	0.0645797	0.00064806	0	40.14
5.41844	1.07428	4.21259	0.0070655	0.0642319	0.000644569	0	40.2
5.38925	1.0685	4.1899	0.00702745	0.0638859	0.000641097	0	40.26
5.36022	1.06274	4.16733	0.00698959	0.0635418	0.000637644	0	40.32
5.33135	1.05702	4.14488	0.00695194	0.0631995	0.000634209	0	40.38
5.30263	1.05132	4.12256	0.0069145	0.0628591	0.000630793	0	40.44
5.27407	1.04566	4.10035	0.00687725	0.0625205	0.000627395	0	40.5
5.24566	1.04003	4.07827	0.00684021	0.0621837	0.000624016	0	40.56
5.2174	1.03442	4.0563	0.00680336	0.0618487	0.000620655	0	40.62
5.1893	1.02885	4.03445	0.00676672	0.0615156	0.000617311	0	40.68
5.16135	1.02331	4.01272	0.00673027	0.0611842	0.000613986	0	40.74
5.13355	1.0178	3.9911	0.00669401	0.0608547	0.000610679	0	40.8
5.10589	1.01232	3.9696	0.00665796	0.0605269	0.00060739	0	40.86
5.07839	1.00686	3.94822	0.00662209	0.0602009	0.000604118	0	40.92
5.05104	1.00144	3.92696	0.00658642	0.0598766	0.000600864	0	40.98
5.02383	0.996046	3.9058	0.00655095	0.0595541	0.000597627	0	41.04
4.99677	0.99068	3.88476	0.00651566	0.0592333	0.000594408	0	41.1
4.96985	0.985344	3.86384	0.00648056	0.0589142	0.000591206	0	41.16
4.94308	0.980036	3.84303	0.00644566	0.0585969	0.000588022	0	41.22
4.91646	0.974758	3.82233	0.00641094	0.0582812	0.000584855	0	41.28
4.88997	0.969507	3.80174	0.0063764	0.0579673	0.000581704	0	41.34
4.86363	0.964285	3.78126	0.00634206	0.0576551	0.000578571	0	41.4
4.83744	0.959091	3.76089	0.0063079	0.0573445	0.000575454	0	41.46
4.81138	0.953924	3.74063	0.00627392	0.0570356	0.000572355	0	41.52
4.78546	0.948786	3.72048	0.00624012	0.0567284	0.000569272	0	41.58
4.75969	0.943676	3.70044	0.00620651	0.0564228	0.000566205	0	41.64
4.73405	0.938592	3.68051	0.00617308	0.0561189	0.000563155	0	41.7
4.70855	0.933537	3.66069	0.00613983	0.0558166	0.000560122	0	41.76
4.68318	0.928508	3.64097	0.00610676	0.055516	0.000557105	0	41.82
4.65796	0.923507	3.62136	0.00607386	0.0552169	0.000554104	0	41.88
4.63287	0.918532	3.60185	0.00604114	0.0549195	0.000551119	0	41.94
4.60791	0.913585	3.58245	0.0060086	0.0546237	0.000548151	0	42
4.58309	0.908664	3.56315	0.00597624	0.0543294	0.000545198	0	42.06
4.55841	0.903769	3.54396	0.00594405	0.0540368	0.000542261	0	42.12
4.53385	0.898901	3.52487	0.00591203	0.0537457	0.000539341	0	42.18
4.50943	0.894059	3.50588	0.00588019	0.0534562	0.000536435	0	42.24
4.48514	0.889243	3.487	0.00584851	0.0531683	0.000533546	0	42.3
4.46098	0.884453	3.46821	0.00581701	0.0528819	0.000530672	0	42.36
4.43695	0.879689	3.44953	0.00578568	0.052597	0.000527813	0	42.42
4.41305	0.874951	3.43095	0.00575451	0.0523137	0.00052497	0	42.48
4.38928	0.870238	3.41247	0.00572351	0.0520319	0.000522143	0	42.54
4.36564	0.86555	3.39409	0.00569268	0.0517517	0.00051933	0	42.6
4.34212	0.860888	3.37581	0.00566202	0.0514729	0.000516533	0	42.66
4.31873	0.856251	3.35762	0.00563152	0.0511957	0.00051375	0	42.72
4.29547	0.851639	3.33954	0.00560119	0.0509199	0.000510983	0	42.78
4.27233	0.847051	3.32155	0.00557102	0.0506456	0.000508231	0	42.84
4.24932	0.842489	3.30366	0.00554101	0.0503728	0.000505493	0	42.9
4.22643	0.83795	3.28586	0.00551116	0.0501015	0.00050277	0	42.96
4.20367	0.833437	3.26816	0.00548148	0.0498316	0.000500062	0	43.02
4.18102	0.828948	3.25056	0.00545195	0.0495632	0.000497369	0	43.08
4.1585	0.824482	3.23305	0.00542258	0.0492962	0.000494689	0	43.14
4.1361	0.820041	3.21564	0.00539337	0.0490307	0.000492025	0	43.2
4.11382	0.815624	3.19831	0.00536432	0.0487666	0.000489374	0	43.26
4.09166	0.811231	3.18109	0.00533543	0.0485039	0.000486738	0	43.32
4.06962	0.806861	3.16395	0.00530669	0.0482426	0.000484117	0	43.38
4.0477	0.802515	3.14691	0.0052781	0.0479828	0.000481509	0	43.44
4.0259	0.798192	3.12996	0.00524967	0.0477243	0.000478915	0	43.5
4.00421	0.793893	3.1131	0.0052214	0.0474672	0.000476336	0	43.56
3.98265	0.789616	3.09633	0.00519327	0.0472116	0.00047377	0	43.62
3.96119	0.785363	3.07965	0.0051653	0.0469573	0.000471218	0	43.68
3.93986	0.781133	3.06306	0.00513747	0.0467043	0.00046868	0	43.74
3.91863	0.776925	3.04656	0.0051098	0.0464527	0.000466155	0	43.8
3.89753	0.77274	3.03015	0.00508228	0.0462025	0.000463644	0	43.86
3.87653	0.768578	3.01383	0.0050549	0.0459537	0.000461147	0	43.92
3.85565	0.764438	2.9976	0.00502767	0.0457061	0.000458663	0	43.98
3.83488	0.76032	2.98145	0.00500059	0.0454599	0.000456192	0	44.04
3.81423	0.756225	2.96539	0.00497366	0.0452151	0.000453735	0	44.1
3.79368	0.752151	2.94942	0.00494687	0.0449715	0.000451291	0	44.16
3.77325	0.7481	2.93353	0.00492022	0.0447293	0.00044886	0	44.22
3.75292	0.74407	2.91773	0.00489372	0.0444883	0.000446442	0	44.28
3.73271	0.740062	2.90201	0.00486736	0.0442487	0.000444037	0	44.34
3.7126	0.736076	2.88638	0.00484114	0.0440104	0.000441646	0	44.4
3.6926	0.732111	2.87083	0.00481506	0.0437733	0.000439267	0	44.46
3.67271	0.728168	2.85537	0.00478913	0.0435375	0.000436901	0	44.52
3.65293	0.724245	2.83999	0.00476333	0.043303	0.000434547	0	44.58
3.63325	0.720344	2.82469	0.00473767	0.0430697	0.000432207	0	44.64
3.61368	0.716464	2.80948	0.00471215	0.0428377	0.000429878	0	44.7
3.59422	0.712605	2.79434	0.00468677	0.042607	0.000427563	0	44.76
3.57486	0.708766	2.77929	0.00466152	0.0423775	0.00042526	0	44.82
3.5556	0.704949	2.76432	0.00463642	0.0421492	0.000422969	0	44.88
3.53645	0.701151	2.74943	0.00461144	0.0419222	0.000420691	0	44.94
3.5174	0.697375	2.73462	0.0045866	0.0416964	0.000418425	0	45
3.49845	0.693618	2.71989	0.0045619	0.0414718	0.000416171	0	45.06
3.47961	0.689882	2.70524	0.00453732	0.0412484	0.000413929	0	45.12
3.46087	0.686166	2.69067	0.00451288	0.0410262	0.0004117	0	45.18
3.44222	0.68247	2.67618	0.00448857	0.0408052	0.000409482	0	45.24
3.42368	0.678794	2.66176	0.0044644	0.0405854	0.000407276	0	45.3
3.40524	0.675138	2.64742	0.00444035	0.0403668	0.000405083	0	45.36
3.3869	0.671501	2.63316	0.00441643	0.0401494	0.000402901	0	45.42
3.36865	0.667884	2.61898	0.00439264	0.0399331	0.00040073	0	45.48
3.35051	0.664286	2.60487	0.00436898	0.039718	0.000398572	0	45.54
3.33246	0.660708	2.59084	0.00434545	0.0395041	0.000396425	0	45.6
3.31451	0.657149	2.57689	0.00432204	0.0392913	0.00039429	0	45.66
3.29666	0.653609	2.563	0.00429876	0.0390796	0.000392166	0	45.72
3.2789	0.650089	2.5492	0.0042756	0.0388691	0.000390053	0	45.78
3.26124	0.646587	2.53547	0.00425257	0.0386598	0.000387952	0	45.84
3.24367	0.643104	2.52181	0.00422967	0.0384515	0.000385863	0	45.9
3.2262	0.63964	2.50823	0.00420688	0.0382444	0.000383784	0	45.96
3.20882	0.636195	2.49472	0.00418422	0.0380384	0.000381717	0	46.02
3.19154	0.632768	2.48128	0.00416169	0.0378335	0.000379661	0	46.08
3.17435	0.629359	2.46791	0.00413927	0.0376297	0.000377616	0	46.14
3.15725	0.625969	2.45462	0.00411697	0.037427	0.000375582	0	46.2
3.14024	0.622598	2.4414	0.0040948	0.0372254	0.000373559	0	46.26
3.12333	0.619244	2.42825	0.00407274	0.0370249	0.000371546	0	46.32
3.1065	0.615908	2.41517	0.0040508	0.0368255	0.000369545	0	46.38
3.08977	0.612591	2.40216	0.00402898	0.0366271	0.000367555	0	46.44
3.07313	0.609291	2.38922	0.00400728	0.0364298	0.000365575	0	46.5
3.05657	0.606009	2.37635	0.00398569	0.0362336	0.000363606	0	46.56
3.04011	0.602745	2.36355	0.00396423	0.0360384	0.000361647	0	46.62
3.02373	0.599498	2.35082	0.00394287	0.0358443	0.000359699	0	46.68
3.00745	0.596269	2.33816	0.00392163	0.0356512	0.000357761	0	46.74
2.99125	0.593057	2.32556	0.00390051	0.0354592	0.000355834	0	46.8
2.97513	0.589863	2.31303	0.0038795	0.0352682	0.000353918	0	46.86
2.95911	0.586685	2.30057	0.0038586	0.0350782	0.000352011	0	46.92
2.94317	0.583525	2.28818	0.00383782	0.0348893	0.000350115	0	46.98
2.92732	0.580382	2.27586	0.00381715	0.0347013	0.000348229	0	47.04
2.91155	0.577256	2.2636	0.00379659	0.0345144	0.000346354	0	47.1
2.89586	0.574146	2.25141	0.00377614	0.0343285	0.000344488	0	47.16
2.88027	0.571054	2.23928	0.00375579	0.0341436	0.000342632	0	47.22
2.86475	0.567978	2.22722	0.00373556	0.0339597	0.000340787	0	47.28
2.84932	0.564918	2.21522	0.00371544	0.0337768	0.000338951	0	47.34
2.83397	0.561875	2.20329	0.00369543	0.0335948	0.000337125	0	47.4
2.81871	0.558849	2.19142	0.00367552	0.0334139	0.000335309	0	47.46
2.80352	0.555839	2.17962	0.00365573	0.0332339	0.000333503	0	47.52
2.78842	0.552845	2.16787	0.00363603	0.0330549	0.000331707	0	47.58
2.7734	0.549867	2.1562	0.00361645	0.0328768	0.00032992	0	47.64
2.75846	0.546905	2.14458	0.00359697	0.0326997	0.000328143	0	47.7
2.74361	0.543959	2.13303	0.00357759	0.0325236	0.000326375	0	47.76
2.72883	0.541029	2.12154	0.00355832	0.0323484	0.000324617	0	47.82
2.71413	0.538115	2.11011	0.00353916	0.0321741	0.000322869	0	47.88
2.69951	0.535216	2.09875	0.00352009	0.0320008	0.00032113	0	47.94
2.68497	0.532333	2.08744	0.00350113	0.0318285	0.0003194	0	48
2.67051	0.529466	2.0762	0.00348227	0.031657	0.000317679	0	48.06
2.65612	0.526614	2.06502	0.00346352	0.0314865	0.000315968	0	48.12
2.64181	0.523777	2.05389	0.00344486	0.0313169	0.000314266	0	48.18
2.62758	0.520956	2.04283	0.0034263	0.0311482	0.000312574	0	48.24
2.61343	0.51815	2.03183	0.00340785	0.0309804	0.00031089	0	48.3
2.59935	0.515359	2.02088	0.00338949	0.0308136	0.000309215	0	48.36
2.58535	0.512583	2.01	0.00337123	0.0306476	0.00030755	0	48.42
2.57143	0.509822	1.99917	0.00335307	0.0304825	0.000305893	0	48.48
2.55757	0.507076	1.9884	0.00333501	0.0303183	0.000304245	0	48.54
2.5438	0.504344	1.97769	0.00331705	0.030155	0.000302607	0	48.6
2.5301	0.501628	1.96704	0.00329918	0.0299926	0.000300977	0	48.66
2.51647	0.498926	1.95644	0.00328141	0.029831	0.000299355	0	48.72
2.50291	0.496238	1.9459	0.00326374	0.0296703	0.000297743	0	48.78
2.48943	0.493565	1.93542	0.00324616	0.0295105	0.000296139	0	48.84
2.47602	0.490907	1.925	0.00322867	0.0293515	0.000294544	0	48.9
2.46268	0.488262	1.91463	0.00321128	0.0291934	0.000292957	0	48.96
2.44942	0.485632	1.90431	0.00319398	0.0290362	0.000291379	0	49.02
2.43622	0.483016	1.89406	0.00317678	0.0288798	0.00028981	0	49.08
2.4231	0.480415	1.88385	0.00315966	0.0287242	0.000288249	0	49.14
2.41005	0.477827	1.87371	0.00314265	0.0285695	0.000286696	0	49.2
2.39707	0.475253	1.86361	0.00312572	0.0284156	0.000285152	0	49.26
2.38416	0.472693	1.85358	0.00310888	0.0282626	0.000283616	0	49.32
2.37131	0.470147	1.84359	0.00309213	0.0281103	0.000282088	0	49.38
2.35854	0.467614	1.83366	0.00307548	0.0279589	0.000280569	0	49.44
2.34584	0.465096	1.82378	0.00305891	0.0278083	0.000279057	0	49.5
2.3332	0.46259	1.81396	0.00304244	0.0276585	0.000277554	0	49.56
2.32063	0.460099	1.80419	0.00302605	0.0275095	0.000276059	0	49.62
2.30813	0.45762	1.79447	0.00300975	0.0273613	0.000274572	0	49.68
2.2957	0.455155	1.7848	0.00299354	0.027214	0.000273093	0	49.74
2.28333	0.452704	1.77519	0.00297741	0.0270674	0.000271622	0	49.8
2.27104	0.450265	1.76563	0.00296137	0.0269216	0.000270159	0	49.86
2.2588	0.44784	1.75612	0.00294542	0.0267766	0.000268704	0	49.92
2.24664	0.445428	1.74666	0.00292956	0.0266323	0.000267257	0	49.98
2.23453	0.443028	1.73725	0.00291378	0.0264889	0.000265817	0	50.04
2.2225	0.440642	1.72789	0.00289808	0.0263462	0.000264385	0	50.1
2.21053	0.438268	1.71859	0.00288247	0.0262043	0.000262961	0	50.16
2.19862	0.435908	1.70933	0.00286694	0.0260631	0.000261545	0	50.22
2.18678	0.43356	1.70012	0.0028515	0.0259227	0.000260136	0	50.28
2.175	0.431224	1.69096	0.00283614	0.0257831	0.000258735	0	50.34
2.16328	0.428901	1.68186	0.00282087	0.0256442	0.000257341	0	50.4
2.15163	0.426591	1.6728	0.00280567	0.0255061	0.000255955	0	50.46
2.14004	0.424293	1.66379	0.00279056	0.0253687	0.000254576	0	50.52
2.12851	0.422008	1.65482	0.00277553	0.0252321	0.000253205	0	50.58
2.11705	0.419735	1.64591	0.00276058	0.0250961	0.000251841	0	50.64
2.10564	0.417474	1.63704	0.00274571	0.024961	0.000250484	0	50.7
2.0943	0.415225	1.62823	0.00273092	0.0248265	0.000249135	0	50.76
2.08302	0.412988	1.61946	0.00271621	0.0246928	0.000247793	0	50.82
2.0718	0.410764	1.61073	0.00270158	0.0245598	0.000246458	0	50.88
2.06064	0.408551	1.60206	0.00268702	0.0244275	0.000245131	0	50.94
2.04954	0.406351	1.59343	0.00267255	0.0242959	0.00024381	0	51
2.0385	0.404162	1.58484	0.00265815	0.024165	0.000242497	0	51.06
2.02752	0.401985	1.57631	0.00264384	0.0240349	0.000241191	0	51.12
2.0166	0.39982	1.56782	0.00262959	0.0239054	0.000239892	0	51.18
2.00574	0.397666	1.55937	0.00261543	0.0237766	0.0002386	0	51.24
1.99493	0.395524	1.55097	0.00260134	0.0236486	0.000237314	0	51.3
1.98419	0.393393	1.54262	0.00258733	0.0235212	0.000236036	0	51.36
1.9735	0.391274	1.53431	0.00257339	0.0233945	0.000234765	0	51.42
1.96287	0.389167	1.52604	0.00255953	0.0232685	0.0002335	0	51.48
1.9523	0.387071	1.51782	0.00254575	0.0231431	0.000232242	0	51.54
1.94178	0.384986	1.50965	0.00253203	0.0230185	0.000230991	0	51.6
1.93132	0.382912	1.50152	0.00251839	0.0228945	0.000229747	0	51.66
1.92092	0.380849	1.49343	0.00250483	0.0227712	0.00022851	0	51.72
1.91057	0.378798	1.48538	0.00249134	0.0226485	0.000227279	0	51.78
1.90028	0.376757	1.47738	0.00247792	0.0225265	0.000226054	0	51.84
1.89004	0.374728	1.46942	0.00246457	0.0224052	0.000224837	0	51.9
1.87986	0.37271	1.46151	0.00245129	0.0222845	0.000223626	0	51.96
1.86974	0.370702	1.45364	0.00243809	0.0221645	0.000222421	0	52.02
1.85967	0.368705	1.44581	0.00242496	0.0220451	0.000221223	0	52.08
1.84965	0.366719	1.43802	0.0024119	0.0219263	0.000220031	0	52.14
1.83969	0.364744	1.43027	0.0023989	0.0218082	0.000218846	0	52.2
1.82978	0.362779	1.42257	0.00238598	0.0216907	0.000217667	0	52.26
1.81992	0.360825	1.41491	0.00237313	0.0215739	0.000216495	0	52.32
1.81012	0.358881	1.40728	0.00236035	0.0214577	0.000215329	0	52.38
1.80037	0.356948	1.3997	0.00234763	0.0213421	0.000214169	0	52.44
1.79067	0.355026	1.39217	0.00233499	0.0212272	0.000213015	0	52.5
1.78102	0.353113	1.38467	0.00232241	0.0211128	0.000211868	0	52.56
1.77143	0.351211	1.37721	0.0023099	0.0209991	0.000210727	0	52.62
1.76189	0.349319	1.36979	0.00229746	0.020886	0.000209592	0	52.68
1.7524	0.347438	1.36241	0.00228508	0.0207735	0.000208463	0	52.74
1.74296	0.345566	1.35507	0.00227277	0.0206616	0.00020734	0	52.8
1.73357	0.343705	1.34777	0.00226053	0.0205503	0.000206223	0	52.86
1.72423	0.341854	1.34051	0.00224836	0.0204396	0.000205112	0	52.92
1.71494	0.340012	1.33329	0.00223624	0.0203295	0.000204007	0	52.98
1.70571	0.338181	1.32611	0.0022242	0.02022	0.000202908	0	53.04
1.69652	0.336359	1.31897	0.00221222	0.0201111	0.000201815	0	53.1
1.68738	0.334547	1.31186	0.0022003	0.0200027	0.000200728	0	53.16
1.67829	0.332745	1.3048	0.00218845	0.019895	0.000199647	0	53.22
1.66925	0.330953	1.29777	0.00217666	0.0197878	0.000198572	0	53.28
1.66026	0.32917	1.29078	0.00216494	0.0196813	0.000197502	0	53.34
1.65132	0.327397	1.28383	0.00215328	0.0195752	0.000196438	0	53.4
1.64242	0.325634	1.27691	0.00214168	0.0194698	0.00019538	0	53.46
1.63358	0.32388	1.27003	0.00213014	0.0193649	0.000194328	0	53.52
1.62478	0.322135	1.26319	0.00211867	0.0192606	0.000193281	0	53.58
1.61602	0.3204	1.25639	0.00210726	0.0191569	0.00019224	0	53.64
1.60732	0.318674	1.24962	0.0020959	0.0190537	0.000191204	0	53.7
1.59866	0.316957	1.24289	0.00208461	0.018951	0.000190174	0	53.76
1.59005	0.31525	1.23619	0.00207339	0.018849	0.00018915	0	53.82
1.58149	0.313552	1.22953	0.00206222	0.0187474	0.000188131	0	53.88
1.57297	0.311863	1.22291	0.00205111	0.0186465	0.000187118	0	53.94
1.56449	0.310183	1.21632	0.00204006	0.018546	0.00018611	0	54
1.55607	0.308512	1.20977	0.00202907	0.0184461	0.000185107	0	54.06
1.54769	0.306851	1.20326	0.00201814	0.0183468	0.00018411	0	54.12
1.53935	0.305198	1.19677	0.00200727	0.0182479	0.000183119	0	54.18
1.53106	0.303554	1.19033	0.00199646	0.0181496	0.000182132	0	54.24
1.52281	0.301919	1.18392	0.00198571	0.0180519	0.000181151	0	54.3
1.51461	0.300292	1.17754	0.00197501	0.0179546	0.000180175	0	54.36
1.50645	0.298675	1.1712	0.00196437	0.0178579	0.000179205	0	54.42
1.49833	0.297066	1.16489	0.00195379	0.0177617	0.00017824	0	54.48
1.49026	0.295466	1.15861	0.00194327	0.0176661	0.00017728	0	54.54
1.48224	0.293874	1.15237	0.0019328	0.0175709	0.000176325	0	54.6
1.47425	0.292292	1.14617	0.00192239	0.0174763	0.000175375	0	54.66
1.46631	0.290717	1.13999	0.00191203	0.0173821	0.00017443	0	54.72
1.45841	0.289151	1.13385	0.00190173	0.0172885	0.000173491	0	54.78
1.45056	0.287594	1.12774	0.00189149	0.0171954	0.000172556	0	54.84
1.44274	0.286044	1.12167	0.0018813	0.0171027	0.000171627	0	54.9
1.43497	0.284504	1.11563	0.00187117	0.0170106	0.000170702	0	54.96
1.42724	0.282971	1.10962	0.00186109	0.016919	0.000169783	0	55.02
1.41955	0.281447	1.10364	0.00185106	0.0168279	0.000168868	0	55.08
1.41191	0.279931	1.0977	0.00184109	0.0167372	0.000167959	0	55.14
1.4043	0.278423	1.09178	0.00183118	0.0166471	0.000167054	0	55.2
1.39674	0.276923	1.0859	0.00182131	0.0165574	0.000166154	0	55.26
1.38922	0.275432	1.08005	0.0018115	0.0164682	0.000165259	0	55.32
1.38173	0.273948	1.07424	0.00180174	0.0163795	0.000164369	0	55.38
1.37429	0.272473	1.06845	0.00179204	0.0162913	0.000163484	0	55.44
1.36689	0.271005	1.06269	0.00178239	0.0162035	0.000162603	0	55.5
1.35952	0.269545	1.05697	0.00177279	0.0161162	0.000161727	0	55.56
1.3522	0.268093	1.05128	0.00176324	0.0160294	0.000160856	0	55.62
1.34492	0.266649	1.04561	0.00175374	0.0159431	0.000159989	0	55.68
1.33767	0.265213	1.03998	0.00174429	0.0158572	0.000159128	0	55.74
1.33047	0.263784	1.03438	0.0017349	0.0157718	0.000158271	0	55.8
1.3233	0.262363	1.02881	0.00172555	0.0156868	0.000157418	0	55.86
1.31617	0.26095	1.02327	0.00171626	0.0156023	0.00015657	0	55.92
1.30908	0.259545	1.01775	0.00170701	0.0155183	0.000155727	0	55.98
1.30203	0.258146	1.01227	0.00169782	0.0154347	0.000154888	0	56.04
1.29502	0.256756	1.00682	0.00168867	0.0153516	0.000154054	0	56.1
1.28804	0.255373	1.0014	0.00167958	0.0152689	0.000153224	0	56.16
1.28111	0.253997	0.996002	0.00167053	0.0151866	0.000152398	0	56.22
1.2742	0.252629	0.990637	0.00166153	0.0151048	0.000151578	0	56.28
1.26734	0.251268	0.985301	0.00165258	0.0150235	0.000150761	0	56.34
1.26051	0.249915	0.979994	0.00164368	0.0149425	0.000149949	0	56.4
1.25372	0.248569	0.974715	0.00163483	0.0148621	0.000149141	0	56.46
1.24697	0.24723	0.969465	0.00162602	0.014782	0.000148338	0	56.52
1.24025	0.245898	0.964243	0.00161726	0.0147024	0.000147539	0	56.58
1.23357	0.244574	0.959049	0.00160855	0.0146232	0.000146744	0	56.64
1.22693	0.243256	0.953883	0.00159989	0.0145444	0.000145954	0	56.7
1.22032	0.241946	0.948745	0.00159127	0.0144661	0.000145168	0	56.76
1.21375	0.240643	0.943634	0.0015827	0.0143881	0.000144386	0	56.82
1.20721	0.239346	0.938552	0.00157417	0.0143106	0.000143608	0	56.88
1.20071	0.238057	0.933496	0.00156569	0.0142336	0.000142834	0	56.94
1.19424	0.236775	0.928468	0.00155726	0.0141569	0.000142065	0	57
1.18781	0.2355	0.923467	0.00154887	0.0140806	0.0001413	0	57.06
1.18141	0.234231	0.918492	0.00154053	0.0140048	0.000140539	0	57.12
1.17504	0.232969	0.913545	0.00153223	0.0139294	0.000139782	0	57.18
1.16872	0.231714	0.908624	0.00152398	0.0138543	0.000139029	0	57.24
1.16242	0.230466	0.90373	0.00151577	0.0137797	0.00013828	0	57.3
1.15616	0.229225	0.898862	0.0015076	0.0137055	0.000137535	0	57.36
1.14993	0.22799	0.89402	0.00149948	0.0136316	0.000136794	0	57.42
1.14374	0.226762	0.889204	0.0014914	0.0135582	0.000136057	0	57.48
1.13758	0.225541	0.884415	0.00148337	0.0134852	0.000135324	0	57.54
1.13145	0.224326	0.879651	0.00147538	0.0134126	0.000134595	0	57.6
1.12535	0.223117	0.874913	0.00146743	0.0133403	0.00013387	0	57.66
1.11929	0.221916	0.8702	0.00145953	0.0132684	0.000133149	0	57.72
1.11326	0.22072	0.865513	0.00145167	0.013197	0.000132432	0	57.78
1.10727	0.219531	0.86085	0.00144385	0.0131259	0.000131719	0	57.84
1.1013	0.218349	0.856213	0.00143607	0.0130552	0.000131009	0	57.9
1.09537	0.217173	0.851601	0.00142834	0.0129849	0.000130304	0	57.96
1.08947	0.216003	0.847014	0.00142064	0.0129149	0.000129602	0	58.02
1.0836	0.214839	0.842452	0.00141299	0.0128454	0.000128904	0	58.08
1.07776	0.213682	0.837914	0.00140538	0.0127762	0.000128209	0	58.14
1.07196	0.212531	0.833401	0.00139781	0.0127073	0.000127519	0	58.2
1.06619	0.211386	0.828911	0.00139028	0.0126389	0.000126832	0	58.26
1.06044	0.210248	0.824447	0.00138279	0.0125708	0.000126149	0	58.32
1.05473	0.209115	0.820006	0.00137534	0.0125031	0.000125469	0	58.38
1.04905	0.207989	0.815589	0.00136793	0.0124358	0.000124793	0	58.44
1.0434	0.206869	0.811196	0.00136057	0.0123688	0.000124121	0	58.5
1.03778	0.205754	0.806826	0.00135324	0.0123021	0.000123453	0	58.56
1.03219	0.204646	0.80248	0.00134595	0.0122359	0.000122788	0	58.62
1.02663	0.203544	0.798157	0.0013387	0.01217	0.000122126	0	58.68
1.0211	0.202447	0.793858	0.00133149	0.0121044	0.000121468	0	58.74
1.0156	0.201357	0.789582	0.00132431	0.0120392	0.000120814	0	58.8
1.01013	0.200272	0.785329	0.00131718	0.0119744	0.000120163	0	58.86
1.00469	0.199193	0.781099	0.00131009	0.0119099	0.000119516	0	58.92
0.999275	0.19812	0.776891	0.00130303	0.0118457	0.000118872	0	58.98
0.993892	0.197053	0.772707	0.00129601	0.0117819	0.000118232	0	59.04
0.988538	0.195992	0.768545	0.00128903	0.0117184	0.000117595	0	59.1
0.983214	0.194936	0.764405	0.00128209	0.0116553	0.000116962	0	59.16
0.977917	0.193886	0.760287	0.00127518	0.0115925	0.000116332	0	59.22
0.97265	0.192842	0.756192	0.00126831	0.0115301	0.000115705	0	59.28
0.967411	0.191803	0.752119	0.00126148	0.011468	0.000115082	0	59.34
0.9622	0.19077	0.748067	0.00125468	0.0114062	0.000114462	0	59.4
0.957017	0.189742	0.744038	0.00124793	0.0113448	0.000113845	0	59.46
0.951862	0.18872	0.74003	0.0012412	0.0112837	0.000113232	0	59.52
0.946735	0.187704	0.736044	0.00123452	0.0112229	0.000112622	0	59.58
0.941635	0.186693	0.732079	0.00122787	0.0111624	0.000112016	0	59.64
0.936563	0.185687	0.728136	0.00122125	0.0111023	0.000111412	0	59.7
0.931518	0.184687	0.724214	0.00121468	0.0110425	0.000110812	0	59.76
0.926501	0.183692	0.720313	0.00120813	0.010983	0.000110215	0	59.82
0.92151	0.182702	0.716433	0.00120163	0.0109239	0.000109621	0	59.88
0.916546	0.181718	0.712574	0.00119515	0.010865	0.000109031	0	59.94
