S	I	R	e	d	dI	f	t
380	20	0	0.176	0.16	0.8	15.2	0
362.224	21.3958	15.5913	0.175653	0.159685	0.855832	14.489	0.04
345.361	22.7558	30.2325	0.175274	0.15934	0.910232	13.8144	0.08
329.404	24.0519	43.9766	0.17487	0.158973	0.962075	13.1762	0.12
314.319	25.2719	56.8744	0.174445	0.158586	1.01088	12.5728	0.16
300.071	26.4058	68.9739	0.173998	0.15818	1.05623	12.0028	0.2
286.626	27.4455	80.3204	0.173532	0.157757	1.09782	11.465	0.24
273.952	28.3845	90.9564	0.173049	0.157317	1.13538	10.9581	0.28
262.018	29.2184	100.922	0.17255	0.156863	1.16873	10.4807	0.32
250.792	29.9442	110.257	0.172037	0.156397	1.19777	10.0317	0.36
240.243	30.561	118.995	0.171512	0.15592	1.22244	9.60972	0.4
230.342	31.0691	127.172	0.170976	0.155433	1.24276	9.21367	0.44
221.058	31.4702	134.819	0.170433	0.154939	1.25881	8.84234	0.48
212.364	31.7674	141.967	0.169883	0.154439	1.2707	8.49454	0.52
204.229	31.9646	148.646	0.169329	0.153936	1.27858	8.16914	0.56
196.625	32.0664	154.881	0.168772	0.153429	1.28266	7.865	0.6
189.526	32.0784	160.7	0.168214	0.152922	1.28314	7.58103	0.64
182.904	32.0065	166.127	0.167656	0.152415	1.28026	7.31614	0.68
176.732	31.8567	171.185	0.167101	0.15191	1.27427	7.06929	0.72
170.987	31.6356	175.896	0.166548	0.151407	1.26543	6.83947	0.76
165.642	31.3496	180.28	0.166	0.150909	1.25399	6.62569	0.8
160.676	31.0052	184.358	0.165457	0.150415	1.24021	6.42702	0.84
156.064	30.6085	188.147	0.164921	0.149928	1.22434	6.24254	0.88
151.785	30.1659	191.666	0.164391	0.149447	1.20663	6.07139	0.92
147.819	29.683	194.932	0.163871	0.148973	1.18732	5.91274	0.96
144.145	29.1655	197.959	0.163358	0.148508	1.16662	5.7658	1
140.745	28.6187	200.762	0.162856	0.148051	1.14475	5.62982	1.04
137.602	28.0474	203.357	0.162363	0.147602	1.12189	5.50407	1.08
134.698	27.4561	205.755	0.16188	0.147163	1.09824	5.3879	1.12
132.017	26.8492	207.969	0.161407	0.146734	1.07397	5.28067	1.16
129.544	26.2303	210.012	0.160946	0.146314	1.04921	5.18176	1.2
127.265	25.603	211.894	0.160495	0.145905	1.02412	5.09062	1.24
125.168	24.9705	213.625	0.160056	0.145505	0.998819	5.00671	1.28
123.238	24.3355	215.216	0.159627	0.145116	0.97342	4.92953	1.32
121.466	23.7006	216.675	0.15921	0.144737	0.948023	4.85862	1.36
119.838	23.068	218.013	0.158804	0.144367	0.922719	4.79353	1.4
118.346	22.4396	219.235	0.158409	0.144008	0.897586	4.73385	1.44
116.98	21.8173	220.351	0.158025	0.143659	0.872692	4.6792	1.48
115.73	21.2024	221.368	0.157652	0.14332	0.848096	4.62921	1.52
114.589	20.5963	222.292	0.15729	0.142991	0.823851	4.58356	1.56
113.548	20	223.13	0.156938	0.142671	0.799998	4.54191	1.6
112.6	19.4144	223.888	0.156597	0.142361	0.776575	4.504	1.64
111.738	18.8403	224.571	0.156266	0.14206	0.753611	4.46953	1.68
110.956	18.2783	225.185	0.155945	0.141768	0.731131	4.43826	1.72
110.249	17.7288	225.735	0.155633	0.141485	0.709153	4.40994	1.76
109.609	17.1923	226.225	0.155332	0.141211	0.687693	4.38436	1.8
109.033	16.669	226.66	0.155039	0.140945	0.666761	4.36132	1.84
108.515	16.1591	227.044	0.154756	0.140687	0.646364	4.34061	1.88
108.052	15.6627	227.38	0.154482	0.140438	0.626506	4.32207	1.92
107.638	15.1797	227.673	0.154216	0.140196	0.607189	4.30552	1.96
107.27	14.7103	227.925	0.153958	0.139962	0.588411	4.29081	2
106.945	14.2542	228.139	0.153709	0.139735	0.570169	4.27781	2.04
106.659	13.8115	228.319	0.153468	0.139516	0.552458	4.26637	2.08
106.409	13.3818	228.468	0.153234	0.139304	0.535272	4.25637	2.12
106.193	12.9651	228.587	0.153008	0.139098	0.518603	4.24771	2.16
106.006	12.5611	228.68	0.152789	0.138899	0.502442	4.24026	2.2
105.848	12.1695	228.747	0.152577	0.138706	0.48678	4.23394	2.24
105.716	11.7902	228.793	0.152372	0.13852	0.471606	4.22864	2.28
105.607	11.4227	228.817	0.152173	0.138339	0.456909	4.2243	2.32
105.52	11.067	228.823	0.151981	0.138164	0.442678	4.22082	2.36
105.453	10.7225	228.812	0.151795	0.137995	0.428902	4.21813	2.4
105.404	10.3892	228.785	0.151614	0.137831	0.415567	4.21617	2.44
105.372	10.0666	228.744	0.15144	0.137673	0.402663	4.21486	2.48
105.354	9.75441	228.69	0.151271	0.137519	0.390176	4.21417	2.52
105.35	9.4524	228.625	0.151108	0.137371	0.378096	4.21402	2.56
105.359	9.16024	228.549	0.15095	0.137227	0.366409	4.21437	2.6
105.379	8.87762	228.463	0.150797	0.137088	0.355105	4.21517	2.64
105.41	8.60425	228.37	0.150649	0.136953	0.34417	4.21639	2.68
105.449	8.33984	228.269	0.150505	0.136823	0.333593	4.21797	2.72
105.497	8.08409	228.161	0.150367	0.136697	0.323364	4.21989	2.76
105.553	7.83674	228.047	0.150232	0.136575	0.31347	4.2221	2.8
105.615	7.5975	227.929	0.150102	0.136456	0.3039	4.22459	2.84
105.683	7.36611	227.806	0.149976	0.136342	0.294644	4.22731	2.88
105.756	7.1423	227.679	0.149854	0.136231	0.285692	4.23025	2.92
105.834	6.92582	227.549	0.149736	0.136124	0.277033	4.23337	2.96
105.916	6.71642	227.417	0.149622	0.13602	0.268657	4.23666	3
106.002	6.51385	227.282	0.149511	0.135919	0.260554	4.24009	3.04
106.091	6.31789	227.145	0.149404	0.135822	0.252716	4.24365	3.08
106.183	6.12831	227.008	0.1493	0.135727	0.245132	4.24731	3.12
106.277	5.94488	226.869	0.1492	0.135636	0.237795	4.25106	3.16
106.372	5.7674	226.729	0.149102	0.135548	0.230696	4.25489	3.2
106.47	5.59566	226.59	0.149008	0.135462	0.223826	4.25879	3.24
106.568	5.42946	226.45	0.148917	0.135379	0.217178	4.26273	3.28
106.668	5.2686	226.31	0.148828	0.135299	0.210744	4.26671	3.32
106.768	5.11291	226.171	0.148743	0.135221	0.204516	4.27071	3.36
106.868	4.96219	226.033	0.14866	0.135145	0.198488	4.27474	3.4
106.969	4.81629	225.896	0.14858	0.135072	0.192652	4.27877	3.44
107.07	4.67503	225.759	0.148502	0.135002	0.187001	4.28281	3.48
107.171	4.53826	225.624	0.148427	0.134933	0.18153	4.28684	3.52
107.271	4.40581	225.49	0.148354	0.134867	0.176232	4.29086	3.56
107.371	4.27754	225.358	0.148283	0.134803	0.171101	4.29486	3.6
107.471	4.1533	225.227	0.148215	0.134741	0.166132	4.29883	3.64
107.57	4.03295	225.099	0.148148	0.13468	0.161318	4.30278	3.68
107.667	3.91637	224.971	0.148084	0.134622	0.156655	4.3067	3.72
107.764	3.80342	224.846	0.148022	0.134566	0.152137	4.31058	3.76
107.86	3.69398	224.723	0.147962	0.134511	0.147759	4.31441	3.8
107.955	3.58792	224.601	0.147904	0.134458	0.143517	4.31821	3.84
108.049	3.48514	224.482	0.147847	0.134407	0.139406	4.32196	3.88
108.142	3.38552	224.365	0.147793	0.134357	0.135421	4.32566	3.92
108.233	3.28895	224.25	0.14774	0.134309	0.131558	4.32932	3.96
108.323	3.19534	224.137	0.147688	0.134262	0.127814	4.33292	4
108.412	3.10458	224.026	0.147639	0.134217	0.124183	4.33646	4.04
108.499	3.01658	223.918	0.147591	0.134173	0.120663	4.33996	4.08
108.585	2.93125	223.811	0.147544	0.134131	0.11725	4.34339	4.12
108.669	2.84849	223.707	0.147499	0.13409	0.11394	4.34678	4.16
108.752	2.76822	223.605	0.147455	0.13405	0.110729	4.3501	4.2
108.834	2.69037	223.505	0.147413	0.134012	0.107615	4.35337	4.24
108.914	2.61484	223.408	0.147372	0.133975	0.104594	4.35658	4.28
108.993	2.54157	223.312	0.147333	0.133939	0.101663	4.35973	4.32
109.07	2.47048	223.219	0.147294	0.133904	0.0988191	4.36282	4.36
109.146	2.4015	223.128	0.147257	0.13387	0.0960598	4.36585	4.4
109.221	2.33456	223.039	0.147221	0.133838	0.0933822	4.36883	4.44
109.294	2.26959	222.952	0.147187	0.133806	0.0907836	4.37175	4.48
109.365	2.20654	222.867	0.147153	0.133776	0.0882615	4.37461	4.52
109.435	2.14534	222.784	0.147121	0.133746	0.0858134	4.37742	4.56
109.504	2.08592	222.704	0.147089	0.133718	0.083437	4.38017	4.6
109.572	2.02825	222.625	0.147059	0.13369	0.0811299	4.38286	4.64
109.637	1.97225	222.548	0.14703	0.133663	0.07889	4.3855	4.68
109.702	1.91788	222.473	0.147001	0.133637	0.0767152	4.38808	4.72
109.765	1.86509	222.401	0.146974	0.133612	0.0746034	4.39061	4.76
109.827	1.81382	222.33	0.146947	0.133588	0.0725527	4.39308	4.8
109.888	1.76403	222.261	0.146921	0.133565	0.070561	4.39551	4.84
109.947	1.71567	222.193	0.146897	0.133542	0.0686267	4.39788	4.88
110.005	1.6687	222.128	0.146873	0.133521	0.0667478	4.4002	4.92
110.062	1.62307	222.064	0.146849	0.1335	0.0649228	4.40247	4.96
110.117	1.57875	222.002	0.146827	0.133479	0.0631499	4.40469	5
110.171	1.53569	221.942	0.146806	0.13346	0.0614275	4.40686	5.04
110.225	1.49385	221.883	0.146785	0.133441	0.0597542	4.40898	5.08
110.277	1.45321	221.826	0.146765	0.133422	0.0581283	4.41106	5.12
110.327	1.41371	221.771	0.146745	0.133405	0.0565485	4.41309	5.16
110.377	1.37533	221.717	0.146726	0.133388	0.0550133	4.41508	5.2
110.426	1.33804	221.665	0.146708	0.133371	0.0535214	4.41702	5.24
110.473	1.30179	221.614	0.146691	0.133355	0.0520716	4.41892	5.28
110.519	1.26656	221.564	0.146674	0.13334	0.0506625	4.42078	5.32
110.565	1.23232	221.517	0.146658	0.133325	0.0492929	4.42259	5.36
110.609	1.19904	221.47	0.146642	0.133311	0.0479616	4.42437	5.4
110.653	1.16669	221.425	0.146627	0.133298	0.0466676	4.4261	5.44
110.695	1.13524	221.381	0.146613	0.133285	0.0454097	4.4278	5.48
110.736	1.10467	221.339	0.146599	0.133272	0.0441868	4.42945	5.52
110.777	1.07495	221.298	0.146586	0.13326	0.0429979	4.43108	5.56
110.816	1.04605	221.258	0.146573	0.133248	0.041842	4.43266	5.6
110.855	1.01795	221.219	0.146561	0.133237	0.0407181	4.43421	5.64
110.893	0.990634	221.182	0.146549	0.133226	0.0396254	4.43572	5.68
110.93	0.96407	221.145	0.146537	0.133216	0.0385628	4.4372	5.72
110.966	0.938238	221.11	0.146527	0.133206	0.0375295	4.43865	5.76
111.002	0.913118	221.076	0.146516	0.133196	0.0365247	4.44006	5.8
111.036	0.888689	221.043	0.146506	0.133187	0.0355476	4.44144	5.84
111.07	0.864932	221.012	0.146496	0.133179	0.0345973	4.4428	5.88
111.103	0.841825	220.981	0.146487	0.13317	0.033673	4.44412	5.92
111.135	0.819352	220.951	0.146478	0.133162	0.0327741	4.44541	5.96
111.167	0.797494	220.922	0.14647	0.133155	0.0318997	4.44667	6
111.198	0.776233	220.894	0.146462	0.133147	0.0310493	4.44791	6.04
111.228	0.755552	220.867	0.146454	0.13314	0.0302221	4.44912	6.08
111.257	0.735434	220.841	0.146447	0.133134	0.0294174	4.4503	6.12
111.286	0.715865	220.816	0.14644	0.133127	0.0286346	4.45145	6.16
111.315	0.696827	220.792	0.146434	0.133121	0.0278731	4.45258	6.2
111.342	0.678307	220.769	0.146427	0.133116	0.0271323	4.45369	6.24
111.369	0.660289	220.746	0.146421	0.13311	0.0264116	4.45477	6.28
111.396	0.642759	220.725	0.146416	0.133105	0.0257104	4.45583	6.32
111.422	0.625704	220.704	0.14641	0.1331	0.0250282	4.45686	6.36
111.447	0.609111	220.684	0.146405	0.133096	0.0243644	4.45787	6.4
111.472	0.592965	220.664	0.146401	0.133091	0.0237186	4.45886	6.44
111.496	0.577256	220.645	0.146396	0.133087	0.0230902	4.45983	6.48
111.52	0.56197	220.628	0.146392	0.133084	0.0224788	4.46078	6.52
111.543	0.547096	220.61	0.146388	0.13308	0.0218838	4.46171	6.56
111.565	0.532622	220.594	0.146384	0.133077	0.0213049	4.46262	6.6
111.588	0.518537	220.578	0.146381	0.133074	0.0207415	4.46351	6.64
111.609	0.504831	220.562	0.146378	0.133071	0.0201933	4.46438	6.68
111.631	0.491493	220.548	0.146375	0.133068	0.0196597	4.46523	6.72
111.652	0.478513	220.534	0.146372	0.133066	0.0191405	4.46607	6.76
111.672	0.465881	220.52	0.14637	0.133063	0.0186352	4.46689	6.8
111.692	0.453587	220.508	0.146367	0.133061	0.0181435	4.46769	6.84
111.712	0.441622	220.495	0.146365	0.133059	0.0176649	4.46847	6.88
111.731	0.429977	220.483	0.146364	0.133058	0.0171991	4.46924	6.92
111.75	0.418643	220.472	0.146362	0.133056	0.0167457	4.46999	6.96
111.768	0.407612	220.462	0.146361	0.133055	0.0163045	4.47073	7
111.786	0.396875	220.451	0.146359	0.133054	0.015875	4.47146	7.04
111.804	0.386425	220.442	0.146358	0.133053	0.015457	4.47216	7.08
111.822	0.376253	220.433	0.146357	0.133052	0.0150501	4.47286	7.12
111.839	0.366352	220.424	0.146357	0.133052	0.0146541	4.47354	7.16
111.855	0.356715	220.416	0.146356	0.133051	0.0142686	4.47421	7.2
111.872	0.347334	220.408	0.146356	0.133051	0.0138933	4.47487	7.24
111.888	0.338202	220.4	0.146356	0.133051	0.0135281	4.47551	7.28
111.904	0.329313	220.393	0.146356	0.133051	0.0131725	4.47614	7.32
111.919	0.32066	220.387	0.146356	0.133051	0.0128264	4.47676	7.36
111.934	0.312237	220.381	0.146356	0.133051	0.0124895	4.47737	7.4
111.949	0.304037	220.375	0.146356	0.133051	0.0121615	4.47796	7.44
111.964	0.296055	220.37	0.146357	0.133052	0.0118422	4.47855	7.48
111.978	0.288284	220.365	0.146358	0.133052	0.0115313	4.47912	7.52
111.992	0.280719	220.36	0.146358	0.133053	0.0112287	4.47969	7.56
112.006	0.273354	220.356	0.146359	0.133054	0.0109342	4.48024	7.6
112.02	0.266184	220.352	0.146361	0.133055	0.0106474	4.48078	7.64
112.033	0.259204	220.348	0.146362	0.133056	0.0103682	4.48132	7.68
112.046	0.252408	220.345	0.146363	0.133057	0.0100963	4.48184	7.72
112.059	0.245792	220.342	0.146365	0.133059	0.00983168	4.48236	7.76
112.072	0.239351	220.339	0.146366	0.13306	0.00957403	4.48287	7.8
112.084	0.23308	220.337	0.146368	0.133062	0.00932318	4.48337	7.84
112.096	0.226974	220.335	0.14637	0.133063	0.00907895	4.48386	7.88
112.108	0.221029	220.333	0.146372	0.133065	0.00884117	4.48434	7.92
112.12	0.215241	220.332	0.146374	0.133067	0.00860966	4.48481	7.96
112.132	0.209606	220.33	0.146376	0.133069	0.00838425	4.48528	8
112.143	0.20412	220.329	0.146378	0.133071	0.00816478	4.48574	8.04
112.155	0.198777	220.329	0.14638	0.133073	0.00795109	4.48619	8.08
112.166	0.193576	220.328	0.146383	0.133075	0.00774304	4.48663	8.12
112.177	0.188511	220.328	0.146385	0.133077	0.00754046	4.48707	8.16
112.188	0.18358	220.328	0.146388	0.13308	0.00734321	4.4875	8.2
112.198	0.178779	220.328	0.14639	0.133082	0.00715115	4.48793	8.24
112.209	0.174104	220.329	0.146393	0.133085	0.00696414	4.48834	8.28
112.219	0.169551	220.329	0.146396	0.133087	0.00678205	4.48875	8.32
112.229	0.165119	220.33	0.146399	0.13309	0.00660475	4.48916	8.36
112.239	0.160803	220.331	0.146402	0.133092	0.00643211	4.48956	8.4
112.249	0.1566	220.333	0.146405	0.133095	0.006264	4.48995	8.44
112.258	0.152508	220.334	0.146408	0.133098	0.00610031	4.49034	8.48
112.268	0.148523	220.336	0.146411	0.133101	0.00594091	4.49072	8.52
112.277	0.144643	220.338	0.146414	0.133104	0.00578571	4.4911	8.56
112.287	0.140864	220.34	0.146418	0.133107	0.00563457	4.49147	8.6
112.296	0.137185	220.342	0.146421	0.13311	0.0054874	4.49184	8.64
112.305	0.133602	220.345	0.146425	0.133113	0.00534409	4.4922	8.68
112.314	0.130114	220.347	0.146428	0.133116	0.00520454	4.49256	8.72
112.323	0.126716	220.35	0.146432	0.13312	0.00506865	4.49291	8.76
112.331	0.123408	220.353	0.146435	0.133123	0.00493632	4.49326	8.8
112.34	0.120187	220.356	0.146439	0.133126	0.00480746	4.4936	8.84
112.349	0.117049	220.359	0.146443	0.13313	0.00468198	4.49394	8.88
112.357	0.113995	220.362	0.146447	0.133133	0.00455978	4.49428	8.92
112.365	0.11102	220.366	0.146451	0.133137	0.00444079	4.49461	8.96
112.373	0.108123	220.37	0.146454	0.13314	0.00432491	4.49493	9
112.381	0.105302	220.373	0.146458	0.133144	0.00421206	4.49526	9.04
112.389	0.102554	220.377	0.146462	0.133148	0.00410217	4.49558	9.08
112.397	0.0998789	220.381	0.146467	0.133151	0.00399516	4.49589	9.12
112.405	0.0972736	220.385	0.146471	0.133155	0.00389094	4.4962	9.16
112.413	0.0947364	220.39	0.146475	0.133159	0.00378946	4.49651	9.2
112.42	0.0922656	220.394	0.146479	0.133163	0.00369063	4.49682	9.24
112.428	0.0898595	220.399	0.146483	0.133167	0.00359438	4.49712	9.28
112.436	0.0875162	220.403	0.146488	0.133171	0.00350065	4.49742	9.32
112.443	0.0852343	220.408	0.146492	0.133174	0.00340937	4.49772	9.36
112.45	0.083012	220.413	0.146496	0.133178	0.00332048	4.49801	9.4
112.457	0.0808478	220.418	0.146501	0.133182	0.00323391	4.4983	9.44
112.465	0.0787402	220.423	0.146505	0.133187	0.00314961	4.49859	9.48
112.472	0.0766876	220.428	0.14651	0.133191	0.0030675	4.49887	9.52
112.479	0.0746887	220.433	0.146514	0.133195	0.00298755	4.49915	9.56
112.486	0.072742	220.439	0.146519	0.133199	0.00290968	4.49943	9.6
112.493	0.0708462	220.444	0.146523	0.133203	0.00283385	4.49971	9.64
112.5	0.0689999	220.45	0.146528	0.133207	0.00275999	4.49998	9.68
112.506	0.0672018	220.455	0.146533	0.133211	0.00268807	4.50025	9.72
112.513	0.0654507	220.461	0.146537	0.133216	0.00261803	4.50052	9.76
112.52	0.0637452	220.467	0.146542	0.13322	0.00254981	4.50079	9.8
112.526	0.0620844	220.472	0.146547	0.133224	0.00248337	4.50105	9.84
112.533	0.0604669	220.478	0.146552	0.133229	0.00241867	4.50131	9.88
112.539	0.0588916	220.484	0.146556	0.133233	0.00235566	4.50157	9.92
112.546	0.0573574	220.49	0.146561	0.133237	0.0022943	4.50183	9.96
112.552	0.0558632	220.497	0.146566	0.133242	0.00223453	4.50209	10
112.559	0.0544081	220.503	0.146571	0.133246	0.00217632	4.50234	10.04
112.565	0.0529909	220.509	0.146576	0.133251	0.00211964	4.50259	10.08
112.571	0.0516107	220.515	0.146581	0.133255	0.00206443	4.50284	10.12
112.577	0.0502665	220.522	0.146586	0.13326	0.00201066	4.50309	10.16
112.583	0.0489574	220.528	0.146591	0.133264	0.0019583	4.50334	10.2
112.59	0.0476824	220.535	0.146596	0.133269	0.0019073	4.50358	10.24
112.596	0.0464407	220.542	0.146601	0.133273	0.00185763	4.50383	10.28
112.602	0.0452314	220.548	0.146606	0.133278	0.00180925	4.50407	10.32
112.608	0.0440535	220.555	0.146611	0.133283	0.00176214	4.50431	10.36
112.614	0.0429065	220.562	0.146616	0.133287	0.00171626	4.50455	10.4
112.62	0.0417893	220.569	0.146621	0.133292	0.00167157	4.50478	10.44
112.625	0.0407012	220.575	0.146626	0.133297	0.00162805	4.50502	10.48
112.631	0.0396415	220.582	0.146631	0.133301	0.00158566	4.50525	10.52
112.637	0.0386095	220.589	0.146637	0.133306	0.00154438	4.50548	10.56
112.643	0.0376043	220.596	0.146642	0.133311	0.00150417	4.50572	10.6
112.649	0.0366253	220.603	0.146647	0.133315	0.00146501	4.50595	10.64
112.654	0.0356719	220.611	0.146652	0.13332	0.00142688	4.50617	10.68
112.66	0.0347433	220.618	0.146657	0.133325	0.00138973	4.5064	10.72
112.666	0.0338389	220.625	0.146663	0.13333	0.00135356	4.50663	10.76
112.671	0.0329581	220.632	0.146668	0.133335	0.00131832	4.50685	10.8
112.677	0.0321002	220.639	0.146673	0.133339	0.00128401	4.50708	10.84
112.682	0.0312647	220.647	0.146679	0.133344	0.00125059	4.5073	10.88
112.688	0.0304509	220.654	0.146684	0.133349	0.00121804	4.50752	10.92
112.694	0.0296584	220.662	0.146689	0.133354	0.00118633	4.50774	10.96
112.699	0.0288865	220.669	0.146695	0.133359	0.00115546	4.50796	11
112.704	0.0281347	220.676	0.1467	0.133364	0.00112539	4.50818	11.04
112.71	0.0274024	220.684	0.146705	0.133369	0.0010961	4.5084	11.08
112.715	0.0266893	220.692	0.146711	0.133373	0.00106757	4.50861	11.12
112.721	0.0259947	220.699	0.146716	0.133378	0.00103979	4.50883	11.16
112.726	0.0253183	220.707	0.146722	0.133383	0.00101273	4.50904	11.2
112.731	0.0246594	220.714	0.146727	0.133388	0.000986376	4.50926	11.24
112.737	0.0240177	220.722	0.146732	0.133393	0.000960708	4.50947	11.28
112.742	0.0233927	220.73	0.146738	0.133398	0.000935709	4.50968	11.32
112.747	0.022784	220.738	0.146743	0.133403	0.00091136	4.50989	11.36
112.753	0.0221911	220.745	0.146749	0.133408	0.000887646	4.5101	11.4
112.758	0.0216137	220.753	0.146754	0.133413	0.000864549	4.51031	11.44
112.763	0.0210513	220.761	0.14676	0.133418	0.000842053	4.51052	11.48
112.768	0.0205036	220.769	0.146765	0.133423	0.000820144	4.51073	11.52
112.773	0.0199701	220.777	0.146771	0.133428	0.000798804	4.51094	11.56
112.779	0.0194505	220.785	0.146776	0.133433	0.000778021	4.51114	11.6
112.784	0.0189444	220.792	0.146782	0.133438	0.000757778	4.51135	11.64
112.789	0.0184516	220.8	0.146787	0.133443	0.000738062	4.51156	11.68
112.794	0.0179715	220.808	0.146793	0.133448	0.00071886	4.51176	11.72
112.799	0.0175039	220.816	0.146799	0.133453	0.000700157	4.51196	11.76
112.804	0.0170485	220.824	0.146804	0.133458	0.000681942	4.51217	11.8
112.809	0.016605	220.832	0.14681	0.133463	0.0006642	4.51237	11.84
112.814	0.016173	220.841	0.146815	0.133468	0.00064692	4.51257	11.88
112.819	0.0157523	220.849	0.146821	0.133473	0.00063009	4.51277	11.92
112.824	0.0153425	220.857	0.146826	0.133479	0.000613699	4.51298	11.96
112.829	0.0149433	220.865	0.146832	0.133484	0.000597733	4.51318	12
112.834	0.0145546	220.873	0.146838	0.133489	0.000582184	4.51338	12.04
112.839	0.014176	220.881	0.146843	0.133494	0.000567039	4.51358	12.08
112.844	0.0138072	220.889	0.146849	0.133499	0.000552288	4.51378	12.12
112.849	0.013448	220.898	0.146855	0.133504	0.000537921	4.51397	12.16
112.854	0.0130982	220.906	0.14686	0.133509	0.000523928	4.51417	12.2
112.859	0.0127575	220.914	0.146866	0.133514	0.000510299	4.51437	12.24
112.864	0.0124256	220.922	0.146871	0.13352	0.000497025	4.51457	12.28
112.869	0.0121024	220.93	0.146877	0.133525	0.000484096	4.51476	12.32
112.874	0.0117876	220.939	0.146883	0.13353	0.000471504	4.51496	12.36
112.879	0.011481	220.947	0.146888	0.133535	0.000459239	4.51516	12.4
112.884	0.0111823	220.955	0.146894	0.13354	0.000447294	4.51535	12.44
112.889	0.0108915	220.964	0.1469	0.133545	0.000435659	4.51555	12.48
112.894	0.0106082	220.972	0.146906	0.13355	0.000424327	4.51574	12.52
112.898	0.0103322	220.98	0.146911	0.133556	0.00041329	4.51594	12.56
112.903	0.0100635	220.989	0.146917	0.133561	0.00040254	4.51613	12.6
112.908	0.00980174	220.997	0.146923	0.133566	0.00039207	4.51633	12.64
112.913	0.0095468	221.005	0.146928	0.133571	0.000381872	4.51652	12.68
112.918	0.00929849	221.014	0.146934	0.133576	0.000371939	4.51671	12.72
112.923	0.00905663	221.022	0.14694	0.133582	0.000362265	4.51691	12.76
112.927	0.00882108	221.031	0.146945	0.133587	0.000352843	4.5171	12.8
112.932	0.00859164	221.039	0.146951	0.133592	0.000343666	4.51729	12.84
112.937	0.00836818	221.048	0.146957	0.133597	0.000334727	4.51748	12.88
112.942	0.00815054	221.056	0.146963	0.133602	0.000326021	4.51767	12.92
112.947	0.00793855	221.064	0.146968	0.133608	0.000317542	4.51787	12.96
112.951	0.00773208	221.073	0.146974	0.133613	0.000309283	4.51806	13
112.956	0.00753098	221.081	0.14698	0.133618	0.000301239	4.51825	13.04
112.961	0.00733511	221.09	0.146986	0.133623	0.000293404	4.51844	13.08
112.966	0.00714434	221.098	0.146991	0.133628	0.000285774	4.51863	13.12
112.97	0.00695853	221.107	0.146997	0.133634	0.000278341	4.51882	13.16
112.975	0.00677755	221.115	0.147003	0.133639	0.000271102	4.51901	13.2
112.98	0.00660129	221.124	0.147009	0.133644	0.000264051	4.5192	13.24
112.985	0.0064296	221.132	0.147014	0.133649	0.000257184	4.51939	13.28
112.989	0.00626238	221.141	0.14702	0.133655	0.000250495	4.51958	13.32
112.994	0.00609952	221.15	0.147026	0.13366	0.000243981	4.51977	13.36
112.999	0.00594089	221.158	0.147032	0.133665	0.000237635	4.51995	13.4
113.004	0.00578638	221.167	0.147037	0.13367	0.000231455	4.52014	13.44
113.008	0.0056359	221.175	0.147043	0.133676	0.000225436	4.52033	13.48
113.013	0.00548933	221.184	0.147049	0.133681	0.000219573	4.52052	13.52
113.018	0.00534657	221.192	0.147055	0.133686	0.000213863	4.52071	13.56
113.022	0.00520752	221.201	0.147061	0.133691	0.000208301	4.5209	13.6
113.027	0.00507209	221.21	0.147066	0.133697	0.000202884	4.52108	13.64
113.032	0.00494019	221.218	0.147072	0.133702	0.000197607	4.52127	13.68
113.036	0.00481171	221.227	0.147078	0.133707	0.000192468	4.52146	13.72
113.041	0.00468658	221.236	0.147084	0.133713	0.000187463	4.52164	13.76
113.046	0.0045647	221.244	0.14709	0.133718	0.000182588	4.52183	13.8
113.05	0.00444599	221.253	0.147095	0.133723	0.00017784	4.52202	13.84
113.055	0.00433037	221.261	0.147101	0.133728	0.000173215	4.52221	13.88
113.06	0.00421776	221.27	0.147107	0.133734	0.00016871	4.52239	13.92
113.064	0.00410807	221.279	0.147113	0.133739	0.000164323	4.52258	13.96
113.069	0.00400124	221.287	0.147119	0.133744	0.00016005	4.52276	14
113.074	0.00389718	221.296	0.147124	0.133749	0.000155887	4.52295	14.04
113.078	0.00379584	221.305	0.14713	0.133755	0.000151833	4.52314	14.08
113.083	0.00369713	221.313	0.147136	0.13376	0.000147885	4.52332	14.12
113.088	0.00360098	221.322	0.147142	0.133765	0.000144039	4.52351	14.16
113.092	0.00350734	221.331	0.147148	0.133771	0.000140294	4.52369	14.2
113.097	0.00341613	221.339	0.147154	0.133776	0.000136645	4.52388	14.24
113.102	0.00332729	221.348	0.147159	0.133781	0.000133092	4.52407	14.28
113.106	0.00324077	221.357	0.147165	0.133787	0.000129631	4.52425	14.32
113.111	0.00315649	221.366	0.147171	0.133792	0.00012626	4.52444	14.36
113.116	0.00307441	221.374	0.147177	0.133797	0.000122976	4.52462	14.4
113.12	0.00299446	221.383	0.147183	0.133802	0.000119778	4.52481	14.44
113.125	0.00291659	221.392	0.147189	0.133808	0.000116664	4.52499	14.48
113.129	0.00284075	221.4	0.147194	0.133813	0.00011363	4.52518	14.52
113.134	0.00276687	221.409	0.1472	0.133818	0.000110675	4.52536	14.56
113.139	0.00269492	221.418	0.147206	0.133824	0.000107797	4.52554	14.6
113.143	0.00262484	221.427	0.147212	0.133829	0.000104994	4.52573	14.64
113.148	0.00255659	221.435	0.147218	0.133834	0.000102263	4.52591	14.68
113.152	0.0024901	221.444	0.147224	0.13384	9.96042e-05	4.5261	14.72
113.157	0.00242535	221.453	0.147229	0.133845	9.70141e-05	4.52628	14.76
113.162	0.00236228	221.462	0.147235	0.13385	9.44913e-05	4.52647	14.8
113.166	0.00230085	221.47	0.147241	0.133856	9.20342e-05	4.52665	14.84
113.171	0.00224102	221.479	0.147247	0.133861	8.96409e-05	4.52683	14.88
113.175	0.00218275	221.488	0.147253	0.133866	8.73099e-05	4.52702	14.92
113.18	0.00212599	221.497	0.147259	0.133871	8.50395e-05	4.5272	14.96
113.185	0.0020707	221.505	0.147264	0.133877	8.28282e-05	4.52739	15
113.189	0.00201686	221.514	0.14727	0.133882	8.06743e-05	4.52757	15.04
113.194	0.00196441	221.523	0.147276	0.133887	7.85765e-05	4.52775	15.08
113.198	0.00191333	221.532	0.147282	0.133893	7.65332e-05	4.52794	15.12
113.203	0.00186358	221.54	0.147288	0.133898	7.45431e-05	4.52812	15.16
113.208	0.00181512	221.549	0.147294	0.133903	7.26047e-05	4.5283	15.2
113.212	0.00176792	221.558	0.1473	0.133909	7.07167e-05	4.52849	15.24
113.217	0.00172195	221.567	0.147305	0.133914	6.88778e-05	4.52867	15.28
113.221	0.00167717	221.575	0.147311	0.133919	6.70867e-05	4.52886	15.32
113.226	0.00163356	221.584	0.147317	0.133925	6.53423e-05	4.52904	15.36
113.231	0.00159108	221.593	0.147323	0.13393	6.36431e-05	4.52922	15.4
113.235	0.0015497	221.602	0.147329	0.133935	6.19882e-05	4.52941	15.44
113.24	0.00150941	221.611	0.147335	0.133941	6.03763e-05	4.52959	15.48
113.244	0.00147016	221.619	0.147341	0.133946	5.88063e-05	4.52977	15.52
113.249	0.00143193	221.628	0.147347	0.133951	5.72772e-05	4.52995	15.56
113.253	0.00139469	221.637	0.147352	0.133957	5.57878e-05	4.53014	15.6
113.258	0.00135843	221.646	0.147358	0.133962	5.43371e-05	4.53032	15.64
113.263	0.0013231	221.655	0.147364	0.133967	5.29242e-05	4.5305	15.68
113.267	0.0012887	221.663	0.14737	0.133973	5.1548e-05	4.53069	15.72
113.272	0.00125519	221.672	0.147376	0.133978	5.02076e-05	4.53087	15.76
113.276	0.00122255	221.681	0.147382	0.133983	4.8902e-05	4.53105	15.8
113.281	0.00119076	221.69	0.147388	0.133989	4.76304e-05	4.53123	15.84
113.285	0.0011598	221.699	0.147394	0.133994	4.63919e-05	4.53142	15.88
113.29	0.00112964	221.707	0.147399	0.133999	4.51855e-05	4.5316	15.92
113.295	0.00110026	221.716	0.147405	0.134005	4.40106e-05	4.53178	15.96
113.299	0.00107165	221.725	0.147411	0.13401	4.28662e-05	4.53197	16
113.304	0.00104379	221.734	0.147417	0.134015	4.17515e-05	4.53215	16.04
113.308	0.00101665	221.743	0.147423	0.134021	4.06659e-05	4.53233	16.08
113.313	0.000990211	221.752	0.147429	0.134026	3.96084e-05	4.53251	16.12
113.317	0.000964463	221.76	0.147435	0.134031	3.85785e-05	4.5327	16.16
113.322	0.000939384	221.769	0.147441	0.134037	3.75754e-05	4.53288	16.2
113.327	0.000914957	221.778	0.147446	0.134042	3.65983e-05	4.53306	16.24
113.331	0.000891166	221.787	0.147452	0.134048	3.56466e-05	4.53324	16.28
113.336	0.000867993	221.796	0.147458	0.134053	3.47197e-05	4.53343	16.32
113.34	0.000845423	221.804	0.147464	0.134058	3.38169e-05	4.53361	16.36
113.345	0.000823439	221.813	0.14747	0.134064	3.29376e-05	4.53379	16.4
113.349	0.000802028	221.822	0.147476	0.134069	3.20811e-05	4.53397	16.44
113.354	0.000781173	221.831	0.147482	0.134074	3.12469e-05	4.53416	16.48
113.358	0.00076086	221.84	0.147488	0.13408	3.04344e-05	4.53434	16.52
113.363	0.000741076	221.849	0.147493	0.134085	2.9643e-05	4.53452	16.56
113.368	0.000721806	221.858	0.147499	0.13409	2.88722e-05	4.5347	16.6
113.372	0.000703037	221.866	0.147505	0.134096	2.81215e-05	4.53489	16.64
113.377	0.000684756	221.875	0.147511	0.134101	2.73902e-05	4.53507	16.68
113.381	0.000666951	221.884	0.147517	0.134106	2.6678e-05	4.53525	16.72
113.386	0.000649608	221.893	0.147523	0.134112	2.59843e-05	4.53543	16.76
113.39	0.000632717	221.902	0.147529	0.134117	2.53087e-05	4.53561	16.8
113.395	0.000616264	221.911	0.147535	0.134122	2.46506e-05	4.5358	16.84
113.399	0.00060024	221.919	0.147541	0.134128	2.40096e-05	4.53598	16.88
113.404	0.000584632	221.928	0.147546	0.134133	2.33853e-05	4.53616	16.92
113.409	0.00056943	221.937	0.147552	0.134139	2.27772e-05	4.53634	16.96
113.413	0.000554624	221.946	0.147558	0.134144	2.21849e-05	4.53653	17
113.418	0.000540202	221.955	0.147564	0.134149	2.16081e-05	4.53671	17.04
113.422	0.000526155	221.964	0.14757	0.134155	2.10462e-05	4.53689	17.08
113.427	0.000512474	221.973	0.147576	0.13416	2.0499e-05	4.53707	17.12
113.431	0.000499148	221.981	0.147582	0.134165	1.99659e-05	4.53725	17.16
113.436	0.000486169	221.99	0.147588	0.134171	1.94468e-05	4.53744	17.2
113.44	0.000473528	221.999	0.147594	0.134176	1.89411e-05	4.53762	17.24
113.445	0.000461215	222.008	0.147599	0.134181	1.84486e-05	4.5378	17.28
113.45	0.000449222	222.017	0.147605	0.134187	1.79689e-05	4.53798	17.32
113.454	0.000437541	222.026	0.147611	0.134192	1.75017e-05	4.53816	17.36
113.459	0.000426164	222.035	0.147617	0.134197	1.70466e-05	4.53835	17.4
113.463	0.000415083	222.043	0.147623	0.134203	1.66033e-05	4.53853	17.44
113.468	0.00040429	222.052	0.147629	0.134208	1.61716e-05	4.53871	17.48
113.472	0.000393777	222.061	0.147635	0.134214	1.57511e-05	4.53889	17.52
113.477	0.000383538	222.07	0.147641	0.134219	1.53415e-05	4.53907	17.56
113.481	0.000373565	222.079	0.147647	0.134224	1.49426e-05	4.53926	17.6
113.486	0.000363852	222.088	0.147653	0.13423	1.45541e-05	4.53944	17.64
113.491	0.000354391	222.097	0.147658	0.134235	1.41756e-05	4.53962	17.68
113.495	0.000345176	222.105	0.147664	0.13424	1.3807e-05	4.5398	17.72
113.5	0.0003362	222.114	0.14767	0.134246	1.3448e-05	4.53998	17.76
113.504	0.000327458	222.123	0.147676	0.134251	1.30983e-05	4.54017	17.8
113.509	0.000318944	222.132	0.147682	0.134256	1.27577e-05	4.54035	17.84
113.513	0.00031065	222.141	0.147688	0.134262	1.2426e-05	4.54053	17.88
113.518	0.000302573	222.15	0.147694	0.134267	1.21029e-05	4.54071	17.92
113.522	0.000294705	222.159	0.1477	0.134273	1.17882e-05	4.54089	17.96
113.527	0.000287042	222.167	0.147706	0.134278	1.14817e-05	4.54108	18
113.531	0.000279578	222.176	0.147712	0.134283	1.11831e-05	4.54126	18.04
113.536	0.000272309	222.185	0.147717	0.134289	1.08923e-05	4.54144	18.08
113.541	0.000265228	222.194	0.147723	0.134294	1.06091e-05	4.54162	18.12
113.545	0.000258331	222.203	0.147729	0.134299	1.03333e-05	4.5418	18.16
113.55	0.000251614	222.212	0.147735	0.134305	1.00646e-05	4.54199	18.2
113.554	0.000245072	222.221	0.147741	0.13431	9.80287e-06	4.54217	18.24
113.559	0.000238699	222.23	0.147747	0.134315	9.54797e-06	4.54235	18.28
113.563	0.000232493	222.238	0.147753	0.134321	9.2997e-06	4.54253	18.32
113.568	0.000226447	222.247	0.147759	0.134326	9.05789e-06	4.54271	18.36
113.572	0.000220559	222.256	0.147765	0.134332	8.82236e-06	4.5429	18.4
113.577	0.000214824	222.265	0.147771	0.134337	8.59296e-06	4.54308	18.44
113.582	0.000209238	222.274	0.147777	0.134342	8.36952e-06	4.54326	18.48
113.586	0.000203797	222.283	0.147782	0.134348	8.1519e-06	4.54344	18.52
113.591	0.000198498	222.292	0.147788	0.134353	7.93993e-06	4.54362	18.56
113.595	0.000193337	222.301	0.147794	0.134358	7.73347e-06	4.54381	18.6
113.6	0.00018831	222.31	0.1478	0.134364	7.53239e-06	4.54399	18.64
113.604	0.000183413	222.318	0.147806	0.134369	7.33653e-06	4.54417	18.68
113.609	0.000178644	222.327	0.147812	0.134375	7.14576e-06	4.54435	18.72
113.613	0.000173999	222.336	0.147818	0.13438	6.95996e-06	4.54453	18.76
113.618	0.000169475	222.345	0.147824	0.134385	6.77898e-06	4.54472	18.8
113.622	0.000165068	222.354	0.14783	0.134391	6.60271e-06	4.5449	18.84
113.627	0.000160776	222.363	0.147836	0.134396	6.43103e-06	4.54508	18.88
113.632	0.000156595	222.372	0.147842	0.134401	6.26381e-06	4.54526	18.92
113.636	0.000152523	222.381	0.147847	0.134407	6.10094e-06	4.54544	18.96
113.641	0.000148557	222.389	0.147853	0.134412	5.9423e-06	4.54563	19
113.645	0.000144695	222.398	0.147859	0.134417	5.78779e-06	4.54581	19.04
113.65	0.000140932	222.407	0.147865	0.134423	5.63729e-06	4.54599	19.08
113.654	0.000137268	222.416	0.147871	0.134428	5.49071e-06	4.54617	19.12
113.659	0.000133698	222.425	0.147877	0.134434	5.34794e-06	4.54635	19.16
113.663	0.000130222	222.434	0.147883	0.134439	5.20888e-06	4.54654	19.2
113.668	0.000126836	222.443	0.147889	0.134444	5.07344e-06	4.54672	19.24
113.673	0.000123538	222.452	0.147895	0.13445	4.94152e-06	4.5469	19.28
113.677	0.000120326	222.461	0.147901	0.134455	4.81303e-06	4.54708	19.32
113.682	0.000117197	222.469	0.147907	0.13446	4.68788e-06	4.54726	19.36
113.686	0.00011415	222.478	0.147912	0.134466	4.56598e-06	4.54745	19.4
113.691	0.000111181	222.487	0.147918	0.134471	4.44726e-06	4.54763	19.44
113.695	0.00010829	222.496	0.147924	0.134477	4.33162e-06	4.54781	19.48
113.7	0.000105475	222.505	0.14793	0.134482	4.21899e-06	4.54799	19.52
113.704	0.000102732	222.514	0.147936	0.134487	4.10929e-06	4.54817	19.56
113.709	0.000100061	222.523	0.147942	0.134493	4.00243e-06	4.54836	19.6
113.713	9.74591e-05	222.532	0.147948	0.134498	3.89836e-06	4.54854	19.64
113.718	9.49249e-05	222.541	0.147954	0.134503	3.797e-06	4.54872	19.68
113.723	9.24567e-05	222.55	0.14796	0.134509	3.69827e-06	4.5489	19.72
113.727	9.00526e-05	222.558	0.147966	0.134514	3.6021e-06	4.54908	19.76
113.732	8.7711e-05	222.567	0.147972	0.13452	3.50844e-06	4.54927	19.8
113.736	8.54304e-05	222.576	0.147978	0.134525	3.41721e-06	4.54945	19.84
113.741	8.3209e-05	222.585	0.147983	0.13453	3.32836e-06	4.54963	19.88
113.745	8.10454e-05	222.594	0.147989	0.134536	3.24182e-06	4.54981	19.92
113.75	7.8938e-05	222.603	0.147995	0.134541	3.15752e-06	4.55	19.96
113.754	7.68855e-05	222.612	0.148001	0.134547	3.07542e-06	4.55018	20
113.759	7.48863e-05	222.621	0.148007	0.134552	2.99545e-06	4.55036	20.04
113.764	7.29391e-05	222.63	0.148013	0.134557	2.91756e-06	4.55054	20.08
113.768	7.10425e-05	222.639	0.148019	0.134563	2.8417e-06	4.55072	20.12
113.773	6.91953e-05	222.647	0.148025	0.134568	2.76781e-06	4.55091	20.16
113.777	6.7396e-05	222.656	0.148031	0.134573	2.69584e-06	4.55109	20.2
113.782	6.56436e-05	222.665	0.148037	0.134579	2.62574e-06	4.55127	20.24
113.786	6.39367e-05	222.674	0.148043	0.134584	2.55747e-06	4.55145	20.28
113.791	6.22742e-05	222.683	0.148049	0.13459	2.49097e-06	4.55163	20.32
113.795	6.0655e-05	222.692	0.148054	0.134595	2.4262e-06	4.55182	20.36
113.8	5.90778e-05	222.701	0.14806	0.1346	2.36311e-06	4.552	20.4
113.805	5.75417e-05	222.71	0.148066	0.134606	2.30167e-06	4.55218	20.44
113.809	5.60455e-05	222.719	0.148072	0.134611	2.24182e-06	4.55236	20.48
113.814	5.45882e-05	222.728	0.148078	0.134616	2.18353e-06	4.55254	20.52
113.818	5.31688e-05	222.736	0.148084	0.134622	2.12675e-06	4.55273	20.56
113.823	5.17863e-05	222.745	0.14809	0.134627	2.07145e-06	4.55291	20.6
113.827	5.04397e-05	222.754	0.148096	0.134633	2.01759e-06	4.55309	20.64
113.832	4.91282e-05	222.763	0.148102	0.134638	1.96513e-06	4.55327	20.68
113.836	4.78507e-05	222.772	0.148108	0.134643	1.91403e-06	4.55346	20.72
113.841	4.66065e-05	222.781	0.148114	0.134649	1.86426e-06	4.55364	20.76
113.845	4.53946e-05	222.79	0.14812	0.134654	1.81579e-06	4.55382	20.8
113.85	4.42143e-05	222.799	0.148126	0.13466	1.76857e-06	4.554	20.84
113.855	4.30646e-05	222.808	0.148131	0.134665	1.72258e-06	4.55418	20.88
113.859	4.19448e-05	222.817	0.148137	0.13467	1.67779e-06	4.55437	20.92
113.864	4.08542e-05	222.826	0.148143	0.134676	1.63417e-06	4.55455	20.96
113.868	3.97919e-05	222.834	0.148149	0.134681	1.59168e-06	4.55473	21
113.873	3.87572e-05	222.843	0.148155	0.134686	1.55029e-06	4.55491	21.04
113.877	3.77495e-05	222.852	0.148161	0.134692	1.50998e-06	4.5551	21.08
113.882	3.67679e-05	222.861	0.148167	0.134697	1.47072e-06	4.55528	21.12
113.886	3.58119e-05	222.87	0.148173	0.134703	1.43247e-06	4.55546	21.16
113.891	3.48807e-05	222.879	0.148179	0.134708	1.39523e-06	4.55564	21.2
113.896	3.39737e-05	222.888	0.148185	0.134713	1.35895e-06	4.55582	21.24
113.9	3.30903e-05	222.897	0.148191	0.134719	1.32361e-06	4.55601	21.28
113.905	3.22299e-05	222.906	0.148197	0.134724	1.2892e-06	4.55619	21.32
113.909	3.13918e-05	222.915	0.148203	0.13473	1.25567e-06	4.55637	21.36
113.914	3.05756e-05	222.924	0.148208	0.134735	1.22302e-06	4.55655	21.4
113.918	2.97806e-05	222.932	0.148214	0.13474	1.19122e-06	4.55674	21.44
113.923	2.90062e-05	222.941	0.14822	0.134746	1.16025e-06	4.55692	21.48
113.927	2.8252e-05	222.95	0.148226	0.134751	1.13008e-06	4.5571	21.52
113.932	2.75174e-05	222.959	0.148232	0.134757	1.1007e-06	4.55728	21.56
113.937	2.68019e-05	222.968	0.148238	0.134762	1.07207e-06	4.55746	21.6
113.941	2.6105e-05	222.977	0.148244	0.134767	1.0442e-06	4.55765	21.64
113.946	2.54262e-05	222.986	0.14825	0.134773	1.01705e-06	4.55783	21.68
113.95	2.4765e-05	222.995	0.148256	0.134778	9.90602e-07	4.55801	21.72
113.955	2.41211e-05	223.004	0.148262	0.134783	9.64844e-07	4.55819	21.76
113.959	2.34939e-05	223.013	0.148268	0.134789	9.39756e-07	4.55838	21.8
113.964	2.2883e-05	223.022	0.148274	0.134794	9.1532e-07	4.55856	21.84
113.969	2.2288e-05	223.031	0.14828	0.1348	8.9152e-07	4.55874	21.88
113.973	2.17085e-05	223.039	0.148286	0.134805	8.68339e-07	4.55892	21.92
113.978	2.1144e-05	223.048	0.148291	0.13481	8.4576e-07	4.55911	21.96
113.982	2.05942e-05	223.057	0.148297	0.134816	8.23769e-07	4.55929	22
113.987	2.00587e-05	223.066	0.148303	0.134821	8.02349e-07	4.55947	22.04
113.991	1.95372e-05	223.075	0.148309	0.134827	7.81486e-07	4.55965	22.08
113.996	1.90291e-05	223.084	0.148315	0.134832	7.61166e-07	4.55983	22.12
114	1.85344e-05	223.093	0.148321	0.134837	7.41374e-07	4.56002	22.16
114.005	1.80524e-05	223.102	0.148327	0.134843	7.22097e-07	4.5602	22.2
114.01	1.7583e-05	223.111	0.148333	0.134848	7.03321e-07	4.56038	22.24
114.014	1.71258e-05	223.12	0.148339	0.134854	6.85033e-07	4.56056	22.28
114.019	1.66805e-05	223.129	0.148345	0.134859	6.67221e-07	4.56075	22.32
114.023	1.62468e-05	223.138	0.148351	0.134864	6.49872e-07	4.56093	22.36
114.028	1.58243e-05	223.147	0.148357	0.13487	6.32974e-07	4.56111	22.4
114.032	1.54129e-05	223.155	0.148363	0.134875	6.16515e-07	4.56129	22.44
114.037	1.50121e-05	223.164	0.148369	0.134881	6.00484e-07	4.56148	22.48
114.041	1.46218e-05	223.173	0.148375	0.134886	5.8487e-07	4.56166	22.52
114.046	1.42416e-05	223.182	0.14838	0.134891	5.69663e-07	4.56184	22.56
114.051	1.38713e-05	223.191	0.148386	0.134897	5.5485e-07	4.56202	22.6
114.055	1.35106e-05	223.2	0.148392	0.134902	5.40423e-07	4.56221	22.64
114.06	1.31593e-05	223.209	0.148398	0.134907	5.26371e-07	4.56239	22.68
114.064	1.28171e-05	223.218	0.148404	0.134913	5.12684e-07	4.56257	22.72
114.069	1.24838e-05	223.227	0.14841	0.134918	4.99353e-07	4.56275	22.76
114.073	1.21592e-05	223.236	0.148416	0.134924	4.86369e-07	4.56294	22.8
114.078	1.18431e-05	223.245	0.148422	0.134929	4.73722e-07	4.56312	22.84
114.083	1.15351e-05	223.254	0.148428	0.134934	4.61405e-07	4.5633	22.88
114.087	1.12352e-05	223.263	0.148434	0.13494	4.49407e-07	4.56348	22.92
114.092	1.0943e-05	223.271	0.14844	0.134945	4.37722e-07	4.56367	22.96
114.096	1.06585e-05	223.28	0.148446	0.134951	4.2634e-07	4.56385	23
114.101	1.03814e-05	223.289	0.148452	0.134956	4.15254e-07	4.56403	23.04
114.105	1.01114e-05	223.298	0.148458	0.134961	4.04457e-07	4.56421	23.08
114.11	9.8485e-06	223.307	0.148464	0.134967	3.9394e-07	4.5644	23.12
114.114	9.59242e-06	223.316	0.148469	0.134972	3.83697e-07	4.56458	23.16
114.119	9.343e-06	223.325	0.148475	0.134978	3.7372e-07	4.56476	23.2
114.124	9.10006e-06	223.334	0.148481	0.134983	3.64002e-07	4.56494	23.24
114.128	8.86344e-06	223.343	0.148487	0.134988	3.54538e-07	4.56513	23.28
114.133	8.63297e-06	223.352	0.148493	0.134994	3.45319e-07	4.56531	23.32
114.137	8.4085e-06	223.361	0.148499	0.134999	3.3634e-07	4.56549	23.36
114.142	8.18986e-06	223.37	0.148505	0.135005	3.27594e-07	4.56567	23.4
114.146	7.9769e-06	223.379	0.148511	0.13501	3.19076e-07	4.56586	23.44
114.151	7.76949e-06	223.388	0.148517	0.135015	3.1078e-07	4.56604	23.48
114.156	7.56747e-06	223.397	0.148523	0.135021	3.02699e-07	4.56622	23.52
114.16	7.3707e-06	223.405	0.148529	0.135026	2.94828e-07	4.56641	23.56
114.165	7.17904e-06	223.414	0.148535	0.135032	2.87162e-07	4.56659	23.6
114.169	6.99237e-06	223.423	0.148541	0.135037	2.79695e-07	4.56677	23.64
114.174	6.81056e-06	223.432	0.148547	0.135042	2.72422e-07	4.56695	23.68
114.178	6.63347e-06	223.441	0.148553	0.135048	2.65339e-07	4.56714	23.72
114.183	6.46098e-06	223.45	0.148559	0.135053	2.58439e-07	4.56732	23.76
114.188	6.29299e-06	223.459	0.148565	0.135059	2.51719e-07	4.5675	23.8
114.192	6.12935e-06	223.468	0.14857	0.135064	2.45174e-07	4.56768	23.84
114.197	5.96998e-06	223.477	0.148576	0.135069	2.38799e-07	4.56787	23.88
114.201	5.81475e-06	223.486	0.148582	0.135075	2.3259e-07	4.56805	23.92
114.206	5.66355e-06	223.495	0.148588	0.13508	2.26542e-07	4.56823	23.96
114.21	5.51629e-06	223.504	0.148594	0.135086	2.20651e-07	4.56841	24
114.215	5.37285e-06	223.513	0.1486	0.135091	2.14914e-07	4.5686	24.04
114.219	5.23315e-06	223.522	0.148606	0.135096	2.09326e-07	4.56878	24.08
114.224	5.09707e-06	223.531	0.148612	0.135102	2.03883e-07	4.56896	24.12
114.229	4.96454e-06	223.54	0.148618	0.135107	1.98582e-07	4.56915	24.16
114.233	4.83545e-06	223.548	0.148624	0.135113	1.93418e-07	4.56933	24.2
114.238	4.70972e-06	223.557	0.14863	0.135118	1.88389e-07	4.56951	24.24
114.242	4.58726e-06	223.566	0.148636	0.135123	1.8349e-07	4.56969	24.28
114.247	4.46798e-06	223.575	0.148642	0.135129	1.78719e-07	4.56988	24.32
114.251	4.3518e-06	223.584	0.148648	0.135134	1.74072e-07	4.57006	24.36
114.256	4.23865e-06	223.593	0.148654	0.13514	1.69546e-07	4.57024	24.4
114.261	4.12843e-06	223.602	0.14866	0.135145	1.65137e-07	4.57042	24.44
114.265	4.02109e-06	223.611	0.148666	0.13515	1.60843e-07	4.57061	24.48
114.27	3.91653e-06	223.62	0.148671	0.135156	1.56661e-07	4.57079	24.52
114.274	3.81469e-06	223.629	0.148677	0.135161	1.52588e-07	4.57097	24.56
114.279	3.7155e-06	223.638	0.148683	0.135167	1.4862e-07	4.57116	24.6
114.283	3.61889e-06	223.647	0.148689	0.135172	1.44756e-07	4.57134	24.64
114.288	3.52479e-06	223.656	0.148695	0.135178	1.40992e-07	4.57152	24.68
114.293	3.43314e-06	223.665	0.148701	0.135183	1.37326e-07	4.5717	24.72
114.297	3.34387e-06	223.674	0.148707	0.135188	1.33755e-07	4.57189	24.76
114.302	3.25692e-06	223.683	0.148713	0.135194	1.30277e-07	4.57207	24.8
114.306	3.17224e-06	223.692	0.148719	0.135199	1.26889e-07	4.57225	24.84
114.311	3.08975e-06	223.7	0.148725	0.135205	1.2359e-07	4.57244	24.88
114.315	3.00941e-06	223.709	0.148731	0.13521	1.20376e-07	4.57262	24.92
114.32	2.93116e-06	223.718	0.148737	0.135215	1.17246e-07	4.5728	24.96
114.325	2.85494e-06	223.727	0.148743	0.135221	1.14198e-07	4.57298	25
114.329	2.78071e-06	223.736	0.148749	0.135226	1.11228e-07	4.57317	25.04
114.334	2.70841e-06	223.745	0.148755	0.135232	1.08336e-07	4.57335	25.08
114.338	2.63798e-06	223.754	0.148761	0.135237	1.05519e-07	4.57353	25.12
114.343	2.56939e-06	223.763	0.148767	0.135242	1.02776e-07	4.57372	25.16
114.347	2.50258e-06	223.772	0.148773	0.135248	1.00103e-07	4.5739	25.2
114.352	2.43751e-06	223.781	0.148779	0.135253	9.75003e-08	4.57408	25.24
114.357	2.37413e-06	223.79	0.148784	0.135259	9.49651e-08	4.57426	25.28
114.361	2.31239e-06	223.799	0.14879	0.135264	9.24958e-08	4.57445	25.32
114.366	2.25227e-06	223.808	0.148796	0.135269	9.00907e-08	4.57463	25.36
114.37	2.1937e-06	223.817	0.148802	0.135275	8.77482e-08	4.57481	25.4
114.375	2.13666e-06	223.826	0.148808	0.13528	8.54665e-08	4.575	25.44
114.379	2.08111e-06	223.835	0.148814	0.135286	8.32442e-08	4.57518	25.48
114.384	2.02699e-06	223.844	0.14882	0.135291	8.10797e-08	4.57536	25.52
114.389	1.97429e-06	223.853	0.148826	0.135297	7.89715e-08	4.57555	25.56
114.393	1.92295e-06	223.862	0.148832	0.135302	7.6918e-08	4.57573	25.6
114.398	1.87295e-06	223.871	0.148838	0.135307	7.4918e-08	4.57591	25.64
114.402	1.82425e-06	223.879	0.148844	0.135313	7.297e-08	4.57609	25.68
114.407	1.77682e-06	223.888	0.14885	0.135318	7.10726e-08	4.57628	25.72
114.412	1.73061e-06	223.897	0.148856	0.135324	6.92246e-08	4.57646	25.76
114.416	1.68562e-06	223.906	0.148862	0.135329	6.74246e-08	4.57664	25.8
114.421	1.64179e-06	223.915	0.148868	0.135334	6.56714e-08	4.57683	25.84
114.425	1.5991e-06	223.924	0.148874	0.13534	6.39638e-08	4.57701	25.88
114.43	1.55752e-06	223.933	0.14888	0.135345	6.23006e-08	4.57719	25.92
114.434	1.51702e-06	223.942	0.148886	0.135351	6.06807e-08	4.57738	25.96
114.439	1.47757e-06	223.951	0.148892	0.135356	5.91029e-08	4.57756	26
114.444	1.43915e-06	223.96	0.148898	0.135361	5.75661e-08	4.57774	26.04
114.448	1.40173e-06	223.969	0.148904	0.135367	5.60692e-08	4.57793	26.08
114.453	1.36528e-06	223.978	0.14891	0.135372	5.46113e-08	4.57811	26.12
114.457	1.32978e-06	223.987	0.148915	0.135378	5.31913e-08	4.57829	26.16
114.462	1.29521e-06	223.996	0.148921	0.135383	5.18082e-08	4.57847	26.2
114.466	1.26153e-06	224.005	0.148927	0.135389	5.04611e-08	4.57866	26.24
114.471	1.22873e-06	224.014	0.148933	0.135394	4.9149e-08	4.57884	26.28
114.476	1.19678e-06	224.023	0.148939	0.135399	4.7871e-08	4.57902	26.32
114.48	1.16566e-06	224.032	0.148945	0.135405	4.66263e-08	4.57921	26.36
114.485	1.13535e-06	224.041	0.148951	0.13541	4.54139e-08	4.57939	26.4
114.489	1.10583e-06	224.05	0.148957	0.135416	4.42331e-08	4.57957	26.44
114.494	1.07707e-06	224.059	0.148963	0.135421	4.30829e-08	4.57976	26.48
114.498	1.04907e-06	224.068	0.148969	0.135426	4.19627e-08	4.57994	26.52
114.503	1.02179e-06	224.077	0.148975	0.135432	4.08715e-08	4.58012	26.56
114.508	9.9522e-07	224.085	0.148981	0.135437	3.98088e-08	4.58031	26.6
114.512	9.69342e-07	224.094	0.148987	0.135443	3.87737e-08	4.58049	26.64
114.517	9.44137e-07	224.103	0.148993	0.135448	3.77655e-08	4.58067	26.68
114.521	9.19588e-07	224.112	0.148999	0.135454	3.67835e-08	4.58086	26.72
114.526	8.95677e-07	224.121	0.149005	0.135459	3.58271e-08	4.58104	26.76
114.531	8.72387e-07	224.13	0.149011	0.135464	3.48955e-08	4.58122	26.8
114.535	8.49703e-07	224.139	0.149017	0.13547	3.39881e-08	4.58141	26.84
114.54	8.27609e-07	224.148	0.149023	0.135475	3.31044e-08	4.58159	26.88
114.544	8.0609e-07	224.157	0.149029	0.135481	3.22436e-08	4.58177	26.92
114.549	7.8513e-07	224.166	0.149035	0.135486	3.14052e-08	4.58195	26.96
114.553	7.64715e-07	224.175	0.149041	0.135491	3.05886e-08	4.58214	27
114.558	7.44831e-07	224.184	0.149047	0.135497	2.97932e-08	4.58232	27.04
114.563	7.25463e-07	224.193	0.149052	0.135502	2.90185e-08	4.5825	27.08
114.567	7.066e-07	224.202	0.149058	0.135508	2.8264e-08	4.58269	27.12
114.572	6.88227e-07	224.211	0.149064	0.135513	2.75291e-08	4.58287	27.16
114.576	6.70332e-07	224.22	0.14907	0.135519	2.68133e-08	4.58305	27.2
114.581	6.52902e-07	224.229	0.149076	0.135524	2.61161e-08	4.58324	27.24
114.586	6.35925e-07	224.238	0.149082	0.135529	2.5437e-08	4.58342	27.28
114.59	6.19389e-07	224.247	0.149088	0.135535	2.47756e-08	4.5836	27.32
114.595	6.03284e-07	224.256	0.149094	0.13554	2.41314e-08	4.58379	27.36
114.599	5.87597e-07	224.265	0.1491	0.135546	2.35039e-08	4.58397	27.4
114.604	5.72319e-07	224.274	0.149106	0.135551	2.28927e-08	4.58415	27.44
114.608	5.57437e-07	224.283	0.149112	0.135556	2.22975e-08	4.58434	27.48
114.613	5.42943e-07	224.292	0.149118	0.135562	2.17177e-08	4.58452	27.52
114.618	5.28825e-07	224.301	0.149124	0.135567	2.1153e-08	4.5847	27.56
114.622	5.15074e-07	224.31	0.14913	0.135573	2.0603e-08	4.58489	27.6
114.627	5.01681e-07	224.319	0.149136	0.135578	2.00673e-08	4.58507	27.64
114.631	4.88637e-07	224.328	0.149142	0.135584	1.95455e-08	4.58525	27.68
114.636	4.75931e-07	224.337	0.149148	0.135589	1.90372e-08	4.58544	27.72
114.641	4.63556e-07	224.346	0.149154	0.135594	1.85422e-08	4.58562	27.76
114.645	4.51503e-07	224.355	0.14916	0.1356	1.80601e-08	4.5858	27.8
114.65	4.39763e-07	224.363	0.149166	0.135605	1.75905e-08	4.58599	27.84
114.654	4.28328e-07	224.372	0.149172	0.135611	1.71331e-08	4.58617	27.88
114.659	4.1719e-07	224.381	0.149178	0.135616	1.66876e-08	4.58635	27.92
114.663	4.06343e-07	224.39	0.149184	0.135622	1.62537e-08	4.58654	27.96
114.668	3.95777e-07	224.399	0.14919	0.135627	1.58311e-08	4.58672	28
114.673	3.85486e-07	224.408	0.149196	0.135632	1.54194e-08	4.58691	28.04
114.677	3.75462e-07	224.417	0.149202	0.135638	1.50185e-08	4.58709	28.08
114.682	3.657e-07	224.426	0.149208	0.135643	1.4628e-08	4.58727	28.12
114.686	3.56191e-07	224.435	0.149214	0.135649	1.42476e-08	4.58746	28.16
114.691	3.46929e-07	224.444	0.149219	0.135654	1.38772e-08	4.58764	28.2
114.696	3.37908e-07	224.453	0.149225	0.13566	1.35163e-08	4.58782	28.24
114.7	3.29122e-07	224.462	0.149231	0.135665	1.31649e-08	4.58801	28.28
114.705	3.20564e-07	224.471	0.149237	0.13567	1.28226e-08	4.58819	28.32
114.709	3.12229e-07	224.48	0.149243	0.135676	1.24891e-08	4.58837	28.36
114.714	3.0411e-07	224.489	0.149249	0.135681	1.21644e-08	4.58856	28.4
114.718	2.96203e-07	224.498	0.149255	0.135687	1.18481e-08	4.58874	28.44
114.723	2.88501e-07	224.507	0.149261	0.135692	1.154e-08	4.58892	28.48
114.728	2.80999e-07	224.516	0.149267	0.135697	1.124e-08	4.58911	28.52
114.732	2.73692e-07	224.525	0.149273	0.135703	1.09477e-08	4.58929	28.56
114.737	2.66576e-07	224.534	0.149279	0.135708	1.0663e-08	4.58947	28.6
114.741	2.59644e-07	224.543	0.149285	0.135714	1.03858e-08	4.58966	28.64
114.746	2.52893e-07	224.552	0.149291	0.135719	1.01157e-08	4.58984	28.68
114.751	2.46317e-07	224.561	0.149297	0.135725	9.85269e-09	4.59002	28.72
114.755	2.39913e-07	224.57	0.149303	0.13573	9.5965e-09	4.59021	28.76
114.76	2.33674e-07	224.579	0.149309	0.135735	9.34697e-09	4.59039	28.8
114.764	2.27598e-07	224.588	0.149315	0.135741	9.10393e-09	4.59058	28.84
114.769	2.2168e-07	224.597	0.149321	0.135746	8.86721e-09	4.59076	28.88
114.774	2.15916e-07	224.606	0.149327	0.135752	8.63665e-09	4.59094	28.92
114.778	2.10302e-07	224.615	0.149333	0.135757	8.41208e-09	4.59113	28.96
114.783	2.04834e-07	224.624	0.149339	0.135763	8.19335e-09	4.59131	29
114.787	1.99508e-07	224.633	0.149345	0.135768	7.9803e-09	4.59149	29.04
114.792	1.9432e-07	224.642	0.149351	0.135773	7.7728e-09	4.59168	29.08
114.797	1.89267e-07	224.651	0.149357	0.135779	7.57069e-09	4.59186	29.12
114.801	1.84346e-07	224.66	0.149363	0.135784	7.37383e-09	4.59204	29.16
114.806	1.79552e-07	224.669	0.149369	0.13579	7.1821e-09	4.59223	29.2
114.81	1.74884e-07	224.678	0.149375	0.135795	6.99535e-09	4.59241	29.24
114.815	1.70336e-07	224.687	0.149381	0.135801	6.81346e-09	4.5926	29.28
114.819	1.65907e-07	224.696	0.149387	0.135806	6.63629e-09	4.59278	29.32
114.824	1.61593e-07	224.705	0.149393	0.135812	6.46374e-09	4.59296	29.36
114.829	1.57392e-07	224.714	0.149399	0.135817	6.29567e-09	4.59315	29.4
114.833	1.53299e-07	224.723	0.149405	0.135822	6.13196e-09	4.59333	29.44
114.838	1.49313e-07	224.732	0.149411	0.135828	5.97252e-09	4.59351	29.48
114.842	1.45431e-07	224.741	0.149417	0.135833	5.81722e-09	4.5937	29.52
114.847	1.41649e-07	224.75	0.149423	0.135839	5.66596e-09	4.59388	29.56
114.852	1.37966e-07	224.759	0.149429	0.135844	5.51864e-09	4.59406	29.6
114.856	1.34379e-07	224.768	0.149434	0.13585	5.37514e-09	4.59425	29.64
114.861	1.30884e-07	224.777	0.14944	0.135855	5.23538e-09	4.59443	29.68
114.865	1.27481e-07	224.786	0.149446	0.13586	5.09925e-09	4.59462	29.72
114.87	1.24166e-07	224.795	0.149452	0.135866	4.96665e-09	4.5948	29.76
114.875	1.20938e-07	224.804	0.149458	0.135871	4.83751e-09	4.59498	29.8
114.879	1.17793e-07	224.813	0.149464	0.135877	4.71173e-09	4.59517	29.84
114.884	1.1473e-07	224.822	0.14947	0.135882	4.58921e-09	4.59535	29.88
114.888	1.11747e-07	224.831	0.149476	0.135888	4.46988e-09	4.59553	29.92
114.893	1.08841e-07	224.84	0.149482	0.135893	4.35366e-09	4.59572	29.96
114.898	1.06011e-07	224.849	0.149488	0.135898	4.24045e-09	4.5959	30
114.902	1.03255e-07	224.858	0.149494	0.135904	4.13019e-09	4.59609	30.04
114.907	1.0057e-07	224.867	0.1495	0.135909	4.0228e-09	4.59627	30.08
114.911	9.79549e-08	224.876	0.149506	0.135915	3.9182e-09	4.59645	30.12
114.916	9.54079e-08	224.885	0.149512	0.13592	3.81632e-09	4.59664	30.16
114.921	9.29271e-08	224.894	0.149518	0.135926	3.71708e-09	4.59682	30.2
114.925	9.05108e-08	224.902	0.149524	0.135931	3.62043e-09	4.59701	30.24
114.93	8.81573e-08	224.911	0.14953	0.135936	3.52629e-09	4.59719	30.28
114.934	8.58651e-08	224.92	0.149536	0.135942	3.4346e-09	4.59737	30.32
114.939	8.36324e-08	224.929	0.149542	0.135947	3.3453e-09	4.59756	30.36
114.944	8.14578e-08	224.938	0.149548	0.135953	3.25831e-09	4.59774	30.4
114.948	7.93397e-08	224.947	0.149554	0.135958	3.17359e-09	4.59792	30.44
114.953	7.72767e-08	224.956	0.14956	0.135964	3.09107e-09	4.59811	30.48
114.957	7.52673e-08	224.965	0.149566	0.135969	3.01069e-09	4.59829	30.52
114.962	7.33102e-08	224.974	0.149572	0.135975	2.93241e-09	4.59848	30.56
114.967	7.1404e-08	224.983	0.149578	0.13598	2.85616e-09	4.59866	30.6
114.971	6.95474e-08	224.992	0.149584	0.135985	2.78189e-09	4.59884	30.64
114.976	6.7739e-08	225.001	0.14959	0.135991	2.70956e-09	4.59903	30.68
114.98	6.59776e-08	225.01	0.149596	0.135996	2.63911e-09	4.59921	30.72
114.985	6.42621e-08	225.019	0.149602	0.136002	2.57048e-09	4.5994	30.76
114.989	6.25911e-08	225.028	0.149608	0.136007	2.50365e-09	4.59958	30.8
114.994	6.09636e-08	225.037	0.149614	0.136013	2.43855e-09	4.59976	30.84
114.999	5.93785e-08	225.046	0.14962	0.136018	2.37514e-09	4.59995	30.88
115.003	5.78345e-08	225.055	0.149626	0.136024	2.31338e-09	4.60013	30.92
115.008	5.63307e-08	225.064	0.149632	0.136029	2.25323e-09	4.60032	30.96
115.012	5.4866e-08	225.073	0.149638	0.136034	2.19464e-09	4.6005	31
115.017	5.34393e-08	225.082	0.149644	0.13604	2.13757e-09	4.60068	31.04
115.022	5.20498e-08	225.091	0.14965	0.136045	2.08199e-09	4.60087	31.08
115.026	5.06964e-08	225.1	0.149656	0.136051	2.02786e-09	4.60105	31.12
115.031	4.93782e-08	225.109	0.149662	0.136056	1.97513e-09	4.60124	31.16
115.035	4.80943e-08	225.118	0.149668	0.136062	1.92377e-09	4.60142	31.2
115.04	4.68437e-08	225.127	0.149674	0.136067	1.87375e-09	4.6016	31.24
115.045	4.56257e-08	225.136	0.14968	0.136072	1.82503e-09	4.60179	31.28
115.049	4.44393e-08	225.145	0.149686	0.136078	1.77757e-09	4.60197	31.32
115.054	4.32838e-08	225.154	0.149692	0.136083	1.73135e-09	4.60216	31.36
115.059	4.21583e-08	225.163	0.149698	0.136089	1.68633e-09	4.60234	31.4
115.063	4.10621e-08	225.172	0.149704	0.136094	1.64249e-09	4.60252	31.44
115.068	3.99944e-08	225.181	0.14971	0.1361	1.59978e-09	4.60271	31.48
115.072	3.89545e-08	225.191	0.149716	0.136105	1.55818e-09	4.60289	31.52
115.077	3.79416e-08	225.2	0.149722	0.136111	1.51766e-09	4.60308	31.56
115.082	3.6955e-08	225.209	0.149728	0.136116	1.4782e-09	4.60326	31.6
115.086	3.59941e-08	225.218	0.149734	0.136121	1.43977e-09	4.60344	31.64
115.091	3.50582e-08	225.227	0.14974	0.136127	1.40233e-09	4.60363	31.68
115.095	3.41466e-08	225.236	0.149746	0.136132	1.36586e-09	4.60381	31.72
115.1	3.32587e-08	225.245	0.149752	0.136138	1.33035e-09	4.604	31.76
115.105	3.23939e-08	225.254	0.149758	0.136143	1.29576e-09	4.60418	31.8
115.109	3.15516e-08	225.263	0.149764	0.136149	1.26207e-09	4.60437	31.84
115.114	3.07312e-08	225.272	0.14977	0.136154	1.22925e-09	4.60455	31.88
115.118	2.99321e-08	225.281	0.149776	0.13616	1.19729e-09	4.60473	31.92
115.123	2.91538e-08	225.29	0.149782	0.136165	1.16615e-09	4.60492	31.96
115.128	2.83958e-08	225.299	0.149788	0.13617	1.13583e-09	4.6051	32
115.132	2.76574e-08	225.308	0.149793	0.136176	1.1063e-09	4.60529	32.04
115.137	2.69383e-08	225.317	0.149799	0.136181	1.07753e-09	4.60547	32.08
115.141	2.62378e-08	225.326	0.149805	0.136187	1.04951e-09	4.60565	32.12
115.146	2.55556e-08	225.335	0.149811	0.136192	1.02222e-09	4.60584	32.16
115.151	2.48911e-08	225.344	0.149817	0.136198	9.95644e-10	4.60602	32.2
115.155	2.42439e-08	225.353	0.149823	0.136203	9.69755e-10	4.60621	32.24
115.16	2.36135e-08	225.362	0.149829	0.136209	9.4454e-10	4.60639	32.28
115.164	2.29995e-08	225.371	0.149835	0.136214	9.1998e-10	4.60658	32.32
115.169	2.24015e-08	225.38	0.149841	0.136219	8.96058e-10	4.60676	32.36
115.174	2.1819e-08	225.389	0.149847	0.136225	8.72759e-10	4.60694	32.4
115.178	2.12516e-08	225.398	0.149853	0.13623	8.50065e-10	4.60713	32.44
115.183	2.0699e-08	225.407	0.149859	0.136236	8.27962e-10	4.60731	32.48
115.187	2.01608e-08	225.416	0.149865	0.136241	8.06433e-10	4.6075	32.52
115.192	1.96366e-08	225.425	0.149871	0.136247	7.85464e-10	4.60768	32.56
115.197	1.9126e-08	225.434	0.149877	0.136252	7.65041e-10	4.60787	32.6
115.201	1.86287e-08	225.443	0.149883	0.136258	7.45148e-10	4.60805	32.64
115.206	1.81443e-08	225.452	0.149889	0.136263	7.25773e-10	4.60823	32.68
115.21	1.76725e-08	225.461	0.149895	0.136269	7.06901e-10	4.60842	32.72
115.215	1.7213e-08	225.47	0.149901	0.136274	6.8852e-10	4.6086	32.76
115.22	1.67654e-08	225.479	0.149907	0.136279	6.70617e-10	4.60879	32.8
115.224	1.63295e-08	225.488	0.149913	0.136285	6.5318e-10	4.60897	32.84
115.229	1.59049e-08	225.497	0.149919	0.13629	6.36196e-10	4.60916	32.88
115.233	1.54913e-08	225.506	0.149925	0.136296	6.19653e-10	4.60934	32.92
115.238	1.50885e-08	225.515	0.149931	0.136301	6.03541e-10	4.60952	32.96
115.243	1.46962e-08	225.524	0.149937	0.136307	5.87848e-10	4.60971	33
115.247	1.43141e-08	225.533	0.149943	0.136312	5.72562e-10	4.60989	33.04
115.252	1.39419e-08	225.542	0.149949	0.136318	5.57675e-10	4.61008	33.08
115.257	1.35793e-08	225.551	0.149955	0.136323	5.43174e-10	4.61026	33.12
115.261	1.32263e-08	225.56	0.149961	0.136328	5.2905e-10	4.61045	33.16
115.266	1.28823e-08	225.569	0.149967	0.136334	5.15294e-10	4.61063	33.2
115.27	1.25474e-08	225.578	0.149973	0.136339	5.01895e-10	4.61081	33.24
115.275	1.22211e-08	225.587	0.149979	0.136345	4.88845e-10	4.611	33.28
115.28	1.19033e-08	225.596	0.149985	0.13635	4.76134e-10	4.61118	33.32
115.284	1.15938e-08	225.605	0.149991	0.136356	4.63753e-10	4.61137	33.36
115.289	1.12924e-08	225.614	0.149997	0.136361	4.51695e-10	4.61155	33.4
115.293	1.09987e-08	225.623	0.150003	0.136367	4.3995e-10	4.61174	33.44
115.298	1.07128e-08	225.632	0.150009	0.136372	4.2851e-10	4.61192	33.48
115.303	1.04342e-08	225.641	0.150015	0.136378	4.17368e-10	4.61211	33.52
115.307	1.01629e-08	225.65	0.150021	0.136383	4.06516e-10	4.61229	33.56
115.312	9.89864e-09	225.659	0.150027	0.136388	3.95945e-10	4.61247	33.6
115.316	9.64125e-09	225.668	0.150033	0.136394	3.8565e-10	4.61266	33.64
115.321	9.39056e-09	225.677	0.150039	0.136399	3.75622e-10	4.61284	33.68
115.326	9.14639e-09	225.686	0.150045	0.136405	3.65855e-10	4.61303	33.72
115.33	8.90856e-09	225.695	0.150051	0.13641	3.56342e-10	4.61321	33.76
115.335	8.67692e-09	225.704	0.150057	0.136416	3.47077e-10	4.6134	33.8
115.34	8.4513e-09	225.713	0.150063	0.136421	3.38052e-10	4.61358	33.84
115.344	8.23155e-09	225.722	0.150069	0.136427	3.29262e-10	4.61377	33.88
115.349	8.01751e-09	225.732	0.150075	0.136432	3.20701e-10	4.61395	33.92
115.353	7.80904e-09	225.741	0.150081	0.136438	3.12362e-10	4.61413	33.96
115.358	7.60599e-09	225.75	0.150087	0.136443	3.0424e-10	4.61432	34
115.363	7.40822e-09	225.759	0.150093	0.136448	2.96329e-10	4.6145	34.04
115.367	7.21559e-09	225.768	0.150099	0.136454	2.88624e-10	4.61469	34.08
115.372	7.02797e-09	225.777	0.150105	0.136459	2.81119e-10	4.61487	34.12
115.376	6.84523e-09	225.786	0.150111	0.136465	2.73809e-10	4.61506	34.16
115.381	6.66724e-09	225.795	0.150117	0.13647	2.66689e-10	4.61524	34.2
115.386	6.49388e-09	225.804	0.150123	0.136476	2.59755e-10	4.61543	34.24
115.39	6.32502e-09	225.813	0.150129	0.136481	2.53001e-10	4.61561	34.28
115.395	6.16056e-09	225.822	0.150135	0.136487	2.46422e-10	4.6158	34.32
115.4	6.00037e-09	225.831	0.150141	0.136492	2.40015e-10	4.61598	34.36
115.404	5.84435e-09	225.84	0.150147	0.136498	2.33774e-10	4.61617	34.4
115.409	5.69238e-09	225.849	0.150153	0.136503	2.27695e-10	4.61635	34.44
115.413	5.54437e-09	225.858	0.150159	0.136509	2.21775e-10	4.61653	34.48
115.418	5.4002e-09	225.867	0.150165	0.136514	2.16008e-10	4.61672	34.52
115.423	5.25979e-09	225.876	0.150171	0.136519	2.10392e-10	4.6169	34.56
115.427	5.12302e-09	225.885	0.150177	0.136525	2.04921e-10	4.61709	34.6
115.432	4.98981e-09	225.894	0.150183	0.13653	1.99593e-10	4.61727	34.64
115.436	4.86007e-09	225.903	0.150189	0.136536	1.94403e-10	4.61746	34.68
115.441	4.7337e-09	225.912	0.150195	0.136541	1.89348e-10	4.61764	34.72
115.446	4.61061e-09	225.921	0.150201	0.136547	1.84424e-10	4.61783	34.76
115.45	4.49072e-09	225.93	0.150207	0.136552	1.79629e-10	4.61801	34.8
115.455	4.37396e-09	225.939	0.150213	0.136558	1.74958e-10	4.6182	34.84
115.46	4.26022e-09	225.948	0.150219	0.136563	1.70409e-10	4.61838	34.88
115.464	4.14945e-09	225.957	0.150225	0.136569	1.65978e-10	4.61857	34.92
115.469	4.04156e-09	225.966	0.150231	0.136574	1.61662e-10	4.61875	34.96
115.473	3.93647e-09	225.975	0.150237	0.13658	1.57459e-10	4.61894	35
115.478	3.83411e-09	225.984	0.150243	0.136585	1.53364e-10	4.61912	35.04
115.483	3.73442e-09	225.993	0.150249	0.13659	1.49377e-10	4.6193	35.08
115.487	3.63731e-09	226.003	0.150255	0.136596	1.45493e-10	4.61949	35.12
115.492	3.54274e-09	226.012	0.150261	0.136601	1.41709e-10	4.61967	35.16
115.496	3.45062e-09	226.021	0.150268	0.136607	1.38025e-10	4.61986	35.2
115.501	3.36089e-09	226.03	0.150274	0.136612	1.34436e-10	4.62004	35.24
115.506	3.2735e-09	226.039	0.15028	0.136618	1.3094e-10	4.62023	35.28
115.51	3.18839e-09	226.048	0.150286	0.136623	1.27535e-10	4.62041	35.32
115.515	3.10548e-09	226.057	0.150292	0.136629	1.24219e-10	4.6206	35.36
115.52	3.02473e-09	226.066	0.150298	0.136634	1.20989e-10	4.62078	35.4
115.524	2.94608e-09	226.075	0.150304	0.13664	1.17843e-10	4.62097	35.44
115.529	2.86948e-09	226.084	0.15031	0.136645	1.14779e-10	4.62115	35.48
115.533	2.79487e-09	226.093	0.150316	0.136651	1.11795e-10	4.62134	35.52
115.538	2.72219e-09	226.102	0.150322	0.136656	1.08888e-10	4.62152	35.56
115.543	2.65141e-09	226.111	0.150328	0.136661	1.06056e-10	4.62171	35.6
115.547	2.58247e-09	226.12	0.150334	0.136667	1.03299e-10	4.62189	35.64
115.552	2.51532e-09	226.129	0.15034	0.136672	1.00613e-10	4.62208	35.68
115.557	2.44992e-09	226.138	0.150346	0.136678	9.79967e-11	4.62226	35.72
115.561	2.38621e-09	226.147	0.150352	0.136683	9.54485e-11	4.62245	35.76
115.566	2.32417e-09	226.156	0.150358	0.136689	9.29667e-11	4.62263	35.8
115.57	2.26373e-09	226.165	0.150364	0.136694	9.05494e-11	4.62282	35.84
115.575	2.20487e-09	226.174	0.15037	0.1367	8.81949e-11	4.623	35.88
115.58	2.14754e-09	226.183	0.150376	0.136705	8.59016e-11	4.62319	35.92
115.584	2.0917e-09	226.192	0.150382	0.136711	8.3668e-11	4.62337	35.96
115.589	2.03731e-09	226.201	0.150388	0.136716	8.14925e-11	4.62356	36
115.594	1.98434e-09	226.21	0.150394	0.136722	7.93735e-11	4.62374	36.04
115.598	1.93274e-09	226.22	0.1504	0.136727	7.73096e-11	4.62393	36.08
115.603	1.88249e-09	226.229	0.150406	0.136733	7.52994e-11	4.62411	36.12
115.607	1.83354e-09	226.238	0.150412	0.136738	7.33415e-11	4.6243	36.16
115.612	1.78586e-09	226.247	0.150418	0.136743	7.14344e-11	4.62448	36.2
115.617	1.73943e-09	226.256	0.150424	0.136749	6.9577e-11	4.62467	36.24
115.621	1.6942e-09	226.265	0.15043	0.136754	6.77679e-11	4.62485	36.28
115.626	1.65014e-09	226.274	0.150436	0.13676	6.60058e-11	4.62504	36.32
115.631	1.60724e-09	226.283	0.150442	0.136765	6.42895e-11	4.62522	36.36
115.635	1.56545e-09	226.292	0.150448	0.136771	6.26178e-11	4.62541	36.4
115.64	1.52474e-09	226.301	0.150454	0.136776	6.09896e-11	4.62559	36.44
115.644	1.48509e-09	226.31	0.15046	0.136782	5.94038e-11	4.62578	36.48
115.649	1.44648e-09	226.319	0.150466	0.136787	5.78591e-11	4.62596	36.52
115.654	1.40887e-09	226.328	0.150472	0.136793	5.63547e-11	4.62615	36.56
115.658	1.37223e-09	226.337	0.150478	0.136798	5.48893e-11	4.62633	36.6
115.663	1.33655e-09	226.346	0.150484	0.136804	5.34621e-11	4.62652	36.64
115.668	1.3018e-09	226.355	0.15049	0.136809	5.2072e-11	4.6267	36.68
115.672	1.26795e-09	226.364	0.150496	0.136815	5.0718e-11	4.62689	36.72
115.677	1.23498e-09	226.373	0.150502	0.13682	4.93992e-11	4.62707	36.76
115.681	1.20287e-09	226.382	0.150508	0.136826	4.81147e-11	4.62726	36.8
115.686	1.17159e-09	226.391	0.150514	0.136831	4.68637e-11	4.62744	36.84
115.691	1.14113e-09	226.401	0.15052	0.136836	4.56451e-11	4.62763	36.88
115.695	1.11146e-09	226.41	0.150526	0.136842	4.44582e-11	4.62781	36.92
115.7	1.08256e-09	226.419	0.150532	0.136847	4.33022e-11	4.628	36.96
115.705	1.05441e-09	226.428	0.150538	0.136853	4.21763e-11	4.62818	37
115.709	1.02699e-09	226.437	0.150544	0.136858	4.10796e-11	4.62837	37.04
115.714	1.00029e-09	226.446	0.15055	0.136864	4.00115e-11	4.62855	37.08
115.718	9.74277e-10	226.455	0.150556	0.136869	3.89711e-11	4.62874	37.12
115.723	9.48944e-10	226.464	0.150562	0.136875	3.79578e-11	4.62892	37.16
115.728	9.24269e-10	226.473	0.150568	0.13688	3.69708e-11	4.62911	37.2
115.732	9.00237e-10	226.482	0.150574	0.136886	3.60095e-11	4.62929	37.24
115.737	8.76829e-10	226.491	0.15058	0.136891	3.50731e-11	4.62948	37.28
115.742	8.54029e-10	226.5	0.150586	0.136897	3.41612e-11	4.62966	37.32
115.746	8.31823e-10	226.509	0.150592	0.136902	3.32729e-11	4.62985	37.36
115.751	8.10194e-10	226.518	0.150598	0.136908	3.24077e-11	4.63003	37.4
115.755	7.89127e-10	226.527	0.150604	0.136913	3.15651e-11	4.63022	37.44
115.76	7.68608e-10	226.536	0.15061	0.136919	3.07443e-11	4.6304	37.48
115.765	7.48622e-10	226.545	0.150616	0.136924	2.99449e-11	4.63059	37.52
115.769	7.29157e-10	226.555	0.150622	0.13693	2.91663e-11	4.63077	37.56
115.774	7.10197e-10	226.564	0.150629	0.136935	2.84079e-11	4.63096	37.6
115.779	6.91731e-10	226.573	0.150635	0.13694	2.76692e-11	4.63114	37.64
115.783	6.73744e-10	226.582	0.150641	0.136946	2.69498e-11	4.63133	37.68
115.788	6.56225e-10	226.591	0.150647	0.136951	2.6249e-11	4.63151	37.72
115.792	6.39162e-10	226.6	0.150653	0.136957	2.55665e-11	4.6317	37.76
115.797	6.22543e-10	226.609	0.150659	0.136962	2.49017e-11	4.63188	37.8
115.802	6.06355e-10	226.618	0.150665	0.136968	2.42542e-11	4.63207	37.84
115.806	5.90589e-10	226.627	0.150671	0.136973	2.36236e-11	4.63225	37.88
115.811	5.75232e-10	226.636	0.150677	0.136979	2.30093e-11	4.63244	37.92
115.816	5.60275e-10	226.645	0.150683	0.136984	2.2411e-11	4.63262	37.96
115.82	5.45707e-10	226.654	0.150689	0.13699	2.18283e-11	4.63281	38
115.825	5.31517e-10	226.663	0.150695	0.136995	2.12607e-11	4.633	38.04
115.83	5.17697e-10	226.672	0.150701	0.137001	2.07079e-11	4.63318	38.08
115.834	5.04235e-10	226.681	0.150707	0.137006	2.01694e-11	4.63337	38.12
115.839	4.91124e-10	226.69	0.150713	0.137012	1.9645e-11	4.63355	38.16
115.843	4.78354e-10	226.7	0.150719	0.137017	1.91342e-11	4.63374	38.2
115.848	4.65916e-10	226.709	0.150725	0.137023	1.86366e-11	4.63392	38.24
115.853	4.53801e-10	226.718	0.150731	0.137028	1.8152e-11	4.63411	38.28
115.857	4.42001e-10	226.727	0.150737	0.137034	1.76801e-11	4.63429	38.32
115.862	4.30508e-10	226.736	0.150743	0.137039	1.72203e-11	4.63448	38.36
115.867	4.19314e-10	226.745	0.150749	0.137045	1.67726e-11	4.63466	38.4
115.871	4.08411e-10	226.754	0.150755	0.13705	1.63364e-11	4.63485	38.44
115.876	3.97792e-10	226.763	0.150761	0.137056	1.59117e-11	4.63503	38.48
115.88	3.87448e-10	226.772	0.150767	0.137061	1.54979e-11	4.63522	38.52
115.885	3.77374e-10	226.781	0.150773	0.137067	1.5095e-11	4.6354	38.56
115.89	3.67561e-10	226.79	0.150779	0.137072	1.47025e-11	4.63559	38.6
115.894	3.58004e-10	226.799	0.150785	0.137077	1.43202e-11	4.63578	38.64
115.899	3.48695e-10	226.808	0.150791	0.137083	1.39478e-11	4.63596	38.68
115.904	3.39628e-10	226.817	0.150797	0.137088	1.35851e-11	4.63615	38.72
115.908	3.30797e-10	226.826	0.150803	0.137094	1.32319e-11	4.63633	38.76
115.913	3.22196e-10	226.836	0.150809	0.137099	1.28878e-11	4.63652	38.8
115.918	3.13818e-10	226.845	0.150815	0.137105	1.25527e-11	4.6367	38.84
115.922	3.05658e-10	226.854	0.150821	0.13711	1.22263e-11	4.63689	38.88
115.927	2.9771e-10	226.863	0.150827	0.137116	1.19084e-11	4.63707	38.92
115.931	2.89969e-10	226.872	0.150833	0.137121	1.15988e-11	4.63726	38.96
115.936	2.8243e-10	226.881	0.150839	0.137127	1.12972e-11	4.63744	39
115.941	2.75086e-10	226.89	0.150846	0.137132	1.10034e-11	4.63763	39.04
115.945	2.67933e-10	226.899	0.150852	0.137138	1.07173e-11	4.63782	39.08
115.95	2.60966e-10	226.908	0.150858	0.137143	1.04386e-11	4.638	39.12
115.955	2.54181e-10	226.917	0.150864	0.137149	1.01672e-11	4.63819	39.16
115.959	2.47571e-10	226.926	0.15087	0.137154	9.90285e-12	4.63837	39.2
115.964	2.41134e-10	226.935	0.150876	0.13716	9.64536e-12	4.63856	39.24
115.969	2.34864e-10	226.944	0.150882	0.137165	9.39456e-12	4.63874	39.28
115.973	2.28757e-10	226.954	0.150888	0.137171	9.15028e-12	4.63893	39.32
115.978	2.22809e-10	226.963	0.150894	0.137176	8.91236e-12	4.63911	39.36
115.982	2.17015e-10	226.972	0.1509	0.137182	8.68062e-12	4.6393	39.4
115.987	2.11373e-10	226.981	0.150906	0.137187	8.4549e-12	4.63949	39.44
115.992	2.05876e-10	226.99	0.150912	0.137193	8.23506e-12	4.63967	39.48
115.996	2.00523e-10	226.999	0.150918	0.137198	8.02093e-12	4.63986	39.52
116.001	1.95309e-10	227.008	0.150924	0.137204	7.81237e-12	4.64004	39.56
116.006	1.90231e-10	227.017	0.15093	0.137209	7.60923e-12	4.64023	39.6
116.01	1.85284e-10	227.026	0.150936	0.137215	7.41137e-12	4.64041	39.64
116.015	1.80467e-10	227.035	0.150942	0.13722	7.21866e-12	4.6406	39.68
116.02	1.75774e-10	227.044	0.150948	0.137226	7.03096e-12	4.64078	39.72
116.024	1.71204e-10	227.053	0.150954	0.137231	6.84814e-12	4.64097	39.76
116.029	1.66752e-10	227.062	0.15096	0.137237	6.67008e-12	4.64116	39.8
116.034	1.62416e-10	227.072	0.150966	0.137242	6.49664e-12	4.64134	39.84
116.038	1.58193e-10	227.081	0.150972	0.137248	6.32772e-12	4.64153	39.88
116.043	1.5408e-10	227.09	0.150978	0.137253	6.16318e-12	4.64171	39.92
116.047	1.50073e-10	227.099	0.150984	0.137258	6.00293e-12	4.6419	39.96
