S	I	R	e	d	dI	f	t
380	20	0	0.044	0.04	0.2	1.9	0
377.355	20.3574	2.09152	0.0439784	0.0399804	0.203574	1.88677	0.01
374.723	20.7171	4.16281	0.0439563	0.0399603	0.207171	1.87361	0.02
372.106	21.0782	6.21405	0.0439338	0.0399398	0.210782	1.86053	0.03
369.504	21.4403	8.24543	0.0439109	0.039919	0.214403	1.84752	0.04
366.917	21.8034	10.2571	0.0438876	0.0398978	0.218034	1.83459	0.05
364.346	22.1674	12.2494	0.0438638	0.0398762	0.221674	1.82173	0.06
361.789	22.5321	14.2223	0.0438397	0.0398543	0.225321	1.80894	0.07
359.247	22.8974	16.1761	0.0438152	0.039832	0.228974	1.79623	0.08
356.72	23.2632	18.1109	0.0437903	0.0398094	0.232632	1.7836	0.09
354.207	23.6293	20.027	0.043765	0.0397864	0.236293	1.77104	0.1
351.709	23.9957	21.9245	0.0437393	0.039763	0.239957	1.75855	0.11
349.226	24.3622	23.8035	0.0437131	0.0397392	0.243622	1.74613	0.12
346.758	24.7287	25.6643	0.0436866	0.0397151	0.247287	1.73379	0.13
344.304	25.095	27.507	0.0436597	0.0396906	0.25095	1.72152	0.14
341.865	25.4609	29.3317	0.0436323	0.0396658	0.254609	1.70933	0.15
339.44	25.8265	31.1387	0.0436046	0.0396406	0.258265	1.6972	0.16
337.03	26.1915	32.928	0.0435765	0.039615	0.261915	1.68515	0.17
334.635	26.5558	34.6999	0.0435479	0.039589	0.265558	1.67317	0.18
332.253	26.9193	36.4545	0.043519	0.0395627	0.269193	1.66127	0.19
329.887	27.2819	38.1919	0.0434896	0.039536	0.272819	1.64943	0.2
327.534	27.6433	39.9123	0.0434599	0.039509	0.276433	1.63767	0.21
325.197	28.0036	41.6159	0.0434298	0.0394816	0.280036	1.62598	0.22
322.873	28.3625	43.3027	0.0433992	0.0394539	0.283625	1.61437	0.23
320.564	28.7199	44.973	0.0433683	0.0394257	0.287199	1.60282	0.24
318.27	29.0758	46.6268	0.043337	0.0393973	0.290758	1.59135	0.25
315.99	29.4299	48.2644	0.0433053	0.0393684	0.294299	1.57995	0.26
313.725	29.7821	49.8858	0.0432732	0.0393393	0.297821	1.56862	0.27
311.474	30.1324	51.4912	0.0432407	0.0393097	0.301324	1.55737	0.28
309.237	30.4806	53.0807	0.0432078	0.0392798	0.304806	1.54619	0.29
307.015	30.8265	54.6544	0.0431746	0.0392496	0.308265	1.53508	0.3
304.808	31.1701	56.2125	0.0431409	0.039219	0.311701	1.52404	0.31
302.615	31.5113	57.7551	0.0431069	0.0391881	0.315113	1.51307	0.32
300.436	31.8498	59.2824	0.0430725	0.0391568	0.318498	1.50218	0.33
298.272	32.1857	60.7944	0.0430378	0.0391252	0.321857	1.49136	0.34
296.123	32.5187	62.2913	0.0430026	0.0390933	0.325187	1.48062	0.35
293.989	32.8488	63.7732	0.0429672	0.0390611	0.328488	1.46994	0.36
291.869	33.1758	65.2402	0.0429313	0.0390285	0.331758	1.45934	0.37
289.763	33.4997	66.6924	0.0428951	0.0389955	0.334997	1.44882	0.38
287.673	33.8204	68.13	0.0428585	0.0389623	0.338204	1.43836	0.39
285.597	34.1376	69.5531	0.0428216	0.0389287	0.341376	1.42798	0.4
283.535	34.4514	70.9617	0.0427843	0.0388949	0.344514	1.41768	0.41
281.489	34.7617	72.3561	0.0427467	0.0388607	0.347617	1.40744	0.42
279.457	35.0682	73.7362	0.0427088	0.0388262	0.350682	1.39729	0.43
277.44	35.3711	75.1023	0.0426705	0.0387914	0.353711	1.3872	0.44
275.438	35.67	76.4544	0.0426319	0.0387562	0.3567	1.37719	0.45
273.451	35.965	77.7926	0.0425929	0.0387208	0.35965	1.36725	0.46
271.478	36.256	79.117	0.0425537	0.0386851	0.36256	1.35739	0.47
269.521	36.5429	80.4278	0.0425141	0.0386492	0.365429	1.3476	0.48
267.578	36.8255	81.725	0.0424742	0.0386129	0.368255	1.33789	0.49
265.651	37.1039	83.0088	0.042434	0.0385763	0.371039	1.32825	0.5
263.738	37.378	84.2792	0.0423934	0.0385395	0.37378	1.31869	0.51
261.84	37.6476	85.5363	0.0423526	0.0385024	0.376476	1.3092	0.52
259.957	37.9127	86.7803	0.0423115	0.038465	0.379127	1.29979	0.53
258.089	38.1732	88.0112	0.0422701	0.0384274	0.381732	1.29045	0.54
256.237	38.4291	89.2291	0.0422284	0.0383895	0.384291	1.28118	0.55
254.399	38.6803	90.4342	0.0421865	0.0383513	0.386803	1.27199	0.56
252.576	38.9267	91.6264	0.0421442	0.0383129	0.389267	1.26288	0.57
250.769	39.1683	92.806	0.0421017	0.0382743	0.391683	1.25384	0.58
248.976	39.4051	93.973	0.042059	0.0382354	0.394051	1.24488	0.59
247.199	39.6369	95.1275	0.0420159	0.0381963	0.396369	1.23599	0.6
245.436	39.8638	96.2695	0.0419726	0.0381569	0.398638	1.22718	0.61
243.689	40.0857	97.3992	0.0419291	0.0381174	0.400857	1.21844	0.62
241.957	40.3025	98.5167	0.0418853	0.0380776	0.403025	1.20978	0.63
240.239	40.5142	99.622	0.0418413	0.0380376	0.405142	1.2012	0.64
238.537	40.7208	100.715	0.0417971	0.0379973	0.407208	1.19269	0.65
236.85	40.9223	101.797	0.0417526	0.0379569	0.409223	1.18425	0.66
235.178	41.1185	102.866	0.0417079	0.0379163	0.411185	1.17589	0.67
233.522	41.3096	103.923	0.041663	0.0378755	0.413096	1.16761	0.68
231.88	41.4954	104.969	0.0416179	0.0378345	0.414954	1.1594	0.69
230.253	41.676	106.003	0.0415726	0.0377933	0.41676	1.15127	0.7
228.642	41.8513	107.026	0.0415271	0.0377519	0.418513	1.14321	0.71
227.045	42.0213	108.037	0.0414814	0.0377104	0.420213	1.13523	0.72
225.464	42.186	109.037	0.0414355	0.0376686	0.42186	1.12732	0.73
223.897	42.3454	110.025	0.0413894	0.0376268	0.423454	1.11949	0.74
222.346	42.4994	111.002	0.0413432	0.0375847	0.424994	1.11173	0.75
220.809	42.6482	111.968	0.0412968	0.0375426	0.426482	1.10404	0.76
219.287	42.7916	112.923	0.0412502	0.0375002	0.427916	1.09644	0.77
217.781	42.9298	113.867	0.0412035	0.0374577	0.429298	1.0889	0.78
216.289	43.0626	114.8	0.0411567	0.0374151	0.430626	1.08144	0.79
214.812	43.1901	115.722	0.0411096	0.0373724	0.431901	1.07406	0.8
213.35	43.3123	116.633	0.0410625	0.0373295	0.433123	1.06675	0.81
211.902	43.4292	117.534	0.0410152	0.0372865	0.434292	1.05951	0.82
210.47	43.5409	118.424	0.0409678	0.0372434	0.435409	1.05235	0.83
209.052	43.6473	119.303	0.0409202	0.0372002	0.436473	1.04526	0.84
207.648	43.7484	120.172	0.0408726	0.0371569	0.437484	1.03824	0.85
206.26	43.8444	121.031	0.0408248	0.0371135	0.438444	1.0313	0.86
204.886	43.9352	121.879	0.040777	0.03707	0.439352	1.02443	0.87
203.526	44.0208	122.717	0.040729	0.0370264	0.440208	1.01763	0.88
202.181	44.1012	123.545	0.040681	0.0369827	0.441012	1.01091	0.89
200.85	44.1766	124.362	0.0406328	0.0369389	0.441766	1.00425	0.9
199.534	44.2469	125.17	0.0405846	0.0368951	0.442469	0.997671	0.91
198.232	44.3121	125.968	0.0405363	0.0368512	0.443121	0.991161	0.92
196.945	44.3724	126.755	0.0404879	0.0368072	0.443724	0.984723	0.93
195.671	44.4276	127.533	0.0404395	0.0367632	0.444276	0.978356	0.94
194.412	44.478	128.301	0.040391	0.0367191	0.44478	0.972059	0.95
193.167	44.5235	129.06	0.0403425	0.036675	0.445235	0.965833	0.96
191.935	44.5641	129.809	0.0402939	0.0366308	0.445641	0.959677	0.97
190.718	44.5999	130.548	0.0402453	0.0365866	0.445999	0.953591	0.98
189.515	44.631	131.278	0.0401966	0.0365424	0.44631	0.947574	0.99
188.325	44.6573	131.998	0.0401479	0.0364981	0.446573	0.941626	1
187.149	44.679	132.709	0.0400992	0.0364538	0.44679	0.935747	1.01
185.987	44.6961	133.411	0.0400504	0.0364095	0.446961	0.929936	1.02
184.839	44.7086	134.104	0.0400016	0.0363651	0.447086	0.924193	1.03
183.704	44.7166	134.788	0.0399529	0.0363208	0.447166	0.918518	1.04
182.582	44.7202	135.462	0.0399041	0.0362764	0.447202	0.91291	1.05
181.474	44.7194	136.128	0.0398553	0.0362321	0.447194	0.907369	1.06
180.379	44.7142	136.784	0.0398065	0.0361877	0.447142	0.901894	1.07
179.297	44.7047	137.432	0.0397577	0.0361434	0.447047	0.896485	1.08
178.228	44.691	138.071	0.0397089	0.036099	0.44691	0.891142	1.09
177.173	44.6731	138.701	0.0396602	0.0360547	0.446731	0.885864	1.1
176.13	44.6511	139.323	0.0396114	0.0360104	0.446511	0.88065	1.11
175.1	44.6251	139.936	0.0395627	0.0359661	0.446251	0.875501	1.12
174.083	44.5951	140.54	0.0395141	0.0359219	0.445951	0.870416	1.13
173.079	44.5611	141.137	0.0394654	0.0358776	0.445611	0.865394	1.14
172.087	44.5232	141.724	0.0394168	0.0358335	0.445232	0.860436	1.15
171.108	44.4816	142.304	0.0393682	0.0357893	0.444816	0.855539	1.16
170.141	44.4362	142.875	0.0393197	0.0357452	0.444362	0.850705	1.17
169.187	44.3871	143.438	0.0392713	0.0357012	0.443871	0.845933	1.18
168.244	44.3344	143.993	0.0392229	0.0356571	0.443344	0.841222	1.19
167.314	44.2781	144.54	0.0391745	0.0356132	0.442781	0.836571	1.2
166.396	44.2183	145.079	0.0391262	0.0355693	0.442183	0.831981	1.21
165.49	44.1551	145.609	0.039078	0.0355255	0.441551	0.82745	1.22
164.596	44.0886	146.133	0.0390299	0.0354817	0.440886	0.822979	1.23
163.713	44.0187	146.648	0.0389818	0.035438	0.440187	0.818566	1.24
162.842	43.9456	147.156	0.0389338	0.0353944	0.439456	0.814212	1.25
161.983	43.8693	147.656	0.0388859	0.0353508	0.438693	0.809915	1.26
161.135	43.7899	148.148	0.038838	0.0353073	0.437899	0.805676	1.27
160.299	43.7074	148.633	0.0387903	0.0352639	0.437074	0.801494	1.28
159.474	43.622	149.11	0.0387427	0.0352206	0.43622	0.797368	1.29
158.66	43.5336	149.58	0.0386951	0.0351774	0.435336	0.793298	1.3
157.857	43.4424	150.043	0.0386476	0.0351342	0.434424	0.789283	1.31
157.065	43.3484	150.499	0.0386003	0.0350912	0.433484	0.785323	1.32
156.284	43.2517	150.947	0.038553	0.0350482	0.432517	0.781418	1.33
155.513	43.1523	151.388	0.0385059	0.0350054	0.431523	0.777566	1.34
154.754	43.0503	151.822	0.0384589	0.0349626	0.430503	0.773768	1.35
154.004	42.9457	152.249	0.0384119	0.0349199	0.429457	0.770022	1.36
153.266	42.8387	152.669	0.0383651	0.0348774	0.428387	0.766329	1.37
152.538	42.7293	153.083	0.0383184	0.0348349	0.427293	0.762688	1.38
151.82	42.6175	153.489	0.0382719	0.0347926	0.426175	0.759098	1.39
151.112	42.5034	153.889	0.0382254	0.0347504	0.425034	0.755559	1.4
150.414	42.3871	154.282	0.0381791	0.0347083	0.423871	0.75207	1.41
149.726	42.2686	154.668	0.0381329	0.0346663	0.422686	0.748631	1.42
149.048	42.1481	155.048	0.0380869	0.0346244	0.421481	0.745242	1.43
148.38	42.0254	155.421	0.0380409	0.0345827	0.420254	0.741901	1.44
147.722	41.9008	155.788	0.0379952	0.034541	0.419008	0.738609	1.45
147.073	41.7742	156.148	0.0379495	0.0344995	0.417742	0.735364	1.46
146.433	41.6458	156.502	0.037904	0.0344582	0.416458	0.732167	1.47
145.803	41.5155	156.85	0.0378586	0.0344169	0.415155	0.729017	1.48
145.183	41.3834	157.192	0.0378134	0.0343758	0.413834	0.725913	1.49
144.571	41.2497	157.528	0.0377683	0.0343348	0.412497	0.722855	1.5
143.969	41.1143	157.857	0.0377234	0.034294	0.411143	0.719843	1.51
143.375	40.9773	158.18	0.0376786	0.0342533	0.409773	0.716875	1.52
142.79	40.8388	158.498	0.037634	0.0342127	0.408388	0.713951	1.53
142.214	40.6988	158.809	0.0375895	0.0341723	0.406988	0.711072	1.54
141.647	40.5573	159.115	0.0375452	0.034132	0.405573	0.708236	1.55
141.089	40.4144	159.415	0.037501	0.0340918	0.404144	0.705443	1.56
140.538	40.2703	159.709	0.037457	0.0340518	0.402703	0.702692	1.57
139.997	40.1248	159.998	0.0374131	0.0340119	0.401248	0.699984	1.58
139.463	39.9781	160.281	0.0373694	0.0339722	0.399781	0.697316	1.59
138.938	39.8302	160.558	0.0373259	0.0339326	0.398302	0.69469	1.6
138.421	39.6812	160.83	0.0372825	0.0338932	0.396812	0.692105	1.61
137.912	39.5311	161.096	0.0372393	0.0338539	0.395311	0.689559	1.62
137.411	39.3799	161.357	0.0371963	0.0338148	0.393799	0.687053	1.63
136.917	39.2277	161.613	0.0371534	0.0337758	0.392277	0.684587	1.64
136.432	39.0746	161.864	0.0371107	0.033737	0.390746	0.682159	1.65
135.954	38.9206	162.109	0.0370681	0.0336983	0.389206	0.679769	1.66
135.483	38.7658	162.349	0.0370258	0.0336598	0.387658	0.677417	1.67
135.02	38.6101	162.584	0.0369836	0.0336214	0.386101	0.675102	1.68
134.565	38.4536	162.814	0.0369415	0.0335832	0.384536	0.672824	1.69
134.117	38.2965	163.039	0.0368997	0.0335452	0.382965	0.670583	1.7
133.676	38.1386	163.259	0.036858	0.0335073	0.381386	0.668378	1.71
133.242	37.9801	163.474	0.0368165	0.0334695	0.379801	0.666208	1.72
132.815	37.8209	163.684	0.0367752	0.033432	0.378209	0.664073	1.73
132.395	37.6612	163.89	0.036734	0.0333945	0.376612	0.661973	1.74
131.982	37.501	164.09	0.036693	0.0333573	0.37501	0.659908	1.75
131.575	37.3402	164.287	0.0366522	0.0333202	0.373402	0.657876	1.76
131.175	37.179	164.478	0.0366116	0.0332833	0.37179	0.655877	1.77
130.782	37.0174	164.665	0.0365711	0.0332465	0.370174	0.653912	1.78
130.396	36.8554	164.847	0.0365308	0.0332099	0.368554	0.651979	1.79
130.016	36.693	165.025	0.0364907	0.0331734	0.36693	0.650078	1.8
129.642	36.5304	165.199	0.0364508	0.0331371	0.365304	0.648209	1.81
129.274	36.3674	165.368	0.0364111	0.033101	0.363674	0.646372	1.82
128.913	36.2042	165.533	0.0363715	0.033065	0.362042	0.644565	1.83
128.558	36.0407	165.694	0.0363321	0.0330292	0.360407	0.642789	1.84
128.209	35.8771	165.85	0.0362929	0.0329936	0.358771	0.641043	1.85
127.865	35.7133	166.002	0.0362539	0.0329581	0.357133	0.639327	1.86
127.528	35.5494	166.15	0.0362151	0.0329228	0.355494	0.63764	1.87
127.196	35.3854	166.294	0.0361764	0.0328876	0.353854	0.635982	1.88
126.871	35.2213	166.435	0.0361379	0.0328526	0.352213	0.634353	1.89
126.55	35.0572	166.571	0.0360996	0.0328178	0.350572	0.632752	1.9
126.236	34.893	166.703	0.0360615	0.0327832	0.34893	0.631179	1.91
125.927	34.7289	166.831	0.0360235	0.0327487	0.347289	0.629633	1.92
125.623	34.5648	166.956	0.0359858	0.0327143	0.345648	0.628114	1.93
125.325	34.4008	167.076	0.0359482	0.0326802	0.344008	0.626623	1.94
125.031	34.2368	167.193	0.0359108	0.0326462	0.342368	0.625157	1.95
124.744	34.073	167.307	0.0358736	0.0326123	0.34073	0.623718	1.96
124.461	33.9093	167.416	0.0358365	0.0325786	0.339093	0.622304	1.97
124.183	33.7457	167.522	0.0357996	0.0325451	0.337457	0.620916	1.98
123.91	33.5823	167.625	0.035763	0.0325118	0.335823	0.619552	1.99
123.643	33.4192	167.724	0.0357265	0.0324786	0.334192	0.618214	2
123.38	33.2562	167.82	0.0356901	0.0324456	0.332562	0.616899	2.01
123.122	33.0935	167.912	0.035654	0.0324127	0.330935	0.615609	2.02
122.868	32.931	168.001	0.035618	0.03238	0.32931	0.614342	2.03
122.62	32.7689	168.086	0.0355822	0.0323475	0.327689	0.613099	2.04
122.376	32.607	168.168	0.0355466	0.0323151	0.32607	0.611878	2.05
122.136	32.4455	168.247	0.0355112	0.0322829	0.324455	0.61068	2.06
121.901	32.2843	168.323	0.0354759	0.0322508	0.322843	0.609505	2.07
121.67	32.1234	168.396	0.0354408	0.0322189	0.321234	0.608352	2.08
121.444	31.9629	168.465	0.0354059	0.0321872	0.319629	0.60722	2.09
121.222	31.8028	168.531	0.0353712	0.0321556	0.318028	0.60611	2.1
121.004	31.6431	168.595	0.0353366	0.0321242	0.316431	0.605021	2.11
120.791	31.4839	168.655	0.0353023	0.032093	0.314839	0.603953	2.12
120.581	31.325	168.713	0.035268	0.0320619	0.31325	0.602905	2.13
120.375	31.1666	168.767	0.035234	0.0320309	0.311666	0.601877	2.14
120.174	31.0087	168.819	0.0352002	0.0320001	0.310087	0.60087	2.15
119.976	30.8512	168.868	0.0351665	0.0319695	0.308512	0.599882	2.16
119.783	30.6943	168.914	0.035133	0.0319391	0.306943	0.598914	2.17
119.593	30.5378	168.957	0.0350996	0.0319087	0.305378	0.597964	2.18
119.407	30.3818	168.997	0.0350665	0.0318786	0.303818	0.597034	2.19
119.224	30.2264	169.035	0.0350335	0.0318486	0.302264	0.596122	2.2
119.046	30.0715	169.07	0.0350006	0.0318188	0.300715	0.595228	2.21
118.87	29.9172	169.103	0.034968	0.0317891	0.299172	0.594352	2.22
118.699	29.7634	169.133	0.0349355	0.0317595	0.297634	0.593495	2.23
118.531	29.6101	169.161	0.0349032	0.0317302	0.296101	0.592654	2.24
118.366	29.4575	169.186	0.034871	0.0317009	0.294575	0.591831	2.25
118.205	29.3054	169.208	0.034839	0.0316719	0.293054	0.591025	2.26
118.047	29.154	169.228	0.0348072	0.0316429	0.29154	0.590235	2.27
117.892	29.0031	169.246	0.0347756	0.0316142	0.290031	0.589462	2.28
117.741	28.8529	169.261	0.0347441	0.0315855	0.288529	0.588706	2.29
117.593	28.7032	169.274	0.0347128	0.0315571	0.287032	0.587965	2.3
117.448	28.5542	169.285	0.0346816	0.0315287	0.285542	0.58724	2.31
117.306	28.4059	169.294	0.0346506	0.0315006	0.284059	0.58653	2.32
117.167	28.2582	169.3	0.0346198	0.0314725	0.282582	0.585836	2.33
117.031	28.1111	169.304	0.0345891	0.0314446	0.281111	0.585157	2.34
116.899	27.9647	169.306	0.0345586	0.0314169	0.279647	0.584493	2.35
116.769	27.8189	169.306	0.0345283	0.0313893	0.278189	0.583843	2.36
116.642	27.6738	169.303	0.0344981	0.0313619	0.276738	0.583208	2.37
116.517	27.5294	169.299	0.034468	0.0313346	0.275294	0.582587	2.38
116.396	27.3857	169.293	0.0344382	0.0313074	0.273857	0.58198	2.39
116.277	27.2426	169.284	0.0344085	0.0312804	0.272426	0.581386	2.4
116.161	27.1003	169.274	0.0343789	0.0312535	0.271003	0.580806	2.41
116.048	26.9586	169.262	0.0343495	0.0312268	0.269586	0.58024	2.42
115.937	26.8176	169.247	0.0343203	0.0312002	0.268176	0.579686	2.43
115.829	26.6774	169.231	0.0342912	0.0311738	0.266774	0.579146	2.44
115.724	26.5378	169.213	0.0342622	0.0311475	0.265378	0.578618	2.45
115.621	26.3989	169.194	0.0342334	0.0311213	0.263989	0.578103	2.46
115.52	26.2608	169.172	0.0342048	0.0310953	0.262608	0.5776	2.47
115.422	26.1233	169.149	0.0341763	0.0310694	0.261233	0.577109	2.48
115.326	25.9866	169.124	0.034148	0.0310436	0.259866	0.57663	2.49
115.233	25.8506	169.097	0.0341198	0.031018	0.258506	0.576163	2.5
115.141	25.7153	169.069	0.0340918	0.0309925	0.257153	0.575707	2.51
115.053	25.5807	169.039	0.0340639	0.0309672	0.255807	0.575263	2.52
114.966	25.4469	169.007	0.0340362	0.030942	0.254469	0.57483	2.53
114.882	25.3138	168.974	0.0340086	0.0309169	0.253138	0.574408	2.54
114.799	25.1814	168.939	0.0339811	0.030892	0.251814	0.573997	2.55
114.719	25.0498	168.902	0.0339538	0.0308671	0.250498	0.573596	2.56
114.641	24.9188	168.864	0.0339267	0.0308424	0.249188	0.573206	2.57
114.565	24.7886	168.825	0.0338997	0.0308179	0.247886	0.572827	2.58
114.491	24.6592	168.784	0.0338728	0.0307935	0.246592	0.572457	2.59
114.42	24.5305	168.742	0.0338461	0.0307692	0.245305	0.572098	2.6
114.35	24.4025	168.698	0.0338195	0.030745	0.244025	0.571748	2.61
114.282	24.2752	168.653	0.0337931	0.030721	0.242752	0.571408	2.62
114.216	24.1487	168.606	0.0337668	0.030697	0.241487	0.571078	2.63
114.151	24.0229	168.558	0.0337406	0.0306733	0.240229	0.570757	2.64
114.089	23.8978	168.509	0.0337146	0.0306496	0.238978	0.570445	2.65
114.028	23.7735	168.459	0.0336887	0.0306261	0.237735	0.570142	2.66
113.97	23.6499	168.407	0.0336629	0.0306026	0.236499	0.569849	2.67
113.913	23.527	168.354	0.0336373	0.0305794	0.23527	0.569564	2.68
113.857	23.4049	168.3	0.0336118	0.0305562	0.234049	0.569287	2.69
113.804	23.2835	168.244	0.0335865	0.0305331	0.232835	0.569019	2.7
113.752	23.1628	168.187	0.0335612	0.0305102	0.231628	0.56876	2.71
113.702	23.0429	168.129	0.0335361	0.0304874	0.230429	0.568508	2.72
113.653	22.9237	168.07	0.0335112	0.0304647	0.229237	0.568265	2.73
113.606	22.8052	168.01	0.0334864	0.0304421	0.228052	0.56803	2.74
113.56	22.6874	167.949	0.0334617	0.0304197	0.226874	0.567802	2.75
113.516	22.5704	167.887	0.0334371	0.0303974	0.225704	0.567582	2.76
113.474	22.454	167.823	0.0334127	0.0303751	0.22454	0.56737	2.77
113.433	22.3384	167.759	0.0333884	0.030353	0.223384	0.567165	2.78
113.393	22.2236	167.694	0.0333642	0.0303311	0.222236	0.566967	2.79
113.355	22.1094	167.627	0.0333401	0.0303092	0.221094	0.566777	2.8
113.319	21.996	167.56	0.0333162	0.0302874	0.21996	0.566593	2.81
113.283	21.8832	167.491	0.0332924	0.0302658	0.218832	0.566417	2.82
113.249	21.7712	167.422	0.0332687	0.0302443	0.217712	0.566247	2.83
113.217	21.6599	167.352	0.0332451	0.0302228	0.216599	0.566084	2.84
113.185	21.5493	167.281	0.0332217	0.0302015	0.215493	0.565927	2.85
113.155	21.4394	167.208	0.0331984	0.0301803	0.214394	0.565777	2.86
113.127	21.3302	167.135	0.0331752	0.0301592	0.213302	0.565633	2.87
113.099	21.2217	167.062	0.0331521	0.0301382	0.212217	0.565496	2.88
113.073	21.1139	166.987	0.0331291	0.0301174	0.211139	0.565364	2.89
113.048	21.0068	166.912	0.0331063	0.0300966	0.210068	0.565239	2.9
113.024	20.9003	166.835	0.0330835	0.0300759	0.209003	0.565119	2.91
113.001	20.7946	166.758	0.0330609	0.0300554	0.207946	0.565005	2.92
112.979	20.6896	166.68	0.0330384	0.0300349	0.206896	0.564897	2.93
112.959	20.5852	166.602	0.0330161	0.0300146	0.205852	0.564795	2.94
112.94	20.4815	166.522	0.0329938	0.0299944	0.204815	0.564698	2.95
112.921	20.3785	166.442	0.0329716	0.0299742	0.203785	0.564606	2.96
112.904	20.2762	166.362	0.0329496	0.0299542	0.202762	0.56452	2.97
112.888	20.1745	166.28	0.0329277	0.0299343	0.201745	0.564439	2.98
112.873	20.0736	166.198	0.0329059	0.0299144	0.200736	0.564363	2.99
112.858	19.9732	166.115	0.0328842	0.0298947	0.199732	0.564292	3
112.845	19.8736	166.032	0.0328626	0.0298751	0.198736	0.564226	3.01
112.833	19.7746	165.948	0.0328411	0.0298555	0.197746	0.564164	3.02
112.822	19.6762	165.863	0.0328197	0.0298361	0.196762	0.564108	3.03
112.811	19.5786	165.778	0.0327984	0.0298168	0.195786	0.564056	3.04
112.802	19.4815	165.692	0.0327773	0.0297975	0.194815	0.564008	3.05
112.793	19.3851	165.606	0.0327562	0.0297784	0.193851	0.563965	3.06
112.785	19.2894	165.519	0.0327353	0.0297593	0.192894	0.563927	3.07
112.778	19.1943	165.431	0.0327144	0.0297404	0.191943	0.563892	3.08
112.772	19.0998	165.343	0.0326937	0.0297215	0.190998	0.563862	3.09
112.767	19.006	165.254	0.032673	0.0297028	0.19006	0.563836	3.1
112.763	18.9128	165.165	0.0326525	0.0296841	0.189128	0.563814	3.11
112.759	18.8202	165.076	0.0326321	0.0296655	0.188202	0.563797	3.12
112.757	18.7282	164.986	0.0326117	0.029647	0.187282	0.563783	3.13
112.754	18.6369	164.895	0.0325915	0.0296286	0.186369	0.563772	3.14
112.753	18.5462	164.804	0.0325714	0.0296103	0.185462	0.563766	3.15
112.753	18.4561	164.712	0.0325513	0.0295921	0.184561	0.563763	3.16
112.753	18.3666	164.621	0.0325314	0.029574	0.183666	0.563764	3.17
112.754	18.2777	164.528	0.0325116	0.029556	0.182777	0.563768	3.18
112.755	18.1894	164.436	0.0324918	0.029538	0.181894	0.563776	3.19
112.757	18.1017	164.342	0.0324722	0.0295202	0.181017	0.563787	3.2
112.76	18.0146	164.249	0.0324526	0.0295024	0.180146	0.563802	3.21
112.764	17.9281	164.155	0.0324332	0.0294847	0.179281	0.56382	3.22
112.768	17.8422	164.061	0.0324138	0.0294671	0.178422	0.563841	3.23
112.773	17.7568	163.966	0.0323946	0.0294496	0.177568	0.563865	3.24
112.778	17.6721	163.871	0.0323754	0.0294322	0.176721	0.563892	3.25
112.784	17.5879	163.776	0.0323563	0.0294148	0.175879	0.563922	3.26
112.791	17.5043	163.68	0.0323373	0.0293976	0.175043	0.563955	3.27
112.798	17.4213	163.585	0.0323184	0.0293804	0.174213	0.563991	3.28
112.806	17.3388	163.488	0.0322996	0.0293633	0.173388	0.56403	3.29
112.814	17.2569	163.392	0.0322809	0.0293463	0.172569	0.564071	3.3
112.823	17.1756	163.295	0.0322623	0.0293294	0.171756	0.564115	3.31
112.832	17.0948	163.198	0.0322438	0.0293125	0.170948	0.564162	3.32
112.842	17.0146	163.101	0.0322253	0.0292958	0.170146	0.564211	3.33
112.853	16.9349	163.003	0.032207	0.0292791	0.169349	0.564263	3.34
112.863	16.8558	162.905	0.0321887	0.0292625	0.168558	0.564317	3.35
112.875	16.7772	162.807	0.0321705	0.0292459	0.167772	0.564374	3.36
112.887	16.6991	162.709	0.0321524	0.0292295	0.166991	0.564433	3.37
112.899	16.6216	162.611	0.0321344	0.0292131	0.166216	0.564494	3.38
112.912	16.5446	162.512	0.0321165	0.0291968	0.165446	0.564558	3.39
112.925	16.4682	162.413	0.0320986	0.0291806	0.164682	0.564623	3.4
112.938	16.3923	162.314	0.0320809	0.0291644	0.163923	0.564691	3.41
112.952	16.3168	162.215	0.0320632	0.0291484	0.163168	0.564761	3.42
112.967	16.2419	162.115	0.0320456	0.0291324	0.162419	0.564833	3.43
112.981	16.1676	162.016	0.0320281	0.0291165	0.161676	0.564907	3.44
112.997	16.0937	161.916	0.0320107	0.0291006	0.160937	0.564983	3.45
113.012	16.0203	161.816	0.0319933	0.0290848	0.160203	0.565061	3.46
113.028	15.9475	161.716	0.0319761	0.0290692	0.159475	0.565141	3.47
113.044	15.8751	161.616	0.0319589	0.0290535	0.158751	0.565222	3.48
113.061	15.8032	161.515	0.0319418	0.029038	0.158032	0.565305	3.49
113.078	15.7319	161.415	0.0319247	0.0290225	0.157319	0.56539	3.5
113.095	15.661	161.314	0.0319078	0.0290071	0.15661	0.565477	3.51
113.113	15.5906	161.214	0.0318909	0.0289917	0.155906	0.565565	3.52
113.131	15.5207	161.113	0.0318741	0.0289765	0.155207	0.565655	3.53
113.149	15.4512	161.012	0.0318574	0.0289613	0.154512	0.565746	3.54
113.168	15.3823	160.911	0.0318407	0.0289461	0.153823	0.565839	3.55
113.187	15.3138	160.81	0.0318242	0.0289311	0.153138	0.565933	3.56
113.206	15.2458	160.709	0.0318077	0.0289161	0.152458	0.566029	3.57
113.225	15.1782	160.608	0.0317913	0.0289011	0.151782	0.566126	3.58
113.245	15.1111	160.507	0.0317749	0.0288863	0.151111	0.566225	3.59
113.265	15.0445	160.405	0.0317586	0.0288715	0.150445	0.566325	3.6
113.285	14.9783	160.304	0.0317424	0.0288568	0.149783	0.566426	3.61
113.306	14.9126	160.203	0.0317263	0.0288421	0.149126	0.566528	3.62
113.326	14.8474	160.101	0.0317103	0.0288275	0.148474	0.566632	3.63
113.347	14.7825	160	0.0316943	0.028813	0.147825	0.566736	3.64
113.368	14.7181	159.899	0.0316784	0.0287985	0.147181	0.566842	3.65
113.39	14.6542	159.797	0.0316625	0.0287841	0.146542	0.566949	3.66
113.411	14.5907	159.696	0.0316467	0.0287698	0.145907	0.567057	3.67
113.433	14.5276	159.594	0.031631	0.0287555	0.145276	0.567166	3.68
113.455	14.465	159.493	0.0316154	0.0287413	0.14465	0.567276	3.69
113.477	14.4028	159.391	0.0315998	0.0287271	0.144028	0.567387	3.7
113.5	14.341	159.29	0.0315843	0.028713	0.14341	0.567499	3.71
113.522	14.2796	159.188	0.0315689	0.028699	0.142796	0.567611	3.72
113.545	14.2187	159.087	0.0315535	0.028685	0.142187	0.567725	3.73
113.568	14.1581	158.985	0.0315383	0.0286711	0.141581	0.56784	3.74
113.591	14.098	158.884	0.031523	0.0286573	0.14098	0.567955	3.75
113.614	14.0383	158.783	0.0315079	0.0286435	0.140383	0.568071	3.76
113.638	13.979	158.681	0.0314928	0.0286298	0.13979	0.568188	3.77
113.661	13.92	158.58	0.0314777	0.0286161	0.1392	0.568305	3.78
113.685	13.8615	158.479	0.0314628	0.0286025	0.138615	0.568424	3.79
113.709	13.8034	158.378	0.0314478	0.028589	0.138034	0.568543	3.8
113.732	13.7457	158.276	0.031433	0.0285755	0.137457	0.568662	3.81
113.757	13.6884	158.175	0.0314182	0.028562	0.136884	0.568783	3.82
113.781	13.6314	158.074	0.0314035	0.0285486	0.136314	0.568903	3.83
113.805	13.5748	157.973	0.0313889	0.0285353	0.135748	0.569025	3.84
113.829	13.5187	157.873	0.0313743	0.0285221	0.135187	0.569147	3.85
113.854	13.4629	157.772	0.0313597	0.0285088	0.134629	0.569269	3.86
113.878	13.4074	157.671	0.0313453	0.0284957	0.134074	0.569392	3.87
113.903	13.3524	157.57	0.0313309	0.0284826	0.133524	0.569516	3.88
113.928	13.2977	157.47	0.0313165	0.0284696	0.132977	0.569639	3.89
113.953	13.2434	157.37	0.0313022	0.0284566	0.132434	0.569764	3.9
113.978	13.1894	157.269	0.031288	0.0284436	0.131894	0.569888	3.91
114.003	13.1358	157.169	0.0312738	0.0284307	0.131358	0.570013	3.92
114.028	13.0826	157.069	0.0312597	0.0284179	0.130826	0.570139	3.93
114.053	13.0297	156.969	0.0312457	0.0284051	0.130297	0.570265	3.94
114.078	12.9772	156.869	0.0312317	0.0283924	0.129772	0.570391	3.95
114.103	12.925	156.769	0.0312177	0.0283797	0.12925	0.570517	3.96
114.129	12.8732	156.669	0.0312038	0.0283671	0.128732	0.570644	3.97
114.154	12.8218	156.57	0.03119	0.0283546	0.128218	0.570771	3.98
114.18	12.7706	156.47	0.0311762	0.028342	0.127706	0.570898	3.99
114.205	12.7198	156.371	0.0311625	0.0283296	0.127198	0.571025	4
114.231	12.6694	156.272	0.0311489	0.0283172	0.126694	0.571153	4.01
114.256	12.6192	156.173	0.0311353	0.0283048	0.126192	0.571281	4.02
114.282	12.5695	156.074	0.0311217	0.0282925	0.125695	0.571409	4.03
114.307	12.52	155.975	0.0311082	0.0282802	0.1252	0.571537	4.04
114.333	12.4709	155.876	0.0310948	0.028268	0.124709	0.571665	4.05
114.359	12.4221	155.778	0.0310814	0.0282558	0.124221	0.571793	4.06
114.384	12.3736	155.679	0.0310681	0.0282437	0.123736	0.571922	4.07
114.41	12.3254	155.581	0.0310548	0.0282316	0.123254	0.57205	4.08
114.436	12.2776	155.483	0.0310416	0.0282196	0.122776	0.572179	4.09
114.462	12.23	155.385	0.0310284	0.0282076	0.1223	0.572308	4.1
114.487	12.1828	155.287	0.0310153	0.0281957	0.121828	0.572436	4.11
114.513	12.1359	155.189	0.0310022	0.0281838	0.121359	0.572565	4.12
114.539	12.0893	155.092	0.0309892	0.028172	0.120893	0.572694	4.13
114.564	12.043	154.995	0.0309762	0.0281602	0.12043	0.572822	4.14
114.59	11.997	154.898	0.0309633	0.0281485	0.11997	0.572951	4.15
114.616	11.9513	154.801	0.0309505	0.0281368	0.119513	0.57308	4.16
114.642	11.9059	154.704	0.0309376	0.0281251	0.119059	0.573208	4.17
114.667	11.8608	154.607	0.0309249	0.0281135	0.118608	0.573337	4.18
114.693	11.816	154.511	0.0309122	0.028102	0.11816	0.573465	4.19
114.719	11.7715	154.414	0.0308995	0.0280904	0.117715	0.573593	4.2
114.744	11.7273	154.318	0.0308869	0.028079	0.117273	0.573722	4.21
114.77	11.6833	154.222	0.0308743	0.0280675	0.116833	0.57385	4.22
114.796	11.6397	154.126	0.0308618	0.0280562	0.116397	0.573978	4.23
114.821	11.5963	154.031	0.0308493	0.0280448	0.115963	0.574105	4.24
114.847	11.5532	153.935	0.0308369	0.0280335	0.115532	0.574233	4.25
114.872	11.5104	153.84	0.0308245	0.0280223	0.115104	0.574361	4.26
114.898	11.4679	153.745	0.0308122	0.0280111	0.114679	0.574488	4.27
114.923	11.4256	153.65	0.0307999	0.0279999	0.114256	0.574615	4.28
114.948	11.3836	153.556	0.0307876	0.0279888	0.113836	0.574742	4.29
114.974	11.3419	153.461	0.0307754	0.0279777	0.113419	0.574869	4.3
114.999	11.3004	153.367	0.0307633	0.0279666	0.113004	0.574995	4.31
115.024	11.2593	153.273	0.0307512	0.0279556	0.112593	0.575121	4.32
115.049	11.2183	153.179	0.0307391	0.0279447	0.112183	0.575247	4.33
115.075	11.1777	153.085	0.0307271	0.0279337	0.111777	0.575373	4.34
115.1	11.1373	152.992	0.0307152	0.0279229	0.111373	0.575499	4.35
115.125	11.0971	152.898	0.0307032	0.027912	0.110971	0.575624	4.36
115.15	11.0572	152.805	0.0306913	0.0279012	0.110572	0.575749	4.37
115.175	11.0176	152.712	0.0306795	0.0278905	0.110176	0.575873	4.38
115.2	10.9782	152.62	0.0306677	0.0278797	0.109782	0.575998	4.39
115.224	10.9391	152.527	0.030656	0.0278691	0.109391	0.576122	4.4
115.249	10.9002	152.435	0.0306443	0.0278584	0.109002	0.576245	4.41
115.274	10.8615	152.343	0.0306326	0.0278478	0.108615	0.576369	4.42
115.298	10.8231	152.251	0.030621	0.0278372	0.108231	0.576492	4.43
115.323	10.785	152.159	0.0306094	0.0278267	0.10785	0.576615	4.44
115.347	10.747	152.068	0.0305978	0.0278162	0.10747	0.576737	4.45
115.372	10.7093	151.977	0.0305864	0.0278058	0.107093	0.576859	4.46
115.396	10.6719	151.886	0.0305749	0.0277954	0.106719	0.576981	4.47
115.42	10.6347	151.795	0.0305635	0.027785	0.106347	0.577102	4.48
115.445	10.5977	151.704	0.0305521	0.0277746	0.105977	0.577223	4.49
115.469	10.561	151.614	0.0305408	0.0277643	0.10561	0.577344	4.5
115.493	10.5244	151.523	0.0305295	0.0277541	0.105244	0.577464	4.51
115.517	10.4881	151.434	0.0305182	0.0277438	0.104881	0.577583	4.52
115.541	10.4521	151.344	0.030507	0.0277336	0.104521	0.577703	4.53
115.564	10.4162	151.254	0.0304958	0.0277235	0.104162	0.577822	4.54
115.588	10.3806	151.165	0.0304847	0.0277134	0.103806	0.57794	4.55
115.612	10.3452	151.076	0.0304736	0.0277033	0.103452	0.578058	4.56
115.635	10.31	150.987	0.0304625	0.0276932	0.1031	0.578176	4.57
115.659	10.2751	150.898	0.0304515	0.0276832	0.102751	0.578293	4.58
115.682	10.2403	150.81	0.0304405	0.0276732	0.102403	0.57841	4.59
115.705	10.2058	150.722	0.0304296	0.0276633	0.102058	0.578527	4.6
115.728	10.1715	150.634	0.0304187	0.0276534	0.101715	0.578642	4.61
115.752	10.1373	150.546	0.0304078	0.0276435	0.101373	0.578758	4.62
115.775	10.1034	150.458	0.030397	0.0276336	0.101034	0.578873	4.63
115.797	10.0697	150.371	0.0303862	0.0276238	0.100697	0.578987	4.64
115.82	10.0362	150.284	0.0303754	0.027614	0.100362	0.579102	4.65
115.843	10.0029	150.197	0.0303647	0.0276043	0.100029	0.579215	4.66
115.866	9.96986	150.11	0.030354	0.0275946	0.0996986	0.579328	4.67
115.888	9.93697	150.024	0.0303434	0.0275849	0.0993697	0.579441	4.68
115.911	9.90428	149.938	0.0303328	0.0275752	0.0990428	0.579553	4.69
115.933	9.87179	149.852	0.0303222	0.0275656	0.0987179	0.579665	4.7
115.955	9.8395	149.766	0.0303117	0.0275561	0.098395	0.579776	4.71
115.977	9.8074	149.68	0.0303012	0.0275465	0.098074	0.579887	4.72
115.999	9.77549	149.595	0.0302907	0.027537	0.0977549	0.579997	4.73
116.021	9.74378	149.51	0.0302802	0.0275275	0.0974378	0.580107	4.74
116.043	9.71225	149.425	0.0302698	0.027518	0.0971225	0.580216	4.75
116.065	9.68092	149.34	0.0302595	0.0275086	0.0968092	0.580324	4.76
116.087	9.64977	149.256	0.0302491	0.0274992	0.0964977	0.580433	4.77
116.108	9.61881	149.172	0.0302389	0.0274899	0.0961881	0.58054	4.78
116.129	9.58803	149.088	0.0302286	0.0274805	0.0958803	0.580647	4.79
116.151	9.55744	149.004	0.0302184	0.0274712	0.0955744	0.580754	4.8
116.172	9.52702	148.921	0.0302082	0.027462	0.0952702	0.58086	4.81
116.193	9.49679	148.837	0.030198	0.0274527	0.0949679	0.580966	4.82
116.214	9.46674	148.754	0.0301879	0.0274435	0.0946674	0.581071	4.83
116.235	9.43686	148.671	0.0301778	0.0274343	0.0943686	0.581175	4.84
116.256	9.40716	148.589	0.0301677	0.0274252	0.0940716	0.581279	4.85
116.276	9.37764	148.507	0.0301577	0.0274161	0.0937764	0.581382	4.86
116.297	9.34828	148.424	0.0301477	0.027407	0.0934828	0.581485	4.87
116.318	9.3191	148.343	0.0301377	0.0273979	0.093191	0.581588	4.88
116.338	9.2901	148.261	0.0301278	0.0273889	0.092901	0.581689	4.89
116.358	9.26126	148.179	0.0301179	0.0273799	0.0926126	0.581791	4.9
116.378	9.23259	148.098	0.030108	0.0273709	0.0923259	0.581891	4.91
116.398	9.20409	148.017	0.0300982	0.027362	0.0920409	0.581991	4.92
116.418	9.17575	147.936	0.0300883	0.027353	0.0917575	0.582091	4.93
116.438	9.14758	147.856	0.0300786	0.0273441	0.0914758	0.58219	4.94
116.458	9.11957	147.776	0.0300688	0.0273353	0.0911957	0.582288	4.95
116.477	9.09172	147.696	0.0300591	0.0273265	0.0909172	0.582386	4.96
116.497	9.06403	147.616	0.0300494	0.0273176	0.0906403	0.582484	4.97
116.516	9.03651	147.536	0.0300398	0.0273089	0.0903651	0.582581	4.98
116.535	9.00914	147.457	0.0300301	0.0273001	0.0900914	0.582677	4.99
116.554	8.98193	147.377	0.0300205	0.0272914	0.0898193	0.582772	5
116.574	8.95487	147.299	0.030011	0.0272827	0.0895487	0.582868	5.01
116.592	8.92798	147.22	0.0300014	0.027274	0.0892798	0.582962	5.02
116.611	8.90123	147.141	0.0299919	0.0272654	0.0890123	0.583056	5.03
116.63	8.87464	147.063	0.0299824	0.0272568	0.0887464	0.583149	5.04
116.648	8.8482	146.985	0.029973	0.0272482	0.088482	0.583242	5.05
116.667	8.82191	146.907	0.0299636	0.0272396	0.0882191	0.583335	5.06
116.685	8.79576	146.83	0.0299542	0.0272311	0.0879576	0.583426	5.07
116.703	8.76977	146.752	0.0299448	0.0272226	0.0876977	0.583517	5.08
116.722	8.74392	146.675	0.0299355	0.0272141	0.0874392	0.583608	5.09
116.74	8.71822	146.598	0.0299262	0.0272056	0.0871822	0.583698	5.1
116.757	8.69267	146.522	0.0299169	0.0271972	0.0869267	0.583787	5.11
116.775	8.66726	146.445	0.0299076	0.0271888	0.0866726	0.583876	5.12
116.793	8.64199	146.369	0.0298984	0.0271804	0.0864199	0.583964	5.13
116.81	8.61686	146.293	0.0298892	0.027172	0.0861686	0.584052	5.14
116.828	8.59187	146.217	0.0298801	0.0271637	0.0859187	0.584139	5.15
116.845	8.56703	146.142	0.0298709	0.0271554	0.0856703	0.584226	5.16
116.862	8.54232	146.066	0.0298618	0.0271471	0.0854232	0.584312	5.17
116.879	8.51775	145.991	0.0298527	0.0271388	0.0851775	0.584397	5.18
116.896	8.49331	145.916	0.0298437	0.0271306	0.0849331	0.584482	5.19
116.913	8.46901	145.842	0.0298346	0.0271224	0.0846901	0.584566	5.2
116.93	8.44485	145.767	0.0298256	0.0271142	0.0844485	0.58465	5.21
116.947	8.42082	145.693	0.0298166	0.027106	0.0842082	0.584733	5.22
116.963	8.39692	145.619	0.0298077	0.0270979	0.0839692	0.584815	5.23
116.979	8.37316	145.545	0.0297988	0.0270898	0.0837316	0.584897	5.24
116.996	8.34952	145.472	0.0297899	0.0270817	0.0834952	0.584979	5.25
117.012	8.32601	145.398	0.029781	0.0270736	0.0832601	0.58506	5.26
117.028	8.30264	145.325	0.0297721	0.0270656	0.0830264	0.58514	5.27
117.044	8.27939	145.252	0.0297633	0.0270576	0.0827939	0.585219	5.28
117.06	8.25626	145.18	0.0297545	0.0270496	0.0825626	0.585299	5.29
117.075	8.23327	145.107	0.0297457	0.0270416	0.0823327	0.585377	5.3
117.091	8.21039	145.035	0.029737	0.0270336	0.0821039	0.585455	5.31
117.106	8.18765	144.963	0.0297283	0.0270257	0.0818765	0.585532	5.32
117.122	8.16502	144.891	0.0297196	0.0270178	0.0816502	0.585609	5.33
117.137	8.14252	144.819	0.0297109	0.0270099	0.0814252	0.585685	5.34
117.152	8.12014	144.748	0.0297022	0.027002	0.0812014	0.585761	5.35
117.167	8.09788	144.677	0.0296936	0.0269942	0.0809788	0.585836	5.36
117.182	8.07574	144.606	0.029685	0.0269864	0.0807574	0.585911	5.37
117.197	8.05372	144.535	0.0296764	0.0269786	0.0805372	0.585985	5.38
117.212	8.03181	144.465	0.0296679	0.0269708	0.0803181	0.586058	5.39
117.226	8.01003	144.394	0.0296594	0.0269631	0.0801003	0.586131	5.4
117.241	7.98836	144.324	0.0296509	0.0269553	0.0798836	0.586203	5.41
117.255	7.9668	144.254	0.0296424	0.0269476	0.079668	0.586275	5.42
117.269	7.94536	144.185	0.0296339	0.0269399	0.0794536	0.586346	5.43
117.283	7.92403	144.115	0.0296255	0.0269323	0.0792403	0.586416	5.44
117.297	7.90282	144.046	0.0296171	0.0269246	0.0790282	0.586486	5.45
117.311	7.88172	143.977	0.0296087	0.026917	0.0788172	0.586556	5.46
117.325	7.86073	143.908	0.0296003	0.0269094	0.0786073	0.586625	5.47
117.339	7.83985	143.84	0.029592	0.0269018	0.0783985	0.586693	5.48
117.352	7.81908	143.771	0.0295837	0.0268942	0.0781908	0.586761	5.49
117.366	7.79842	143.703	0.0295754	0.0268867	0.0779842	0.586828	5.5
117.379	7.77787	143.635	0.0295671	0.0268792	0.0777787	0.586895	5.51
117.392	7.75742	143.567	0.0295588	0.0268717	0.0775742	0.586961	5.52
117.405	7.73708	143.5	0.0295506	0.0268642	0.0773708	0.587026	5.53
117.418	7.71685	143.432	0.0295424	0.0268567	0.0771685	0.587091	5.54
117.431	7.69672	143.365	0.0295342	0.0268493	0.0769672	0.587156	5.55
117.444	7.6767	143.298	0.0295261	0.0268419	0.076767	0.58722	5.56
117.457	7.65678	143.231	0.0295179	0.0268345	0.0765678	0.587283	5.57
117.469	7.63696	143.165	0.0295098	0.0268271	0.0763696	0.587346	5.58
117.482	7.61725	143.099	0.0295017	0.0268197	0.0761725	0.587408	5.59
117.494	7.59763	143.032	0.0294936	0.0268124	0.0759763	0.58747	5.6
117.506	7.57812	142.966	0.0294856	0.0268051	0.0757812	0.587531	5.61
117.518	7.55871	142.901	0.0294776	0.0267978	0.0755871	0.587592	5.62
117.53	7.5394	142.835	0.0294695	0.0267905	0.075394	0.587652	5.63
117.542	7.52018	142.77	0.0294616	0.0267832	0.0752018	0.587711	5.64
117.554	7.50107	142.705	0.0294536	0.026776	0.0750107	0.58777	5.65
117.566	7.48205	142.64	0.0294456	0.0267688	0.0748205	0.587829	5.66
117.577	7.46313	142.575	0.0294377	0.0267616	0.0746313	0.587887	5.67
117.589	7.4443	142.511	0.0294298	0.0267544	0.074443	0.587944	5.68
117.6	7.42557	142.446	0.0294219	0.0267472	0.0742557	0.588001	5.69
117.612	7.40693	142.382	0.0294141	0.0267401	0.0740693	0.588058	5.7
117.623	7.38839	142.318	0.0294062	0.0267329	0.0738839	0.588113	5.71
117.634	7.36994	142.254	0.0293984	0.0267258	0.0736994	0.588169	5.72
117.645	7.35159	142.191	0.0293906	0.0267187	0.0735159	0.588224	5.73
117.656	7.33332	142.127	0.0293828	0.0267116	0.0733332	0.588278	5.74
117.666	7.31515	142.064	0.029375	0.0267046	0.0731515	0.588332	5.75
117.677	7.29707	142.001	0.0293673	0.0266975	0.0729707	0.588385	5.76
117.687	7.27907	141.939	0.0293596	0.0266905	0.0727907	0.588437	5.77
117.698	7.26117	141.876	0.0293519	0.0266835	0.0726117	0.58849	5.78
117.708	7.24336	141.814	0.0293442	0.0266765	0.0724336	0.588541	5.79
117.718	7.22563	141.751	0.0293365	0.0266696	0.0722563	0.588592	5.8
117.729	7.20799	141.689	0.0293289	0.0266626	0.0720799	0.588643	5.81
117.739	7.19044	141.628	0.0293212	0.0266557	0.0719044	0.588693	5.82
117.749	7.17298	141.566	0.0293136	0.0266488	0.0717298	0.588743	5.83
117.758	7.1556	141.505	0.029306	0.0266419	0.071556	0.588792	5.84
117.768	7.13831	141.443	0.0292985	0.026635	0.0713831	0.588841	5.85
117.778	7.1211	141.382	0.0292909	0.0266281	0.071211	0.588889	5.86
117.787	7.10397	141.321	0.0292834	0.0266213	0.0710397	0.588936	5.87
117.797	7.08693	141.261	0.0292759	0.0266144	0.0708693	0.588983	5.88
117.806	7.06998	141.2	0.0292684	0.0266076	0.0706998	0.58903	5.89
117.815	7.0531	141.14	0.0292609	0.0266008	0.070531	0.589076	5.9
117.824	7.03631	141.08	0.0292534	0.026594	0.0703631	0.589122	5.91
117.833	7.01959	141.02	0.029246	0.0265873	0.0701959	0.589167	5.92
117.842	7.00296	140.96	0.0292386	0.0265805	0.0700296	0.589212	5.93
117.851	6.98641	140.9	0.0292312	0.0265738	0.0698641	0.589256	5.94
117.86	6.96994	140.841	0.0292238	0.0265671	0.0696994	0.589299	5.95
117.869	6.95355	140.782	0.0292164	0.0265604	0.0695355	0.589343	5.96
117.877	6.93723	140.723	0.0292091	0.0265537	0.0693723	0.589385	5.97
117.886	6.921	140.664	0.0292018	0.026547	0.06921	0.589428	5.98
117.894	6.90484	140.605	0.0291944	0.0265404	0.0690484	0.589469	5.99
117.902	6.88876	140.547	0.0291871	0.0265338	0.0688876	0.589511	6
117.91	6.87275	140.488	0.0291799	0.0265271	0.0687275	0.589551	6.01
117.918	6.85682	140.43	0.0291726	0.0265205	0.0685682	0.589592	6.02
117.926	6.84097	140.372	0.0291654	0.026514	0.0684097	0.589631	6.03
117.934	6.82519	140.315	0.0291581	0.0265074	0.0682519	0.589671	6.04
117.942	6.80949	140.257	0.0291509	0.0265008	0.0680949	0.58971	6.05
117.95	6.79386	140.2	0.0291437	0.0264943	0.0679386	0.589748	6.06
117.957	6.7783	140.142	0.0291366	0.0264878	0.067783	0.589786	6.07
117.965	6.76282	140.085	0.0291294	0.0264813	0.0676282	0.589824	6.08
117.972	6.74741	140.028	0.0291223	0.0264748	0.0674741	0.589861	6.09
117.979	6.73207	139.972	0.0291151	0.0264683	0.0673207	0.589897	6.1
117.987	6.7168	139.915	0.029108	0.0264618	0.067168	0.589933	6.11
117.994	6.7016	139.859	0.0291009	0.0264554	0.067016	0.589969	6.12
118.001	6.68648	139.802	0.0290939	0.026449	0.0668648	0.590004	6.13
118.008	6.67142	139.746	0.0290868	0.0264426	0.0667142	0.590039	6.14
118.015	6.65644	139.69	0.0290798	0.0264362	0.0665644	0.590073	6.15
118.021	6.64152	139.635	0.0290727	0.0264298	0.0664152	0.590107	6.16
118.028	6.62667	139.579	0.0290657	0.0264234	0.0662667	0.590141	6.17
118.035	6.61189	139.524	0.0290587	0.026417	0.0661189	0.590174	6.18
118.041	6.59718	139.469	0.0290518	0.0264107	0.0659718	0.590206	6.19
118.048	6.58254	139.414	0.0290448	0.0264044	0.0658254	0.590238	6.2
118.054	6.56796	139.359	0.0290379	0.0263981	0.0656796	0.59027	6.21
118.06	6.55345	139.304	0.0290309	0.0263918	0.0655345	0.590301	6.22
118.066	6.53901	139.249	0.029024	0.0263855	0.0653901	0.590332	6.23
118.072	6.52463	139.195	0.0290171	0.0263792	0.0652463	0.590362	6.24
118.078	6.51031	139.141	0.0290103	0.026373	0.0651031	0.590392	6.25
118.084	6.49607	139.087	0.0290034	0.0263667	0.0649607	0.590422	6.26
118.09	6.48188	139.033	0.0289965	0.0263605	0.0648188	0.590451	6.27
118.096	6.46776	138.979	0.0289897	0.0263543	0.0646776	0.590479	6.28
118.102	6.45371	138.926	0.0289829	0.0263481	0.0645371	0.590508	6.29
118.107	6.43971	138.872	0.0289761	0.0263419	0.0643971	0.590535	6.3
118.113	6.42578	138.819	0.0289693	0.0263357	0.0642578	0.590563	6.31
118.118	6.41191	138.766	0.0289625	0.0263296	0.0641191	0.59059	6.32
118.123	6.39811	138.713	0.0289558	0.0263234	0.0639811	0.590616	6.33
118.129	6.38436	138.66	0.028949	0.0263173	0.0638436	0.590643	6.34
118.134	6.37068	138.608	0.0289423	0.0263112	0.0637068	0.590668	6.35
118.139	6.35706	138.555	0.0289356	0.0263051	0.0635706	0.590694	6.36
118.144	6.34349	138.503	0.0289289	0.026299	0.0634349	0.590718	6.37
118.149	6.32999	138.451	0.0289222	0.0262929	0.0632999	0.590743	6.38
118.153	6.31655	138.399	0.0289155	0.0262869	0.0631655	0.590767	6.39
118.158	6.30317	138.347	0.0289089	0.0262808	0.0630317	0.590791	6.4
118.163	6.28984	138.295	0.0289023	0.0262748	0.0628984	0.590814	6.41
118.167	6.27658	138.244	0.0288956	0.0262688	0.0627658	0.590837	6.42
118.172	6.26337	138.192	0.028889	0.0262627	0.0626337	0.59086	6.43
118.176	6.25022	138.141	0.0288824	0.0262568	0.0625022	0.590882	6.44
118.181	6.23713	138.09	0.0288758	0.0262508	0.0623713	0.590903	6.45
118.185	6.22409	138.039	0.0288693	0.0262448	0.0622409	0.590925	6.46
118.189	6.21111	137.988	0.0288627	0.0262388	0.0621111	0.590946	6.47
118.193	6.19819	137.938	0.0288562	0.0262329	0.0619819	0.590966	6.48
118.197	6.18533	137.887	0.0288497	0.026227	0.0618533	0.590986	6.49
118.201	6.17251	137.837	0.0288432	0.0262211	0.0617251	0.591006	6.5
118.205	6.15976	137.787	0.0288367	0.0262151	0.0615976	0.591026	6.51
118.209	6.14706	137.737	0.0288302	0.0262093	0.0614706	0.591045	6.52
118.213	6.13441	137.687	0.0288237	0.0262034	0.0613441	0.591063	6.53
118.216	6.12182	137.637	0.0288173	0.0261975	0.0612182	0.591082	6.54
118.22	6.10928	137.587	0.0288108	0.0261917	0.0610928	0.591099	6.55
118.223	6.0968	137.538	0.0288044	0.0261858	0.060968	0.591117	6.56
118.227	6.08437	137.489	0.028798	0.02618	0.0608437	0.591134	6.57
118.23	6.07199	137.439	0.0287916	0.0261742	0.0607199	0.591151	6.58
118.233	6.05967	137.39	0.0287852	0.0261684	0.0605967	0.591167	6.59
118.237	6.04739	137.342	0.0287788	0.0261626	0.0604739	0.591184	6.6
118.24	6.03517	137.293	0.0287725	0.0261568	0.0603517	0.591199	6.61
118.243	6.023	137.244	0.0287661	0.026151	0.06023	0.591215	6.62
118.246	6.01089	137.196	0.0287598	0.0261453	0.0601089	0.59123	6.63
118.249	5.99882	137.148	0.0287535	0.0261395	0.0599882	0.591244	6.64
118.252	5.9868	137.099	0.0287472	0.0261338	0.059868	0.591258	6.65
118.254	5.97484	137.051	0.0287409	0.0261281	0.0597484	0.591272	6.66
118.257	5.96292	137.003	0.0287346	0.0261224	0.0596292	0.591286	6.67
118.26	5.95105	136.956	0.0287283	0.0261167	0.0595105	0.591299	6.68
118.262	5.93924	136.908	0.0287221	0.026111	0.0593924	0.591312	6.69
118.265	5.92747	136.861	0.0287158	0.0261053	0.0592747	0.591325	6.7
118.267	5.91575	136.813	0.0287096	0.0260996	0.0591575	0.591337	6.71
118.27	5.90408	136.766	0.0287034	0.026094	0.0590408	0.591349	6.72
118.272	5.89246	136.719	0.0286972	0.0260884	0.0589246	0.59136	6.73
118.274	5.88089	136.672	0.028691	0.0260827	0.0588089	0.591371	6.74
118.276	5.86936	136.625	0.0286848	0.0260771	0.0586936	0.591382	6.75
118.279	5.85788	136.579	0.0286787	0.0260715	0.0585788	0.591393	6.76
118.281	5.84645	136.532	0.0286725	0.0260659	0.0584645	0.591403	6.77
118.283	5.83506	136.486	0.0286664	0.0260603	0.0583506	0.591413	6.78
118.284	5.82373	136.44	0.0286602	0.0260548	0.0582373	0.591422	6.79
118.286	5.81243	136.393	0.0286541	0.0260492	0.0581243	0.591431	6.8
118.288	5.80119	136.347	0.028648	0.0260437	0.0580119	0.59144	6.81
118.29	5.78999	136.302	0.0286419	0.0260381	0.0578999	0.591449	6.82
118.291	5.77883	136.256	0.0286359	0.0260326	0.0577883	0.591457	6.83
118.293	5.76772	136.21	0.0286298	0.0260271	0.0576772	0.591465	6.84
118.295	5.75666	136.165	0.0286237	0.0260216	0.0575666	0.591473	6.85
118.296	5.74564	136.119	0.0286177	0.0260161	0.0574564	0.59148	6.86
118.297	5.73466	136.074	0.0286117	0.0260106	0.0573466	0.591487	6.87
118.299	5.72373	136.029	0.0286057	0.0260051	0.0572373	0.591493	6.88
118.3	5.71284	135.984	0.0285997	0.0259997	0.0571284	0.5915	6.89
118.301	5.702	135.939	0.0285937	0.0259942	0.05702	0.591506	6.9
118.302	5.6912	135.895	0.0285877	0.0259888	0.056912	0.591511	6.91
118.303	5.68044	135.85	0.0285817	0.0259834	0.0568044	0.591517	6.92
118.304	5.66973	135.806	0.0285758	0.025978	0.0566973	0.591522	6.93
118.305	5.65905	135.761	0.0285698	0.0259726	0.0565905	0.591527	6.94
118.306	5.64842	135.717	0.0285639	0.0259672	0.0564842	0.591531	6.95
118.307	5.63784	135.673	0.028558	0.0259618	0.0563784	0.591535	6.96
118.308	5.62729	135.629	0.028552	0.0259564	0.0562729	0.591539	6.97
118.309	5.61678	135.585	0.0285461	0.025951	0.0561678	0.591543	6.98
118.309	5.60632	135.541	0.0285403	0.0259457	0.0560632	0.591546	6.99
118.31	5.5959	135.498	0.0285344	0.0259403	0.055959	0.591549	7
118.31	5.58552	135.454	0.0285285	0.025935	0.0558552	0.591552	7.01
118.311	5.57518	135.411	0.0285227	0.0259297	0.0557518	0.591554	7.02
118.311	5.56488	135.368	0.0285168	0.0259244	0.0556488	0.591556	7.03
118.312	5.55462	135.325	0.028511	0.0259191	0.0555462	0.591558	7.04
118.312	5.5444	135.282	0.0285052	0.0259138	0.055444	0.59156	7.05
118.312	5.53422	135.239	0.0284994	0.0259085	0.0553422	0.591561	7.06
118.312	5.52408	135.196	0.0284936	0.0259032	0.0552408	0.591562	7.07
118.313	5.51397	135.153	0.0284878	0.025898	0.0551397	0.591563	7.08
118.313	5.50391	135.111	0.028482	0.0258927	0.0550391	0.591563	7.09
118.313	5.49389	135.068	0.0284762	0.0258875	0.0549389	0.591563	7.1
118.313	5.4839	135.026	0.0284705	0.0258823	0.054839	0.591563	7.11
118.313	5.47395	134.984	0.0284647	0.025877	0.0547395	0.591563	7.12
118.312	5.46404	134.942	0.028459	0.0258718	0.0546404	0.591562	7.13
118.312	5.45417	134.9	0.0284533	0.0258666	0.0545417	0.591561	7.14
118.312	5.44434	134.858	0.0284476	0.0258614	0.0544434	0.59156	7.15
118.312	5.43454	134.816	0.0284419	0.0258562	0.0543454	0.591559	7.16
118.311	5.42479	134.775	0.0284362	0.0258511	0.0542479	0.591557	7.17
118.311	5.41506	134.733	0.0284305	0.0258459	0.0541506	0.591555	7.18
118.311	5.40538	134.692	0.0284248	0.0258408	0.0540538	0.591553	7.19
118.31	5.39573	134.65	0.0284192	0.0258356	0.0539573	0.59155	7.2
118.309	5.38612	134.609	0.0284135	0.0258305	0.0538612	0.591547	7.21
118.309	5.37654	134.568	0.0284079	0.0258254	0.0537654	0.591544	7.22
118.308	5.367	134.527	0.0284023	0.0258202	0.05367	0.591541	7.23
118.307	5.3575	134.486	0.0283967	0.0258151	0.053575	0.591537	7.24
118.307	5.34803	134.446	0.0283911	0.02581	0.0534803	0.591534	7.25
118.306	5.3386	134.405	0.0283855	0.025805	0.053386	0.59153	7.26
118.305	5.3292	134.365	0.0283799	0.0257999	0.053292	0.591525	7.27
118.304	5.31984	134.324	0.0283743	0.0257948	0.0531984	0.591521	7.28
118.303	5.31051	134.284	0.0283687	0.0257898	0.0531051	0.591516	7.29
118.302	5.30122	134.244	0.0283632	0.0257847	0.0530122	0.591511	7.3
118.301	5.29196	134.204	0.0283576	0.0257797	0.0529196	0.591506	7.31
118.3	5.28274	134.164	0.0283521	0.0257746	0.0528274	0.5915	7.32
118.299	5.27355	134.124	0.0283466	0.0257696	0.0527355	0.591494	7.33
118.298	5.26439	134.084	0.0283411	0.0257646	0.0526439	0.591488	7.34
118.296	5.25527	134.044	0.0283356	0.0257596	0.0525527	0.591482	7.35
118.295	5.24618	134.005	0.0283301	0.0257546	0.0524618	0.591475	7.36
118.294	5.23712	133.965	0.0283246	0.0257496	0.0523712	0.591469	7.37
118.292	5.2281	133.926	0.0283191	0.0257447	0.052281	0.591462	7.38
118.291	5.21911	133.887	0.0283137	0.0257397	0.0521911	0.591455	7.39
118.289	5.21015	133.848	0.0283082	0.0257347	0.0521015	0.591447	7.4
118.288	5.20123	133.809	0.0283028	0.0257298	0.0520123	0.591439	7.41
118.286	5.19234	133.77	0.0282973	0.0257248	0.0519234	0.591432	7.42
118.285	5.18348	133.731	0.0282919	0.0257199	0.0518348	0.591423	7.43
118.283	5.17465	133.692	0.0282865	0.025715	0.0517465	0.591415	7.44
118.281	5.16585	133.654	0.0282811	0.0257101	0.0516585	0.591407	7.45
118.28	5.15709	133.615	0.0282757	0.0257052	0.0515709	0.591398	7.46
118.278	5.14835	133.577	0.0282703	0.0257003	0.0514835	0.591389	7.47
118.276	5.13965	133.538	0.0282649	0.0256954	0.0513965	0.59138	7.48
118.274	5.13098	133.5	0.0282596	0.0256905	0.0513098	0.59137	7.49
118.272	5.12234	133.462	0.0282542	0.0256856	0.0512234	0.59136	7.5
118.27	5.11373	133.424	0.0282489	0.0256808	0.0511373	0.59135	7.51
118.268	5.10516	133.386	0.0282435	0.0256759	0.0510516	0.59134	7.52
118.266	5.09661	133.348	0.0282382	0.0256711	0.0509661	0.59133	7.53
118.264	5.08809	133.31	0.0282329	0.0256662	0.0508809	0.59132	7.54
118.262	5.07961	133.273	0.0282276	0.0256614	0.0507961	0.591309	7.55
118.26	5.07115	133.235	0.0282223	0.0256566	0.0507115	0.591298	7.56
118.257	5.06272	133.198	0.028217	0.0256518	0.0506272	0.591287	7.57
118.255	5.05433	133.16	0.0282117	0.025647	0.0505433	0.591275	7.58
118.253	5.04596	133.123	0.0282064	0.0256422	0.0504596	0.591264	7.59
118.25	5.03762	133.086	0.0282011	0.0256374	0.0503762	0.591252	7.6
118.248	5.02931	133.049	0.0281959	0.0256326	0.0502931	0.59124	7.61
118.246	5.02103	133.012	0.0281906	0.0256279	0.0502103	0.591228	7.62
118.243	5.01278	132.975	0.0281854	0.0256231	0.0501278	0.591215	7.63
118.241	5.00456	132.938	0.0281802	0.0256183	0.0500456	0.591203	7.64
118.238	4.99637	132.902	0.028175	0.0256136	0.0499637	0.59119	7.65
118.235	4.9882	132.865	0.0281697	0.0256089	0.049882	0.591177	7.66
118.233	4.98006	132.828	0.0281645	0.0256041	0.0498006	0.591164	7.67
118.23	4.97196	132.792	0.0281593	0.0255994	0.0497196	0.591151	7.68
118.227	4.96388	132.756	0.0281542	0.0255947	0.0496388	0.591137	7.69
118.225	4.95582	132.719	0.028149	0.02559	0.0495582	0.591123	7.7
118.222	4.9478	132.683	0.0281438	0.0255853	0.049478	0.591109	7.71
118.219	4.9398	132.647	0.0281387	0.0255806	0.049398	0.591095	7.72
118.216	4.93183	132.611	0.0281335	0.0255759	0.0493183	0.591081	7.73
118.213	4.92389	132.575	0.0281284	0.0255713	0.0492389	0.591066	7.74
118.21	4.91597	132.54	0.0281232	0.0255666	0.0491597	0.591052	7.75
118.207	4.90809	132.504	0.0281181	0.0255619	0.0490809	0.591037	7.76
118.204	4.90022	132.468	0.028113	0.0255573	0.0490022	0.591022	7.77
118.201	4.89239	132.433	0.0281079	0.0255526	0.0489239	0.591006	7.78
118.198	4.88458	132.397	0.0281028	0.025548	0.0488458	0.590991	7.79
118.195	4.8768	132.362	0.0280977	0.0255434	0.048768	0.590975	7.8
118.192	4.86905	132.327	0.0280926	0.0255388	0.0486905	0.59096	7.81
118.189	4.86132	132.292	0.0280876	0.0255342	0.0486132	0.590944	7.82
118.186	4.85361	132.256	0.0280825	0.0255296	0.0485361	0.590928	7.83
118.182	4.84594	132.221	0.0280775	0.025525	0.0484594	0.590911	7.84
118.179	4.83828	132.186	0.0280724	0.0255204	0.0483828	0.590895	7.85
118.176	4.83066	132.152	0.0280674	0.0255158	0.0483066	0.590878	7.86
118.172	4.82306	132.117	0.0280623	0.0255112	0.0482306	0.590861	7.87
118.169	4.81548	132.082	0.0280573	0.0255067	0.0481548	0.590844	7.88
118.165	4.80793	132.048	0.0280523	0.0255021	0.0480793	0.590827	7.89
118.162	4.80041	132.013	0.0280473	0.0254975	0.0480041	0.59081	7.9
118.158	4.79291	131.979	0.0280423	0.025493	0.0479291	0.590792	7.91
118.155	4.78544	131.944	0.0280373	0.0254885	0.0478544	0.590774	7.92
118.151	4.77799	131.91	0.0280323	0.0254839	0.0477799	0.590757	7.93
118.148	4.77056	131.876	0.0280274	0.0254794	0.0477056	0.590739	7.94
118.144	4.76316	131.842	0.0280224	0.0254749	0.0476316	0.59072	7.95
118.14	4.75579	131.808	0.0280174	0.0254704	0.0475579	0.590702	7.96
118.137	4.74843	131.774	0.0280125	0.0254659	0.0474843	0.590684	7.97
118.133	4.74111	131.74	0.0280076	0.0254614	0.0474111	0.590665	7.98
118.129	4.7338	131.706	0.0280026	0.0254569	0.047338	0.590646	7.99
118.125	4.72652	131.673	0.0279977	0.0254525	0.0472652	0.590627	8
118.122	4.71927	131.639	0.0279928	0.025448	0.0471927	0.590608	8.01
118.118	4.71203	131.606	0.0279879	0.0254435	0.0471203	0.590589	8.02
118.114	4.70482	131.572	0.027983	0.0254391	0.0470482	0.590569	8.03
118.11	4.69764	131.539	0.0279781	0.0254346	0.0469764	0.59055	8.04
118.106	4.69048	131.505	0.0279732	0.0254302	0.0469048	0.59053	8.05
118.102	4.68334	131.472	0.0279683	0.0254258	0.0468334	0.59051	8.06
118.098	4.67622	131.439	0.0279635	0.0254213	0.0467622	0.59049	8.07
118.094	4.66913	131.406	0.0279586	0.0254169	0.0466913	0.59047	8.08
118.09	4.66206	131.373	0.0279537	0.0254125	0.0466206	0.590449	8.09
118.086	4.65501	131.34	0.0279489	0.0254081	0.0465501	0.590429	8.1
118.082	4.64799	131.307	0.0279441	0.0254037	0.0464799	0.590408	8.11
118.077	4.64099	131.275	0.0279392	0.0253993	0.0464099	0.590387	8.12
118.073	4.63401	131.242	0.0279344	0.0253949	0.0463401	0.590367	8.13
118.069	4.62705	131.209	0.0279296	0.0253905	0.0462705	0.590345	8.14
118.065	4.62011	131.177	0.0279248	0.0253862	0.0462011	0.590324	8.15
118.061	4.6132	131.144	0.02792	0.0253818	0.046132	0.590303	8.16
118.056	4.60631	131.112	0.0279152	0.0253775	0.0460631	0.590281	8.17
118.052	4.59944	131.08	0.0279104	0.0253731	0.0459944	0.59026	8.18
118.048	4.59259	131.047	0.0279056	0.0253688	0.0459259	0.590238	8.19
118.043	4.58577	131.015	0.0279009	0.0253644	0.0458577	0.590216	8.2
118.039	4.57896	130.983	0.0278961	0.0253601	0.0457896	0.590194	8.21
118.034	4.57218	130.951	0.0278914	0.0253558	0.0457218	0.590172	8.22
118.03	4.56542	130.919	0.0278866	0.0253515	0.0456542	0.590149	8.23
118.025	4.55868	130.887	0.0278819	0.0253471	0.0455868	0.590127	8.24
118.021	4.55196	130.856	0.0278771	0.0253428	0.0455196	0.590104	8.25
118.016	4.54526	130.824	0.0278724	0.0253386	0.0454526	0.590082	8.26
118.012	4.53858	130.792	0.0278677	0.0253343	0.0453858	0.590059	8.27
118.007	4.53192	130.761	0.027863	0.02533	0.0453192	0.590036	8.28
118.003	4.52529	130.729	0.0278583	0.0253257	0.0452529	0.590013	8.29
117.998	4.51867	130.698	0.0278536	0.0253214	0.0451867	0.589989	8.3
117.993	4.51208	130.666	0.0278489	0.0253172	0.0451208	0.589966	8.31
117.988	4.5055	130.635	0.0278442	0.0253129	0.045055	0.589942	8.32
117.984	4.49895	130.604	0.0278395	0.0253087	0.0449895	0.589919	8.33
117.979	4.49242	130.573	0.0278349	0.0253044	0.0449242	0.589895	8.34
117.974	4.4859	130.542	0.0278302	0.0253002	0.044859	0.589871	8.35
117.969	4.47941	130.511	0.0278256	0.025296	0.0447941	0.589847	8.36
117.965	4.47294	130.48	0.0278209	0.0252917	0.0447294	0.589823	8.37
117.96	4.46648	130.449	0.0278163	0.0252875	0.0446648	0.589799	8.38
117.955	4.46005	130.418	0.0278116	0.0252833	0.0446005	0.589774	8.39
117.95	4.45363	130.387	0.027807	0.0252791	0.0445363	0.58975	8.4
117.945	4.44724	130.357	0.0278024	0.0252749	0.0444724	0.589725	8.41
117.94	4.44086	130.326	0.0277978	0.0252707	0.0444086	0.5897	8.42
117.935	4.43451	130.296	0.0277932	0.0252665	0.0443451	0.589676	8.43
117.93	4.42817	130.265	0.0277886	0.0252623	0.0442817	0.589651	8.44
117.925	4.42186	130.235	0.027784	0.0252582	0.0442186	0.589626	8.45
117.92	4.41556	130.204	0.0277794	0.025254	0.0441556	0.5896	8.46
117.915	4.40928	130.174	0.0277748	0.0252498	0.0440928	0.589575	8.47
117.91	4.40302	130.144	0.0277703	0.0252457	0.0440302	0.58955	8.48
117.905	4.39678	130.114	0.0277657	0.0252415	0.0439678	0.589524	8.49
117.9	4.39055	130.084	0.0277611	0.0252374	0.0439055	0.589498	8.5
117.895	4.38435	130.054	0.0277566	0.0252333	0.0438435	0.589473	8.51
117.889	4.37816	130.024	0.0277521	0.0252291	0.0437816	0.589447	8.52
117.884	4.372	129.994	0.0277475	0.025225	0.04372	0.589421	8.53
117.879	4.36585	129.964	0.027743	0.0252209	0.0436585	0.589395	8.54
117.874	4.35972	129.934	0.0277385	0.0252168	0.0435972	0.589368	8.55
117.868	4.35361	129.905	0.027734	0.0252127	0.0435361	0.589342	8.56
117.863	4.34751	129.875	0.0277294	0.0252086	0.0434751	0.589316	8.57
117.858	4.34144	129.846	0.0277249	0.0252045	0.0434144	0.589289	8.58
117.853	4.33538	129.816	0.0277204	0.0252004	0.0433538	0.589263	8.59
117.847	4.32934	129.787	0.027716	0.0251963	0.0432934	0.589236	8.6
117.842	4.32332	129.757	0.0277115	0.0251923	0.0432332	0.589209	8.61
117.836	4.31732	129.728	0.027707	0.0251882	0.0431732	0.589182	8.62
117.831	4.31133	129.699	0.0277025	0.0251841	0.0431133	0.589155	8.63
117.826	4.30536	129.67	0.0276981	0.0251801	0.0430536	0.589128	8.64
117.82	4.29941	129.641	0.0276936	0.025176	0.0429941	0.589101	8.65
117.815	4.29348	129.612	0.0276892	0.025172	0.0429348	0.589073	8.66
117.809	4.28756	129.583	0.0276847	0.0251679	0.0428756	0.589046	8.67
117.804	4.28166	129.554	0.0276803	0.0251639	0.0428166	0.589018	8.68
117.798	4.27578	129.525	0.0276759	0.0251599	0.0427578	0.588991	8.69
117.793	4.26991	129.496	0.0276714	0.0251558	0.0426991	0.588963	8.7
117.787	4.26407	129.467	0.027667	0.0251518	0.0426407	0.588935	8.71
117.781	4.25823	129.439	0.0276626	0.0251478	0.0425823	0.588907	8.72
117.776	4.25242	129.41	0.0276582	0.0251438	0.0425242	0.588879	8.73
117.77	4.24662	129.381	0.0276538	0.0251398	0.0424662	0.588851	8.74
117.765	4.24084	129.353	0.0276494	0.0251358	0.0424084	0.588823	8.75
117.759	4.23508	129.324	0.027645	0.0251318	0.0423508	0.588794	8.76
117.753	4.22933	129.296	0.0276406	0.0251279	0.0422933	0.588766	8.77
117.748	4.2236	129.268	0.0276363	0.0251239	0.042236	0.588738	8.78
117.742	4.21789	129.239	0.0276319	0.0251199	0.0421789	0.588709	8.79
117.736	4.21219	129.211	0.0276275	0.0251159	0.0421219	0.58868	8.8
117.73	4.20651	129.183	0.0276232	0.025112	0.0420651	0.588651	8.81
117.725	4.20084	129.155	0.0276188	0.025108	0.0420084	0.588623	8.82
117.719	4.19519	129.127	0.0276145	0.0251041	0.0419519	0.588594	8.83
117.713	4.18956	129.099	0.0276102	0.0251001	0.0418956	0.588565	8.84
117.707	4.18394	129.071	0.0276058	0.0250962	0.0418394	0.588536	8.85
117.701	4.17834	129.043	0.0276015	0.0250923	0.0417834	0.588506	8.86
117.695	4.17276	129.015	0.0275972	0.0250884	0.0417276	0.588477	8.87
117.69	4.16719	128.988	0.0275929	0.0250844	0.0416719	0.588448	8.88
117.684	4.16163	128.96	0.0275886	0.0250805	0.0416163	0.588418	8.89
117.678	4.1561	128.932	0.0275843	0.0250766	0.041561	0.588389	8.9
117.672	4.15057	128.905	0.02758	0.0250727	0.0415057	0.588359	8.91
117.666	4.14507	128.877	0.0275757	0.0250688	0.0414507	0.588329	8.92
117.66	4.13958	128.85	0.0275714	0.0250649	0.0413958	0.5883	8.93
117.654	4.1341	128.822	0.0275671	0.025061	0.041341	0.58827	8.94
117.648	4.12864	128.795	0.0275629	0.0250572	0.0412864	0.58824	8.95
117.642	4.12319	128.768	0.0275586	0.0250533	0.0412319	0.58821	8.96
117.636	4.11776	128.74	0.0275543	0.0250494	0.0411776	0.58818	8.97
117.63	4.11235	128.713	0.0275501	0.0250455	0.0411235	0.588149	8.98
117.624	4.10695	128.686	0.0275459	0.0250417	0.0410695	0.588119	8.99
117.618	4.10156	128.659	0.0275416	0.0250378	0.0410156	0.588089	9
117.612	4.09619	128.632	0.0275374	0.025034	0.0409619	0.588058	9.01
117.606	4.09084	128.605	0.0275332	0.0250301	0.0409084	0.588028	9.02
117.599	4.0855	128.578	0.0275289	0.0250263	0.040855	0.587997	9.03
117.593	4.08017	128.551	0.0275247	0.0250225	0.0408017	0.587967	9.04
117.587	4.07486	128.524	0.0275205	0.0250186	0.0407486	0.587936	9.05
117.581	4.06956	128.498	0.0275163	0.0250148	0.0406956	0.587905	9.06
117.575	4.06428	128.471	0.0275121	0.025011	0.0406428	0.587874	9.07
117.569	4.05902	128.444	0.0275079	0.0250072	0.0405902	0.587843	9.08
117.562	4.05376	128.418	0.0275037	0.0250034	0.0405376	0.587812	9.09
117.556	4.04852	128.391	0.0274995	0.0249996	0.0404852	0.587781	9.1
117.55	4.0433	128.365	0.0274954	0.0249958	0.040433	0.58775	9.11
117.544	4.03809	128.338	0.0274912	0.024992	0.0403809	0.587719	9.12
117.538	4.03289	128.312	0.027487	0.0249882	0.0403289	0.587688	9.13
117.531	4.02771	128.285	0.0274829	0.0249844	0.0402771	0.587656	9.14
117.525	4.02254	128.259	0.0274787	0.0249807	0.0402254	0.587625	9.15
117.519	4.01739	128.233	0.0274746	0.0249769	0.0401739	0.587593	9.16
117.512	4.01225	128.207	0.0274704	0.0249731	0.0401225	0.587562	9.17
117.506	4.00713	128.18	0.0274663	0.0249694	0.0400713	0.58753	9.18
117.5	4.00201	128.154	0.0274622	0.0249656	0.0400201	0.587498	9.19
117.493	3.99692	128.128	0.027458	0.0249618	0.0399692	0.587467	9.2
117.487	3.99183	128.102	0.0274539	0.0249581	0.0399183	0.587435	9.21
117.481	3.98676	128.076	0.0274498	0.0249544	0.0398676	0.587403	9.22
117.474	3.9817	128.05	0.0274457	0.0249506	0.039817	0.587371	9.23
117.468	3.97666	128.025	0.0274416	0.0249469	0.0397666	0.587339	9.24
117.461	3.97163	127.999	0.0274375	0.0249432	0.0397163	0.587307	9.25
117.455	3.96661	127.973	0.0274334	0.0249395	0.0396661	0.587275	9.26
117.448	3.96161	127.947	0.0274293	0.0249357	0.0396161	0.587242	9.27
117.442	3.95662	127.922	0.0274252	0.024932	0.0395662	0.58721	9.28
117.436	3.95164	127.896	0.0274212	0.0249283	0.0395164	0.587178	9.29
117.429	3.94668	127.871	0.0274171	0.0249246	0.0394668	0.587145	9.3
117.423	3.94173	127.845	0.027413	0.0249209	0.0394173	0.587113	9.31
117.416	3.93679	127.82	0.027409	0.0249172	0.0393679	0.58708	9.32
117.41	3.93187	127.794	0.0274049	0.0249136	0.0393187	0.587048	9.33
117.403	3.92696	127.769	0.0274009	0.0249099	0.0392696	0.587015	9.34
117.396	3.92206	127.743	0.0273968	0.0249062	0.0392206	0.586982	9.35
117.39	3.91717	127.718	0.0273928	0.0249025	0.0391717	0.58695	9.36
117.383	3.9123	127.693	0.0273887	0.0248989	0.039123	0.586917	9.37
117.377	3.90744	127.668	0.0273847	0.0248952	0.0390744	0.586884	9.38
117.37	3.90259	127.643	0.0273807	0.0248915	0.0390259	0.586851	9.39
117.364	3.89776	127.618	0.0273767	0.0248879	0.0389776	0.586818	9.4
117.357	3.89294	127.593	0.0273727	0.0248842	0.0389294	0.586785	9.41
117.35	3.88813	127.568	0.0273687	0.0248806	0.0388813	0.586752	9.42
117.344	3.88333	127.543	0.0273647	0.024877	0.0388333	0.586719	9.43
117.337	3.87855	127.518	0.0273607	0.0248733	0.0387855	0.586685	9.44
117.33	3.87378	127.493	0.0273567	0.0248697	0.0387378	0.586652	9.45
117.324	3.86902	127.468	0.0273527	0.0248661	0.0386902	0.586619	9.46
117.317	3.86427	127.443	0.0273487	0.0248625	0.0386427	0.586585	9.47
117.31	3.85953	127.419	0.0273447	0.0248589	0.0385953	0.586552	9.48
117.304	3.85481	127.394	0.0273408	0.0248552	0.0385481	0.586518	9.49
117.297	3.8501	127.369	0.0273368	0.0248516	0.038501	0.586485	9.5
117.29	3.8454	127.345	0.0273328	0.024848	0.038454	0.586451	9.51
117.284	3.84072	127.32	0.0273289	0.0248444	0.0384072	0.586418	9.52
117.277	3.83604	127.296	0.0273249	0.0248409	0.0383604	0.586384	9.53
117.27	3.83138	127.271	0.027321	0.0248373	0.0383138	0.58635	9.54
117.263	3.82673	127.247	0.0273171	0.0248337	0.0382673	0.586316	9.55
117.257	3.82209	127.222	0.0273131	0.0248301	0.0382209	0.586283	9.56
117.25	3.81747	127.198	0.0273092	0.0248265	0.0381747	0.586249	9.57
117.243	3.81285	127.174	0.0273053	0.024823	0.0381285	0.586215	9.58
117.236	3.80825	127.15	0.0273014	0.0248194	0.0380825	0.586181	9.59
117.229	3.80366	127.125	0.0272974	0.0248159	0.0380366	0.586147	9.6
117.223	3.79908	127.101	0.0272935	0.0248123	0.0379908	0.586113	9.61
117.216	3.79451	127.077	0.0272896	0.0248087	0.0379451	0.586079	9.62
117.209	3.78995	127.053	0.0272857	0.0248052	0.0378995	0.586044	9.63
117.202	3.78541	127.029	0.0272818	0.0248017	0.0378541	0.58601	9.64
117.195	3.78088	127.005	0.0272779	0.0247981	0.0378088	0.585976	9.65
117.188	3.77635	126.981	0.0272741	0.0247946	0.0377635	0.585942	9.66
117.181	3.77184	126.957	0.0272702	0.0247911	0.0377184	0.585907	9.67
117.175	3.76735	126.934	0.0272663	0.0247876	0.0376735	0.585873	9.68
117.168	3.76286	126.91	0.0272624	0.024784	0.0376286	0.585838	9.69
117.161	3.75838	126.886	0.0272586	0.0247805	0.0375838	0.585804	9.7
117.154	3.75392	126.862	0.0272547	0.024777	0.0375392	0.585769	9.71
117.147	3.74946	126.839	0.0272509	0.0247735	0.0374946	0.585735	9.72
117.14	3.74502	126.815	0.027247	0.02477	0.0374502	0.5857	9.73
117.133	3.74059	126.791	0.0272432	0.0247665	0.0374059	0.585666	9.74
117.126	3.73616	126.768	0.0272393	0.024763	0.0373616	0.585631	9.75
117.119	3.73175	126.744	0.0272355	0.0247595	0.0373175	0.585596	9.76
117.112	3.72736	126.721	0.0272317	0.0247561	0.0372736	0.585561	9.77
117.105	3.72297	126.697	0.0272278	0.0247526	0.0372297	0.585526	9.78
117.098	3.71859	126.674	0.027224	0.0247491	0.0371859	0.585492	9.79
117.091	3.71422	126.651	0.0272202	0.0247456	0.0371422	0.585457	9.8
117.084	3.70987	126.627	0.0272164	0.0247422	0.0370987	0.585422	9.81
117.077	3.70552	126.604	0.0272126	0.0247387	0.0370552	0.585387	9.82
117.07	3.70119	126.581	0.0272088	0.0247353	0.0370119	0.585352	9.83
117.063	3.69687	126.558	0.027205	0.0247318	0.0369687	0.585317	9.84
117.056	3.69255	126.535	0.0272012	0.0247284	0.0369255	0.585282	9.85
117.049	3.68825	126.512	0.0271974	0.0247249	0.0368825	0.585246	9.86
117.042	3.68396	126.488	0.0271936	0.0247215	0.0368396	0.585211	9.87
117.035	3.67968	126.465	0.0271898	0.024718	0.0367968	0.585176	9.88
117.028	3.67541	126.442	0.0271861	0.0247146	0.0367541	0.585141	9.89
117.021	3.67115	126.42	0.0271823	0.0247112	0.0367115	0.585106	9.9
117.014	3.6669	126.397	0.0271785	0.0247078	0.036669	0.58507	9.91
117.007	3.66266	126.374	0.0271748	0.0247043	0.0366266	0.585035	9.92
117	3.65843	126.351	0.027171	0.0247009	0.0365843	0.584999	9.93
116.993	3.65421	126.328	0.0271673	0.0246975	0.0365421	0.584964	9.94
116.986	3.65	126.305	0.0271635	0.0246941	0.0365	0.584929	9.95
116.979	3.6458	126.283	0.0271598	0.0246907	0.036458	0.584893	9.96
116.972	3.64161	126.26	0.027156	0.0246873	0.0364161	0.584858	9.97
116.964	3.63743	126.237	0.0271523	0.0246839	0.0363743	0.584822	9.98
116.957	3.63326	126.215	0.0271486	0.0246805	0.0363326	0.584786	9.99
