S	I	R	e	d	dI	f	t
300	100	0	0	0	0	0	0
297.005	100.99	2.00493	0	0	0	0	0.01
294.016	101.961	4.02284	0	0	0	0	0.02
291.04	102.911	6.04991	0	0	0	0	0.03
288.076	103.838	8.08566	0	0	0	0	0.04
285.127	104.743	10.1296	0	0	0	0	0.05
282.194	105.625	12.1812	0	0	0	0	0.06
279.276	106.484	14.24	0	0	0	0	0.07
276.377	107.318	16.3055	0	0	0	0	0.08
273.496	108.127	18.3772	0	0	0	0	0.09
270.635	108.911	20.4544	0	0	0	0	0.1
267.794	109.67	22.5368	0	0	0	0	0.11
264.974	110.402	24.6236	0	0	0	0	0.12
262.177	111.109	26.7145	0	0	0	0	0.13
259.403	111.788	28.8089	0	0	0	0	0.14
256.653	112.441	30.9061	0	0	0	0	0.15
253.927	113.067	33.0057	0	0	0	0	0.16
251.228	113.665	35.107	0	0	0	0	0.17
248.554	114.236	37.2096	0	0	0	0	0.18
245.908	114.779	39.3129	0	0	0	0	0.19
243.289	115.295	41.4163	0	0	0	0	0.2
240.699	115.782	43.5192	0	0	0	0	0.21
238.137	116.242	45.6212	0	0	0	0	0.22
235.605	116.673	47.7216	0	0	0	0	0.23
233.103	117.077	49.8199	0	0	0	0	0.24
230.631	117.453	51.9155	0	0	0	0	0.25
228.191	117.801	54.008	0	0	0	0	0.26
225.781	118.122	56.0967	0	0	0	0	0.27
223.404	118.415	58.1812	0	0	0	0	0.28
221.058	118.681	60.2609	0	0	0	0	0.29
218.745	118.92	62.3353	0	0	0	0	0.3
216.465	119.131	64.4038	0	0	0	0	0.31
214.217	119.317	66.466	0	0	0	0	0.32
212.003	119.475	68.5214	0	0	0	0	0.33
209.823	119.608	70.5695	0	0	0	0	0.34
207.676	119.715	72.6098	0	0	0	0	0.35
205.562	119.796	74.6418	0	0	0	0	0.36
203.483	119.852	76.665	0	0	0	0	0.37
201.437	119.884	78.6791	0	0	0	0	0.38
199.426	119.891	80.6835	0	0	0	0	0.39
197.448	119.874	82.6778	0	0	0	0	0.4
195.504	119.834	84.6616	0	0	0	0	0.41
193.595	119.771	86.6345	0	0	0	0	0.42
191.719	119.684	88.5961	0	0	0	0	0.43
189.878	119.576	90.546	0	0	0	0	0.44
188.07	119.446	92.4837	0	0	0	0	0.45
186.296	119.295	94.409	0	0	0	0	0.46
184.556	119.123	96.3215	0	0	0	0	0.47
182.849	118.931	98.2208	0	0	0	0	0.48
181.175	118.718	100.107	0	0	0	0	0.49
179.534	118.487	101.979	0	0	0	0	0.5
177.927	118.237	103.836	0	0	0	0	0.51
176.352	117.968	105.68	0	0	0	0	0.52
174.81	117.682	107.508	0	0	0	0	0.53
173.3	117.378	109.322	0	0	0	0	0.54
171.822	117.058	111.12	0	0	0	0	0.55
170.375	116.722	112.903	0	0	0	0	0.56
168.961	116.369	114.67	0	0	0	0	0.57
167.577	116.002	116.421	0	0	0	0	0.58
166.224	115.62	118.156	0	0	0	0	0.59
164.902	115.223	119.874	0	0	0	0	0.6
163.611	114.813	121.576	0	0	0	0	0.61
162.349	114.39	123.261	0	0	0	0	0.62
161.117	113.954	124.929	0	0	0	0	0.63
159.914	113.506	126.58	0	0	0	0	0.64
158.741	113.046	128.213	0	0	0	0	0.65
157.596	112.575	129.829	0	0	0	0	0.66
156.479	112.094	131.427	0	0	0	0	0.67
155.39	111.602	133.008	0	0	0	0	0.68
154.329	111.1	134.571	0	0	0	0	0.69
153.296	110.589	136.116	0	0	0	0	0.7
152.289	110.068	137.643	0	0	0	0	0.71
151.309	109.54	139.151	0	0	0	0	0.72
150.355	109.003	140.642	0	0	0	0	0.73
149.427	108.459	142.114	0	0	0	0	0.74
148.524	107.908	143.568	0	0	0	0	0.75
147.647	107.349	145.004	0	0	0	0	0.76
146.794	106.785	146.421	0	0	0	0	0.77
145.966	106.214	147.82	0	0	0	0	0.78
145.162	105.638	149.201	0	0	0	0	0.79
144.381	105.057	150.562	0	0	0	0	0.8
143.624	104.47	151.906	0	0	0	0	0.81
142.89	103.88	153.231	0	0	0	0	0.82
142.178	103.285	154.537	0	0	0	0	0.83
141.489	102.686	155.825	0	0	0	0	0.84
140.821	102.084	157.095	0	0	0	0	0.85
140.176	101.478	158.346	0	0	0	0	0.86
139.551	100.87	159.579	0	0	0	0	0.87
138.947	100.259	160.793	0	0	0	0	0.88
138.364	99.6463	161.989	0	0	0	0	0.89
137.801	99.0314	163.167	0	0	0	0	0.9
137.258	98.4148	164.327	0	0	0	0	0.91
136.735	97.7968	165.468	0	0	0	0	0.92
136.23	97.1776	166.592	0	0	0	0	0.93
135.745	96.5576	167.697	0	0	0	0	0.94
135.278	95.937	168.785	0	0	0	0	0.95
134.83	95.3159	169.854	0	0	0	0	0.96
134.399	94.6947	170.906	0	0	0	0	0.97
133.986	94.0736	171.941	0	0	0	0	0.98
133.59	93.4527	172.957	0	0	0	0	0.99
133.211	92.8323	173.956	0	0	0	0	1
132.849	92.2127	174.938	0	0	0	0	1.01
132.504	91.5938	175.902	0	0	0	0	1.02
132.174	90.9761	176.85	0	0	0	0	1.03
131.861	90.3596	177.78	0	0	0	0	1.04
131.563	89.7445	178.693	0	0	0	0	1.05
131.28	89.131	179.589	0	0	0	0	1.06
131.012	88.5193	180.469	0	0	0	0	1.07
130.759	87.9094	181.332	0	0	0	0	1.08
130.52	87.3016	182.178	0	0	0	0	1.09
130.296	86.696	183.008	0	0	0	0	1.1
130.085	86.0927	183.822	0	0	0	0	1.11
129.888	85.4918	184.62	0	0	0	0	1.12
129.705	84.8935	185.402	0	0	0	0	1.13
129.535	84.2979	186.167	0	0	0	0	1.14
129.377	83.7051	186.918	0	0	0	0	1.15
129.233	83.1151	187.652	0	0	0	0	1.16
129.1	82.5282	188.371	0	0	0	0	1.17
128.98	81.9444	189.075	0	0	0	0	1.18
128.872	81.3638	189.764	0	0	0	0	1.19
128.776	80.7865	190.437	0	0	0	0	1.2
128.691	80.2125	191.096	0	0	0	0	1.21
128.618	79.642	191.74	0	0	0	0	1.22
128.555	79.0749	192.37	0	0	0	0	1.23
128.504	78.5115	192.985	0	0	0	0	1.24
128.463	77.9517	193.585	0	0	0	0	1.25
128.433	77.3956	194.172	0	0	0	0	1.26
128.413	76.8433	194.744	0	0	0	0	1.27
128.403	76.2948	195.303	0	0	0	0	1.28
128.402	75.7502	195.848	0	0	0	0	1.29
128.412	75.2095	196.379	0	0	0	0	1.3
128.431	74.6727	196.897	0	0	0	0	1.31
128.459	74.14	197.401	0	0	0	0	1.32
128.496	73.6113	197.892	0	0	0	0	1.33
128.543	73.0866	198.371	0	0	0	0	1.34
128.598	72.5661	198.836	0	0	0	0	1.35
128.661	72.0497	199.289	0	0	0	0	1.36
128.733	71.5374	199.729	0	0	0	0	1.37
128.813	71.0293	200.157	0	0	0	0	1.38
128.902	70.5255	200.573	0	0	0	0	1.39
128.998	70.0258	200.976	0	0	0	0	1.4
129.102	69.5304	201.368	0	0	0	0	1.41
129.213	69.0392	201.748	0	0	0	0	1.42
129.332	68.5523	202.116	0	0	0	0	1.43
129.458	68.0696	202.472	0	0	0	0	1.44
129.592	67.5912	202.817	0	0	0	0	1.45
129.732	67.1171	203.151	0	0	0	0	1.46
129.879	66.6473	203.473	0	0	0	0	1.47
130.033	66.1817	203.785	0	0	0	0	1.48
130.194	65.7205	204.086	0	0	0	0	1.49
130.36	65.2635	204.376	0	0	0	0	1.5
130.533	64.8108	204.656	0	0	0	0	1.51
130.713	64.3623	204.925	0	0	0	0	1.52
130.898	63.9182	205.184	0	0	0	0	1.53
131.089	63.4783	205.433	0	0	0	0	1.54
131.286	63.0426	205.671	0	0	0	0	1.55
131.489	62.6112	205.9	0	0	0	0	1.56
131.697	62.184	206.119	0	0	0	0	1.57
131.91	61.761	206.329	0	0	0	0	1.58
132.129	61.3422	206.529	0	0	0	0	1.59
132.353	60.9276	206.72	0	0	0	0	1.6
132.582	60.5172	206.901	0	0	0	0	1.61
132.815	60.1109	207.074	0	0	0	0	1.62
133.054	59.7088	207.237	0	0	0	0	1.63
133.297	59.3108	207.392	0	0	0	0	1.64
133.545	58.9169	207.538	0	0	0	0	1.65
133.798	58.5271	207.675	0	0	0	0	1.66
134.055	58.1413	207.804	0	0	0	0	1.67
134.316	57.7596	207.925	0	0	0	0	1.68
134.581	57.3818	208.037	0	0	0	0	1.69
134.85	57.0081	208.142	0	0	0	0	1.7
135.124	56.6384	208.238	0	0	0	0	1.71
135.401	56.2726	208.326	0	0	0	0	1.72
135.682	55.9107	208.407	0	0	0	0	1.73
135.967	55.5527	208.48	0	0	0	0	1.74
136.255	55.1986	208.546	0	0	0	0	1.75
136.547	54.8483	208.604	0	0	0	0	1.76
136.843	54.5019	208.655	0	0	0	0	1.77
137.141	54.1592	208.699	0	0	0	0	1.78
137.443	53.8204	208.736	0	0	0	0	1.79
137.749	53.4853	208.766	0	0	0	0	1.8
138.057	53.1539	208.789	0	0	0	0	1.81
138.368	52.8261	208.806	0	0	0	0	1.82
138.683	52.5021	208.815	0	0	0	0	1.83
139	52.1817	208.819	0	0	0	0	1.84
139.32	51.8649	208.816	0	0	0	0	1.85
139.642	51.5516	208.806	0	0	0	0	1.86
139.967	51.242	208.791	0	0	0	0	1.87
140.295	50.9358	208.769	0	0	0	0	1.88
140.626	50.6331	208.741	0	0	0	0	1.89
140.958	50.334	208.708	0	0	0	0	1.9
141.293	50.0382	208.668	0	0	0	0	1.91
141.631	49.7459	208.623	0	0	0	0	1.92
141.97	49.4569	208.573	0	0	0	0	1.93
142.312	49.1713	208.517	0	0	0	0	1.94
142.656	48.889	208.455	0	0	0	0	1.95
143.002	48.6101	208.388	0	0	0	0	1.96
143.349	48.3343	208.316	0	0	0	0	1.97
143.699	48.0619	208.239	0	0	0	0	1.98
144.051	47.7926	208.157	0	0	0	0	1.99
144.404	47.5265	208.07	0	0	0	0	2
144.759	47.2636	207.978	0	0	0	0	2.01
145.115	47.0038	207.881	0	0	0	0	2.02
145.473	46.7471	207.779	0	0	0	0	2.03
145.833	46.4935	207.673	0	0	0	0	2.04
146.194	46.2429	207.563	0	0	0	0	2.05
146.557	45.9954	207.448	0	0	0	0	2.06
146.921	45.7508	207.328	0	0	0	0	2.07
147.286	45.5092	207.205	0	0	0	0	2.08
147.653	45.2705	207.077	0	0	0	0	2.09
148.02	45.0348	206.945	0	0	0	0	2.1
148.389	44.8019	206.809	0	0	0	0	2.11
148.759	44.5718	206.669	0	0	0	0	2.12
149.13	44.3446	206.525	0	0	0	0	2.13
149.502	44.1202	206.378	0	0	0	0	2.14
149.875	43.8985	206.226	0	0	0	0	2.15
150.249	43.6796	206.071	0	0	0	0	2.16
150.624	43.4635	205.913	0	0	0	0	2.17
150.999	43.25	205.751	0	0	0	0	2.18
151.376	43.0392	205.585	0	0	0	0	2.19
151.753	42.831	205.416	0	0	0	0	2.2
152.131	42.6254	205.244	0	0	0	0	2.21
152.509	42.4225	205.069	0	0	0	0	2.22
152.888	42.2221	204.89	0	0	0	0	2.23
153.267	42.0242	204.708	0	0	0	0	2.24
153.648	41.8288	204.524	0	0	0	0	2.25
154.028	41.636	204.336	0	0	0	0	2.26
154.409	41.4456	204.145	0	0	0	0	2.27
154.79	41.2577	203.952	0	0	0	0	2.28
155.172	41.0722	203.756	0	0	0	0	2.29
155.554	40.889	203.557	0	0	0	0	2.3
155.936	40.7083	203.356	0	0	0	0	2.31
156.319	40.5299	203.151	0	0	0	0	2.32
156.701	40.3538	202.945	0	0	0	0	2.33
157.084	40.18	202.736	0	0	0	0	2.34
157.467	40.0085	202.524	0	0	0	0	2.35
157.85	39.8393	202.31	0	0	0	0	2.36
158.234	39.6723	202.094	0	0	0	0	2.37
158.617	39.5076	201.876	0	0	0	0	2.38
159	39.345	201.655	0	0	0	0	2.39
159.383	39.1846	201.432	0	0	0	0	2.4
159.766	39.0263	201.208	0	0	0	0	2.41
160.149	38.8702	200.981	0	0	0	0	2.42
160.532	38.7161	200.752	0	0	0	0	2.43
160.915	38.5642	200.521	0	0	0	0	2.44
161.297	38.4143	200.289	0	0	0	0	2.45
161.679	38.2665	200.054	0	0	0	0	2.46
162.061	38.1207	199.818	0	0	0	0	2.47
162.443	37.9769	199.58	0	0	0	0	2.48
162.824	37.8351	199.341	0	0	0	0	2.49
163.205	37.6953	199.1	0	0	0	0	2.5
163.586	37.5574	198.857	0	0	0	0	2.51
163.966	37.4214	198.613	0	0	0	0	2.52
164.346	37.2874	198.367	0	0	0	0	2.53
164.725	37.1552	198.12	0	0	0	0	2.54
165.104	37.0249	197.871	0	0	0	0	2.55
165.482	36.8965	197.621	0	0	0	0	2.56
165.86	36.7699	197.37	0	0	0	0	2.57
166.238	36.6451	197.117	0	0	0	0	2.58
166.614	36.5221	196.864	0	0	0	0	2.59
166.99	36.4009	196.609	0	0	0	0	2.6
167.366	36.2815	196.353	0	0	0	0	2.61
167.741	36.1638	196.096	0	0	0	0	2.62
168.115	36.0479	195.837	0	0	0	0	2.63
168.488	35.9337	195.578	0	0	0	0	2.64
168.861	35.8211	195.318	0	0	0	0	2.65
169.233	35.7103	195.057	0	0	0	0	2.66
169.604	35.6011	194.795	0	0	0	0	2.67
169.974	35.4936	194.532	0	0	0	0	2.68
170.344	35.3877	194.268	0	0	0	0	2.69
170.713	35.2834	194.004	0	0	0	0	2.7
171.08	35.1808	193.739	0	0	0	0	2.71
171.447	35.0797	193.473	0	0	0	0	2.72
171.814	34.9802	193.206	0	0	0	0	2.73
172.179	34.8822	192.939	0	0	0	0	2.74
172.543	34.7858	192.671	0	0	0	0	2.75
172.906	34.6909	192.403	0	0	0	0	2.76
173.269	34.5976	192.134	0	0	0	0	2.77
173.63	34.5057	191.864	0	0	0	0	2.78
173.99	34.4153	191.594	0	0	0	0	2.79
174.35	34.3264	191.324	0	0	0	0	2.8
174.708	34.239	191.053	0	0	0	0	2.81
175.065	34.153	190.782	0	0	0	0	2.82
175.421	34.0684	190.51	0	0	0	0	2.83
175.776	33.9853	190.238	0	0	0	0	2.84
176.13	33.9035	189.966	0	0	0	0	2.85
176.483	33.8232	189.694	0	0	0	0	2.86
176.835	33.7442	189.421	0	0	0	0	2.87
177.185	33.6666	189.148	0	0	0	0	2.88
177.534	33.5904	188.875	0	0	0	0	2.89
177.883	33.5155	188.602	0	0	0	0	2.9
178.229	33.4419	188.329	0	0	0	0	2.91
178.575	33.3696	188.055	0	0	0	0	2.92
178.919	33.2987	187.782	0	0	0	0	2.93
179.263	33.229	187.508	0	0	0	0	2.94
179.605	33.1606	187.235	0	0	0	0	2.95
179.945	33.0935	186.961	0	0	0	0	2.96
180.285	33.0277	186.688	0	0	0	0	2.97
180.623	32.9631	186.414	0	0	0	0	2.98
180.959	32.8997	186.141	0	0	0	0	2.99
181.295	32.8376	185.868	0	0	0	0	3
181.629	32.7767	185.595	0	0	0	0	3.01
181.961	32.717	185.322	0	0	0	0	3.02
182.293	32.6584	185.049	0	0	0	0	3.03
182.622	32.6011	184.776	0	0	0	0	3.04
182.951	32.5449	184.504	0	0	0	0	3.05
183.278	32.4899	184.232	0	0	0	0	3.06
183.604	32.4361	183.96	0	0	0	0	3.07
183.928	32.3834	183.689	0	0	0	0	3.08
184.251	32.3318	183.417	0	0	0	0	3.09
184.572	32.2813	183.147	0	0	0	0	3.1
184.892	32.232	182.876	0	0	0	0	3.11
185.21	32.1838	182.606	0	0	0	0	3.12
185.527	32.1366	182.336	0	0	0	0	3.13
185.843	32.0906	182.067	0	0	0	0	3.14
186.157	32.0456	181.798	0	0	0	0	3.15
186.469	32.0017	181.529	0	0	0	0	3.16
186.78	31.9588	181.262	0	0	0	0	3.17
187.089	31.917	180.994	0	0	0	0	3.18
187.397	31.8762	180.727	0	0	0	0	3.19
187.703	31.8365	180.461	0	0	0	0	3.2
188.008	31.7977	180.195	0	0	0	0	3.21
188.311	31.76	179.929	0	0	0	0	3.22
188.612	31.7233	179.665	0	0	0	0	3.23
188.912	31.6876	179.4	0	0	0	0	3.24
189.21	31.6529	179.137	0	0	0	0	3.25
189.507	31.6191	178.874	0	0	0	0	3.26
189.802	31.5863	178.612	0	0	0	0	3.27
190.095	31.5545	178.35	0	0	0	0	3.28
190.387	31.5237	178.089	0	0	0	0	3.29
190.677	31.4938	177.829	0	0	0	0	3.3
190.966	31.4648	177.569	0	0	0	0	3.31
191.253	31.4368	177.311	0	0	0	0	3.32
191.538	31.4096	177.053	0	0	0	0	3.33
191.821	31.3834	176.795	0	0	0	0	3.34
192.103	31.3581	176.539	0	0	0	0	3.35
192.383	31.3338	176.283	0	0	0	0	3.36
192.662	31.3103	176.028	0	0	0	0	3.37
192.938	31.2877	175.774	0	0	0	0	3.38
193.213	31.2659	175.521	0	0	0	0	3.39
193.487	31.2451	175.268	0	0	0	0	3.4
193.758	31.2251	175.017	0	0	0	0	3.41
194.028	31.2059	174.766	0	0	0	0	3.42
194.296	31.1877	174.516	0	0	0	0	3.43
194.563	31.1702	174.267	0	0	0	0	3.44
194.827	31.1536	174.019	0	0	0	0	3.45
195.09	31.1379	173.772	0	0	0	0	3.46
195.351	31.1229	173.526	0	0	0	0	3.47
195.611	31.1088	173.28	0	0	0	0	3.48
195.869	31.0955	173.036	0	0	0	0	3.49
196.124	31.0829	172.793	0	0	0	0	3.5
196.379	31.0712	172.55	0	0	0	0	3.51
196.631	31.0603	172.309	0	0	0	0	3.52
196.881	31.0502	172.068	0	0	0	0	3.53
197.13	31.0408	171.829	0	0	0	0	3.54
197.377	31.0322	171.591	0	0	0	0	3.55
197.622	31.0244	171.353	0	0	0	0	3.56
197.866	31.0173	171.117	0	0	0	0	3.57
198.107	31.011	170.882	0	0	0	0	3.58
198.347	31.0055	170.647	0	0	0	0	3.59
198.585	31.0007	170.414	0	0	0	0	3.6
198.821	30.9966	170.182	0	0	0	0	3.61
199.056	30.9932	169.951	0	0	0	0	3.62
199.288	30.9906	169.721	0	0	0	0	3.63
199.519	30.9887	169.492	0	0	0	0	3.64
199.748	30.9875	169.265	0	0	0	0	3.65
199.975	30.987	169.038	0	0	0	0	3.66
200.2	30.9872	168.813	0	0	0	0	3.67
200.424	30.9881	168.588	0	0	0	0	3.68
200.645	30.9897	168.365	0	0	0	0	3.69
200.865	30.992	168.143	0	0	0	0	3.7
201.083	30.995	167.922	0	0	0	0	3.71
201.299	30.9986	167.703	0	0	0	0	3.72
201.513	31.0029	167.484	0	0	0	0	3.73
201.725	31.0079	167.267	0	0	0	0	3.74
201.936	31.0135	167.051	0	0	0	0	3.75
202.145	31.0198	166.836	0	0	0	0	3.76
202.351	31.0267	166.622	0	0	0	0	3.77
202.556	31.0343	166.409	0	0	0	0	3.78
202.759	31.0425	166.198	0	0	0	0	3.79
202.961	31.0513	165.988	0	0	0	0	3.8
203.16	31.0607	165.779	0	0	0	0	3.81
203.358	31.0708	165.572	0	0	0	0	3.82
203.553	31.0815	165.365	0	0	0	0	3.83
203.747	31.0928	165.16	0	0	0	0	3.84
203.939	31.1047	164.956	0	0	0	0	3.85
204.129	31.1172	164.754	0	0	0	0	3.86
204.317	31.1303	164.552	0	0	0	0	3.87
204.504	31.144	164.352	0	0	0	0	3.88
204.688	31.1582	164.154	0	0	0	0	3.89
204.871	31.1731	163.956	0	0	0	0	3.9
205.052	31.1885	163.76	0	0	0	0	3.91
205.23	31.2045	163.565	0	0	0	0	3.92
205.408	31.2211	163.371	0	0	0	0	3.93
205.583	31.2382	163.179	0	0	0	0	3.94
205.756	31.2558	162.988	0	0	0	0	3.95
205.927	31.2741	162.798	0	0	0	0	3.96
206.097	31.2928	162.61	0	0	0	0	3.97
206.265	31.3121	162.423	0	0	0	0	3.98
206.431	31.332	162.237	0	0	0	0	3.99
206.595	31.3523	162.053	0	0	0	0	4
206.757	31.3732	161.87	0	0	0	0	4.01
206.917	31.3946	161.688	0	0	0	0	4.02
207.076	31.4166	161.508	0	0	0	0	4.03
207.232	31.439	161.329	0	0	0	0	4.04
207.387	31.462	161.151	0	0	0	0	4.05
207.54	31.4854	160.975	0	0	0	0	4.06
207.691	31.5094	160.8	0	0	0	0	4.07
207.84	31.5338	160.626	0	0	0	0	4.08
207.987	31.5587	160.454	0	0	0	0	4.09
208.133	31.5841	160.283	0	0	0	0	4.1
208.276	31.61	160.114	0	0	0	0	4.11
208.418	31.6364	159.945	0	0	0	0	4.12
208.558	31.6632	159.779	0	0	0	0	4.13
208.696	31.6905	159.613	0	0	0	0	4.14
208.833	31.7182	159.449	0	0	0	0	4.15
208.967	31.7464	159.287	0	0	0	0	4.16
209.1	31.7751	159.125	0	0	0	0	4.17
209.23	31.8042	158.965	0	0	0	0	4.18
209.359	31.8337	158.807	0	0	0	0	4.19
209.486	31.8637	158.65	0	0	0	0	4.2
209.612	31.8941	158.494	0	0	0	0	4.21
209.735	31.9249	158.34	0	0	0	0	4.22
209.857	31.9562	158.187	0	0	0	0	4.23
209.977	31.9879	158.035	0	0	0	0	4.24
210.095	32.0199	157.885	0	0	0	0	4.25
210.211	32.0524	157.736	0	0	0	0	4.26
210.326	32.0853	157.589	0	0	0	0	4.27
210.438	32.1186	157.443	0	0	0	0	4.28
210.549	32.1523	157.299	0	0	0	0	4.29
210.658	32.1864	157.155	0	0	0	0	4.3
210.766	32.2209	157.014	0	0	0	0	4.31
210.871	32.2557	156.873	0	0	0	0	4.32
210.975	32.2909	156.734	0	0	0	0	4.33
211.077	32.3265	156.597	0	0	0	0	4.34
211.177	32.3625	156.461	0	0	0	0	4.35
211.275	32.3988	156.326	0	0	0	0	4.36
211.372	32.4355	156.192	0	0	0	0	4.37
211.467	32.4725	156.061	0	0	0	0	4.38
211.56	32.5099	155.93	0	0	0	0	4.39
211.652	32.5476	155.801	0	0	0	0	4.4
211.741	32.5857	155.673	0	0	0	0	4.41
211.829	32.6241	155.547	0	0	0	0	4.42
211.915	32.6628	155.422	0	0	0	0	4.43
212	32.7019	155.298	0	0	0	0	4.44
212.083	32.7412	155.176	0	0	0	0	4.45
212.164	32.7809	155.055	0	0	0	0	4.46
212.243	32.8209	154.936	0	0	0	0	4.47
212.321	32.8612	154.818	0	0	0	0	4.48
212.396	32.9018	154.702	0	0	0	0	4.49
212.471	32.9428	154.587	0	0	0	0	4.5
212.543	32.984	154.473	0	0	0	0	4.51
212.614	33.0255	154.36	0	0	0	0	4.52
212.683	33.0672	154.25	0	0	0	0	4.53
212.751	33.1093	154.14	0	0	0	0	4.54
212.817	33.1516	154.032	0	0	0	0	4.55
212.881	33.1942	153.925	0	0	0	0	4.56
212.943	33.2371	153.82	0	0	0	0	4.57
213.004	33.2802	153.716	0	0	0	0	4.58
213.063	33.3236	153.613	0	0	0	0	4.59
213.121	33.3672	153.512	0	0	0	0	4.6
213.177	33.4111	153.412	0	0	0	0	4.61
213.231	33.4552	153.313	0	0	0	0	4.62
213.284	33.4996	153.216	0	0	0	0	4.63
213.335	33.5442	153.121	0	0	0	0	4.64
213.385	33.589	153.026	0	0	0	0	4.65
213.433	33.6341	152.933	0	0	0	0	4.66
213.479	33.6793	152.842	0	0	0	0	4.67
213.524	33.7248	152.751	0	0	0	0	4.68
213.567	33.7705	152.663	0	0	0	0	4.69
213.608	33.8164	152.575	0	0	0	0	4.7
213.649	33.8625	152.489	0	0	0	0	4.71
213.687	33.9088	152.404	0	0	0	0	4.72
213.724	33.9553	152.321	0	0	0	0	4.73
213.759	34.002	152.239	0	0	0	0	4.74
213.793	34.0489	152.158	0	0	0	0	4.75
213.826	34.0959	152.078	0	0	0	0	4.76
213.857	34.1431	152	0	0	0	0	4.77
213.886	34.1905	151.924	0	0	0	0	4.78
213.914	34.238	151.848	0	0	0	0	4.79
213.94	34.2857	151.774	0	0	0	0	4.8
213.965	34.3336	151.701	0	0	0	0	4.81
213.989	34.3816	151.63	0	0	0	0	4.82
214.011	34.4297	151.56	0	0	0	0	4.83
214.031	34.478	151.491	0	0	0	0	4.84
214.05	34.5265	151.423	0	0	0	0	4.85
214.068	34.575	151.357	0	0	0	0	4.86
214.084	34.6237	151.292	0	0	0	0	4.87
214.099	34.6725	151.229	0	0	0	0	4.88
214.112	34.7215	151.167	0	0	0	0	4.89
214.124	34.7705	151.106	0	0	0	0	4.9
214.135	34.8197	151.046	0	0	0	0	4.91
214.144	34.8689	150.987	0	0	0	0	4.92
214.151	34.9183	150.93	0	0	0	0	4.93
214.158	34.9677	150.874	0	0	0	0	4.94
214.163	35.0173	150.82	0	0	0	0	4.95
214.167	35.0669	150.766	0	0	0	0	4.96
214.169	35.1166	150.714	0	0	0	0	4.97
214.17	35.1664	150.664	0	0	0	0	4.98
214.17	35.2163	150.614	0	0	0	0	4.99
214.168	35.2662	150.566	0	0	0	0	5
214.165	35.3162	150.519	0	0	0	0	5.01
214.161	35.3662	150.473	0	0	0	0	5.02
214.156	35.4164	150.428	0	0	0	0	5.03
214.149	35.4665	150.385	0	0	0	0	5.04
214.141	35.5167	150.342	0	0	0	0	5.05
214.132	35.5669	150.302	0	0	0	0	5.06
214.121	35.6172	150.262	0	0	0	0	5.07
214.109	35.6675	150.223	0	0	0	0	5.08
214.096	35.7179	150.186	0	0	0	0	5.09
214.082	35.7682	150.15	0	0	0	0	5.1
214.067	35.8186	150.115	0	0	0	0	5.11
214.05	35.869	150.081	0	0	0	0	5.12
214.032	35.9194	150.048	0	0	0	0	5.13
214.013	35.9698	150.017	0	0	0	0	5.14
213.993	36.0202	149.987	0	0	0	0	5.15
213.972	36.0706	149.958	0	0	0	0	5.16
213.949	36.121	149.93	0	0	0	0	5.17
213.926	36.1714	149.903	0	0	0	0	5.18
213.901	36.2217	149.877	0	0	0	0	5.19
213.875	36.2721	149.853	0	0	0	0	5.2
213.848	36.3224	149.829	0	0	0	0	5.21
213.82	36.3727	149.807	0	0	0	0	5.22
213.791	36.4229	149.786	0	0	0	0	5.23
213.761	36.4731	149.766	0	0	0	0	5.24
213.73	36.5233	149.747	0	0	0	0	5.25
213.698	36.5734	149.729	0	0	0	0	5.26
213.664	36.6235	149.712	0	0	0	0	5.27
213.63	36.6735	149.696	0	0	0	0	5.28
213.595	36.7235	149.682	0	0	0	0	5.29
213.558	36.7734	149.668	0	0	0	0	5.3
213.521	36.8232	149.656	0	0	0	0	5.31
213.483	36.873	149.645	0	0	0	0	5.32
213.443	36.9227	149.634	0	0	0	0	5.33
213.403	36.9723	149.625	0	0	0	0	5.34
213.362	37.0218	149.617	0	0	0	0	5.35
213.319	37.0712	149.609	0	0	0	0	5.36
213.276	37.1206	149.603	0	0	0	0	5.37
213.232	37.1698	149.598	0	0	0	0	5.38
213.187	37.2189	149.594	0	0	0	0	5.39
213.141	37.268	149.591	0	0	0	0	5.4
213.095	37.3169	149.588	0	0	0	0	5.41
213.047	37.3657	149.587	0	0	0	0	5.42
212.999	37.4144	149.587	0	0	0	0	5.43
212.949	37.463	149.588	0	0	0	0	5.44
212.899	37.5115	149.589	0	0	0	0	5.45
212.848	37.5598	149.592	0	0	0	0	5.46
212.796	37.608	149.596	0	0	0	0	5.47
212.744	37.6561	149.6	0	0	0	0	5.48
212.69	37.704	149.606	0	0	0	0	5.49
212.636	37.7518	149.612	0	0	0	0	5.5
212.581	37.7994	149.62	0	0	0	0	5.51
212.525	37.8469	149.628	0	0	0	0	5.52
212.469	37.8943	149.637	0	0	0	0	5.53
212.411	37.9414	149.647	0	0	0	0	5.54
212.353	37.9885	149.658	0	0	0	0	5.55
212.295	38.0353	149.67	0	0	0	0	5.56
212.235	38.082	149.683	0	0	0	0	5.57
212.175	38.1285	149.697	0	0	0	0	5.58
212.114	38.1749	149.711	0	0	0	0	5.59
212.053	38.2211	149.726	0	0	0	0	5.6
211.99	38.267	149.742	0	0	0	0	5.61
211.928	38.3129	149.759	0	0	0	0	5.62
211.864	38.3585	149.777	0	0	0	0	5.63
211.8	38.4039	149.796	0	0	0	0	5.64
211.735	38.4491	149.815	0	0	0	0	5.65
211.67	38.4942	149.836	0	0	0	0	5.66
211.604	38.539	149.857	0	0	0	0	5.67
211.538	38.5837	149.879	0	0	0	0	5.68
211.471	38.6281	149.901	0	0	0	0	5.69
211.403	38.6723	149.925	0	0	0	0	5.7
211.335	38.7163	149.949	0	0	0	0	5.71
211.266	38.7601	149.974	0	0	0	0	5.72
211.197	38.8037	150	0	0	0	0	5.73
211.127	38.847	150.026	0	0	0	0	5.74
211.057	38.8902	150.053	0	0	0	0	5.75
210.986	38.9331	150.081	0	0	0	0	5.76
210.915	38.9757	150.11	0	0	0	0	5.77
210.843	39.0182	150.139	0	0	0	0	5.78
210.771	39.0604	150.169	0	0	0	0	5.79
210.698	39.1024	150.2	0	0	0	0	5.8
210.625	39.1441	150.231	0	0	0	0	5.81
210.551	39.1856	150.263	0	0	0	0	5.82
210.477	39.2268	150.296	0	0	0	0	5.83
210.403	39.2678	150.329	0	0	0	0	5.84
210.328	39.3086	150.363	0	0	0	0	5.85
210.253	39.3491	150.398	0	0	0	0	5.86
210.177	39.3893	150.433	0	0	0	0	5.87
210.101	39.4293	150.469	0	0	0	0	5.88
210.025	39.469	150.506	0	0	0	0	5.89
209.948	39.5085	150.543	0	0	0	0	5.9
209.871	39.5477	150.581	0	0	0	0	5.91
209.794	39.5866	150.619	0	0	0	0	5.92
209.716	39.6252	150.658	0	0	0	0	5.93
209.639	39.6636	150.698	0	0	0	0	5.94
209.56	39.7017	150.738	0	0	0	0	5.95
209.482	39.7396	150.779	0	0	0	0	5.96
209.403	39.7772	150.82	0	0	0	0	5.97
209.324	39.8144	150.862	0	0	0	0	5.98
209.245	39.8514	150.904	0	0	0	0	5.99
209.165	39.8882	150.947	0	0	0	0	6
209.085	39.9246	150.99	0	0	0	0	6.01
209.005	39.9608	151.034	0	0	0	0	6.02
208.925	39.9966	151.078	0	0	0	0	6.03
208.845	40.0322	151.123	0	0	0	0	6.04
208.764	40.0675	151.168	0	0	0	0	6.05
208.683	40.1025	151.214	0	0	0	0	6.06
208.602	40.1372	151.26	0	0	0	0	6.07
208.521	40.1716	151.307	0	0	0	0	6.08
208.44	40.2057	151.354	0	0	0	0	6.09
208.359	40.2395	151.402	0	0	0	0	6.1
208.277	40.273	151.45	0	0	0	0	6.11
208.195	40.3062	151.498	0	0	0	0	6.12
208.113	40.3391	151.547	0	0	0	0	6.13
208.032	40.3717	151.597	0	0	0	0	6.14
207.95	40.404	151.646	0	0	0	0	6.15
207.867	40.436	151.697	0	0	0	0	6.16
207.785	40.4677	151.747	0	0	0	0	6.17
207.703	40.4991	151.798	0	0	0	0	6.18
207.621	40.5302	151.849	0	0	0	0	6.19
207.538	40.5609	151.901	0	0	0	0	6.2
207.456	40.5914	151.953	0	0	0	0	6.21
207.373	40.6215	152.005	0	0	0	0	6.22
207.291	40.6513	152.058	0	0	0	0	6.23
207.208	40.6808	152.111	0	0	0	0	6.24
207.126	40.71	152.164	0	0	0	0	6.25
207.043	40.7389	152.218	0	0	0	0	6.26
206.961	40.7675	152.272	0	0	0	0	6.27
206.879	40.7957	152.326	0	0	0	0	6.28
206.796	40.8236	152.38	0	0	0	0	6.29
206.714	40.8512	152.435	0	0	0	0	6.3
206.631	40.8785	152.49	0	0	0	0	6.31
206.549	40.9055	152.546	0	0	0	0	6.32
206.467	40.9322	152.601	0	0	0	0	6.33
206.384	40.9585	152.657	0	0	0	0	6.34
206.302	40.9845	152.713	0	0	0	0	6.35
206.22	41.0102	152.769	0	0	0	0	6.36
206.138	41.0356	152.826	0	0	0	0	6.37
206.057	41.0606	152.883	0	0	0	0	6.38
205.975	41.0854	152.94	0	0	0	0	6.39
205.893	41.1098	152.997	0	0	0	0	6.4
205.812	41.1339	153.054	0	0	0	0	6.41
205.73	41.1577	153.112	0	0	0	0	6.42
205.649	41.1811	153.17	0	0	0	0	6.43
205.568	41.2042	153.228	0	0	0	0	6.44
205.487	41.227	153.286	0	0	0	0	6.45
205.406	41.2495	153.344	0	0	0	0	6.46
205.326	41.2717	153.403	0	0	0	0	6.47
205.245	41.2936	153.461	0	0	0	0	6.48
205.165	41.3151	153.52	0	0	0	0	6.49
205.085	41.3363	153.579	0	0	0	0	6.5
205.005	41.3572	153.638	0	0	0	0	6.51
204.925	41.3777	153.697	0	0	0	0	6.52
204.846	41.398	153.756	0	0	0	0	6.53
204.766	41.4179	153.816	0	0	0	0	6.54
204.687	41.4375	153.875	0	0	0	0	6.55
204.609	41.4568	153.935	0	0	0	0	6.56
204.53	41.4758	153.994	0	0	0	0	6.57
204.452	41.4944	154.054	0	0	0	0	6.58
204.374	41.5128	154.114	0	0	0	0	6.59
204.296	41.5308	154.174	0	0	0	0	6.6
204.218	41.5485	154.233	0	0	0	0	6.61
204.141	41.5659	154.293	0	0	0	0	6.62
204.064	41.583	154.353	0	0	0	0	6.63
203.987	41.5998	154.413	0	0	0	0	6.64
203.91	41.6162	154.473	0	0	0	0	6.65
203.834	41.6324	154.534	0	0	0	0	6.66
203.758	41.6482	154.594	0	0	0	0	6.67
203.682	41.6637	154.654	0	0	0	0	6.68
203.607	41.6789	154.714	0	0	0	0	6.69
203.532	41.6938	154.774	0	0	0	0	6.7
203.457	41.7084	154.834	0	0	0	0	6.71
203.383	41.7227	154.894	0	0	0	0	6.72
203.309	41.7367	154.954	0	0	0	0	6.73
203.235	41.7504	155.015	0	0	0	0	6.74
203.162	41.7638	155.075	0	0	0	0	6.75
203.089	41.7769	155.135	0	0	0	0	6.76
203.016	41.7896	155.195	0	0	0	0	6.77
202.943	41.8021	155.254	0	0	0	0	6.78
202.871	41.8143	155.314	0	0	0	0	6.79
202.8	41.8262	155.374	0	0	0	0	6.8
202.728	41.8378	155.434	0	0	0	0	6.81
202.657	41.8491	155.494	0	0	0	0	6.82
202.587	41.86	155.553	0	0	0	0	6.83
202.517	41.8708	155.613	0	0	0	0	6.84
202.447	41.8812	155.672	0	0	0	0	6.85
202.377	41.8913	155.731	0	0	0	0	6.86
202.308	41.9011	155.791	0	0	0	0	6.87
202.239	41.9107	155.85	0	0	0	0	6.88
202.171	41.92	155.909	0	0	0	0	6.89
202.103	41.9289	155.968	0	0	0	0	6.9
202.036	41.9376	156.027	0	0	0	0	6.91
201.969	41.9461	156.085	0	0	0	0	6.92
201.902	41.9542	156.144	0	0	0	0	6.93
201.836	41.9621	156.202	0	0	0	0	6.94
201.77	41.9697	156.261	0	0	0	0	6.95
201.704	41.977	156.319	0	0	0	0	6.96
201.639	41.984	156.377	0	0	0	0	6.97
201.575	41.9908	156.435	0	0	0	0	6.98
201.51	41.9973	156.492	0	0	0	0	6.99
201.447	42.0035	156.55	0	0	0	0	7
201.383	42.0095	156.607	0	0	0	0	7.01
201.32	42.0152	156.664	0	0	0	0	7.02
201.258	42.0206	156.722	0	0	0	0	7.03
201.196	42.0258	156.778	0	0	0	0	7.04
201.134	42.0307	156.835	0	0	0	0	7.05
201.073	42.0354	156.891	0	0	0	0	7.06
201.012	42.0398	156.948	0	0	0	0	7.07
200.952	42.0439	157.004	0	0	0	0	7.08
200.892	42.0478	157.06	0	0	0	0	7.09
200.833	42.0515	157.115	0	0	0	0	7.1
200.774	42.0549	157.171	0	0	0	0	7.11
200.716	42.058	157.226	0	0	0	0	7.12
200.658	42.0609	157.281	0	0	0	0	7.13
200.6	42.0636	157.336	0	0	0	0	7.14
200.543	42.066	157.391	0	0	0	0	7.15
200.487	42.0682	157.445	0	0	0	0	7.16
200.431	42.0702	157.499	0	0	0	0	7.17
200.375	42.0719	157.553	0	0	0	0	7.18
200.32	42.0734	157.607	0	0	0	0	7.19
200.265	42.0746	157.66	0	0	0	0	7.2
200.211	42.0756	157.714	0	0	0	0	7.21
200.157	42.0764	157.766	0	0	0	0	7.22
200.104	42.077	157.819	0	0	0	0	7.23
200.051	42.0773	157.872	0	0	0	0	7.24
199.999	42.0775	157.924	0	0	0	0	7.25
199.947	42.0774	157.976	0	0	0	0	7.26
199.896	42.077	158.027	0	0	0	0	7.27
199.845	42.0765	158.079	0	0	0	0	7.28
199.794	42.0758	158.13	0	0	0	0	7.29
199.744	42.0748	158.181	0	0	0	0	7.3
199.695	42.0737	158.231	0	0	0	0	7.31
199.646	42.0723	158.282	0	0	0	0	7.32
199.598	42.0707	158.332	0	0	0	0	7.33
199.55	42.0689	158.381	0	0	0	0	7.34
199.502	42.067	158.431	0	0	0	0	7.35
199.455	42.0648	158.48	0	0	0	0	7.36
199.409	42.0624	158.529	0	0	0	0	7.37
199.363	42.0598	158.578	0	0	0	0	7.38
199.317	42.0571	158.626	0	0	0	0	7.39
199.272	42.0541	158.674	0	0	0	0	7.4
199.228	42.051	158.721	0	0	0	0	7.41
199.183	42.0477	158.769	0	0	0	0	7.42
199.14	42.0442	158.816	0	0	0	0	7.43
199.097	42.0405	158.863	0	0	0	0	7.44
199.054	42.0366	158.909	0	0	0	0	7.45
199.012	42.0325	158.955	0	0	0	0	7.46
198.971	42.0283	159.001	0	0	0	0	7.47
198.929	42.0239	159.047	0	0	0	0	7.48
198.889	42.0194	159.092	0	0	0	0	7.49
198.849	42.0146	159.137	0	0	0	0	7.5
198.809	42.0097	159.181	0	0	0	0	7.51
198.77	42.0046	159.226	0	0	0	0	7.52
198.731	41.9994	159.27	0	0	0	0	7.53
198.693	41.994	159.313	0	0	0	0	7.54
198.655	41.9884	159.356	0	0	0	0	7.55
198.618	41.9827	159.399	0	0	0	0	7.56
198.581	41.9769	159.442	0	0	0	0	7.57
198.545	41.9709	159.484	0	0	0	0	7.58
198.509	41.9647	159.526	0	0	0	0	7.59
198.474	41.9584	159.568	0	0	0	0	7.6
198.439	41.9519	159.609	0	0	0	0	7.61
198.405	41.9453	159.65	0	0	0	0	7.62
198.371	41.9385	159.691	0	0	0	0	7.63
198.337	41.9317	159.731	0	0	0	0	7.64
198.305	41.9246	159.771	0	0	0	0	7.65
198.272	41.9175	159.81	0	0	0	0	7.66
198.24	41.9102	159.85	0	0	0	0	7.67
198.209	41.9027	159.888	0	0	0	0	7.68
198.178	41.8952	159.927	0	0	0	0	7.69
198.147	41.8875	159.965	0	0	0	0	7.7
198.117	41.8797	160.003	0	0	0	0	7.71
198.088	41.8717	160.041	0	0	0	0	7.72
198.059	41.8637	160.078	0	0	0	0	7.73
198.03	41.8555	160.115	0	0	0	0	7.74
198.002	41.8472	160.151	0	0	0	0	7.75
197.974	41.8388	160.187	0	0	0	0	7.76
197.947	41.8303	160.223	0	0	0	0	7.77
197.92	41.8216	160.258	0	0	0	0	7.78
197.894	41.8129	160.293	0	0	0	0	7.79
197.868	41.804	160.328	0	0	0	0	7.8
197.842	41.7951	160.363	0	0	0	0	7.81
197.817	41.786	160.397	0	0	0	0	7.82
197.793	41.7769	160.43	0	0	0	0	7.83
197.769	41.7676	160.463	0	0	0	0	7.84
197.745	41.7582	160.496	0	0	0	0	7.85
197.722	41.7488	160.529	0	0	0	0	7.86
197.699	41.7392	160.561	0	0	0	0	7.87
197.677	41.7296	160.593	0	0	0	0	7.88
197.655	41.7199	160.625	0	0	0	0	7.89
197.634	41.7101	160.656	0	0	0	0	7.9
197.613	41.7001	160.687	0	0	0	0	7.91
197.593	41.6902	160.717	0	0	0	0	7.92
197.573	41.6801	160.747	0	0	0	0	7.93
197.553	41.6699	160.777	0	0	0	0	7.94
197.534	41.6597	160.807	0	0	0	0	7.95
197.515	41.6494	160.836	0	0	0	0	7.96
197.497	41.639	160.864	0	0	0	0	7.97
197.479	41.6286	160.893	0	0	0	0	7.98
197.461	41.618	160.921	0	0	0	0	7.99
197.444	41.6074	160.948	0	0	0	0	8
197.427	41.5968	160.976	0	0	0	0	8.01
197.411	41.5861	161.003	0	0	0	0	8.02
197.395	41.5753	161.029	0	0	0	0	8.03
197.38	41.5644	161.056	0	0	0	0	8.04
197.365	41.5535	161.082	0	0	0	0	8.05
197.35	41.5425	161.107	0	0	0	0	8.06
197.336	41.5315	161.132	0	0	0	0	8.07
197.322	41.5204	161.157	0	0	0	0	8.08
197.309	41.5093	161.182	0	0	0	0	8.09
197.296	41.4981	161.206	0	0	0	0	8.1
197.283	41.4868	161.23	0	0	0	0	8.11
197.271	41.4755	161.253	0	0	0	0	8.12
197.259	41.4642	161.276	0	0	0	0	8.13
197.248	41.4528	161.299	0	0	0	0	8.14
197.237	41.4414	161.322	0	0	0	0	8.15
197.226	41.4299	161.344	0	0	0	0	8.16
197.216	41.4184	161.366	0	0	0	0	8.17
197.206	41.4069	161.387	0	0	0	0	8.18
197.197	41.3953	161.408	0	0	0	0	8.19
197.187	41.3837	161.429	0	0	0	0	8.2
197.179	41.372	161.449	0	0	0	0	8.21
197.17	41.3603	161.469	0	0	0	0	8.22
197.162	41.3486	161.489	0	0	0	0	8.23
197.154	41.3369	161.509	0	0	0	0	8.24
197.147	41.3251	161.528	0	0	0	0	8.25
197.14	41.3133	161.547	0	0	0	0	8.26
197.134	41.3015	161.565	0	0	0	0	8.27
197.127	41.2896	161.583	0	0	0	0	8.28
197.121	41.2778	161.601	0	0	0	0	8.29
197.116	41.2659	161.618	0	0	0	0	8.3
197.111	41.254	161.635	0	0	0	0	8.31
197.106	41.242	161.652	0	0	0	0	8.32
197.101	41.2301	161.669	0	0	0	0	8.33
197.097	41.2181	161.685	0	0	0	0	8.34
197.093	41.2062	161.701	0	0	0	0	8.35
197.09	41.1942	161.716	0	0	0	0	8.36
197.086	41.1822	161.731	0	0	0	0	8.37
197.084	41.1702	161.746	0	0	0	0	8.38
197.081	41.1582	161.761	0	0	0	0	8.39
197.079	41.1462	161.775	0	0	0	0	8.4
197.077	41.1341	161.789	0	0	0	0	8.41
197.075	41.1221	161.803	0	0	0	0	8.42
197.074	41.1101	161.816	0	0	0	0	8.43
197.073	41.098	161.829	0	0	0	0	8.44
197.072	41.086	161.842	0	0	0	0	8.45
197.072	41.074	161.854	0	0	0	0	8.46
197.072	41.062	161.866	0	0	0	0	8.47
197.072	41.0499	161.878	0	0	0	0	8.48
197.072	41.0379	161.89	0	0	0	0	8.49
197.073	41.0259	161.901	0	0	0	0	8.5
197.074	41.0139	161.912	0	0	0	0	8.51
197.076	41.0019	161.922	0	0	0	0	8.52
197.077	40.9899	161.933	0	0	0	0	8.53
197.079	40.978	161.943	0	0	0	0	8.54
197.082	40.966	161.952	0	0	0	0	8.55
197.084	40.954	161.962	0	0	0	0	8.56
197.087	40.9421	161.971	0	0	0	0	8.57
197.09	40.9302	161.98	0	0	0	0	8.58
197.093	40.9183	161.989	0	0	0	0	8.59
197.097	40.9064	161.997	0	0	0	0	8.6
197.101	40.8945	162.005	0	0	0	0	8.61
197.105	40.8827	162.013	0	0	0	0	8.62
197.109	40.8708	162.02	0	0	0	0	8.63
197.114	40.859	162.027	0	0	0	0	8.64
197.118	40.8473	162.034	0	0	0	0	8.65
197.123	40.8355	162.041	0	0	0	0	8.66
197.129	40.8238	162.047	0	0	0	0	8.67
197.134	40.812	162.054	0	0	0	0	8.68
197.14	40.8004	162.059	0	0	0	0	8.69
197.146	40.7887	162.065	0	0	0	0	8.7
197.152	40.7771	162.07	0	0	0	0	8.71
197.159	40.7655	162.076	0	0	0	0	8.72
197.166	40.7539	162.08	0	0	0	0	8.73
197.173	40.7424	162.085	0	0	0	0	8.74
197.18	40.7309	162.089	0	0	0	0	8.75
197.187	40.7194	162.093	0	0	0	0	8.76
197.195	40.708	162.097	0	0	0	0	8.77
197.203	40.6966	162.101	0	0	0	0	8.78
197.211	40.6852	162.104	0	0	0	0	8.79
197.219	40.6738	162.107	0	0	0	0	8.8
197.227	40.6626	162.11	0	0	0	0	8.81
197.236	40.6513	162.113	0	0	0	0	8.82
197.245	40.6401	162.115	0	0	0	0	8.83
197.254	40.6289	162.117	0	0	0	0	8.84
197.263	40.6178	162.119	0	0	0	0	8.85
197.273	40.6067	162.121	0	0	0	0	8.86
197.282	40.5956	162.122	0	0	0	0	8.87
197.292	40.5846	162.123	0	0	0	0	8.88
197.302	40.5736	162.124	0	0	0	0	8.89
197.312	40.5627	162.125	0	0	0	0	8.9
197.323	40.5518	162.126	0	0	0	0	8.91
197.333	40.541	162.126	0	0	0	0	8.92
197.344	40.5302	162.126	0	0	0	0	8.93
197.355	40.5194	162.126	0	0	0	0	8.94
197.366	40.5087	162.126	0	0	0	0	8.95
197.377	40.4981	162.125	0	0	0	0	8.96
197.388	40.4875	162.124	0	0	0	0	8.97
197.4	40.4769	162.123	0	0	0	0	8.98
197.411	40.4664	162.122	0	0	0	0	8.99
197.423	40.456	162.121	0	0	0	0	9
197.435	40.4456	162.119	0	0	0	0	9.01
197.447	40.4352	162.117	0	0	0	0	9.02
197.46	40.4249	162.115	0	0	0	0	9.03
197.472	40.4147	162.113	0	0	0	0	9.04
197.485	40.4045	162.111	0	0	0	0	9.05
197.497	40.3943	162.108	0	0	0	0	9.06
197.51	40.3842	162.106	0	0	0	0	9.07
197.523	40.3742	162.103	0	0	0	0	9.08
197.536	40.3642	162.1	0	0	0	0	9.09
197.549	40.3543	162.096	0	0	0	0	9.1
197.563	40.3444	162.093	0	0	0	0	9.11
197.576	40.3346	162.089	0	0	0	0	9.12
197.59	40.3249	162.085	0	0	0	0	9.13
197.603	40.3152	162.081	0	0	0	0	9.14
197.617	40.3055	162.077	0	0	0	0	9.15
197.631	40.296	162.073	0	0	0	0	9.16
197.645	40.2864	162.068	0	0	0	0	9.17
197.659	40.277	162.064	0	0	0	0	9.18
197.674	40.2676	162.059	0	0	0	0	9.19
197.688	40.2582	162.054	0	0	0	0	9.2
197.703	40.249	162.049	0	0	0	0	9.21
197.717	40.2397	162.043	0	0	0	0	9.22
197.732	40.2306	162.038	0	0	0	0	9.23
197.746	40.2215	162.032	0	0	0	0	9.24
197.761	40.2124	162.026	0	0	0	0	9.25
197.776	40.2035	162.02	0	0	0	0	9.26
197.791	40.1945	162.014	0	0	0	0	9.27
197.806	40.1857	162.008	0	0	0	0	9.28
197.822	40.1769	162.002	0	0	0	0	9.29
197.837	40.1682	161.995	0	0	0	0	9.3
197.852	40.1595	161.988	0	0	0	0	9.31
197.868	40.1509	161.981	0	0	0	0	9.32
197.883	40.1424	161.975	0	0	0	0	9.33
197.899	40.1339	161.967	0	0	0	0	9.34
197.914	40.1255	161.96	0	0	0	0	9.35
197.93	40.1172	161.953	0	0	0	0	9.36
197.946	40.1089	161.945	0	0	0	0	9.37
197.962	40.1007	161.938	0	0	0	0	9.38
197.978	40.0925	161.93	0	0	0	0	9.39
197.993	40.0844	161.922	0	0	0	0	9.4
198.009	40.0764	161.914	0	0	0	0	9.41
198.026	40.0685	161.906	0	0	0	0	9.42
198.042	40.0606	161.898	0	0	0	0	9.43
198.058	40.0528	161.889	0	0	0	0	9.44
198.074	40.045	161.881	0	0	0	0	9.45
198.09	40.0373	161.872	0	0	0	0	9.46
198.107	40.0297	161.864	0	0	0	0	9.47
198.123	40.0222	161.855	0	0	0	0	9.48
198.139	40.0147	161.846	0	0	0	0	9.49
198.156	40.0073	161.837	0	0	0	0	9.5
198.172	39.9999	161.828	0	0	0	0	9.51
198.189	39.9926	161.819	0	0	0	0	9.52
198.205	39.9854	161.809	0	0	0	0	9.53
198.222	39.9783	161.8	0	0	0	0	9.54
198.238	39.9712	161.791	0	0	0	0	9.55
198.255	39.9642	161.781	0	0	0	0	9.56
198.271	39.9572	161.771	0	0	0	0	9.57
198.288	39.9503	161.762	0	0	0	0	9.58
198.305	39.9435	161.752	0	0	0	0	9.59
198.321	39.9368	161.742	0	0	0	0	9.6
198.338	39.9301	161.732	0	0	0	0	9.61
198.355	39.9235	161.722	0	0	0	0	9.62
198.372	39.917	161.711	0	0	0	0	9.63
198.388	39.9105	161.701	0	0	0	0	9.64
198.405	39.9041	161.691	0	0	0	0	9.65
198.422	39.8978	161.68	0	0	0	0	9.66
198.439	39.8915	161.67	0	0	0	0	9.67
198.455	39.8853	161.659	0	0	0	0	9.68
198.472	39.8792	161.649	0	0	0	0	9.69
198.489	39.8731	161.638	0	0	0	0	9.7
198.506	39.8671	161.627	0	0	0	0	9.71
198.523	39.8612	161.616	0	0	0	0	9.72
198.539	39.8553	161.605	0	0	0	0	9.73
198.556	39.8495	161.594	0	0	0	0	9.74
198.573	39.8438	161.583	0	0	0	0	9.75
198.59	39.8381	161.572	0	0	0	0	9.76
198.606	39.8325	161.561	0	0	0	0	9.77
198.623	39.827	161.55	0	0	0	0	9.78
198.64	39.8216	161.539	0	0	0	0	9.79
198.656	39.8162	161.527	0	0	0	0	9.8
198.673	39.8108	161.516	0	0	0	0	9.81
198.69	39.8056	161.505	0	0	0	0	9.82
198.706	39.8004	161.493	0	0	0	0	9.83
198.723	39.7953	161.482	0	0	0	0	9.84
198.74	39.7902	161.47	0	0	0	0	9.85
198.756	39.7852	161.459	0	0	0	0	9.86
198.773	39.7803	161.447	0	0	0	0	9.87
198.789	39.7755	161.435	0	0	0	0	9.88
198.806	39.7707	161.424	0	0	0	0	9.89
198.822	39.766	161.412	0	0	0	0	9.9
198.839	39.7613	161.4	0	0	0	0	9.91
198.855	39.7567	161.388	0	0	0	0	9.92
198.871	39.7522	161.376	0	0	0	0	9.93
198.888	39.7477	161.364	0	0	0	0	9.94
198.904	39.7433	161.353	0	0	0	0	9.95
198.92	39.739	161.341	0	0	0	0	9.96
198.937	39.7347	161.329	0	0	0	0	9.97
198.953	39.7305	161.317	0	0	0	0	9.98
198.969	39.7264	161.305	0	0	0	0	9.99
