S	I	R	e	d	dI	f	t
300	100	0	0	0	0	6	0
288.141	103.939	7.92053	0	0	0	5.76281	0.02
276.573	107.808	15.6185	0	0	0	5.53146	0.04
265.344	111.568	23.0877	0	0	0	5.30688	0.06
254.46	115.205	30.3348	0	0	0	5.0892	0.08
243.927	118.707	37.3662	0	0	0	4.87854	0.1
233.749	122.062	44.1885	0	0	0	4.67499	0.12
223.93	125.262	50.8078	0	0	0	4.4786	0.14
214.471	128.298	57.2302	0	0	0	4.28943	0.16
205.374	131.165	63.4615	0	0	0	4.10747	0.18
196.636	133.856	69.5075	0	0	0	3.93272	0.2
188.257	136.369	75.3736	0	0	0	3.76514	0.22
180.233	138.702	81.0651	0	0	0	3.60467	0.24
172.56	140.852	86.5874	0	0	0	3.45121	0.26
165.233	142.822	91.9453	0	0	0	3.30466	0.28
158.245	144.611	97.1438	0	0	0	3.16491	0.3
151.59	146.222	102.188	0	0	0	3.0318	0.32
145.259	147.66	107.081	0	0	0	2.90518	0.34
139.244	148.927	111.83	0	0	0	2.78488	0.36
133.536	150.028	116.437	0	0	0	2.67072	0.38
128.125	150.969	120.906	0	0	0	2.5625	0.4
123.002	151.755	125.243	0	0	0	2.46004	0.42
118.157	152.392	129.451	0	0	0	2.36313	0.44
113.578	152.888	133.534	0	0	0	2.27157	0.46
109.257	153.248	137.495	0	0	0	2.18514	0.48
105.182	153.48	141.338	0	0	0	2.10364	0.5
101.344	153.59	145.067	0	0	0	2.02687	0.52
97.7308	153.584	148.685	0	0	0	1.95462	0.54
94.3339	153.471	152.195	0	0	0	1.88668	0.56
91.1429	153.256	155.601	0	0	0	1.82286	0.58
88.1481	152.946	158.906	0	0	0	1.76296	0.6
85.3401	152.548	162.112	0	0	0	1.7068	0.62
82.7096	152.068	165.223	0	0	0	1.65419	0.64
80.2478	151.511	168.241	0	0	0	1.60496	0.66
77.9461	150.885	171.169	0	0	0	1.55892	0.68
75.7962	150.193	174.011	0	0	0	1.51592	0.7
73.7902	149.442	176.767	0	0	0	1.4758	0.72
71.9205	148.637	179.442	0	0	0	1.43841	0.74
70.1798	147.783	182.037	0	0	0	1.4036	0.76
68.561	146.884	184.555	0	0	0	1.37122	0.78
67.0576	145.944	186.998	0	0	0	1.34115	0.8
65.6632	144.968	189.368	0	0	0	1.31326	0.82
64.3718	143.96	191.668	0	0	0	1.28744	0.84
63.1776	142.923	193.9	0	0	0	1.26355	0.86
62.0751	141.86	196.065	0	0	0	1.2415	0.88
61.0592	140.776	198.165	0	0	0	1.22118	0.9
60.1249	139.672	200.203	0	0	0	1.2025	0.92
59.2677	138.552	202.181	0	0	0	1.18535	0.94
58.4831	137.418	204.099	0	0	0	1.16966	0.96
57.7669	136.272	205.961	0	0	0	1.15534	0.98
57.1152	135.118	207.767	0	0	0	1.1423	1
56.5243	133.957	209.519	0	0	0	1.13049	1.02
55.9906	132.79	211.219	0	0	0	1.11981	1.04
55.5108	131.62	212.869	0	0	0	1.11022	1.06
55.0817	130.449	214.47	0	0	0	1.10163	1.08
54.7005	129.277	216.023	0	0	0	1.09401	1.1
54.3642	128.107	217.529	0	0	0	1.08728	1.12
54.0703	126.939	218.991	0	0	0	1.08141	1.14
53.8161	125.774	220.41	0	0	0	1.07632	1.16
53.5995	124.615	221.786	0	0	0	1.07199	1.18
53.4181	123.461	223.121	0	0	0	1.06836	1.2
53.2699	122.314	224.417	0	0	0	1.0654	1.22
53.1528	121.174	225.674	0	0	0	1.06306	1.24
53.065	120.042	226.893	0	0	0	1.0613	1.26
53.0047	118.919	228.076	0	0	0	1.06009	1.28
52.9703	117.805	229.225	0	0	0	1.05941	1.3
52.9602	116.701	230.339	0	0	0	1.0592	1.32
52.9729	115.608	231.419	0	0	0	1.05946	1.34
53.0071	114.525	232.468	0	0	0	1.06014	1.36
53.0613	113.453	233.485	0	0	0	1.06123	1.38
53.1343	112.393	234.473	0	0	0	1.06269	1.4
53.2251	111.345	235.43	0	0	0	1.0645	1.42
53.3323	110.308	236.36	0	0	0	1.06665	1.44
53.4551	109.284	237.261	0	0	0	1.0691	1.46
53.5924	108.271	238.136	0	0	0	1.07185	1.48
53.7433	107.272	238.985	0	0	0	1.07487	1.5
53.9069	106.285	239.809	0	0	0	1.07814	1.52
54.0823	105.31	240.608	0	0	0	1.08165	1.54
54.2689	104.348	241.383	0	0	0	1.08538	1.56
54.4657	103.399	242.135	0	0	0	1.08931	1.58
54.6722	102.463	242.865	0	0	0	1.09344	1.6
54.8876	101.539	243.573	0	0	0	1.09775	1.62
55.1114	100.629	244.26	0	0	0	1.10223	1.64
55.3429	99.7304	244.927	0	0	0	1.10686	1.66
55.5816	98.845	245.573	0	0	0	1.11163	1.68
55.8269	97.9721	246.201	0	0	0	1.11654	1.7
56.0783	97.1118	246.81	0	0	0	1.12157	1.72
56.3355	96.2639	247.401	0	0	0	1.12671	1.74
56.5978	95.4284	247.974	0	0	0	1.13196	1.76
56.8649	94.6052	248.53	0	0	0	1.1373	1.78
57.1365	93.7941	249.069	0	0	0	1.14273	1.8
57.412	92.995	249.593	0	0	0	1.14824	1.82
57.6912	92.2079	250.101	0	0	0	1.15382	1.84
57.9737	91.4325	250.594	0	0	0	1.15947	1.86
58.2592	90.6689	251.072	0	0	0	1.16518	1.88
58.5473	89.9168	251.536	0	0	0	1.17095	1.9
58.8379	89.176	251.986	0	0	0	1.17676	1.92
59.1306	88.4466	252.423	0	0	0	1.18261	1.94
59.4252	87.7283	252.847	0	0	0	1.1885	1.96
59.7214	87.0209	253.258	0	0	0	1.19443	1.98
60.019	86.3244	253.657	0	0	0	1.20038	2
60.3177	85.6386	254.044	0	0	0	1.20635	2.02
60.6175	84.9633	254.419	0	0	0	1.21235	2.04
60.918	84.2984	254.784	0	0	0	1.21836	2.06
61.2192	83.6437	255.137	0	0	0	1.22438	2.08
61.5207	82.9992	255.48	0	0	0	1.23041	2.1
61.8225	82.3645	255.813	0	0	0	1.23645	2.12
62.1245	81.7397	256.136	0	0	0	1.24249	2.14
62.4264	81.1245	256.449	0	0	0	1.24853	2.16
62.7281	80.5188	256.753	0	0	0	1.25456	2.18
63.0295	79.9225	257.048	0	0	0	1.26059	2.2
63.3305	79.3354	257.334	0	0	0	1.26661	2.22
63.6309	78.7573	257.612	0	0	0	1.27262	2.24
63.9307	78.1881	257.881	0	0	0	1.27861	2.26
64.2297	77.6277	258.143	0	0	0	1.28459	2.28
64.5279	77.0759	258.396	0	0	0	1.29056	2.3
64.8252	76.5326	258.642	0	0	0	1.2965	2.32
65.1214	75.9977	258.881	0	0	0	1.30243	2.34
65.4165	75.471	259.113	0	0	0	1.30833	2.36
65.7104	74.9523	259.337	0	0	0	1.31421	2.38
66.0031	74.4416	259.555	0	0	0	1.32006	2.4
66.2945	73.9387	259.767	0	0	0	1.32589	2.42
66.5844	73.4434	259.972	0	0	0	1.33169	2.44
66.873	72.9557	260.171	0	0	0	1.33746	2.46
67.16	72.4754	260.365	0	0	0	1.3432	2.48
67.4456	72.0024	260.552	0	0	0	1.34891	2.5
67.7295	71.5366	260.734	0	0	0	1.35459	2.52
68.0118	71.0778	260.91	0	0	0	1.36024	2.54
68.2924	70.6259	261.082	0	0	0	1.36585	2.56
68.5713	70.1809	261.248	0	0	0	1.37143	2.58
68.8484	69.7425	261.409	0	0	0	1.37697	2.6
69.1238	69.3107	261.565	0	0	0	1.38248	2.62
69.3974	68.8854	261.717	0	0	0	1.38795	2.64
69.6691	68.4664	261.864	0	0	0	1.39338	2.66
69.939	68.0537	262.007	0	0	0	1.39878	2.68
70.207	67.6471	262.146	0	0	0	1.40414	2.7
70.4731	67.2465	262.28	0	0	0	1.40946	2.72
70.7373	66.8518	262.411	0	0	0	1.41475	2.74
70.9995	66.463	262.538	0	0	0	1.41999	2.76
71.2598	66.0799	262.66	0	0	0	1.4252	2.78
71.5181	65.7024	262.78	0	0	0	1.43036	2.8
71.7745	65.3304	262.895	0	0	0	1.43549	2.82
72.0288	64.9638	263.007	0	0	0	1.44058	2.84
72.2812	64.6026	263.116	0	0	0	1.44562	2.86
72.5315	64.2466	263.222	0	0	0	1.45063	2.88
72.7798	63.8958	263.324	0	0	0	1.4556	2.9
73.0262	63.5501	263.424	0	0	0	1.46052	2.92
73.2705	63.2093	263.52	0	0	0	1.46541	2.94
73.5128	62.8734	263.614	0	0	0	1.47026	2.96
73.753	62.5423	263.705	0	0	0	1.47506	2.98
73.9912	62.216	263.793	0	0	0	1.47982	3
74.2275	61.8943	263.878	0	0	0	1.48455	3.02
74.4617	61.5771	263.961	0	0	0	1.48923	3.04
74.6938	61.2645	264.042	0	0	0	1.49388	3.06
74.924	60.9562	264.12	0	0	0	1.49848	3.08
75.1521	60.6523	264.196	0	0	0	1.50304	3.1
75.3783	60.3527	264.269	0	0	0	1.50757	3.12
75.6024	60.0572	264.34	0	0	0	1.51205	3.14
75.8245	59.7659	264.41	0	0	0	1.51649	3.16
76.0447	59.4786	264.477	0	0	0	1.52089	3.18
76.2629	59.1952	264.542	0	0	0	1.52526	3.2
76.4791	58.9158	264.605	0	0	0	1.52958	3.22
76.6933	58.6403	264.666	0	0	0	1.53387	3.24
76.9056	58.3685	264.726	0	0	0	1.53811	3.26
77.1159	58.1004	264.784	0	0	0	1.54232	3.28
77.3243	57.836	264.84	0	0	0	1.54649	3.3
77.5307	57.5752	264.894	0	0	0	1.55061	3.32
77.7353	57.318	264.947	0	0	0	1.55471	3.34
77.9379	57.0642	264.998	0	0	0	1.55876	3.36
78.1386	56.8138	265.048	0	0	0	1.56277	3.38
78.3375	56.5668	265.096	0	0	0	1.56675	3.4
78.5345	56.3231	265.142	0	0	0	1.57069	3.42
78.7296	56.0826	265.188	0	0	0	1.57459	3.44
78.9228	55.8454	265.232	0	0	0	1.57846	3.46
79.1143	55.6113	265.274	0	0	0	1.58229	3.48
79.3039	55.3802	265.316	0	0	0	1.58608	3.5
79.4916	55.1523	265.356	0	0	0	1.58983	3.52
79.6776	54.9273	265.395	0	0	0	1.59355	3.54
79.8618	54.7053	265.433	0	0	0	1.59724	3.56
80.0443	54.4861	265.47	0	0	0	1.60089	3.58
80.2249	54.2699	265.505	0	0	0	1.6045	3.6
80.4039	54.0564	265.54	0	0	0	1.60808	3.62
80.5811	53.8457	265.573	0	0	0	1.61162	3.64
80.7565	53.6377	265.606	0	0	0	1.61513	3.66
80.9303	53.4323	265.637	0	0	0	1.61861	3.68
81.1024	53.2296	265.668	0	0	0	1.62205	3.7
81.2728	53.0295	265.698	0	0	0	1.62546	3.72
81.4415	52.832	265.727	0	0	0	1.62883	3.74
81.6086	52.6369	265.754	0	0	0	1.63217	3.76
81.7741	52.4443	265.782	0	0	0	1.63548	3.78
81.9379	52.2542	265.808	0	0	0	1.63876	3.8
82.1001	52.0664	265.833	0	0	0	1.642	3.82
82.2608	51.881	265.858	0	0	0	1.64522	3.84
82.4198	51.6978	265.882	0	0	0	1.6484	3.86
82.5773	51.517	265.906	0	0	0	1.65155	3.88
82.7333	51.3384	265.928	0	0	0	1.65467	3.9
82.8877	51.1621	265.95	0	0	0	1.65775	3.92
83.0406	50.9879	265.972	0	0	0	1.66081	3.94
83.192	50.8158	265.992	0	0	0	1.66384	3.96
83.3418	50.6459	266.012	0	0	0	1.66684	3.98
83.4902	50.478	266.032	0	0	0	1.6698	4
83.6372	50.3122	266.051	0	0	0	1.67274	4.02
83.7827	50.1483	266.069	0	0	0	1.67565	4.04
83.9267	49.9865	266.087	0	0	0	1.67853	4.06
84.0694	49.8266	266.104	0	0	0	1.68139	4.08
84.2106	49.6687	266.121	0	0	0	1.68421	4.1
84.3504	49.5126	266.137	0	0	0	1.68701	4.12
84.4889	49.3584	266.153	0	0	0	1.68978	4.14
84.6259	49.206	266.168	0	0	0	1.69252	4.16
84.7616	49.0555	266.183	0	0	0	1.69523	4.18
84.896	48.9067	266.197	0	0	0	1.69792	4.2
85.0291	48.7597	266.211	0	0	0	1.70058	4.22
85.1608	48.6144	266.225	0	0	0	1.70322	4.24
85.2912	48.4709	266.238	0	0	0	1.70582	4.26
85.4204	48.329	266.251	0	0	0	1.70841	4.28
85.5482	48.1887	266.263	0	0	0	1.71096	4.3
85.6748	48.0501	266.275	0	0	0	1.7135	4.32
85.8002	47.9131	266.287	0	0	0	1.716	4.34
85.9243	47.7777	266.298	0	0	0	1.71849	4.36
86.0472	47.6439	266.309	0	0	0	1.72094	4.38
86.1689	47.5115	266.32	0	0	0	1.72338	4.4
86.2893	47.3807	266.33	0	0	0	1.72579	4.42
86.4086	47.2514	266.34	0	0	0	1.72817	4.44
86.5267	47.1236	266.35	0	0	0	1.73053	4.46
86.6437	46.9972	266.359	0	0	0	1.73287	4.48
86.7595	46.8723	266.368	0	0	0	1.73519	4.5
86.8741	46.7487	266.377	0	0	0	1.73748	4.52
86.9877	46.6266	266.386	0	0	0	1.73975	4.54
87.1001	46.5058	266.394	0	0	0	1.742	4.56
87.2114	46.3864	266.402	0	0	0	1.74423	4.58
87.3216	46.2683	266.41	0	0	0	1.74643	4.6
87.4308	46.1515	266.418	0	0	0	1.74862	4.62
87.5389	46.036	266.425	0	0	0	1.75078	4.64
87.6459	45.9218	266.432	0	0	0	1.75292	4.66
87.7519	45.8089	266.439	0	0	0	1.75504	4.68
87.8568	45.6972	266.446	0	0	0	1.75714	4.7
87.9607	45.5867	266.453	0	0	0	1.75921	4.72
88.0636	45.4775	266.459	0	0	0	1.76127	4.74
88.1655	45.3694	266.465	0	0	0	1.76331	4.76
88.2664	45.2625	266.471	0	0	0	1.76533	4.78
88.3663	45.1568	266.477	0	0	0	1.76733	4.8
88.4653	45.0522	266.483	0	0	0	1.76931	4.82
88.5633	44.9487	266.488	0	0	0	1.77127	4.84
88.6603	44.8463	266.493	0	0	0	1.77321	4.86
88.7564	44.7451	266.499	0	0	0	1.77513	4.88
88.8516	44.6449	266.504	0	0	0	1.77703	4.9
88.9458	44.5458	266.508	0	0	0	1.77892	4.92
89.0392	44.4478	266.513	0	0	0	1.78078	4.94
89.1316	44.3508	266.518	0	0	0	1.78263	4.96
89.2231	44.2548	266.522	0	0	0	1.78446	4.98
89.3138	44.1598	266.526	0	0	0	1.78628	5
89.4036	44.0659	266.531	0	0	0	1.78807	5.02
89.4925	43.9729	266.535	0	0	0	1.78985	5.04
89.5806	43.8809	266.539	0	0	0	1.79161	5.06
89.6678	43.7898	266.542	0	0	0	1.79336	5.08
89.7542	43.6997	266.546	0	0	0	1.79508	5.1
89.8398	43.6106	266.55	0	0	0	1.7968	5.12
89.9246	43.5223	266.553	0	0	0	1.79849	5.14
90.0085	43.435	266.556	0	0	0	1.80017	5.16
90.0917	43.3486	266.56	0	0	0	1.80183	5.18
90.174	43.2631	266.563	0	0	0	1.80348	5.2
90.2556	43.1784	266.566	0	0	0	1.80511	5.22
90.3364	43.0946	266.569	0	0	0	1.80673	5.24
90.4164	43.0117	266.572	0	0	0	1.80833	5.26
90.4957	42.9296	266.575	0	0	0	1.80991	5.28
90.5742	42.8483	266.577	0	0	0	1.81148	5.3
90.652	42.7679	266.58	0	0	0	1.81304	5.32
90.729	42.6883	266.583	0	0	0	1.81458	5.34
90.8054	42.6095	266.585	0	0	0	1.81611	5.36
90.881	42.5314	266.588	0	0	0	1.81762	5.38
90.9559	42.4542	266.59	0	0	0	1.81912	5.4
91.03	42.3777	266.592	0	0	0	1.8206	5.42
91.1035	42.302	266.594	0	0	0	1.82207	5.44
91.1764	42.227	266.597	0	0	0	1.82353	5.46
91.2485	42.1528	266.599	0	0	0	1.82497	5.48
91.3199	42.0794	266.601	0	0	0	1.8264	5.5
91.3907	42.0066	266.603	0	0	0	1.82781	5.52
91.4609	41.9346	266.605	0	0	0	1.82922	5.54
91.5303	41.8633	266.606	0	0	0	1.83061	5.56
91.5992	41.7926	266.608	0	0	0	1.83198	5.58
91.6674	41.7227	266.61	0	0	0	1.83335	5.6
91.7349	41.6534	266.612	0	0	0	1.8347	5.62
91.8019	41.5849	266.613	0	0	0	1.83604	5.64
91.8682	41.517	266.615	0	0	0	1.83736	5.66
91.9339	41.4497	266.616	0	0	0	1.83868	5.68
91.999	41.3831	266.618	0	0	0	1.83998	5.7
92.0635	41.3172	266.619	0	0	0	1.84127	5.72
92.1274	41.2518	266.621	0	0	0	1.84255	5.74
92.1907	41.1872	266.622	0	0	0	1.84381	5.76
92.2535	41.1231	266.623	0	0	0	1.84507	5.78
92.3157	41.0596	266.625	0	0	0	1.84631	5.8
92.3773	40.9968	266.626	0	0	0	1.84755	5.82
92.4383	40.9345	266.627	0	0	0	1.84877	5.84
92.4988	40.8729	266.628	0	0	0	1.84998	5.86
92.5587	40.8118	266.629	0	0	0	1.85117	5.88
92.6181	40.7513	266.631	0	0	0	1.85236	5.9
92.677	40.6914	266.632	0	0	0	1.85354	5.92
92.7353	40.632	266.633	0	0	0	1.85471	5.94
92.7931	40.5732	266.634	0	0	0	1.85586	5.96
92.8504	40.5149	266.635	0	0	0	1.85701	5.98
92.9071	40.4572	266.636	0	0	0	1.85814	6
92.9634	40.4001	266.637	0	0	0	1.85927	6.02
93.0191	40.3434	266.637	0	0	0	1.86038	6.04
93.0743	40.2873	266.638	0	0	0	1.86149	6.06
93.1291	40.2317	266.639	0	0	0	1.86258	6.08
93.1833	40.1767	266.64	0	0	0	1.86367	6.1
93.2371	40.1221	266.641	0	0	0	1.86474	6.12
93.2904	40.068	266.642	0	0	0	1.86581	6.14
93.3432	40.0145	266.642	0	0	0	1.86686	6.16
93.3956	39.9614	266.643	0	0	0	1.86791	6.18
93.4474	39.9088	266.644	0	0	0	1.86895	6.2
93.4989	39.8567	266.644	0	0	0	1.86998	6.22
93.5498	39.8051	266.645	0	0	0	1.871	6.24
93.6003	39.7539	266.646	0	0	0	1.87201	6.26
93.6504	39.7033	266.646	0	0	0	1.87301	6.28
93.7	39.653	266.647	0	0	0	1.874	6.3
93.7492	39.6032	266.648	0	0	0	1.87498	6.32
93.798	39.5539	266.648	0	0	0	1.87596	6.34
93.8463	39.505	266.649	0	0	0	1.87693	6.36
93.8942	39.4566	266.649	0	0	0	1.87788	6.38
93.9417	39.4086	266.65	0	0	0	1.87883	6.4
93.9888	39.361	266.65	0	0	0	1.87978	6.42
94.0354	39.3139	266.651	0	0	0	1.88071	6.44
94.0817	39.2672	266.651	0	0	0	1.88163	6.46
94.1275	39.2209	266.652	0	0	0	1.88255	6.48
94.173	39.175	266.652	0	0	0	1.88346	6.5
94.218	39.1295	266.653	0	0	0	1.88436	6.52
94.2627	39.0844	266.653	0	0	0	1.88525	6.54
94.3069	39.0397	266.653	0	0	0	1.88614	6.56
94.3508	38.9954	266.654	0	0	0	1.88702	6.58
94.3943	38.9515	266.654	0	0	0	1.88789	6.6
94.4375	38.908	266.654	0	0	0	1.88875	6.62
94.4802	38.8649	266.655	0	0	0	1.8896	6.64
94.5226	38.8222	266.655	0	0	0	1.89045	6.66
94.5647	38.7798	266.656	0	0	0	1.89129	6.68
94.6063	38.7378	266.656	0	0	0	1.89213	6.7
94.6477	38.6961	266.656	0	0	0	1.89295	6.72
94.6886	38.6549	266.657	0	0	0	1.89377	6.74
94.7292	38.614	266.657	0	0	0	1.89458	6.76
94.7695	38.5734	266.657	0	0	0	1.89539	6.78
94.8094	38.5332	266.657	0	0	0	1.89619	6.8
94.849	38.4933	266.658	0	0	0	1.89698	6.82
94.8883	38.4538	266.658	0	0	0	1.89777	6.84
94.9272	38.4147	266.658	0	0	0	1.89854	6.86
94.9657	38.3758	266.658	0	0	0	1.89931	6.88
95.004	38.3373	266.659	0	0	0	1.90008	6.9
95.0419	38.2991	266.659	0	0	0	1.90084	6.92
95.0795	38.2613	266.659	0	0	0	1.90159	6.94
95.1168	38.2238	266.659	0	0	0	1.90234	6.96
95.1538	38.1866	266.66	0	0	0	1.90308	6.98
95.1905	38.1497	266.66	0	0	0	1.90381	7
95.2269	38.1131	266.66	0	0	0	1.90454	7.02
95.2629	38.0769	266.66	0	0	0	1.90526	7.04
95.2987	38.0409	266.66	0	0	0	1.90597	7.06
95.3341	38.0053	266.661	0	0	0	1.90668	7.08
95.3693	37.97	266.661	0	0	0	1.90739	7.1
95.4041	37.9349	266.661	0	0	0	1.90808	7.12
95.4387	37.9002	266.661	0	0	0	1.90877	7.14
95.473	37.8657	266.661	0	0	0	1.90946	7.16
95.507	37.8316	266.661	0	0	0	1.91014	7.18
95.5407	37.7977	266.662	0	0	0	1.91081	7.2
95.5742	37.7641	266.662	0	0	0	1.91148	7.22
95.6073	37.7308	266.662	0	0	0	1.91215	7.24
95.6402	37.6977	266.662	0	0	0	1.9128	7.26
95.6729	37.665	266.662	0	0	0	1.91346	7.28
95.7052	37.6325	266.662	0	0	0	1.9141	7.3
95.7373	37.6003	266.662	0	0	0	1.91475	7.32
95.7691	37.5683	266.663	0	0	0	1.91538	7.34
95.8007	37.5367	266.663	0	0	0	1.91601	7.36
95.832	37.5053	266.663	0	0	0	1.91664	7.38
95.863	37.4741	266.663	0	0	0	1.91726	7.4
95.8938	37.4432	266.663	0	0	0	1.91788	7.42
95.9243	37.4126	266.663	0	0	0	1.91849	7.44
95.9546	37.3822	266.663	0	0	0	1.91909	7.46
95.9847	37.352	266.663	0	0	0	1.91969	7.48
96.0144	37.3221	266.663	0	0	0	1.92029	7.5
96.044	37.2925	266.664	0	0	0	1.92088	7.52
96.0733	37.2631	266.664	0	0	0	1.92147	7.54
96.1024	37.2339	266.664	0	0	0	1.92205	7.56
96.1312	37.205	266.664	0	0	0	1.92262	7.58
96.1598	37.1763	266.664	0	0	0	1.9232	7.6
96.1882	37.1478	266.664	0	0	0	1.92376	7.62
96.2163	37.1196	266.664	0	0	0	1.92433	7.64
96.2443	37.0916	266.664	0	0	0	1.92489	7.66
96.272	37.0639	266.664	0	0	0	1.92544	7.68
96.2994	37.0363	266.664	0	0	0	1.92599	7.7
96.3267	37.009	266.664	0	0	0	1.92653	7.72
96.3537	36.9819	266.664	0	0	0	1.92707	7.74
96.3805	36.955	266.664	0	0	0	1.92761	7.76
96.4071	36.9284	266.665	0	0	0	1.92814	7.78
96.4335	36.9019	266.665	0	0	0	1.92867	7.8
96.4597	36.8757	266.665	0	0	0	1.92919	7.82
96.4856	36.8496	266.665	0	0	0	1.92971	7.84
96.5114	36.8238	266.665	0	0	0	1.93023	7.86
96.5369	36.7982	266.665	0	0	0	1.93074	7.88
96.5623	36.7728	266.665	0	0	0	1.93125	7.9
96.5874	36.7476	266.665	0	0	0	1.93175	7.92
96.6124	36.7226	266.665	0	0	0	1.93225	7.94
96.6371	36.6978	266.665	0	0	0	1.93274	7.96
96.6617	36.6732	266.665	0	0	0	1.93323	7.98
96.686	36.6488	266.665	0	0	0	1.93372	8
96.7102	36.6246	266.665	0	0	0	1.9342	8.02
96.7342	36.6006	266.665	0	0	0	1.93468	8.04
96.758	36.5768	266.665	0	0	0	1.93516	8.06
96.7816	36.5531	266.665	0	0	0	1.93563	8.08
96.805	36.5297	266.665	0	0	0	1.9361	8.1
96.8282	36.5064	266.665	0	0	0	1.93656	8.12
96.8512	36.4833	266.665	0	0	0	1.93702	8.14
96.8741	36.4604	266.665	0	0	0	1.93748	8.16
96.8968	36.4377	266.666	0	0	0	1.93794	8.18
96.9193	36.4152	266.666	0	0	0	1.93839	8.2
96.9416	36.3928	266.666	0	0	0	1.93883	8.22
96.9638	36.3706	266.666	0	0	0	1.93928	8.24
96.9858	36.3486	266.666	0	0	0	1.93972	8.26
97.0076	36.3268	266.666	0	0	0	1.94015	8.28
97.0292	36.3051	266.666	0	0	0	1.94058	8.3
97.0507	36.2836	266.666	0	0	0	1.94101	8.32
97.072	36.2623	266.666	0	0	0	1.94144	8.34
97.0931	36.2411	266.666	0	0	0	1.94186	8.36
97.1141	36.2201	266.666	0	0	0	1.94228	8.38
97.1349	36.1993	266.666	0	0	0	1.9427	8.4
97.1556	36.1786	266.666	0	0	0	1.94311	8.42
97.1761	36.1581	266.666	0	0	0	1.94352	8.44
97.1964	36.1377	266.666	0	0	0	1.94393	8.46
97.2166	36.1175	266.666	0	0	0	1.94433	8.48
97.2366	36.0975	266.666	0	0	0	1.94473	8.5
97.2564	36.0776	266.666	0	0	0	1.94513	8.52
97.2762	36.0579	266.666	0	0	0	1.94552	8.54
97.2957	36.0383	266.666	0	0	0	1.94591	8.56
97.3151	36.0188	266.666	0	0	0	1.9463	8.58
97.3344	35.9996	266.666	0	0	0	1.94669	8.6
97.3535	35.9804	266.666	0	0	0	1.94707	8.62
97.3725	35.9615	266.666	0	0	0	1.94745	8.64
97.3913	35.9426	266.666	0	0	0	1.94783	8.66
97.41	35.9239	266.666	0	0	0	1.9482	8.68
97.4285	35.9054	266.666	0	0	0	1.94857	8.7
97.4469	35.887	266.666	0	0	0	1.94894	8.72
97.4651	35.8687	266.666	0	0	0	1.9493	8.74
97.4832	35.8506	266.666	0	0	0	1.94966	8.76
97.5012	35.8326	266.666	0	0	0	1.95002	8.78
97.5191	35.8147	266.666	0	0	0	1.95038	8.8
97.5368	35.797	266.666	0	0	0	1.95074	8.82
97.5543	35.7794	266.666	0	0	0	1.95109	8.84
97.5718	35.762	266.666	0	0	0	1.95144	8.86
97.5891	35.7447	266.666	0	0	0	1.95178	8.88
97.6062	35.7275	266.666	0	0	0	1.95212	8.9
97.6233	35.7105	266.666	0	0	0	1.95247	8.92
97.6402	35.6935	266.666	0	0	0	1.9528	8.94
97.657	35.6767	266.666	0	0	0	1.95314	8.96
97.6736	35.6601	266.666	0	0	0	1.95347	8.98
97.6901	35.6435	266.666	0	0	0	1.9538	9
97.7065	35.6271	266.666	0	0	0	1.95413	9.02
97.7228	35.6108	266.666	0	0	0	1.95446	9.04
97.739	35.5947	266.666	0	0	0	1.95478	9.06
97.755	35.5786	266.666	0	0	0	1.9551	9.08
97.7709	35.5627	266.666	0	0	0	1.95542	9.1
97.7867	35.5469	266.666	0	0	0	1.95573	9.12
97.8024	35.5312	266.666	0	0	0	1.95605	9.14
97.818	35.5156	266.666	0	0	0	1.95636	9.16
97.8334	35.5002	266.666	0	0	0	1.95667	9.18
97.8487	35.4849	266.666	0	0	0	1.95697	9.2
97.8639	35.4696	266.666	0	0	0	1.95728	9.22
97.879	35.4545	266.666	0	0	0	1.95758	9.24
97.894	35.4395	266.666	0	0	0	1.95788	9.26
97.9089	35.4247	266.666	0	0	0	1.95818	9.28
97.9237	35.4099	266.666	0	0	0	1.95847	9.3
97.9383	35.3952	266.666	0	0	0	1.95877	9.32
97.9529	35.3807	266.666	0	0	0	1.95906	9.34
97.9673	35.3662	266.666	0	0	0	1.95935	9.36
97.9816	35.3519	266.666	0	0	0	1.95963	9.38
97.9958	35.3377	266.666	0	0	0	1.95992	9.4
98.01	35.3236	266.666	0	0	0	1.9602	9.42
98.024	35.3095	266.666	0	0	0	1.96048	9.44
98.0379	35.2956	266.666	0	0	0	1.96076	9.46
98.0517	35.2818	266.666	0	0	0	1.96103	9.48
98.0654	35.2681	266.667	0	0	0	1.96131	9.5
98.079	35.2545	266.667	0	0	0	1.96158	9.52
98.0925	35.241	266.667	0	0	0	1.96185	9.54
98.1059	35.2276	266.667	0	0	0	1.96212	9.56
98.1192	35.2143	266.667	0	0	0	1.96238	9.58
98.1324	35.2011	266.667	0	0	0	1.96265	9.6
98.1455	35.188	266.667	0	0	0	1.96291	9.62
98.1585	35.175	266.667	0	0	0	1.96317	9.64
98.1714	35.1621	266.667	0	0	0	1.96343	9.66
98.1842	35.1492	266.667	0	0	0	1.96368	9.68
98.1969	35.1365	266.667	0	0	0	1.96394	9.7
98.2096	35.1239	266.667	0	0	0	1.96419	9.72
98.2221	35.1113	266.667	0	0	0	1.96444	9.74
98.2345	35.0989	266.667	0	0	0	1.96469	9.76
98.2469	35.0865	266.667	0	0	0	1.96494	9.78
98.2592	35.0743	266.667	0	0	0	1.96518	9.8
98.2713	35.0621	266.667	0	0	0	1.96543	9.82
98.2834	35.05	266.667	0	0	0	1.96567	9.84
98.2954	35.038	266.667	0	0	0	1.96591	9.86
98.3073	35.0261	266.667	0	0	0	1.96615	9.88
98.3191	35.0143	266.667	0	0	0	1.96638	9.9
98.3309	35.0026	266.667	0	0	0	1.96662	9.92
98.3425	34.9909	266.667	0	0	0	1.96685	9.94
98.3541	34.9793	266.667	0	0	0	1.96708	9.96
98.3655	34.9679	266.667	0	0	0	1.96731	9.98
