S	I	R	e	d	dI	f	t
300	100	0	0.176	0.16	4	96	0
207.24	102.363	86.4067	0.174244	0.158404	4.09451	66.3168	0.04
144.522	101.578	145.81	0.172441	0.156764	4.06312	46.2471	0.08
102.338	98.6749	186.876	0.170671	0.155156	3.947	32.7481	0.12
74.0314	94.4781	215.505	0.168966	0.153606	3.77912	23.69	0.16
55.064	89.578	235.684	0.167343	0.15213	3.58312	17.6205	0.2
42.368	84.3719	250.103	0.165811	0.150737	3.37488	13.5578	0.24
33.8809	79.1151	260.575	0.164371	0.149428	3.1646	10.8419	0.28
28.2192	73.9644	268.326	0.163024	0.148204	2.95857	9.03015	0.32
24.4558	69.0112	274.184	0.161766	0.14706	2.76045	7.82586	0.36
21.9687	64.305	278.713	0.160594	0.145995	2.5722	7.03	0.4
20.3405	59.8682	282.298	0.159503	0.145003	2.39473	6.50897	0.44
19.2904	55.707	285.203	0.158488	0.14408	2.22828	6.17292	0.48
18.6291	51.8175	287.608	0.157544	0.143222	2.0727	5.96132	0.52
18.2291	48.1901	289.641	0.156666	0.142424	1.9276	5.8333	0.56
18.0039	44.8122	291.39	0.155851	0.141682	1.79249	5.76125	0.6
17.8952	41.6695	292.918	0.155093	0.140993	1.66678	5.72648	0.64
17.8635	38.7475	294.271	0.154388	0.140353	1.5499	5.71632	0.68
17.8819	36.0316	295.481	0.153733	0.139758	1.44126	5.7222	0.72
17.9321	33.5077	296.572	0.153125	0.139205	1.34031	5.73828	0.76
18.002	31.1625	297.562	0.15256	0.138691	1.2465	5.76065	0.8
18.0832	28.9833	298.466	0.152034	0.138213	1.15933	5.78663	0.84
18.1702	26.9584	299.294	0.151546	0.137769	1.07834	5.81446	0.88
18.2592	25.0766	300.055	0.151092	0.137356	1.00307	5.84294	0.92
18.3478	23.3278	300.757	0.15067	0.136973	0.933113	5.87129	0.96
18.4344	21.7024	301.405	0.150278	0.136617	0.868096	5.899	1
18.518	20.1915	302.005	0.149914	0.136286	0.80766	5.92577	1.04
18.5981	18.7869	302.56	0.149576	0.135978	0.751477	5.95139	1.08
18.6743	17.481	303.075	0.149261	0.135692	0.699242	5.97577	1.12
18.7465	16.2668	303.553	0.148969	0.135426	0.650673	5.99887	1.16
18.8146	15.1377	303.996	0.148697	0.135179	0.605509	6.02068	1.2
18.8788	14.0877	304.409	0.148445	0.13495	0.563507	6.04123	1.24
18.9392	13.111	304.792	0.148211	0.134737	0.524442	6.06055	1.28
18.9959	12.2026	305.149	0.147993	0.134539	0.488106	6.07869	1.32
19.0491	11.3576	305.481	0.147791	0.134355	0.454306	6.09571	1.36
19.0989	10.5715	305.79	0.147603	0.134184	0.422862	6.11166	1.4
19.1456	9.8402	306.078	0.147428	0.134026	0.393608	6.1266	1.44
19.1893	9.15975	306.347	0.147266	0.133878	0.36639	6.14059	1.48
19.2303	8.52662	306.597	0.147116	0.133742	0.341065	6.15368	1.52
19.2685	7.93748	306.831	0.146976	0.133615	0.317499	6.16593	1.56
19.3043	7.38924	307.049	0.146847	0.133497	0.29557	6.17739	1.6
19.3378	6.87905	307.252	0.146726	0.133388	0.275162	6.18811	1.64
19.3692	6.40423	307.442	0.146615	0.133286	0.256169	6.19813	1.68
19.3984	5.96231	307.62	0.146511	0.133192	0.238492	6.2075	1.72
19.4258	5.551	307.786	0.146416	0.133105	0.22204	6.21626	1.76
19.4514	5.16817	307.941	0.146327	0.133024	0.206727	6.22446	1.8
19.4754	4.81182	308.086	0.146244	0.132949	0.192473	6.23212	1.84
19.4978	4.48012	308.222	0.146168	0.13288	0.179205	6.23928	1.88
19.5187	4.17135	308.35	0.146097	0.132816	0.166854	6.24598	1.92
19.5383	3.88391	308.469	0.146032	0.132756	0.155357	6.25224	1.96
19.5566	3.61634	308.581	0.145972	0.132702	0.144653	6.2581	2
19.5737	3.36723	308.686	0.145916	0.132651	0.134689	6.26358	2.04
19.5897	3.13533	308.784	0.145864	0.132604	0.125413	6.26871	2.08
19.6047	2.91942	308.877	0.145816	0.13256	0.116777	6.2735	2.12
19.6187	2.71842	308.964	0.145773	0.13252	0.108737	6.27799	2.16
19.6319	2.53127	309.046	0.145732	0.132484	0.101251	6.28219	2.2
19.6441	2.35703	309.123	0.145695	0.13245	0.0942814	6.28612	2.24
19.6556	2.19481	309.195	0.14566	0.132418	0.0877923	6.28981	2.28
19.6664	2.04376	309.264	0.145629	0.13239	0.0817505	6.29326	2.32
19.6765	1.90312	309.328	0.145599	0.132363	0.076125	6.29649	2.36
19.686	1.77218	309.389	0.145573	0.132339	0.0708871	6.29952	2.4
19.6949	1.65025	309.447	0.145548	0.132317	0.06601	6.30236	2.44
19.7032	1.53672	309.501	0.145526	0.132296	0.0614688	6.30502	2.48
19.711	1.43101	309.553	0.145506	0.132278	0.0572404	6.30752	2.52
19.7183	1.33258	309.601	0.145487	0.132261	0.0533031	6.30986	2.56
19.7252	1.24092	309.648	0.14547	0.132246	0.0496368	6.31207	2.6
19.7317	1.15557	309.692	0.145455	0.132232	0.0462229	6.31414	2.64
19.7378	1.0761	309.734	0.145441	0.132219	0.043044	6.31608	2.68
19.7435	1.0021	309.773	0.145428	0.132208	0.0400839	6.31791	2.72
19.7489	0.933187	309.811	0.145417	0.132197	0.0373275	6.31963	2.76
19.7539	0.869018	309.847	0.145407	0.132188	0.0347607	6.32126	2.8
19.7587	0.809264	309.882	0.145398	0.13218	0.0323706	6.32278	2.84
19.7632	0.753621	309.915	0.14539	0.132173	0.0301448	6.32422	2.88
19.7674	0.701806	309.946	0.145383	0.132166	0.0280722	6.32558	2.92
19.7715	0.653555	309.977	0.145377	0.132161	0.0261422	6.32687	2.96
19.7753	0.608622	310.006	0.145371	0.132156	0.0243449	6.32808	3
19.7788	0.56678	310.033	0.145367	0.132152	0.0226712	6.32923	3.04
19.7822	0.527816	310.06	0.145363	0.132148	0.0211126	6.33031	3.08
19.7854	0.491531	310.086	0.14536	0.132145	0.0196613	6.33134	3.12
19.7885	0.457742	310.111	0.145357	0.132143	0.0183097	6.33232	3.16
19.7914	0.426276	310.135	0.145355	0.132141	0.017051	6.33325	3.2
19.7941	0.396973	310.158	0.145354	0.13214	0.0158789	6.33413	3.24
19.7968	0.369686	310.181	0.145353	0.132139	0.0147874	6.33496	3.28
19.7992	0.344274	310.202	0.145352	0.132138	0.013771	6.33576	3.32
19.8016	0.32061	310.224	0.145352	0.132138	0.0128244	6.33652	3.36
19.8039	0.298573	310.244	0.145353	0.132139	0.0119429	6.33725	3.4
19.8061	0.27805	310.264	0.145353	0.132139	0.011122	6.33794	3.44
19.8081	0.258939	310.284	0.145354	0.13214	0.0103576	6.3386	3.48
19.8101	0.241141	310.303	0.145356	0.132142	0.00964565	6.33924	3.52
19.812	0.224567	310.321	0.145357	0.132143	0.00898268	6.33984	3.56
19.8138	0.209132	310.339	0.145359	0.132145	0.00836529	6.34043	3.6
19.8156	0.194758	310.357	0.145362	0.132147	0.00779034	6.34099	3.64
19.8173	0.181373	310.374	0.145364	0.132149	0.00725491	6.34153	3.68
19.8189	0.168907	310.391	0.145367	0.132152	0.00675628	6.34205	3.72
19.8205	0.157298	310.408	0.14537	0.132154	0.00629193	6.34255	3.76
19.822	0.146487	310.424	0.145373	0.132157	0.0058595	6.34304	3.8
19.8235	0.13642	310.441	0.145376	0.13216	0.00545679	6.34351	3.84
19.8249	0.127044	310.456	0.14538	0.132163	0.00508175	6.34396	3.88
19.8263	0.118313	310.472	0.145383	0.132167	0.0047325	6.3444	3.92
19.8276	0.110181	310.487	0.145387	0.13217	0.00440725	6.34483	3.96
19.8289	0.102609	310.503	0.145391	0.132174	0.00410436	6.34525	4
19.8302	0.0955571	310.518	0.145395	0.132177	0.00382228	6.34565	4.04
19.8314	0.0889899	310.533	0.145399	0.132181	0.00355959	6.34605	4.08
19.8326	0.082874	310.547	0.145404	0.132185	0.00331496	6.34643	4.12
19.8338	0.0771785	310.562	0.145408	0.132189	0.00308714	6.34681	4.16
19.8349	0.0718744	310.576	0.145412	0.132193	0.00287498	6.34718	4.2
19.836	0.0669349	310.59	0.145417	0.132197	0.0026774	6.34754	4.24
19.8371	0.0623348	310.605	0.145422	0.132202	0.00249339	6.34789	4.28
19.8382	0.0580509	310.619	0.145427	0.132206	0.00232204	6.34823	4.32
19.8393	0.0540614	310.632	0.145431	0.13221	0.00216246	6.34857	4.36
19.8403	0.0503461	310.646	0.145436	0.132215	0.00201385	6.34891	4.4
19.8414	0.0468862	310.66	0.145441	0.132219	0.00187545	6.34923	4.44
19.8424	0.043664	310.674	0.145446	0.132224	0.00174656	6.34956	4.48
19.8434	0.0406633	310.687	0.145451	0.132228	0.00162653	6.34988	4.52
19.8443	0.0378688	310.701	0.145456	0.132233	0.00151475	6.35019	4.56
19.8453	0.0352663	310.714	0.145462	0.132238	0.00141065	6.3505	4.6
19.8463	0.0328427	310.727	0.145467	0.132243	0.00131371	6.35081	4.64
19.8472	0.0305857	310.74	0.145472	0.132247	0.00122343	6.35111	4.68
19.8481	0.0284837	310.754	0.145477	0.132252	0.00113935	6.35141	4.72
19.8491	0.0265263	310.767	0.145483	0.132257	0.00106105	6.3517	4.76
19.85	0.0247033	310.78	0.145488	0.132262	0.000988132	6.352	4.8
19.8509	0.0230056	310.793	0.145493	0.132267	0.000920226	6.35229	4.84
19.8518	0.0214246	310.806	0.145499	0.132272	0.000856985	6.35257	4.88
19.8527	0.0199523	310.819	0.145504	0.132277	0.000798092	6.35286	4.92
19.8536	0.0185811	310.832	0.14551	0.132282	0.000743245	6.35314	4.96
19.8545	0.0173042	310.845	0.145515	0.132287	0.000692168	6.35343	5
19.8553	0.016115	310.858	0.145521	0.132292	0.0006446	6.3537	5.04
19.8562	0.0150076	310.871	0.145526	0.132297	0.000600302	6.35398	5.08
19.8571	0.0139762	310.883	0.145532	0.132302	0.000559048	6.35426	5.12
19.8579	0.0130157	310.896	0.145538	0.132307	0.000520629	6.35453	5.16
19.8588	0.0121213	310.909	0.145543	0.132312	0.000484851	6.35481	5.2
19.8596	0.0112883	310.922	0.145549	0.132317	0.000451531	6.35508	5.24
19.8605	0.0105125	310.934	0.145554	0.132322	0.000420501	6.35535	5.28
19.8613	0.00979008	310.947	0.14556	0.132327	0.000391603	6.35562	5.32
19.8622	0.00911729	310.96	0.145566	0.132332	0.000364692	6.35589	5.36
19.863	0.00849074	310.972	0.145571	0.132338	0.000339629	6.35616	5.4
19.8638	0.00790724	310.985	0.145577	0.132343	0.00031629	6.35642	5.44
19.8647	0.00736384	310.998	0.145583	0.132348	0.000294554	6.35669	5.48
19.8655	0.00685779	311.01	0.145588	0.132353	0.000274311	6.35695	5.52
19.8663	0.00638651	311.023	0.145594	0.132358	0.00025546	6.35722	5.56
19.8671	0.00594762	311.036	0.1456	0.132363	0.000237905	6.35748	5.6
19.868	0.00553889	311.048	0.145606	0.132369	0.000221556	6.35774	5.64
19.8688	0.00515825	311.061	0.145611	0.132374	0.00020633	6.35801	5.68
19.8696	0.00480376	311.073	0.145617	0.132379	0.000192151	6.35827	5.72
19.8704	0.00447364	311.086	0.145623	0.132384	0.000178946	6.35853	5.76
19.8712	0.00416621	311.098	0.145628	0.13239	0.000166648	6.35879	5.8
19.872	0.0038799	311.111	0.145634	0.132395	0.000155196	6.35905	5.84
19.8728	0.00361327	311.123	0.14564	0.1324	0.000144531	6.35931	5.88
19.8737	0.00336496	311.136	0.145646	0.132405	0.000134598	6.35957	5.92
19.8745	0.00313371	311.149	0.145652	0.13241	0.000125349	6.35983	5.96
19.8753	0.00291836	311.161	0.145657	0.132416	0.000116734	6.36009	6
19.8761	0.00271781	311.174	0.145663	0.132421	0.000108712	6.36035	6.04
19.8769	0.00253104	311.186	0.145669	0.132426	0.000101241	6.36061	6.08
19.8777	0.0023571	311.199	0.145675	0.132431	9.4284e-05	6.36086	6.12
19.8785	0.00219512	311.211	0.14568	0.132437	8.78046e-05	6.36112	6.16
19.8793	0.00204426	311.224	0.145686	0.132442	8.17706e-05	6.36138	6.2
19.8801	0.00190378	311.236	0.145692	0.132447	7.61512e-05	6.36164	6.24
19.8809	0.00177295	311.249	0.145698	0.132453	7.0918e-05	6.36189	6.28
19.8817	0.00165111	311.261	0.145704	0.132458	6.60444e-05	6.36215	6.32
19.8825	0.00153764	311.274	0.145709	0.132463	6.15057e-05	6.36241	6.36
19.8833	0.00143197	311.286	0.145715	0.132468	5.7279e-05	6.36267	6.4
19.8841	0.00133357	311.299	0.145721	0.132474	5.33427e-05	6.36292	6.44
19.8849	0.00124192	311.311	0.145727	0.132479	4.96769e-05	6.36318	6.48
19.8857	0.00115658	311.324	0.145733	0.132484	4.62631e-05	6.36343	6.52
19.8865	0.00107709	311.336	0.145738	0.132489	4.30838e-05	6.36369	6.56
19.8873	0.00100308	311.348	0.145744	0.132495	4.0123e-05	6.36395	6.6
19.8881	0.000934143	311.361	0.14575	0.1325	3.73657e-05	6.3642	6.64
19.8889	0.000869947	311.373	0.145756	0.132505	3.47979e-05	6.36446	6.68
19.8897	0.000810163	311.386	0.145762	0.132511	3.24065e-05	6.36471	6.72
19.8905	0.000754488	311.398	0.145767	0.132516	3.01795e-05	6.36497	6.76
19.8913	0.000702638	311.411	0.145773	0.132521	2.81055e-05	6.36523	6.8
19.8921	0.000654352	311.423	0.145779	0.132526	2.61741e-05	6.36548	6.84
19.8929	0.000609384	311.436	0.145785	0.132532	2.43754e-05	6.36574	6.88
19.8937	0.000567507	311.448	0.145791	0.132537	2.27003e-05	6.36599	6.92
19.8945	0.000528507	311.461	0.145797	0.132542	2.11403e-05	6.36625	6.96
19.8953	0.000492187	311.473	0.145802	0.132548	1.96875e-05	6.3665	7
19.8961	0.000458363	311.486	0.145808	0.132553	1.83345e-05	6.36676	7.04
19.8969	0.000426864	311.498	0.145814	0.132558	1.70746e-05	6.36701	7.08
19.8977	0.000397529	311.511	0.14582	0.132564	1.59012e-05	6.36727	7.12
19.8985	0.000370211	311.523	0.145826	0.132569	1.48084e-05	6.36752	7.16
19.8993	0.000344769	311.536	0.145832	0.132574	1.37908e-05	6.36778	7.2
19.9001	0.000321076	311.548	0.145837	0.132579	1.28431e-05	6.36804	7.24
19.9009	0.000299012	311.561	0.145843	0.132585	1.19605e-05	6.36829	7.28
19.9017	0.000278463	311.573	0.145849	0.13259	1.11385e-05	6.36855	7.32
19.9025	0.000259327	311.585	0.145855	0.132595	1.03731e-05	6.3688	7.36
19.9033	0.000241506	311.598	0.145861	0.132601	9.66022e-06	6.36906	7.4
19.9041	0.000224909	311.61	0.145866	0.132606	8.99636e-06	6.36931	7.44
19.9049	0.000209453	311.623	0.145872	0.132611	8.37812e-06	6.36957	7.48
19.9057	0.000195059	311.635	0.145878	0.132616	7.80236e-06	6.36982	7.52
19.9065	0.000181654	311.648	0.145884	0.132622	7.26617e-06	6.37008	7.56
19.9073	0.000169171	311.66	0.14589	0.132627	6.76683e-06	6.37033	7.6
19.9081	0.000157545	311.673	0.145896	0.132632	6.30181e-06	6.37059	7.64
19.9089	0.000146718	311.685	0.145901	0.132638	5.86874e-06	6.37084	7.68
19.9097	0.000136636	311.698	0.145907	0.132643	5.46543e-06	6.3711	7.72
19.9105	0.000127246	311.71	0.145913	0.132648	5.08984e-06	6.37135	7.76
19.9113	0.000118501	311.723	0.145919	0.132654	4.74006e-06	6.37161	7.8
19.9121	0.000110358	311.735	0.145925	0.132659	4.41432e-06	6.37186	7.84
19.9129	0.000102774	311.748	0.145931	0.132664	4.11096e-06	6.37212	7.88
19.9137	9.57112e-05	311.76	0.145936	0.13267	3.82845e-06	6.37237	7.92
19.9145	8.91338e-05	311.772	0.145942	0.132675	3.56535e-06	6.37263	7.96
19.9153	8.30084e-05	311.785	0.145948	0.13268	3.32034e-06	6.37288	8
19.916	7.7304e-05	311.797	0.145954	0.132685	3.09216e-06	6.37314	8.04
19.9168	7.19916e-05	311.81	0.14596	0.132691	2.87966e-06	6.37339	8.08
19.9176	6.70442e-05	311.822	0.145966	0.132696	2.68177e-06	6.37365	8.12
19.9184	6.24368e-05	311.835	0.145971	0.132701	2.49747e-06	6.3739	8.16
19.9192	5.81461e-05	311.847	0.145977	0.132707	2.32584e-06	6.37416	8.2
19.92	5.41502e-05	311.86	0.145983	0.132712	2.16601e-06	6.37441	8.24
19.9208	5.0429e-05	311.872	0.145989	0.132717	2.01716e-06	6.37467	8.28
19.9216	4.69634e-05	311.885	0.145995	0.132723	1.87854e-06	6.37492	8.32
19.9224	4.3736e-05	311.897	0.146001	0.132728	1.74944e-06	6.37518	8.36
19.9232	4.07304e-05	311.91	0.146006	0.132733	1.62922e-06	6.37543	8.4
19.924	3.79314e-05	311.922	0.146012	0.132738	1.51726e-06	6.37569	8.44
19.9248	3.53247e-05	311.935	0.146018	0.132744	1.41299e-06	6.37594	8.48
19.9256	3.28971e-05	311.947	0.146024	0.132749	1.31589e-06	6.3762	8.52
19.9264	3.06364e-05	311.96	0.14603	0.132754	1.22546e-06	6.37645	8.56
19.9272	2.8531e-05	311.972	0.146036	0.13276	1.14124e-06	6.37671	8.6
19.928	2.65703e-05	311.985	0.146042	0.132765	1.06281e-06	6.37696	8.64
19.9288	2.47444e-05	311.997	0.146047	0.13277	9.89776e-07	6.37722	8.68
19.9296	2.30439e-05	312.009	0.146053	0.132776	9.21757e-07	6.37747	8.72
19.9304	2.14603e-05	312.022	0.146059	0.132781	8.58413e-07	6.37773	8.76
19.9312	1.99855e-05	312.034	0.146065	0.132786	7.99422e-07	6.37798	8.8
19.932	1.86121e-05	312.047	0.146071	0.132792	7.44484e-07	6.37824	8.84
19.9328	1.73331e-05	312.059	0.146077	0.132797	6.93322e-07	6.37849	8.88
19.9336	1.61419e-05	312.072	0.146082	0.132802	6.45676e-07	6.37875	8.92
19.9344	1.50326e-05	312.084	0.146088	0.132808	6.01305e-07	6.379	8.96
19.9352	1.39996e-05	312.097	0.146094	0.132813	5.59982e-07	6.37926	9
19.936	1.30375e-05	312.109	0.1461	0.132818	5.215e-07	6.37951	9.04
19.9368	1.21415e-05	312.122	0.146106	0.132823	4.85661e-07	6.37977	9.08
19.9376	1.13072e-05	312.134	0.146112	0.132829	4.52286e-07	6.38002	9.12
19.9384	1.05301e-05	312.147	0.146117	0.132834	4.21205e-07	6.38028	9.16
19.9392	9.80647e-06	312.159	0.146123	0.132839	3.92259e-07	6.38053	9.2
19.94	9.13256e-06	312.172	0.146129	0.132845	3.65302e-07	6.38079	9.24
19.9408	8.50496e-06	312.184	0.146135	0.13285	3.40198e-07	6.38104	9.28
19.9416	7.92048e-06	312.197	0.146141	0.132855	3.16819e-07	6.3813	9.32
19.9424	7.37618e-06	312.209	0.146147	0.132861	2.95047e-07	6.38155	9.36
19.9432	6.86928e-06	312.222	0.146153	0.132866	2.74771e-07	6.38181	9.4
19.944	6.39721e-06	312.234	0.146158	0.132871	2.55889e-07	6.38206	9.44
19.9447	5.95759e-06	312.247	0.146164	0.132877	2.38304e-07	6.38232	9.48
19.9455	5.54818e-06	312.259	0.14617	0.132882	2.21927e-07	6.38257	9.52
19.9463	5.1669e-06	312.272	0.146176	0.132887	2.06676e-07	6.38283	9.56
19.9471	4.81182e-06	312.284	0.146182	0.132893	1.92473e-07	6.38309	9.6
19.9479	4.48115e-06	312.297	0.146188	0.132898	1.79246e-07	6.38334	9.64
19.9487	4.1732e-06	312.309	0.146193	0.132903	1.66928e-07	6.3836	9.68
19.9495	3.88641e-06	312.322	0.146199	0.132908	1.55456e-07	6.38385	9.72
19.9503	3.61933e-06	312.334	0.146205	0.132914	1.44773e-07	6.38411	9.76
19.9511	3.37061e-06	312.347	0.146211	0.132919	1.34824e-07	6.38436	9.8
19.9519	3.13897e-06	312.359	0.146217	0.132924	1.25559e-07	6.38462	9.84
19.9527	2.92326e-06	312.372	0.146223	0.13293	1.1693e-07	6.38487	9.88
19.9535	2.72237e-06	312.384	0.146229	0.132935	1.08895e-07	6.38513	9.92
19.9543	2.53528e-06	312.397	0.146234	0.13294	1.01411e-07	6.38538	9.96
19.9551	2.36106e-06	312.409	0.14624	0.132946	9.44423e-08	6.38564	10
19.9559	2.1988e-06	312.422	0.146246	0.132951	8.79521e-08	6.38589	10.04
19.9567	2.0477e-06	312.434	0.146252	0.132956	8.19079e-08	6.38615	10.08
19.9575	1.90698e-06	312.447	0.146258	0.132962	7.62791e-08	6.3864	10.12
19.9583	1.77593e-06	312.459	0.146264	0.132967	7.10371e-08	6.38666	10.16
19.9591	1.65388e-06	312.472	0.146269	0.132972	6.61553e-08	6.38692	10.2
19.9599	1.54023e-06	312.484	0.146275	0.132978	6.1609e-08	6.38717	10.24
19.9607	1.43438e-06	312.497	0.146281	0.132983	5.73752e-08	6.38743	10.28
19.9615	1.33581e-06	312.509	0.146287	0.132988	5.34323e-08	6.38768	10.32
19.9623	1.24401e-06	312.522	0.146293	0.132994	4.97604e-08	6.38794	10.36
19.9631	1.15852e-06	312.534	0.146299	0.132999	4.63408e-08	6.38819	10.4
19.9639	1.0789e-06	312.547	0.146305	0.133004	4.31562e-08	6.38845	10.44
19.9647	1.00476e-06	312.559	0.14631	0.133009	4.01904e-08	6.3887	10.48
19.9655	9.35712e-07	312.572	0.146316	0.133015	3.74285e-08	6.38896	10.52
19.9663	8.71409e-07	312.584	0.146322	0.13302	3.48564e-08	6.38922	10.56
19.9671	8.11524e-07	312.597	0.146328	0.133025	3.2461e-08	6.38947	10.6
19.9679	7.55755e-07	312.609	0.146334	0.133031	3.02302e-08	6.38973	10.64
19.9687	7.03819e-07	312.622	0.14634	0.133036	2.81528e-08	6.38998	10.68
19.9695	6.55452e-07	312.634	0.146346	0.133041	2.62181e-08	6.39024	10.72
19.9703	6.10408e-07	312.647	0.146351	0.133047	2.44163e-08	6.39049	10.76
19.9711	5.6846e-07	312.659	0.146357	0.133052	2.27384e-08	6.39075	10.8
19.9719	5.29395e-07	312.672	0.146363	0.133057	2.11758e-08	6.391	10.84
19.9727	4.93014e-07	312.684	0.146369	0.133063	1.97206e-08	6.39126	10.88
19.9735	4.59134e-07	312.697	0.146375	0.133068	1.83653e-08	6.39152	10.92
19.9743	4.27581e-07	312.709	0.146381	0.133073	1.71033e-08	6.39177	10.96
19.9751	3.98197e-07	312.722	0.146387	0.133079	1.59279e-08	6.39203	11
19.9759	3.70833e-07	312.734	0.146392	0.133084	1.48333e-08	6.39228	11.04
19.9767	3.45349e-07	312.747	0.146398	0.133089	1.38139e-08	6.39254	11.08
19.9775	3.21616e-07	312.759	0.146404	0.133095	1.28646e-08	6.39279	11.12
19.9783	2.99514e-07	312.772	0.14641	0.1331	1.19806e-08	6.39305	11.16
19.9791	2.78931e-07	312.784	0.146416	0.133105	1.11572e-08	6.3933	11.2
19.9799	2.59763e-07	312.797	0.146422	0.133111	1.03905e-08	6.39356	11.24
19.9807	2.41911e-07	312.809	0.146428	0.133116	9.67645e-09	6.39382	11.28
19.9815	2.25287e-07	312.822	0.146433	0.133121	9.01148e-09	6.39407	11.32
19.9823	2.09805e-07	312.834	0.146439	0.133127	8.3922e-09	6.39433	11.36
19.9831	1.95387e-07	312.847	0.146445	0.133132	7.81547e-09	6.39458	11.4
19.9839	1.8196e-07	312.859	0.146451	0.133137	7.27838e-09	6.39484	11.44
19.9847	1.69455e-07	312.872	0.146457	0.133143	6.7782e-09	6.39509	11.48
19.9855	1.5781e-07	312.884	0.146463	0.133148	6.3124e-09	6.39535	11.52
19.9863	1.46965e-07	312.897	0.146469	0.133153	5.8786e-09	6.39561	11.56
19.9871	1.36865e-07	312.909	0.146474	0.133159	5.47462e-09	6.39586	11.6
19.9879	1.2746e-07	312.922	0.14648	0.133164	5.09839e-09	6.39612	11.64
19.9887	1.18701e-07	312.934	0.146486	0.133169	4.74803e-09	6.39637	11.68
19.9895	1.10543e-07	312.947	0.146492	0.133174	4.42174e-09	6.39663	11.72
19.9903	1.02947e-07	312.959	0.146498	0.13318	4.11787e-09	6.39689	11.76
19.9911	9.58721e-08	312.972	0.146504	0.133185	3.83488e-09	6.39714	11.8
19.9919	8.92836e-08	312.984	0.14651	0.13319	3.57134e-09	6.3974	11.84
19.9927	8.31479e-08	312.997	0.146515	0.133196	3.32592e-09	6.39765	11.88
19.9935	7.74339e-08	313.009	0.146521	0.133201	3.09736e-09	6.39791	11.92
19.9943	7.21125e-08	313.022	0.146527	0.133206	2.8845e-09	6.39816	11.96
19.9951	6.71569e-08	313.034	0.146533	0.133212	2.68628e-09	6.39842	12
19.9959	6.25418e-08	313.047	0.146539	0.133217	2.50167e-09	6.39868	12.04
19.9967	5.82438e-08	313.059	0.146545	0.133222	2.32975e-09	6.39893	12.08
19.9975	5.42412e-08	313.072	0.146551	0.133228	2.16965e-09	6.39919	12.12
19.9983	5.05137e-08	313.084	0.146556	0.133233	2.02055e-09	6.39944	12.16
19.9991	4.70423e-08	313.097	0.146562	0.133238	1.88169e-09	6.3997	12.2
19.9999	4.38095e-08	313.11	0.146568	0.133244	1.75238e-09	6.39996	12.24
20.0007	4.07989e-08	313.122	0.146574	0.133249	1.63196e-09	6.40021	12.28
20.0015	3.79951e-08	313.135	0.14658	0.133254	1.51981e-09	6.40047	12.32
20.0023	3.53841e-08	313.147	0.146586	0.13326	1.41536e-09	6.40072	12.36
20.0031	3.29524e-08	313.16	0.146592	0.133265	1.3181e-09	6.40098	12.4
20.0039	3.06879e-08	313.172	0.146597	0.13327	1.22752e-09	6.40124	12.44
20.0047	2.8579e-08	313.185	0.146603	0.133276	1.14316e-09	6.40149	12.48
20.0055	2.6615e-08	313.197	0.146609	0.133281	1.0646e-09	6.40175	12.52
20.0063	2.4786e-08	313.21	0.146615	0.133286	9.91439e-10	6.402	12.56
20.0071	2.30827e-08	313.222	0.146621	0.133292	9.23306e-10	6.40226	12.6
20.0079	2.14964e-08	313.235	0.146627	0.133297	8.59855e-10	6.40252	12.64
20.0087	2.00191e-08	313.247	0.146633	0.133302	8.00765e-10	6.40277	12.68
20.0095	1.86434e-08	313.26	0.146638	0.133308	7.45735e-10	6.40303	12.72
20.0103	1.73622e-08	313.272	0.146644	0.133313	6.94488e-10	6.40328	12.76
20.0111	1.6169e-08	313.285	0.14665	0.133318	6.46762e-10	6.40354	12.8
20.0119	1.50579e-08	313.297	0.146656	0.133324	6.02315e-10	6.4038	12.84
20.0127	1.40231e-08	313.31	0.146662	0.133329	5.60923e-10	6.40405	12.88
20.0135	1.30594e-08	313.322	0.146668	0.133334	5.22376e-10	6.40431	12.92
20.0143	1.21619e-08	313.335	0.146674	0.13334	4.86478e-10	6.40456	12.96
20.0151	1.13262e-08	313.348	0.14668	0.133345	4.53046e-10	6.40482	13
20.0159	1.05478e-08	313.36	0.146685	0.13335	4.21912e-10	6.40508	13.04
20.0167	9.82295e-09	313.373	0.146691	0.133356	3.92918e-10	6.40533	13.08
20.0175	9.1479e-09	313.385	0.146697	0.133361	3.65916e-10	6.40559	13.12
20.0183	8.51925e-09	313.398	0.146703	0.133366	3.4077e-10	6.40585	13.16
20.0191	7.9338e-09	313.41	0.146709	0.133372	3.17352e-10	6.4061	13.2
20.0199	7.38858e-09	313.423	0.146715	0.133377	2.95543e-10	6.40636	13.24
20.0207	6.88082e-09	313.435	0.146721	0.133382	2.75233e-10	6.40661	13.28
20.0215	6.40796e-09	313.448	0.146726	0.133388	2.56319e-10	6.40687	13.32
20.0223	5.9676e-09	313.46	0.146732	0.133393	2.38704e-10	6.40713	13.36
20.0231	5.5575e-09	313.473	0.146738	0.133398	2.223e-10	6.40738	13.4
20.0239	5.17558e-09	313.485	0.146744	0.133404	2.07023e-10	6.40764	13.44
20.0247	4.81991e-09	313.498	0.14675	0.133409	1.92796e-10	6.4079	13.48
20.0255	4.48868e-09	313.51	0.146756	0.133414	1.79547e-10	6.40815	13.52
20.0263	4.18021e-09	313.523	0.146762	0.13342	1.67208e-10	6.40841	13.56
20.0271	3.89294e-09	313.536	0.146768	0.133425	1.55718e-10	6.40866	13.6
20.0279	3.62541e-09	313.548	0.146773	0.13343	1.45017e-10	6.40892	13.64
20.0287	3.37627e-09	313.561	0.146779	0.133436	1.35051e-10	6.40918	13.68
20.0295	3.14425e-09	313.573	0.146785	0.133441	1.2577e-10	6.40943	13.72
20.0303	2.92817e-09	313.586	0.146791	0.133446	1.17127e-10	6.40969	13.76
20.0311	2.72694e-09	313.598	0.146797	0.133452	1.09078e-10	6.40995	13.8
20.0319	2.53955e-09	313.611	0.146803	0.133457	1.01582e-10	6.4102	13.84
20.0327	2.36502e-09	313.623	0.146809	0.133462	9.4601e-11	6.41046	13.88
20.0335	2.2025e-09	313.636	0.146815	0.133468	8.80999e-11	6.41071	13.92
20.0343	2.05114e-09	313.648	0.14682	0.133473	8.20455e-11	6.41097	13.96
20.0351	1.91018e-09	313.661	0.146826	0.133478	7.64073e-11	6.41123	14
20.0359	1.77891e-09	313.674	0.146832	0.133484	7.11565e-11	6.41148	14.04
20.0367	1.65666e-09	313.686	0.146838	0.133489	6.62665e-11	6.41174	14.08
20.0375	1.54281e-09	313.699	0.146844	0.133494	6.17126e-11	6.412	14.12
20.0383	1.43679e-09	313.711	0.14685	0.1335	5.74716e-11	6.41225	14.16
20.0391	1.33805e-09	313.724	0.146856	0.133505	5.35221e-11	6.41251	14.2
20.0399	1.2461e-09	313.736	0.146861	0.13351	4.9844e-11	6.41277	14.24
20.0407	1.16047e-09	313.749	0.146867	0.133516	4.64186e-11	6.41302	14.28
20.0415	1.08072e-09	313.761	0.146873	0.133521	4.32287e-11	6.41328	14.32
20.0423	1.00645e-09	313.774	0.146879	0.133526	4.0258e-11	6.41354	14.36
20.0431	9.37285e-10	313.786	0.146885	0.133532	3.74914e-11	6.41379	14.4
20.0439	8.72873e-10	313.799	0.146891	0.133537	3.49149e-11	6.41405	14.44
20.0447	8.12888e-10	313.812	0.146897	0.133542	3.25155e-11	6.41431	14.48
20.0455	7.57026e-10	313.824	0.146903	0.133548	3.0281e-11	6.41456	14.52
20.0463	7.05002e-10	313.837	0.146908	0.133553	2.82001e-11	6.41482	14.56
20.0471	6.56553e-10	313.849	0.146914	0.133559	2.62621e-11	6.41507	14.6
20.0479	6.11434e-10	313.862	0.14692	0.133564	2.44574e-11	6.41533	14.64
20.0487	5.69415e-10	313.874	0.146926	0.133569	2.27766e-11	6.41559	14.68
20.0495	5.30285e-10	313.887	0.146932	0.133575	2.12114e-11	6.41584	14.72
20.0503	4.93843e-10	313.899	0.146938	0.13358	1.97537e-11	6.4161	14.76
20.0511	4.59905e-10	313.912	0.146944	0.133585	1.83962e-11	6.41636	14.8
20.0519	4.283e-10	313.925	0.14695	0.133591	1.7132e-11	6.41661	14.84
20.0527	3.98867e-10	313.937	0.146956	0.133596	1.59547e-11	6.41687	14.88
20.0535	3.71456e-10	313.95	0.146961	0.133601	1.48582e-11	6.41713	14.92
20.0543	3.45929e-10	313.962	0.146967	0.133607	1.38372e-11	6.41738	14.96
20.0551	3.22156e-10	313.975	0.146973	0.133612	1.28863e-11	6.41764	15
20.0559	3.00017e-10	313.987	0.146979	0.133617	1.20007e-11	6.4179	15.04
20.0567	2.794e-10	314	0.146985	0.133623	1.1176e-11	6.41815	15.08
20.0575	2.60199e-10	314.012	0.146991	0.133628	1.0408e-11	6.41841	15.12
20.0583	2.42318e-10	314.025	0.146997	0.133633	9.69272e-12	6.41867	15.16
20.0591	2.25665e-10	314.038	0.147003	0.133639	9.02662e-12	6.41892	15.2
20.0599	2.10157e-10	314.05	0.147008	0.133644	8.4063e-12	6.41918	15.24
20.0607	1.95715e-10	314.063	0.147014	0.133649	7.82861e-12	6.41944	15.28
20.0615	1.82265e-10	314.075	0.14702	0.133655	7.29062e-12	6.41969	15.32
20.0623	1.6974e-10	314.088	0.147026	0.13366	6.7896e-12	6.41995	15.36
20.0632	1.58075e-10	314.1	0.147032	0.133665	6.32301e-12	6.42021	15.4
20.064	1.47212e-10	314.113	0.147038	0.133671	5.88848e-12	6.42046	15.44
20.0648	1.37095e-10	314.125	0.147044	0.133676	5.48382e-12	6.42072	15.48
20.0656	1.27674e-10	314.138	0.14705	0.133681	5.10696e-12	6.42098	15.52
20.0664	1.189e-10	314.151	0.147055	0.133687	4.756e-12	6.42124	15.56
20.0672	1.10729e-10	314.163	0.147061	0.133692	4.42917e-12	6.42149	15.6
20.068	1.0312e-10	314.176	0.147067	0.133697	4.12479e-12	6.42175	15.64
20.0688	9.60332e-11	314.188	0.147073	0.133703	3.84133e-12	6.42201	15.68
20.0696	8.94337e-11	314.201	0.147079	0.133708	3.57735e-12	6.42226	15.72
20.0704	8.32877e-11	314.213	0.147085	0.133714	3.33151e-12	6.42252	15.76
20.0712	7.7564e-11	314.226	0.147091	0.133719	3.10256e-12	6.42278	15.8
20.072	7.22337e-11	314.239	0.147097	0.133724	2.88935e-12	6.42303	15.84
20.0728	6.72697e-11	314.251	0.147103	0.13373	2.69079e-12	6.42329	15.88
20.0736	6.26469e-11	314.264	0.147108	0.133735	2.50588e-12	6.42355	15.92
20.0744	5.83417e-11	314.276	0.147114	0.13374	2.33367e-12	6.4238	15.96
20.0752	5.43324e-11	314.289	0.14712	0.133746	2.1733e-12	6.42406	16
20.076	5.05986e-11	314.301	0.147126	0.133751	2.02394e-12	6.42432	16.04
20.0768	4.71214e-11	314.314	0.147132	0.133756	1.88486e-12	6.42457	16.08
20.0776	4.38832e-11	314.327	0.147138	0.133762	1.75533e-12	6.42483	16.12
20.0784	4.08675e-11	314.339	0.147144	0.133767	1.6347e-12	6.42509	16.16
20.0792	3.8059e-11	314.352	0.14715	0.133772	1.52236e-12	6.42535	16.2
20.08	3.54435e-11	314.364	0.147155	0.133778	1.41774e-12	6.4256	16.24
20.0808	3.30078e-11	314.377	0.147161	0.133783	1.32031e-12	6.42586	16.28
20.0816	3.07395e-11	314.389	0.147167	0.133788	1.22958e-12	6.42612	16.32
20.0824	2.8627e-11	314.402	0.147173	0.133794	1.14508e-12	6.42637	16.36
20.0832	2.66597e-11	314.415	0.147179	0.133799	1.06639e-12	6.42663	16.4
20.084	2.48276e-11	314.427	0.147185	0.133804	9.93105e-13	6.42689	16.44
20.0848	2.31214e-11	314.44	0.147191	0.13381	9.24858e-13	6.42714	16.48
20.0856	2.15325e-11	314.452	0.147197	0.133815	8.613e-13	6.4274	16.52
20.0864	2.00528e-11	314.465	0.147203	0.13382	8.02111e-13	6.42766	16.56
20.0872	1.86747e-11	314.477	0.147208	0.133826	7.46989e-13	6.42792	16.6
20.088	1.73914e-11	314.49	0.147214	0.133831	6.95655e-13	6.42817	16.64
20.0888	1.61962e-11	314.503	0.14722	0.133837	6.47848e-13	6.42843	16.68
20.0896	1.50832e-11	314.515	0.147226	0.133842	6.03327e-13	6.42869	16.72
20.0904	1.40467e-11	314.528	0.147232	0.133847	5.61866e-13	6.42894	16.76
20.0913	1.30813e-11	314.54	0.147238	0.133853	5.23254e-13	6.4292	16.8
20.0921	1.21824e-11	314.553	0.147244	0.133858	4.87295e-13	6.42946	16.84
20.0929	1.13452e-11	314.565	0.14725	0.133863	4.53808e-13	6.42972	16.88
20.0937	1.05655e-11	314.578	0.147256	0.133869	4.22621e-13	6.42997	16.92
20.0945	9.83946e-12	314.591	0.147261	0.133874	3.93578e-13	6.43023	16.96
20.0953	9.16328e-12	314.603	0.147267	0.133879	3.66531e-13	6.43049	17
20.0961	8.53357e-12	314.616	0.147273	0.133885	3.41343e-13	6.43074	17.04
20.0969	7.94713e-12	314.628	0.147279	0.13389	3.17885e-13	6.431	17.08
20.0977	7.40099e-12	314.641	0.147285	0.133895	2.9604e-13	6.43126	17.12
20.0985	6.89239e-12	314.654	0.147291	0.133901	2.75695e-13	6.43152	17.16
20.0993	6.41873e-12	314.666	0.147297	0.133906	2.56749e-13	6.43177	17.2
20.1001	5.97763e-12	314.679	0.147303	0.133912	2.39105e-13	6.43203	17.24
20.1009	5.56684e-12	314.691	0.147309	0.133917	2.22674e-13	6.43229	17.28
20.1017	5.18428e-12	314.704	0.147314	0.133922	2.07371e-13	6.43254	17.32
20.1025	4.82801e-12	314.716	0.14732	0.133928	1.9312e-13	6.4328	17.36
20.1033	4.49622e-12	314.729	0.147326	0.133933	1.79849e-13	6.43306	17.4
20.1041	4.18724e-12	314.742	0.147332	0.133938	1.67489e-13	6.43332	17.44
20.1049	3.89948e-12	314.754	0.147338	0.133944	1.55979e-13	6.43357	17.48
20.1057	3.63151e-12	314.767	0.147344	0.133949	1.4526e-13	6.43383	17.52
20.1065	3.38194e-12	314.779	0.14735	0.133954	1.35278e-13	6.43409	17.56
20.1073	3.14953e-12	314.792	0.147356	0.13396	1.25981e-13	6.43435	17.6
20.1081	2.93309e-12	314.805	0.147362	0.133965	1.17324e-13	6.4346	17.64
20.1089	2.73153e-12	314.817	0.147367	0.13397	1.09261e-13	6.43486	17.68
20.1097	2.54381e-12	314.83	0.147373	0.133976	1.01753e-13	6.43512	17.72
20.1105	2.369e-12	314.842	0.147379	0.133981	9.476e-14	6.43537	17.76
20.1114	2.2062e-12	314.855	0.147385	0.133987	8.82479e-14	6.43563	17.8
20.1122	2.05459e-12	314.868	0.147391	0.133992	8.21834e-14	6.43589	17.84
20.113	1.91339e-12	314.88	0.147397	0.133997	7.65357e-14	6.43615	17.88
20.1138	1.7819e-12	314.893	0.147403	0.134003	7.1276e-14	6.4364	17.92
20.1146	1.65945e-12	314.905	0.147409	0.134008	6.63779e-14	6.43666	17.96
20.1154	1.54541e-12	314.918	0.147415	0.134013	6.18163e-14	6.43692	18
20.1162	1.4392e-12	314.93	0.147421	0.134019	5.75682e-14	6.43718	18.04
20.117	1.3403e-12	314.943	0.147426	0.134024	5.3612e-14	6.43743	18.08
20.1178	1.24819e-12	314.956	0.147432	0.134029	4.99278e-14	6.43769	18.12
20.1186	1.16242e-12	314.968	0.147438	0.134035	4.64967e-14	6.43795	18.16
20.1194	1.08253e-12	314.981	0.147444	0.13404	4.33013e-14	6.43821	18.2
20.1202	1.00814e-12	314.993	0.14745	0.134045	4.03256e-14	6.43846	18.24
20.121	9.3886e-13	315.006	0.147456	0.134051	3.75544e-14	6.43872	18.28
20.1218	8.7434e-13	315.019	0.147462	0.134056	3.49736e-14	6.43898	18.32
20.1226	8.14254e-13	315.031	0.147468	0.134062	3.25702e-14	6.43924	18.36
20.1234	7.58298e-13	315.044	0.147474	0.134067	3.03319e-14	6.43949	18.4
20.1242	7.06187e-13	315.056	0.147479	0.134072	2.82475e-14	6.43975	18.44
20.125	6.57657e-13	315.069	0.147485	0.134078	2.63063e-14	6.44001	18.48
20.1258	6.12462e-13	315.082	0.147491	0.134083	2.44985e-14	6.44027	18.52
20.1266	5.70372e-13	315.094	0.147497	0.134088	2.28149e-14	6.44052	18.56
20.1274	5.31176e-13	315.107	0.147503	0.134094	2.1247e-14	6.44078	18.6
20.1282	4.94673e-13	315.119	0.147509	0.134099	1.97869e-14	6.44104	18.64
20.1291	4.60678e-13	315.132	0.147515	0.134104	1.84271e-14	6.4413	18.68
20.1299	4.2902e-13	315.145	0.147521	0.13411	1.71608e-14	6.44155	18.72
20.1307	3.99537e-13	315.157	0.147527	0.134115	1.59815e-14	6.44181	18.76
20.1315	3.7208e-13	315.17	0.147533	0.134121	1.48832e-14	6.44207	18.8
20.1323	3.4651e-13	315.182	0.147538	0.134126	1.38604e-14	6.44233	18.84
20.1331	3.22698e-13	315.195	0.147544	0.134131	1.29079e-14	6.44259	18.88
20.1339	3.00522e-13	315.208	0.14755	0.134137	1.20209e-14	6.44284	18.92
20.1347	2.79869e-13	315.22	0.147556	0.134142	1.11948e-14	6.4431	18.96
20.1355	2.60636e-13	315.233	0.147562	0.134147	1.04255e-14	6.44336	19
20.1363	2.42725e-13	315.246	0.147568	0.134153	9.709e-15	6.44362	19.04
20.1371	2.26045e-13	315.258	0.147574	0.134158	9.04179e-15	6.44387	19.08
20.1379	2.10511e-13	315.271	0.14758	0.134163	8.42043e-15	6.44413	19.12
20.1387	1.96044e-13	315.283	0.147586	0.134169	7.84176e-15	6.44439	19.16
20.1395	1.82572e-13	315.296	0.147592	0.134174	7.30287e-15	6.44465	19.2
20.1403	1.70025e-13	315.309	0.147598	0.13418	6.80101e-15	6.4449	19.24
20.1411	1.58341e-13	315.321	0.147603	0.134185	6.33363e-15	6.44516	19.28
20.1419	1.47459e-13	315.334	0.147609	0.13419	5.89838e-15	6.44542	19.32
20.1427	1.37326e-13	315.346	0.147615	0.134196	5.49303e-15	6.44568	19.36
20.1435	1.27889e-13	315.359	0.147621	0.134201	5.11554e-15	6.44594	19.4
20.1444	1.191e-13	315.372	0.147627	0.134206	4.764e-15	6.44619	19.44
20.1452	1.10915e-13	315.384	0.147633	0.134212	4.43661e-15	6.44645	19.48
20.146	1.03293e-13	315.397	0.147639	0.134217	4.13172e-15	6.44671	19.52
20.1468	9.61946e-14	315.409	0.147645	0.134222	3.84778e-15	6.44697	19.56
20.1476	8.9584e-14	315.422	0.147651	0.134228	3.58336e-15	6.44722	19.6
20.1484	8.34276e-14	315.435	0.147657	0.134233	3.33711e-15	6.44748	19.64
20.1492	7.76944e-14	315.447	0.147662	0.134239	3.10778e-15	6.44774	19.68
20.15	7.23551e-14	315.46	0.147668	0.134244	2.89421e-15	6.448	19.72
20.1508	6.73828e-14	315.473	0.147674	0.134249	2.69531e-15	6.44826	19.76
20.1516	6.27522e-14	315.485	0.14768	0.134255	2.51009e-15	6.44851	19.8
20.1524	5.84398e-14	315.498	0.147686	0.13426	2.33759e-15	6.44877	19.84
20.1532	5.44237e-14	315.51	0.147692	0.134265	2.17695e-15	6.44903	19.88
20.154	5.06836e-14	315.523	0.147698	0.134271	2.02735e-15	6.44929	19.92
20.1548	4.72006e-14	315.536	0.147704	0.134276	1.88802e-15	6.44955	19.96
20.1556	4.39569e-14	315.548	0.14771	0.134282	1.75828e-15	6.4498	20
20.1564	4.09361e-14	315.561	0.147716	0.134287	1.63745e-15	6.45006	20.04
20.1572	3.81229e-14	315.573	0.147722	0.134292	1.52492e-15	6.45032	20.08
20.1581	3.55031e-14	315.586	0.147727	0.134298	1.42012e-15	6.45058	20.12
20.1589	3.30633e-14	315.599	0.147733	0.134303	1.32253e-15	6.45084	20.16
20.1597	3.07911e-14	315.611	0.147739	0.134308	1.23164e-15	6.45109	20.2
20.1605	2.86751e-14	315.624	0.147745	0.134314	1.147e-15	6.45135	20.24
20.1613	2.67045e-14	315.637	0.147751	0.134319	1.06818e-15	6.45161	20.28
20.1621	2.48694e-14	315.649	0.147757	0.134325	9.94774e-16	6.45187	20.32
20.1629	2.31603e-14	315.662	0.147763	0.13433	9.26412e-16	6.45213	20.36
20.1637	2.15687e-14	315.674	0.147769	0.134335	8.62748e-16	6.45238	20.4
20.1645	2.00865e-14	315.687	0.147775	0.134341	8.03459e-16	6.45264	20.44
20.1653	1.87061e-14	315.7	0.147781	0.134346	7.48244e-16	6.4529	20.48
20.1661	1.74206e-14	315.712	0.147787	0.134351	6.96824e-16	6.45316	20.52
20.1669	1.62234e-14	315.725	0.147792	0.134357	6.48937e-16	6.45342	20.56
20.1677	1.51085e-14	315.738	0.147798	0.134362	6.04341e-16	6.45367	20.6
20.1685	1.40703e-14	315.75	0.147804	0.134367	5.6281e-16	6.45393	20.64
20.1693	1.31033e-14	315.763	0.14781	0.134373	5.24133e-16	6.45419	20.68
20.1702	1.22029e-14	315.775	0.147816	0.134378	4.88114e-16	6.45445	20.72
20.171	1.13643e-14	315.788	0.147822	0.134384	4.5457e-16	6.45471	20.76
20.1718	1.05833e-14	315.801	0.147828	0.134389	4.23332e-16	6.45496	20.8
20.1726	9.85599e-15	315.813	0.147834	0.134394	3.9424e-16	6.45522	20.84
20.1734	9.17868e-15	315.826	0.14784	0.1344	3.67147e-16	6.45548	20.88
20.1742	8.54791e-15	315.839	0.147846	0.134405	3.41916e-16	6.45574	20.92
20.175	7.96048e-15	315.851	0.147852	0.13441	3.18419e-16	6.456	20.96
20.1758	7.41343e-15	315.864	0.147857	0.134416	2.96537e-16	6.45626	21
20.1766	6.90397e-15	315.877	0.147863	0.134421	2.76159e-16	6.45651	21.04
20.1774	6.42952e-15	315.889	0.147869	0.134427	2.57181e-16	6.45677	21.08
20.1782	5.98768e-15	315.902	0.147875	0.134432	2.39507e-16	6.45703	21.12
20.179	5.57619e-15	315.914	0.147881	0.134437	2.23048e-16	6.45729	21.16
20.1798	5.19299e-15	315.927	0.147887	0.134443	2.0772e-16	6.45755	21.2
20.1806	4.83612e-15	315.94	0.147893	0.134448	1.93445e-16	6.4578	21.24
20.1814	4.50378e-15	315.952	0.147899	0.134454	1.80151e-16	6.45806	21.28
20.1823	4.19427e-15	315.965	0.147905	0.134459	1.67771e-16	6.45832	21.32
20.1831	3.90604e-15	315.978	0.147911	0.134464	1.56241e-16	6.45858	21.36
20.1839	3.63761e-15	315.99	0.147917	0.13447	1.45504e-16	6.45884	21.4
20.1847	3.38763e-15	316.003	0.147923	0.134475	1.35505e-16	6.4591	21.44
20.1855	3.15483e-15	316.016	0.147928	0.13448	1.26193e-16	6.45935	21.48
20.1863	2.93802e-15	316.028	0.147934	0.134486	1.17521e-16	6.45961	21.52
20.1871	2.73612e-15	316.041	0.14794	0.134491	1.09445e-16	6.45987	21.56
20.1879	2.54809e-15	316.053	0.147946	0.134497	1.01924e-16	6.46013	21.6
20.1887	2.37298e-15	316.066	0.147952	0.134502	9.49192e-17	6.46039	21.64
20.1895	2.20991e-15	316.079	0.147958	0.134507	8.83962e-17	6.46065	21.68
20.1903	2.05804e-15	316.091	0.147964	0.134513	8.23215e-17	6.4609	21.72
20.1911	1.91661e-15	316.104	0.14797	0.134518	7.66643e-17	6.46116	21.76
20.1919	1.7849e-15	316.117	0.147976	0.134523	7.13958e-17	6.46142	21.8
20.1927	1.66224e-15	316.129	0.147982	0.134529	6.64894e-17	6.46168	21.84
20.1936	1.548e-15	316.142	0.147988	0.134534	6.19202e-17	6.46194	21.88
20.1944	1.44162e-15	316.155	0.147994	0.13454	5.76649e-17	6.4622	21.92
20.1952	1.34255e-15	316.167	0.147999	0.134545	5.37021e-17	6.46246	21.96
20.196	1.25029e-15	316.18	0.148005	0.13455	5.00117e-17	6.46271	22
20.1968	1.16437e-15	316.192	0.148011	0.134556	4.65748e-17	6.46297	22.04
20.1976	1.08435e-15	316.205	0.148017	0.134561	4.33741e-17	6.46323	22.08
20.1984	1.00983e-15	316.218	0.148023	0.134566	4.03934e-17	6.46349	22.12
20.1992	9.40438e-16	316.23	0.148029	0.134572	3.76175e-17	6.46375	22.16
20.2	8.7581e-16	316.243	0.148035	0.134577	3.50324e-17	6.46401	22.2
20.2008	8.15623e-16	316.256	0.148041	0.134583	3.26249e-17	6.46426	22.24
20.2016	7.59572e-16	316.268	0.148047	0.134588	3.03829e-17	6.46452	22.28
20.2024	7.07373e-16	316.281	0.148053	0.134593	2.82949e-17	6.46478	22.32
20.2033	6.58762e-16	316.294	0.148059	0.134599	2.63505e-17	6.46504	22.36
20.2041	6.13491e-16	316.306	0.148065	0.134604	2.45396e-17	6.4653	22.4
20.2049	5.71331e-16	316.319	0.14807	0.13461	2.28532e-17	6.46556	22.44
20.2057	5.32068e-16	316.332	0.148076	0.134615	2.12827e-17	6.46582	22.48
20.2065	4.95504e-16	316.344	0.148082	0.13462	1.98202e-17	6.46607	22.52
20.2073	4.61452e-16	316.357	0.148088	0.134626	1.84581e-17	6.46633	22.56
20.2081	4.29741e-16	316.37	0.148094	0.134631	1.71896e-17	6.46659	22.6
20.2089	4.00208e-16	316.382	0.1481	0.134636	1.60083e-17	6.46685	22.64
20.2097	3.72706e-16	316.395	0.148106	0.134642	1.49082e-17	6.46711	22.68
20.2105	3.47093e-16	316.408	0.148112	0.134647	1.38837e-17	6.46737	22.72
20.2113	3.2324e-16	316.42	0.148118	0.134653	1.29296e-17	6.46763	22.76
20.2121	3.01027e-16	316.433	0.148124	0.134658	1.20411e-17	6.46788	22.8
20.2129	2.8034e-16	316.445	0.14813	0.134663	1.12136e-17	6.46814	22.84
20.2138	2.61074e-16	316.458	0.148136	0.134669	1.0443e-17	6.4684	22.88
20.2146	2.43133e-16	316.471	0.148142	0.134674	9.72532e-18	6.46866	22.92
20.2154	2.26425e-16	316.483	0.148147	0.13468	9.05699e-18	6.46892	22.96
20.2162	2.10864e-16	316.496	0.148153	0.134685	8.43458e-18	6.46918	23
20.217	1.96374e-16	316.509	0.148159	0.13469	7.85494e-18	6.46944	23.04
20.2178	1.82879e-16	316.521	0.148165	0.134696	7.31514e-18	6.4697	23.08
20.2186	1.70311e-16	316.534	0.148171	0.134701	6.81244e-18	6.46995	23.12
20.2194	1.58607e-16	316.547	0.148177	0.134706	6.34428e-18	6.47021	23.16
20.2202	1.47707e-16	316.559	0.148183	0.134712	5.90829e-18	6.47047	23.2
20.221	1.37557e-16	316.572	0.148189	0.134717	5.50226e-18	6.47073	23.24
20.2218	1.28104e-16	316.585	0.148195	0.134723	5.12414e-18	6.47099	23.28
20.2227	1.193e-16	316.597	0.148201	0.134728	4.772e-18	6.47125	23.32
20.2235	1.11102e-16	316.61	0.148207	0.134733	4.44407e-18	6.47151	23.36
20.2243	1.03467e-16	316.623	0.148213	0.134739	4.13866e-18	6.47177	23.4
20.2251	9.63562e-17	316.635	0.148219	0.134744	3.85425e-18	6.47202	23.44
20.2259	8.97345e-17	316.648	0.148225	0.13475	3.58938e-18	6.47228	23.48
20.2267	8.35678e-17	316.661	0.14823	0.134755	3.34271e-18	6.47254	23.52
20.2275	7.7825e-17	316.673	0.148236	0.13476	3.113e-18	6.4728	23.56
20.2283	7.24767e-17	316.686	0.148242	0.134766	2.89907e-18	6.47306	23.6
20.2291	6.7496e-17	316.699	0.148248	0.134771	2.69984e-18	6.47332	23.64
20.2299	6.28576e-17	316.711	0.148254	0.134777	2.5143e-18	6.47358	23.68
20.2307	5.8538e-17	316.724	0.14826	0.134782	2.34152e-18	6.47384	23.72
20.2315	5.45152e-17	316.737	0.148266	0.134787	2.18061e-18	6.4741	23.76
20.2324	5.07688e-17	316.749	0.148272	0.134793	2.03075e-18	6.47435	23.8
20.2332	4.72799e-17	316.762	0.148278	0.134798	1.8912e-18	6.47461	23.84
20.234	4.40308e-17	316.775	0.148284	0.134803	1.76123e-18	6.47487	23.88
20.2348	4.10049e-17	316.787	0.14829	0.134809	1.6402e-18	6.47513	23.92
20.2356	3.8187e-17	316.8	0.148296	0.134814	1.52748e-18	6.47539	23.96
20.2364	3.55628e-17	316.813	0.148302	0.13482	1.42251e-18	6.47565	24
20.2372	3.31188e-17	316.825	0.148308	0.134825	1.32475e-18	6.47591	24.04
20.238	3.08429e-17	316.838	0.148313	0.13483	1.23371e-18	6.47617	24.08
20.2388	2.87233e-17	316.851	0.148319	0.134836	1.14893e-18	6.47643	24.12
20.2396	2.67494e-17	316.863	0.148325	0.134841	1.06998e-18	6.47669	24.16
20.2405	2.49112e-17	316.876	0.148331	0.134847	9.96446e-19	6.47694	24.2
20.2413	2.31992e-17	316.889	0.148337	0.134852	9.27969e-19	6.4772	24.24
20.2421	2.16049e-17	316.901	0.148343	0.134857	8.64198e-19	6.47746	24.28
20.2429	2.01202e-17	316.914	0.148349	0.134863	8.04809e-19	6.47772	24.32
20.2437	1.87375e-17	316.927	0.148355	0.134868	7.49502e-19	6.47798	24.36
20.2445	1.74499e-17	316.939	0.148361	0.134874	6.97995e-19	6.47824	24.4
20.2453	1.62507e-17	316.952	0.148367	0.134879	6.50028e-19	6.4785	24.44
20.2461	1.51339e-17	316.965	0.148373	0.134884	6.05357e-19	6.47876	24.48
20.2469	1.40939e-17	316.977	0.148379	0.13489	5.63756e-19	6.47902	24.52
20.2477	1.31254e-17	316.99	0.148385	0.134895	5.25014e-19	6.47928	24.56
20.2485	1.22234e-17	317.003	0.148391	0.134901	4.88934e-19	6.47954	24.6
20.2494	1.13834e-17	317.016	0.148397	0.134906	4.55334e-19	6.47979	24.64
20.2502	1.06011e-17	317.028	0.148402	0.134911	4.24043e-19	6.48005	24.68
20.251	9.87256e-18	317.041	0.148408	0.134917	3.94902e-19	6.48031	24.72
20.2518	9.1941e-18	317.054	0.148414	0.134922	3.67764e-19	6.48057	24.76
20.2526	8.56227e-18	317.066	0.14842	0.134928	3.42491e-19	6.48083	24.8
20.2534	7.97386e-18	317.079	0.148426	0.134933	3.18955e-19	6.48109	24.84
20.2542	7.42589e-18	317.092	0.148432	0.134938	2.97036e-19	6.48135	24.88
20.255	6.91557e-18	317.104	0.148438	0.134944	2.76623e-19	6.48161	24.92
20.2558	6.44033e-18	317.117	0.148444	0.134949	2.57613e-19	6.48187	24.96
20.2566	5.99774e-18	317.13	0.14845	0.134955	2.3991e-19	6.48213	25
20.2575	5.58557e-18	317.142	0.148456	0.13496	2.23423e-19	6.48239	25.04
20.2583	5.20172e-18	317.155	0.148462	0.134965	2.08069e-19	6.48265	25.08
20.2591	4.84425e-18	317.168	0.148468	0.134971	1.9377e-19	6.4829	25.12
20.2599	4.51135e-18	317.18	0.148474	0.134976	1.80454e-19	6.48316	25.16
20.2607	4.20132e-18	317.193	0.14848	0.134981	1.68053e-19	6.48342	25.2
20.2615	3.9126e-18	317.206	0.148486	0.134987	1.56504e-19	6.48368	25.24
20.2623	3.64372e-18	317.218	0.148492	0.134992	1.45749e-19	6.48394	25.28
20.2631	3.39332e-18	317.231	0.148497	0.134998	1.35733e-19	6.4842	25.32
20.2639	3.16013e-18	317.244	0.148503	0.135003	1.26405e-19	6.48446	25.36
20.2648	2.94296e-18	317.256	0.148509	0.135008	1.17718e-19	6.48472	25.4
20.2656	2.74072e-18	317.269	0.148515	0.135014	1.09629e-19	6.48498	25.44
20.2664	2.55237e-18	317.282	0.148521	0.135019	1.02095e-19	6.48524	25.48
20.2672	2.37697e-18	317.295	0.148527	0.135025	9.50787e-20	6.4855	25.52
20.268	2.21362e-18	317.307	0.148533	0.13503	8.85448e-20	6.48576	25.56
20.2688	2.0615e-18	317.32	0.148539	0.135035	8.24599e-20	6.48602	25.6
20.2696	1.91983e-18	317.333	0.148545	0.135041	7.67931e-20	6.48628	25.64
20.2704	1.7879e-18	317.345	0.148551	0.135046	7.15158e-20	6.48654	25.68
20.2712	1.66503e-18	317.358	0.148557	0.135052	6.66012e-20	6.4868	25.72
20.272	1.55061e-18	317.371	0.148563	0.135057	6.20242e-20	6.48705	25.76
20.2729	1.44405e-18	317.383	0.148569	0.135062	5.77619e-20	6.48731	25.8
20.2737	1.34481e-18	317.396	0.148575	0.135068	5.37924e-20	6.48757	25.84
20.2745	1.25239e-18	317.409	0.148581	0.135073	5.00957e-20	6.48783	25.88
20.2753	1.16633e-18	317.421	0.148587	0.135079	4.66531e-20	6.48809	25.92
20.2761	1.08618e-18	317.434	0.148593	0.135084	4.3447e-20	6.48835	25.96
20.2769	1.01153e-18	317.447	0.148598	0.13509	4.04613e-20	6.48861	26
20.2777	9.42018e-19	317.46	0.148604	0.135095	3.76807e-20	6.48887	26.04
20.2785	8.77281e-19	317.472	0.14861	0.1351	3.50913e-20	6.48913	26.08
20.2793	8.16994e-19	317.485	0.148616	0.135106	3.26797e-20	6.48939	26.12
20.2802	7.60849e-19	317.498	0.148622	0.135111	3.04339e-20	6.48965	26.16
20.281	7.08562e-19	317.51	0.148628	0.135117	2.83425e-20	6.48991	26.2
20.2818	6.59869e-19	317.523	0.148634	0.135122	2.63948e-20	6.49017	26.24
20.2826	6.14522e-19	317.536	0.14864	0.135127	2.45809e-20	6.49043	26.28
20.2834	5.72291e-19	317.548	0.148646	0.135133	2.28916e-20	6.49069	26.32
20.2842	5.32963e-19	317.561	0.148652	0.135138	2.13185e-20	6.49095	26.36
20.285	4.96337e-19	317.574	0.148658	0.135144	1.98535e-20	6.49121	26.4
20.2858	4.62228e-19	317.587	0.148664	0.135149	1.84891e-20	6.49147	26.44
20.2866	4.30463e-19	317.599	0.14867	0.135154	1.72185e-20	6.49173	26.48
20.2875	4.00881e-19	317.612	0.148676	0.13516	1.60352e-20	6.49199	26.52
20.2883	3.73332e-19	317.625	0.148682	0.135165	1.49333e-20	6.49225	26.56
20.2891	3.47676e-19	317.637	0.148688	0.135171	1.3907e-20	6.4925	26.6
20.2899	3.23783e-19	317.65	0.148694	0.135176	1.29513e-20	6.49276	26.64
20.2907	3.01533e-19	317.663	0.1487	0.135181	1.20613e-20	6.49302	26.68
20.2915	2.80811e-19	317.675	0.148705	0.135187	1.12324e-20	6.49328	26.72
20.2923	2.61513e-19	317.688	0.148711	0.135192	1.04605e-20	6.49354	26.76
20.2931	2.43542e-19	317.701	0.148717	0.135198	9.74167e-21	6.4938	26.8
20.2939	2.26805e-19	317.714	0.148723	0.135203	9.07221e-21	6.49406	26.84
20.2948	2.11219e-19	317.726	0.148729	0.135208	8.44875e-21	6.49432	26.88
20.2956	1.96704e-19	317.739	0.148735	0.135214	7.86814e-21	6.49458	26.92
20.2964	1.83186e-19	317.752	0.148741	0.135219	7.32743e-21	6.49484	26.96
20.2972	1.70597e-19	317.764	0.148747	0.135225	6.82388e-21	6.4951	27
20.298	1.58873e-19	317.777	0.148753	0.13523	6.35494e-21	6.49536	27.04
20.2988	1.47955e-19	317.79	0.148759	0.135235	5.91822e-21	6.49562	27.08
20.2996	1.37788e-19	317.803	0.148765	0.135241	5.51151e-21	6.49588	27.12
20.3004	1.28319e-19	317.815	0.148771	0.135246	5.13275e-21	6.49614	27.16
20.3013	1.19501e-19	317.828	0.148777	0.135252	4.78002e-21	6.4964	27.2
20.3021	1.11288e-19	317.841	0.148783	0.135257	4.45153e-21	6.49666	27.24
20.3029	1.0364e-19	317.853	0.148789	0.135263	4.14562e-21	6.49692	27.28
20.3037	9.65182e-20	317.866	0.148795	0.135268	3.86073e-21	6.49718	27.32
20.3045	8.98853e-20	317.879	0.148801	0.135273	3.59541e-21	6.49744	27.36
20.3053	8.37083e-20	317.892	0.148807	0.135279	3.34833e-21	6.4977	27.4
20.3061	7.79558e-20	317.904	0.148813	0.135284	3.11823e-21	6.49796	27.44
20.3069	7.25985e-20	317.917	0.148819	0.13529	2.90394e-21	6.49822	27.48
20.3077	6.76095e-20	317.93	0.148824	0.135295	2.70438e-21	6.49848	27.52
20.3086	6.29633e-20	317.942	0.14883	0.1353	2.51853e-21	6.49874	27.56
20.3094	5.86363e-20	317.955	0.148836	0.135306	2.34545e-21	6.499	27.6
20.3102	5.46068e-20	317.968	0.148842	0.135311	2.18427e-21	6.49926	27.64
20.311	5.08541e-20	317.981	0.148848	0.135317	2.03417e-21	6.49952	27.68
20.3118	4.73594e-20	317.993	0.148854	0.135322	1.89437e-21	6.49978	27.72
20.3126	4.41048e-20	318.006	0.14886	0.135327	1.76419e-21	6.50004	27.76
20.3134	4.10738e-20	318.019	0.148866	0.135333	1.64295e-21	6.5003	27.8
20.3142	3.82512e-20	318.031	0.148872	0.135338	1.53005e-21	6.50056	27.84
20.3151	3.56225e-20	318.044	0.148878	0.135344	1.4249e-21	6.50082	27.88
20.3159	3.31745e-20	318.057	0.148884	0.135349	1.32698e-21	6.50108	27.92
20.3167	3.08947e-20	318.07	0.14889	0.135354	1.23579e-21	6.50134	27.96
20.3175	2.87716e-20	318.082	0.148896	0.13536	1.15086e-21	6.5016	28
20.3183	2.67944e-20	318.095	0.148902	0.135365	1.07177e-21	6.50186	28.04
20.3191	2.4953e-20	318.108	0.148908	0.135371	9.98121e-22	6.50212	28.08
20.3199	2.32382e-20	318.12	0.148914	0.135376	9.29529e-22	6.50238	28.12
20.3207	2.16413e-20	318.133	0.14892	0.135382	8.6565e-22	6.50264	28.16
20.3216	2.0154e-20	318.146	0.148926	0.135387	8.06162e-22	6.5029	28.2
20.3224	1.8769e-20	318.159	0.148932	0.135392	7.50761e-22	6.50316	28.24
20.3232	1.74792e-20	318.171	0.148938	0.135398	6.99168e-22	6.50342	28.28
20.324	1.6278e-20	318.184	0.148944	0.135403	6.5112e-22	6.50368	28.32
20.3248	1.51594e-20	318.197	0.148949	0.135409	6.06374e-22	6.50394	28.36
20.3256	1.41176e-20	318.21	0.148955	0.135414	5.64704e-22	6.5042	28.4
20.3264	1.31474e-20	318.222	0.148961	0.135419	5.25896e-22	6.50446	28.44
20.3273	1.22439e-20	318.235	0.148967	0.135425	4.89756e-22	6.50472	28.48
20.3281	1.14025e-20	318.248	0.148973	0.13543	4.56099e-22	6.50498	28.52
20.3289	1.06189e-20	318.26	0.148979	0.135436	4.24756e-22	6.50524	28.56
20.3297	9.88915e-21	318.273	0.148985	0.135441	3.95566e-22	6.5055	28.6
20.3305	9.20956e-21	318.286	0.148991	0.135447	3.68382e-22	6.50576	28.64
20.3313	8.57666e-21	318.299	0.148997	0.135452	3.43067e-22	6.50602	28.68
20.3321	7.98726e-21	318.311	0.149003	0.135457	3.19491e-22	6.50628	28.72
20.3329	7.43837e-21	318.324	0.149009	0.135463	2.97535e-22	6.50654	28.76
20.3338	6.92719e-21	318.337	0.149015	0.135468	2.77088e-22	6.5068	28.8
20.3346	6.45115e-21	318.35	0.149021	0.135474	2.58046e-22	6.50706	28.84
20.3354	6.00782e-21	318.362	0.149027	0.135479	2.40313e-22	6.50732	28.88
20.3362	5.59495e-21	318.375	0.149033	0.135484	2.23798e-22	6.50758	28.92
20.337	5.21046e-21	318.388	0.149039	0.13549	2.08418e-22	6.50784	28.96
20.3378	4.85239e-21	318.4	0.149045	0.135495	1.94096e-22	6.5081	29
20.3386	4.51893e-21	318.413	0.149051	0.135501	1.80757e-22	6.50836	29.04
20.3394	4.20838e-21	318.426	0.149057	0.135506	1.68335e-22	6.50862	29.08
20.3403	3.91918e-21	318.439	0.149063	0.135512	1.56767e-22	6.50888	29.12
20.3411	3.64985e-21	318.451	0.149069	0.135517	1.45994e-22	6.50914	29.16
20.3419	3.39902e-21	318.464	0.149075	0.135522	1.35961e-22	6.5094	29.2
20.3427	3.16544e-21	318.477	0.149081	0.135528	1.26618e-22	6.50966	29.24
20.3435	2.94791e-21	318.49	0.149087	0.135533	1.17916e-22	6.50992	29.28
20.3443	2.74532e-21	318.502	0.149093	0.135539	1.09813e-22	6.51019	29.32
20.3451	2.55666e-21	318.515	0.149098	0.135544	1.02266e-22	6.51045	29.36
20.346	2.38096e-21	318.528	0.149104	0.13555	9.52385e-23	6.51071	29.4
20.3468	2.21734e-21	318.541	0.14911	0.135555	8.86936e-23	6.51097	29.44
20.3476	2.06496e-21	318.553	0.149116	0.13556	8.25985e-23	6.51123	29.48
20.3484	1.92305e-21	318.566	0.149122	0.135566	7.69222e-23	6.51149	29.52
20.3492	1.7909e-21	318.579	0.149128	0.135571	7.1636e-23	6.51175	29.56
20.35	1.66783e-21	318.592	0.149134	0.135577	6.67131e-23	6.51201	29.6
20.3508	1.55321e-21	318.604	0.14914	0.135582	6.21285e-23	6.51227	29.64
20.3517	1.44647e-21	318.617	0.149146	0.135587	5.78589e-23	6.51253	29.68
20.3525	1.34707e-21	318.63	0.149152	0.135593	5.38828e-23	6.51279	29.72
20.3533	1.2545e-21	318.642	0.149158	0.135598	5.01799e-23	6.51305	29.76
20.3541	1.16829e-21	318.655	0.149164	0.135604	4.67315e-23	6.51331	29.8
20.3549	1.088e-21	318.668	0.14917	0.135609	4.352e-23	6.51357	29.84
20.3557	1.01323e-21	318.681	0.149176	0.135615	4.05293e-23	6.51383	29.88
20.3565	9.43601e-22	318.693	0.149182	0.13562	3.77441e-23	6.51409	29.92
20.3574	8.78756e-22	318.706	0.149188	0.135625	3.51502e-23	6.51435	29.96
20.3582	8.18367e-22	318.719	0.149194	0.135631	3.27347e-23	6.51461	30
20.359	7.62127e-22	318.732	0.1492	0.135636	3.04851e-23	6.51487	30.04
20.3598	7.09753e-22	318.744	0.149206	0.135642	2.83901e-23	6.51513	30.08
20.3606	6.60978e-22	318.757	0.149212	0.135647	2.64391e-23	6.51539	30.12
20.3614	6.15555e-22	318.77	0.149218	0.135653	2.46222e-23	6.51566	30.16
20.3622	5.73253e-22	318.783	0.149224	0.135658	2.29301e-23	6.51592	30.2
20.3631	5.33858e-22	318.795	0.14923	0.135663	2.13543e-23	6.51618	30.24
20.3639	4.97171e-22	318.808	0.149236	0.135669	1.98868e-23	6.51644	30.28
20.3647	4.63005e-22	318.821	0.149242	0.135674	1.85202e-23	6.5167	30.32
20.3655	4.31186e-22	318.834	0.149248	0.13568	1.72475e-23	6.51696	30.36
20.3663	4.01555e-22	318.846	0.149254	0.135685	1.60622e-23	6.51722	30.4
20.3671	3.73959e-22	318.859	0.14926	0.135691	1.49584e-23	6.51748	30.44
20.3679	3.4826e-22	318.872	0.149266	0.135696	1.39304e-23	6.51774	30.48
20.3688	3.24327e-22	318.885	0.149272	0.135701	1.29731e-23	6.518	30.52
20.3696	3.02039e-22	318.897	0.149277	0.135707	1.20816e-23	6.51826	30.56
20.3704	2.81283e-22	318.91	0.149283	0.135712	1.12513e-23	6.51852	30.6
20.3712	2.61953e-22	318.923	0.149289	0.135718	1.04781e-23	6.51878	30.64
20.372	2.43951e-22	318.936	0.149295	0.135723	9.75804e-24	6.51904	30.68
20.3728	2.27186e-22	318.948	0.149301	0.135729	9.08745e-24	6.5193	30.72
20.3736	2.11574e-22	318.961	0.149307	0.135734	8.46295e-24	6.51957	30.76
20.3745	1.97034e-22	318.974	0.149313	0.135739	7.88137e-24	6.51983	30.8
20.3753	1.83494e-22	318.987	0.149319	0.135745	7.33975e-24	6.52009	30.84
20.3761	1.70884e-22	318.999	0.149325	0.13575	6.83535e-24	6.52035	30.88
20.3769	1.5914e-22	319.012	0.149331	0.135756	6.36562e-24	6.52061	30.92
20.3777	1.48204e-22	319.025	0.149337	0.135761	5.92816e-24	6.52087	30.96
20.3785	1.38019e-22	319.038	0.149343	0.135767	5.52077e-24	6.52113	31
20.3793	1.28534e-22	319.051	0.149349	0.135772	5.14138e-24	6.52139	31.04
20.3802	1.19701e-22	319.063	0.149355	0.135777	4.78806e-24	6.52165	31.08
20.381	1.11475e-22	319.076	0.149361	0.135783	4.45902e-24	6.52191	31.12
20.3818	1.03815e-22	319.089	0.149367	0.135788	4.15259e-24	6.52217	31.16
20.3826	9.66804e-23	319.102	0.149373	0.135794	3.86722e-24	6.52243	31.2
20.3834	9.00364e-23	319.114	0.149379	0.135799	3.60146e-24	6.52269	31.24
20.3842	8.3849e-23	319.127	0.149385	0.135805	3.35396e-24	6.52296	31.28
20.3851	7.80868e-23	319.14	0.149391	0.13581	3.12347e-24	6.52322	31.32
20.3859	7.27205e-23	319.153	0.149397	0.135815	2.90882e-24	6.52348	31.36
20.3867	6.77231e-23	319.165	0.149403	0.135821	2.70892e-24	6.52374	31.4
20.3875	6.30691e-23	319.178	0.149409	0.135826	2.52276e-24	6.524	31.44
20.3883	5.87349e-23	319.191	0.149415	0.135832	2.3494e-24	6.52426	31.48
20.3891	5.46986e-23	319.204	0.149421	0.135837	2.18794e-24	6.52452	31.52
20.3899	5.09396e-23	319.216	0.149427	0.135843	2.03758e-24	6.52478	31.56
20.3908	4.7439e-23	319.229	0.149433	0.135848	1.89756e-24	6.52504	31.6
20.3916	4.41789e-23	319.242	0.149439	0.135853	1.76716e-24	6.5253	31.64
20.3924	4.11429e-23	319.255	0.149445	0.135859	1.64571e-24	6.52556	31.68
20.3932	3.83155e-23	319.268	0.149451	0.135864	1.53262e-24	6.52583	31.72
20.394	3.56824e-23	319.28	0.149457	0.13587	1.4273e-24	6.52609	31.76
20.3948	3.32303e-23	319.293	0.149463	0.135875	1.32921e-24	6.52635	31.8
20.3957	3.09466e-23	319.306	0.149469	0.135881	1.23787e-24	6.52661	31.84
20.3965	2.88199e-23	319.319	0.149475	0.135886	1.1528e-24	6.52687	31.88
20.3973	2.68394e-23	319.331	0.149481	0.135891	1.07358e-24	6.52713	31.92
20.3981	2.4995e-23	319.344	0.149487	0.135897	9.99798e-25	6.52739	31.96
20.3989	2.32773e-23	319.357	0.149493	0.135902	9.31091e-25	6.52765	32
20.3997	2.16776e-23	319.37	0.149499	0.135908	8.67105e-25	6.52791	32.04
20.4005	2.01879e-23	319.382	0.149505	0.135913	8.07516e-25	6.52817	32.08
20.4014	1.88006e-23	319.395	0.14951	0.135919	7.52023e-25	6.52844	32.12
20.4022	1.75086e-23	319.408	0.149516	0.135924	7.00343e-25	6.5287	32.16
20.403	1.63054e-23	319.421	0.149522	0.13593	6.52214e-25	6.52896	32.2
20.4038	1.51848e-23	319.434	0.149528	0.135935	6.07393e-25	6.52922	32.24
20.4046	1.41413e-23	319.446	0.149534	0.13594	5.65653e-25	6.52948	32.28
20.4054	1.31695e-23	319.459	0.14954	0.135946	5.2678e-25	6.52974	32.32
20.4063	1.22645e-23	319.472	0.149546	0.135951	4.90579e-25	6.53	32.36
20.4071	1.14217e-23	319.485	0.149552	0.135957	4.56866e-25	6.53026	32.4
20.4079	1.06367e-23	319.497	0.149558	0.135962	4.2547e-25	6.53053	32.44
20.4087	9.90577e-24	319.51	0.149564	0.135968	3.96231e-25	6.53079	32.48
20.4095	9.22503e-24	319.523	0.14957	0.135973	3.69001e-25	6.53105	32.52
20.4103	8.59108e-24	319.536	0.149576	0.135978	3.43643e-25	6.53131	32.56
20.4112	8.00069e-24	319.549	0.149582	0.135984	3.20027e-25	6.53157	32.6
20.412	7.45087e-24	319.561	0.149588	0.135989	2.98035e-25	6.53183	32.64
20.4128	6.93884e-24	319.574	0.149594	0.135995	2.77553e-25	6.53209	32.68
20.4136	6.46199e-24	319.587	0.1496	0.136	2.5848e-25	6.53235	32.72
20.4144	6.01791e-24	319.6	0.149606	0.136006	2.40717e-25	6.53261	32.76
20.4152	5.60436e-24	319.612	0.149612	0.136011	2.24174e-25	6.53288	32.8
20.4161	5.21922e-24	319.625	0.149618	0.136017	2.08769e-25	6.53314	32.84
20.4169	4.86055e-24	319.638	0.149624	0.136022	1.94422e-25	6.5334	32.88
20.4177	4.52652e-24	319.651	0.14963	0.136027	1.81061e-25	6.53366	32.92
20.4185	4.21545e-24	319.664	0.149636	0.136033	1.68618e-25	6.53392	32.96
20.4193	3.92576e-24	319.676	0.149642	0.136038	1.57031e-25	6.53418	33
20.4201	3.65598e-24	319.689	0.149648	0.136044	1.46239e-25	6.53444	33.04
20.421	3.40474e-24	319.702	0.149654	0.136049	1.36189e-25	6.53471	33.08
20.4218	3.17076e-24	319.715	0.14966	0.136055	1.2683e-25	6.53497	33.12
20.4226	2.95286e-24	319.728	0.149666	0.13606	1.18114e-25	6.53523	33.16
20.4234	2.74994e-24	319.74	0.149672	0.136065	1.09997e-25	6.53549	33.2
20.4242	2.56096e-24	319.753	0.149678	0.136071	1.02438e-25	6.53575	33.24
20.425	2.38496e-24	319.766	0.149684	0.136076	9.53986e-26	6.53601	33.28
20.4259	2.22107e-24	319.779	0.14969	0.136082	8.88427e-26	6.53627	33.32
20.4267	2.06843e-24	319.791	0.149696	0.136087	8.27373e-26	6.53653	33.36
20.4275	1.92629e-24	319.804	0.149702	0.136093	7.70515e-26	6.5368	33.4
20.4283	1.79391e-24	319.817	0.149708	0.136098	7.17564e-26	6.53706	33.44
20.4291	1.67063e-24	319.83	0.149714	0.136104	6.68252e-26	6.53732	33.48
20.4299	1.55582e-24	319.843	0.14972	0.136109	6.22329e-26	6.53758	33.52
20.4308	1.4489e-24	319.855	0.149726	0.136114	5.79562e-26	6.53784	33.56
20.4316	1.34933e-24	319.868	0.149732	0.13612	5.39733e-26	6.5381	33.6
20.4324	1.25661e-24	319.881	0.149738	0.136125	5.02642e-26	6.53836	33.64
20.4332	1.17025e-24	319.894	0.149744	0.136131	4.681e-26	6.53863	33.68
20.434	1.08983e-24	319.907	0.14975	0.136136	4.35932e-26	6.53889	33.72
20.4348	1.01493e-24	319.919	0.149756	0.136142	4.05974e-26	6.53915	33.76
20.4357	9.45187e-25	319.932	0.149762	0.136147	3.78075e-26	6.53941	33.8
20.4365	8.80233e-25	319.945	0.149768	0.136153	3.52093e-26	6.53967	33.84
20.4373	8.19742e-25	319.958	0.149774	0.136158	3.27897e-26	6.53993	33.88
20.4381	7.63408e-25	319.971	0.14978	0.136163	3.05363e-26	6.5402	33.92
20.4389	7.10946e-25	319.983	0.149786	0.136169	2.84378e-26	6.54046	33.96
20.4397	6.62089e-25	319.996	0.149792	0.136174	2.64835e-26	6.54072	34
20.4406	6.16589e-25	320.009	0.149798	0.13618	2.46636e-26	6.54098	34.04
20.4414	5.74216e-25	320.022	0.149804	0.136185	2.29687e-26	6.54124	34.08
20.4422	5.34755e-25	320.035	0.14981	0.136191	2.13902e-26	6.5415	34.12
20.443	4.98006e-25	320.047	0.149816	0.136196	1.99203e-26	6.54177	34.16
20.4438	4.63783e-25	320.06	0.149822	0.136202	1.85513e-26	6.54203	34.2
20.4447	4.31911e-25	320.073	0.149828	0.136207	1.72764e-26	6.54229	34.24
20.4455	4.0223e-25	320.086	0.149834	0.136212	1.60892e-26	6.54255	34.28
20.4463	3.74588e-25	320.099	0.14984	0.136218	1.49835e-26	6.54281	34.32
20.4471	3.48846e-25	320.111	0.149846	0.136223	1.39538e-26	6.54307	34.36
20.4479	3.24873e-25	320.124	0.149852	0.136229	1.29949e-26	6.54334	34.4
20.4487	3.02547e-25	320.137	0.149858	0.136234	1.21019e-26	6.5436	34.44
20.4496	2.81755e-25	320.15	0.149864	0.13624	1.12702e-26	6.54386	34.48
20.4504	2.62393e-25	320.163	0.14987	0.136245	1.04957e-26	6.54412	34.52
20.4512	2.44361e-25	320.175	0.149876	0.136251	9.77444e-27	6.54438	34.56
20.452	2.27568e-25	320.188	0.149882	0.136256	9.10272e-27	6.54464	34.6
20.4528	2.11929e-25	320.201	0.149888	0.136262	8.47717e-27	6.54491	34.64
20.4536	1.97365e-25	320.214	0.149894	0.136267	7.89461e-27	6.54517	34.68
20.4545	1.83802e-25	320.227	0.1499	0.136272	7.35208e-27	6.54543	34.72
20.4553	1.71171e-25	320.239	0.149906	0.136278	6.84684e-27	6.54569	34.76
20.4561	1.59408e-25	320.252	0.149912	0.136283	6.37632e-27	6.54595	34.8
20.4569	1.48453e-25	320.265	0.149918	0.136289	5.93813e-27	6.54621	34.84
20.4577	1.38251e-25	320.278	0.149924	0.136294	5.53005e-27	6.54648	34.88
20.4586	1.2875e-25	320.291	0.14993	0.1363	5.15002e-27	6.54674	34.92
20.4594	1.19903e-25	320.303	0.149936	0.136305	4.7961e-27	6.547	34.96
20.4602	1.11663e-25	320.316	0.149942	0.136311	4.46651e-27	6.54726	35
20.461	1.03989e-25	320.329	0.149948	0.136316	4.15957e-27	6.54752	35.04
20.4618	9.68429e-26	320.342	0.149954	0.136321	3.87371e-27	6.54779	35.08
20.4626	9.01877e-26	320.355	0.14996	0.136327	3.60751e-27	6.54805	35.12
20.4635	8.39899e-26	320.367	0.149966	0.136332	3.3596e-27	6.54831	35.16
20.4643	7.8218e-26	320.38	0.149972	0.136338	3.12872e-27	6.54857	35.2
20.4651	7.28428e-26	320.393	0.149978	0.136343	2.91371e-27	6.54883	35.24
20.4659	6.78369e-26	320.406	0.149984	0.136349	2.71348e-27	6.54909	35.28
20.4667	6.31751e-26	320.419	0.14999	0.136354	2.527e-27	6.54936	35.32
20.4676	5.88336e-26	320.432	0.149996	0.13636	2.35334e-27	6.54962	35.36
20.4684	5.47905e-26	320.444	0.150002	0.136365	2.19162e-27	6.54988	35.4
20.4692	5.10252e-26	320.457	0.150008	0.136371	2.04101e-27	6.55014	35.44
20.47	4.75187e-26	320.47	0.150014	0.136376	1.90075e-27	6.5504	35.48
20.4708	4.42531e-26	320.483	0.15002	0.136381	1.77013e-27	6.55067	35.52
20.4717	4.1212e-26	320.496	0.150026	0.136387	1.64848e-27	6.55093	35.56
20.4725	3.83799e-26	320.508	0.150032	0.136392	1.53519e-27	6.55119	35.6
20.4733	3.57424e-26	320.521	0.150038	0.136398	1.42969e-27	6.55145	35.64
20.4741	3.32861e-26	320.534	0.150044	0.136403	1.33144e-27	6.55171	35.68
20.4749	3.09986e-26	320.547	0.15005	0.136409	1.23995e-27	6.55198	35.72
20.4757	2.88684e-26	320.56	0.150056	0.136414	1.15473e-27	6.55224	35.76
20.4766	2.68845e-26	320.573	0.150062	0.13642	1.07538e-27	6.5525	35.8
20.4774	2.5037e-26	320.585	0.150068	0.136425	1.00148e-27	6.55276	35.84
20.4782	2.33164e-26	320.598	0.150074	0.136431	9.32656e-28	6.55302	35.88
20.479	2.17141e-26	320.611	0.15008	0.136436	8.68562e-28	6.55329	35.92
20.4798	2.02218e-26	320.624	0.150086	0.136441	8.08874e-28	6.55355	35.96
20.4807	1.88322e-26	320.637	0.150092	0.136447	7.53287e-28	6.55381	36
20.4815	1.7538e-26	320.649	0.150098	0.136452	7.0152e-28	6.55407	36.04
20.4823	1.63328e-26	320.662	0.150104	0.136458	6.53311e-28	6.55434	36.08
20.4831	1.52104e-26	320.675	0.15011	0.136463	6.08414e-28	6.5546	36.12
20.4839	1.41651e-26	320.688	0.150116	0.136469	5.66603e-28	6.55486	36.16
20.4848	1.31916e-26	320.701	0.150122	0.136474	5.27666e-28	6.55512	36.2
20.4856	1.22851e-26	320.714	0.150128	0.13648	4.91404e-28	6.55538	36.24
20.4864	1.14408e-26	320.726	0.150134	0.136485	4.57634e-28	6.55565	36.28
20.4872	1.06546e-26	320.739	0.15014	0.136491	4.26185e-28	6.55591	36.32
20.488	9.92242e-27	320.752	0.150146	0.136496	3.96897e-28	6.55617	36.36
20.4889	9.24054e-27	320.765	0.150152	0.136502	3.69621e-28	6.55643	36.4
20.4897	8.60551e-27	320.778	0.150158	0.136507	3.44221e-28	6.55669	36.44
20.4905	8.01413e-27	320.791	0.150164	0.136512	3.20565e-28	6.55696	36.48
20.4913	7.46339e-27	320.803	0.15017	0.136518	2.98536e-28	6.55722	36.52
20.4921	6.9505e-27	320.816	0.150176	0.136523	2.7802e-28	6.55748	36.56
20.4929	6.47285e-27	320.829	0.150182	0.136529	2.58914e-28	6.55774	36.6
20.4938	6.02803e-27	320.842	0.150188	0.136534	2.41121e-28	6.55801	36.64
20.4946	5.61377e-27	320.855	0.150194	0.13654	2.24551e-28	6.55827	36.68
20.4954	5.22799e-27	320.868	0.1502	0.136545	2.0912e-28	6.55853	36.72
20.4962	4.86871e-27	320.88	0.150206	0.136551	1.94749e-28	6.55879	36.76
20.497	4.53413e-27	320.893	0.150212	0.136556	1.81365e-28	6.55905	36.8
20.4979	4.22254e-27	320.906	0.150218	0.136562	1.68902e-28	6.55932	36.84
20.4987	3.93236e-27	320.919	0.150224	0.136567	1.57294e-28	6.55958	36.88
20.4995	3.66212e-27	320.932	0.15023	0.136572	1.46485e-28	6.55984	36.92
20.5003	3.41046e-27	320.945	0.150236	0.136578	1.36418e-28	6.5601	36.96
20.5011	3.17609e-27	320.957	0.150242	0.136583	1.27043e-28	6.56037	37
20.502	2.95782e-27	320.97	0.150248	0.136589	1.18313e-28	6.56063	37.04
20.5028	2.75456e-27	320.983	0.150254	0.136594	1.10182e-28	6.56089	37.08
20.5036	2.56526e-27	320.996	0.15026	0.1366	1.0261e-28	6.56115	37.12
20.5044	2.38897e-27	321.009	0.150266	0.136605	9.55589e-29	6.56142	37.16
20.5052	2.2248e-27	321.022	0.150272	0.136611	8.8992e-29	6.56168	37.2
20.5061	2.07191e-27	321.034	0.150278	0.136616	8.28763e-29	6.56194	37.24
20.5069	1.92952e-27	321.047	0.150284	0.136622	7.7181e-29	6.5622	37.28
20.5077	1.79692e-27	321.06	0.15029	0.136627	7.1877e-29	6.56247	37.32
20.5085	1.67344e-27	321.073	0.150296	0.136633	6.69375e-29	6.56273	37.36
20.5093	1.55844e-27	321.086	0.150302	0.136638	6.23375e-29	6.56299	37.4
20.5102	1.45134e-27	321.099	0.150308	0.136644	5.80536e-29	6.56325	37.44
20.511	1.3516e-27	321.111	0.150314	0.136649	5.40641e-29	6.56352	37.48
20.5118	1.25872e-27	321.124	0.15032	0.136654	5.03487e-29	6.56378	37.52
20.5126	1.17222e-27	321.137	0.150326	0.13666	4.68887e-29	6.56404	37.56
20.5134	1.09166e-27	321.15	0.150332	0.136665	4.36664e-29	6.5643	37.6
20.5143	1.01664e-27	321.163	0.150338	0.136671	4.06656e-29	6.56457	37.64
20.5151	9.46776e-28	321.176	0.150344	0.136676	3.7871e-29	6.56483	37.68
20.5159	8.81712e-28	321.189	0.15035	0.136682	3.52685e-29	6.56509	37.72
20.5167	8.2112e-28	321.201	0.150356	0.136687	3.28448e-29	6.56535	37.76
20.5176	7.64691e-28	321.214	0.150362	0.136693	3.05876e-29	6.56562	37.8
20.5184	7.12141e-28	321.227	0.150368	0.136698	2.84856e-29	6.56588	37.84
20.5192	6.63201e-28	321.24	0.150374	0.136704	2.65281e-29	6.56614	37.88
20.52	6.17625e-28	321.253	0.15038	0.136709	2.4705e-29	6.5664	37.92
20.5208	5.75181e-28	321.266	0.150386	0.136715	2.30073e-29	6.56667	37.96
20.5217	5.35654e-28	321.278	0.150392	0.13672	2.14262e-29	6.56693	38
20.5225	4.98843e-28	321.291	0.150398	0.136726	1.99537e-29	6.56719	38.04
20.5233	4.64562e-28	321.304	0.150404	0.136731	1.85825e-29	6.56745	38.08
20.5241	4.32637e-28	321.317	0.15041	0.136736	1.73055e-29	6.56772	38.12
20.5249	4.02906e-28	321.33	0.150416	0.136742	1.61162e-29	6.56798	38.16
20.5258	3.75217e-28	321.343	0.150422	0.136747	1.50087e-29	6.56824	38.2
20.5266	3.49432e-28	321.356	0.150428	0.136753	1.39773e-29	6.56851	38.24
20.5274	3.25419e-28	321.368	0.150434	0.136758	1.30167e-29	6.56877	38.28
20.5282	3.03055e-28	321.381	0.15044	0.136764	1.21222e-29	6.56903	38.32
20.529	2.82229e-28	321.394	0.150446	0.136769	1.12892e-29	6.56929	38.36
20.5299	2.62834e-28	321.407	0.150452	0.136775	1.05134e-29	6.56956	38.4
20.5307	2.44772e-28	321.42	0.150458	0.13678	9.79086e-30	6.56982	38.44
20.5315	2.27951e-28	321.433	0.150464	0.136786	9.11802e-30	6.57008	38.48
20.5323	2.12286e-28	321.446	0.15047	0.136791	8.49142e-30	6.57034	38.52
20.5331	1.97697e-28	321.458	0.150476	0.136797	7.90788e-30	6.57061	38.56
20.534	1.84111e-28	321.471	0.150482	0.136802	7.36444e-30	6.57087	38.6
20.5348	1.71459e-28	321.484	0.150488	0.136808	6.85835e-30	6.57113	38.64
20.5356	1.59676e-28	321.497	0.150494	0.136813	6.38703e-30	6.5714	38.68
20.5364	1.48703e-28	321.51	0.1505	0.136818	5.94811e-30	6.57166	38.72
20.5373	1.38484e-28	321.523	0.150506	0.136824	5.53935e-30	6.57192	38.76
20.5381	1.28967e-28	321.536	0.150512	0.136829	5.15867e-30	6.57218	38.8
20.5389	1.20104e-28	321.548	0.150518	0.136835	4.80416e-30	6.57245	38.84
20.5397	1.1185e-28	321.561	0.150524	0.13684	4.47402e-30	6.57271	38.88
20.5405	1.04164e-28	321.574	0.15053	0.136846	4.16656e-30	6.57297	38.92
20.5414	9.70056e-29	321.587	0.150536	0.136851	3.88022e-30	6.57324	38.96
20.5422	9.03393e-29	321.6	0.150542	0.136857	3.61357e-30	6.5735	39
20.543	8.4131e-29	321.613	0.150549	0.136862	3.36524e-30	6.57376	39.04
20.5438	7.83494e-29	321.626	0.150555	0.136868	3.13398e-30	6.57402	39.08
20.5446	7.29652e-29	321.638	0.150561	0.136873	2.91861e-30	6.57429	39.12
20.5455	6.79509e-29	321.651	0.150567	0.136879	2.71804e-30	6.57455	39.16
20.5463	6.32812e-29	321.664	0.150573	0.136884	2.53125e-30	6.57481	39.2
20.5471	5.89325e-29	321.677	0.150579	0.13689	2.3573e-30	6.57508	39.24
20.5479	5.48826e-29	321.69	0.150585	0.136895	2.1953e-30	6.57534	39.28
20.5488	5.1111e-29	321.703	0.150591	0.136901	2.04444e-30	6.5756	39.32
20.5496	4.75985e-29	321.716	0.150597	0.136906	1.90394e-30	6.57586	39.36
20.5504	4.43275e-29	321.728	0.150603	0.136912	1.7731e-30	6.57613	39.4
20.5512	4.12813e-29	321.741	0.150609	0.136917	1.65125e-30	6.57639	39.44
20.552	3.84444e-29	321.754	0.150615	0.136922	1.53777e-30	6.57665	39.48
20.5529	3.58024e-29	321.767	0.150621	0.136928	1.4321e-30	6.57692	39.52
20.5537	3.3342e-29	321.78	0.150627	0.136933	1.33368e-30	6.57718	39.56
20.5545	3.10507e-29	321.793	0.150633	0.136939	1.24203e-30	6.57744	39.6
20.5553	2.89169e-29	321.806	0.150639	0.136944	1.15668e-30	6.57771	39.64
20.5562	2.69297e-29	321.819	0.150645	0.13695	1.07719e-30	6.57797	39.68
20.557	2.5079e-29	321.831	0.150651	0.136955	1.00316e-30	6.57823	39.72
20.5578	2.33556e-29	321.844	0.150657	0.136961	9.34223e-31	6.57849	39.76
20.5586	2.17505e-29	321.857	0.150663	0.136966	8.70022e-31	6.57876	39.8
20.5594	2.02558e-29	321.87	0.150669	0.136972	8.10233e-31	6.57902	39.84
20.5603	1.88638e-29	321.883	0.150675	0.136977	7.54553e-31	6.57928	39.88
20.5611	1.75675e-29	321.896	0.150681	0.136983	7.02699e-31	6.57955	39.92
20.5619	1.63602e-29	321.909	0.150687	0.136988	6.54409e-31	6.57981	39.96
