S	I	R	e	d	dI	f	t
300	100	0	0.264	0.24	0.6	0	0
281.342	130.226	6.63646	0.276015	0.250923	0.781354	0	0.06
259.44	162.169	14.939	0.288121	0.261928	0.973011	0	0.12
236.248	189.065	24.7543	0.297044	0.27004	1.13439	0	0.18
213.399	206.429	35.6214	0.300597	0.27327	1.23858	0	0.24
192.101	212.971	46.9158	0.298311	0.271192	1.27782	0	0.3
173.021	210.194	58.0274	0.29122	0.264746	1.26117	0	0.36
156.382	201.125	68.4893	0.281157	0.255598	1.20675	0	0.42
142.11	189.076	78.0315	0.270083	0.24553	1.13446	0	0.48
129.968	176.867	86.574	0.25965	0.236045	1.0612	0	0.54
119.645	166.499	94.1848	0.251017	0.228197	0.998993	0	0.6
110.813	159.141	101.028	0.244848	0.222589	0.954849	0	0.66
103.172	155.269	107.315	0.241399	0.219453	0.931616	0	0.72
96.4658	154.824	113.266	0.240607	0.218733	0.928943	0	0.78
90.5043	157.33	119.083	0.242165	0.22015	0.943978	0	0.84
85.1616	161.97	124.924	0.245557	0.223234	0.971823	0	0.9
80.3724	167.668	130.888	0.250093	0.227357	1.00601	0	0.96
76.1174	173.209	137.003	0.254977	0.231797	1.03925	0	1.02
72.404	177.425	143.227	0.259417	0.235834	1.06455	0	1.08
69.2478	179.389	149.454	0.26274	0.238855	1.07634	0	1.14
66.6589	178.556	155.539	0.264498	0.240453	1.07134	0	1.2
64.6343	174.825	161.319	0.264514	0.240468	1.04895	0	1.26
63.156	168.512	166.64	0.262884	0.238985	1.01107	0	1.32
62.1922	160.251	171.38	0.259923	0.236294	0.961505	0	1.38
61.6996	150.866	175.461	0.256098	0.232816	0.905196	0	1.44
61.6257	141.233	178.859	0.251934	0.229031	0.847401	0	1.5
61.91	132.162	181.599	0.247943	0.225403	0.792974	0	1.56
62.4863	124.31	183.75	0.244561	0.222328	0.745859	0	1.62
63.2836	118.136	185.414	0.24211	0.2201	0.708815	0	1.68
64.2295	113.892	186.71	0.240789	0.218899	0.683354	0	1.74
65.2532	111.63	187.764	0.240667	0.218788	0.669779	0	1.8
66.2909	111.21	188.698	0.241691	0.219719	0.667257	0	1.86
67.2912	112.308	189.615	0.243681	0.221528	0.673846	0	1.92
68.2205	114.422	190.593	0.246336	0.223941	0.686531	0	1.98
69.0673	116.9	191.675	0.249244	0.226585	0.701398	0	2.04
69.8431	119.005	192.861	0.251928	0.229026	0.714032	0	2.1
70.5797	120.035	194.107	0.253916	0.230833	0.720209	0	2.16
71.3228	119.451	195.335	0.254832	0.231665	0.716704	0	2.22
72.1234	116.998	196.445	0.254474	0.23134	0.701986	0	2.28
73.0293	112.758	197.332	0.252859	0.229872	0.676549	0	2.34
74.0771	107.126	197.908	0.250213	0.227467	0.642757	0	2.4
75.2876	100.713	198.114	0.246916	0.224469	0.604278	0	2.46
76.6618	94.2186	197.935	0.243418	0.221289	0.565312	0	2.52
78.18	88.3064	197.391	0.240159	0.218327	0.529838	0	2.58
79.8034	83.5158	196.543	0.237509	0.215917	0.501095	0	2.64
81.4763	80.2227	195.475	0.235735	0.214304	0.481336	0	2.7
83.1317	78.6357	194.286	0.234995	0.213632	0.471814	0	2.76
84.6975	78.8073	193.082	0.235347	0.213952	0.472844	0	2.82
86.1046	80.6343	191.965	0.236745	0.215223	0.483806	0	2.88
87.2965	83.8397	191.024	0.239026	0.217296	0.503038	0	2.94
88.2388	87.9506	190.323	0.241898	0.219907	0.527704	0	3
88.9287	92.3027	189.891	0.244941	0.222673	0.553816	0	3.06
89.3977	96.1101	189.715	0.247647	0.225134	0.576661	0	3.12
89.7091	98.6074	189.736	0.249515	0.226832	0.591644	0	3.18
89.9471	99.2283	189.857	0.250161	0.227419	0.59537	0	3.24
90.2018	97.7512	189.958	0.249421	0.226746	0.586507	0	3.3
90.5545	94.3516	189.921	0.247386	0.224896	0.566109	0	3.36
91.0654	89.5445	189.651	0.244372	0.222156	0.537267	0	3.42
91.7669	84.0468	189.088	0.240835	0.218941	0.504281	0	3.48
92.66	78.6156	188.22	0.237267	0.215698	0.471694	0	3.54
93.7161	73.9178	187.077	0.234109	0.212826	0.443507	0	3.6
94.8804	70.4582	185.721	0.231699	0.210636	0.422749	0	3.66
96.0785	68.5662	184.24	0.230264	0.209331	0.411397	0	3.72
97.2241	68.4127	182.736	0.229926	0.209023	0.410476	0	3.78
98.2275	70.0263	181.311	0.230713	0.209739	0.420158	0	3.84
99.0066	73.2825	180.065	0.232554	0.211412	0.439695	0	3.9
99.4986	77.8654	179.082	0.235254	0.213867	0.467192	0	3.96
99.6734	83.2301	178.418	0.238472	0.216793	0.49938	0	4.02
99.5432	88.612	178.091	0.241723	0.219748	0.531672	0	4.08
99.165	93.1289	178.07	0.24444	0.222219	0.558774	0	4.14
98.6324	95.9701	178.274	0.246099	0.223726	0.57582	0	4.2
98.0583	96.607	178.585	0.246345	0.22395	0.579642	0	4.26
97.5542	94.9354	178.866	0.245095	0.222813	0.569612	0	4.32
97.2125	91.289	178.991	0.242545	0.220496	0.547734	0	4.38
97.0943	86.3301	178.866	0.239112	0.217374	0.517981	0	4.44
97.2238	80.8725	178.441	0.235314	0.213922	0.485235	0	4.5
97.5888	75.7082	177.714	0.231667	0.210606	0.454249	0	4.56
98.1439	71.488	176.727	0.228597	0.207816	0.428928	0	4.62
98.818	68.6744	175.557	0.226412	0.205829	0.412046	0	4.68
99.5219	67.5482	174.297	0.225302	0.20482	0.405289	0	4.74
100.158	68.2351	173.053	0.225354	0.204868	0.409411	0	4.8
100.631	70.7154	171.932	0.226563	0.205967	0.424293	0	4.86
100.858	74.8002	171.03	0.228814	0.208013	0.448801	0	4.92
100.784	80.0839	170.427	0.231855	0.210777	0.480504	0	4.98
100.396	85.9136	170.167	0.235275	0.213886	0.515481	0	5.04
99.7271	91.4309	170.252	0.23853	0.216846	0.548585	0	5.1
98.8551	95.7182	170.628	0.241033	0.219121	0.574309	0	5.16
97.8901	98.0169	171.196	0.242288	0.220262	0.588102	0	5.22
96.9522	97.9314	171.823	0.242027	0.220024	0.587589	0	5.28
96.1504	95.5274	172.369	0.240271	0.218428	0.573164	0	5.34
95.5667	91.2918	172.712	0.237316	0.215742	0.547751	0	5.4
95.2477	85.984	172.768	0.23364	0.2124	0.515904	0	5.46
95.2015	80.4474	172.505	0.229782	0.208892	0.482684	0	5.52
95.4007	75.4486	171.937	0.226239	0.205672	0.452692	0	5.58
95.7879	71.5833	171.119	0.223404	0.203094	0.4295	0	5.64
96.2828	69.2513	170.136	0.221542	0.201402	0.415508	0	5.7
96.7919	68.6753	169.087	0.220806	0.200733	0.412052	0	5.76
97.2173	69.9253	168.082	0.221248	0.201135	0.419552	0	5.82
97.4681	72.9186	167.223	0.222822	0.202566	0.437511	0	5.88
97.4723	77.387	166.604	0.225366	0.204878	0.464322	0	5.94
97.1903	82.8331	166.291	0.228568	0.207789	0.496999	0	6
96.6252	88.5234	166.315	0.231966	0.210878	0.531141	0	6.06
95.8269	93.5677	166.658	0.234995	0.213632	0.561406	0	6.12
94.884	97.0954	167.25	0.237092	0.215538	0.582572	0	6.18
93.9078	98.4736	167.979	0.237838	0.216216	0.590842	0	6.24
93.0107	97.4745	168.708	0.237067	0.215516	0.584847	0	6.3
92.288	94.3215	169.302	0.234902	0.213547	0.565929	0	6.36
91.8053	89.6063	169.655	0.231704	0.21064	0.537638	0	6.42
91.5928	84.1227	169.701	0.227975	0.20725	0.504736	0	6.48
91.6448	78.6872	169.423	0.224238	0.203853	0.472123	0	6.54
91.9231	74.0019	168.852	0.220953	0.200866	0.444011	0	6.6
92.3635	70.5862	168.053	0.218462	0.198601	0.423517	0	6.66
92.883	68.7703	167.116	0.216987	0.197261	0.412622	0	6.72
93.3889	68.7179	166.143	0.216645	0.19695	0.412308	0	6.78
93.7882	70.4446	165.24	0.217452	0.197684	0.422668	0	6.84
93.9983	73.8072	164.507	0.219326	0.199388	0.442843	0	6.9
93.9594	78.4667	164.027	0.222059	0.201872	0.4708	0	6.96
93.6467	83.8545	163.855	0.225295	0.204813	0.503127	0	7.02
93.0782	89.1914	164.004	0.22854	0.207764	0.535149	0	7.08
92.3149	93.5993	164.44	0.231233	0.210212	0.561596	0	7.14
91.4503	96.2919	165.08	0.232862	0.211693	0.577751	0	7.2
90.5926	96.7779	165.804	0.233095	0.211905	0.580667	0	7.26
89.845	94.9865	166.478	0.231865	0.210786	0.569919	0	7.32
89.2896	91.2683	166.98	0.229375	0.208522	0.54761	0	7.38
88.9779	86.2821	167.215	0.226034	0.205485	0.517692	0	7.44
88.9271	80.8234	167.139	0.222347	0.202134	0.48494	0	7.5
89.1208	75.6598	166.751	0.218811	0.198919	0.453959	0	7.56
89.513	71.4192	166.092	0.215836	0.196215	0.428515	0	7.62
90.035	68.5451	165.237	0.213719	0.19429	0.411271	0	7.68
90.6026	67.3025	164.278	0.212641	0.19331	0.403815	0	7.74
91.1249	67.8018	163.318	0.212681	0.193347	0.406811	0	7.8
91.514	70.0088	162.458	0.213827	0.194388	0.420053	0	7.86
91.6958	73.7243	161.792	0.21596	0.196327	0.442346	0	7.92
91.6223	78.5453	161.392	0.21883	0.198936	0.471272	0	7.98
91.2822	83.844	161.301	0.222042	0.201857	0.503064	0	8.04
90.7069	88.8133	161.517	0.225085	0.204622	0.53288	0	8.1
89.9674	92.6051	161.99	0.227411	0.206738	0.555631	0	8.16
89.1611	94.5294	162.626	0.228569	0.20779	0.567177	0	8.22
88.3934	94.2348	163.301	0.228313	0.207557	0.565409	0	8.28
87.7594	91.7937	163.884	0.226669	0.206062	0.550762	0	8.34
87.3303	87.6629	164.265	0.22391	0.203555	0.525977	0	8.4
87.1455	82.5479	164.367	0.22048	0.200436	0.495288	0	8.46
87.2111	77.2317	164.159	0.216877	0.197161	0.46339	0	8.52
87.5011	72.4269	163.658	0.213566	0.194151	0.434561	0	8.58
87.9628	68.689	162.914	0.210913	0.191739	0.412134	0	8.64
88.5233	66.3913	162.007	0.209168	0.190153	0.398348	0	8.7
89.0971	65.7407	161.033	0.208475	0.189523	0.394444	0	8.76
89.5954	66.799	160.092	0.208881	0.189892	0.400794	0	8.82
89.9351	69.4836	159.282	0.210342	0.19122	0.416901	0	8.88
90.0509	73.5388	158.688	0.212704	0.193367	0.441233	0	8.94
89.9062	78.498	158.375	0.215674	0.196067	0.470988	0	9
89.5037	83.6792	158.369	0.218824	0.198931	0.502075	0	9.06
88.8876	88.2598	158.653	0.221629	0.201481	0.529559	0	9.12
88.138	91.4371	159.165	0.223568	0.203244	0.548622	0	9.18
87.3554	92.6277	159.798	0.224255	0.203869	0.555766	0	9.24
86.6418	91.6211	160.428	0.223536	0.203214	0.549726	0	9.3
86.0844	88.6226	160.93	0.22152	0.201382	0.531735	0	9.36
85.7434	84.1785	161.205	0.218544	0.198676	0.505071	0	9.42
85.647	79.0243	161.192	0.21507	0.195518	0.474146	0	9.48
85.7905	73.9182	160.878	0.211587	0.192352	0.443509	0	9.54
86.139	69.5139	160.289	0.208522	0.189565	0.417083	0	9.6
86.6336	66.2967	159.488	0.206196	0.187451	0.39778	0	9.66
87.1975	64.5758	158.557	0.204818	0.186198	0.387455	0	9.72
87.7449	64.5051	157.594	0.204497	0.185906	0.387031	0	9.78
88.189	66.1001	156.697	0.205251	0.186592	0.396601	0	9.84
88.4528	69.2282	155.959	0.207002	0.188184	0.415369	0	9.9
88.4801	73.5738	155.457	0.209557	0.190507	0.441443	0	9.96
88.247	78.6064	155.245	0.212585	0.193259	0.471638	0	10.02
87.7698	83.5982	155.335	0.215624	0.196022	0.501589	0	10.08
87.105	87.7267	155.695	0.218147	0.198316	0.52636	0	10.14
86.3399	90.2539	156.247	0.219675	0.199704	0.541523	0	10.2
85.5762	90.716	156.88	0.219894	0.199903	0.544296	0	10.26
84.9109	89.0434	157.468	0.218739	0.198854	0.53426	0	10.32
84.4222	85.5624	157.896	0.216401	0.196728	0.513374	0	10.38
84.159	80.8899	158.076	0.213262	0.193875	0.48534	0	10.44
84.1382	75.7727	157.965	0.209798	0.190725	0.454636	0	10.5
84.3448	70.932	157.562	0.206474	0.187703	0.425592	0	10.56
84.7362	66.9583	156.908	0.203678	0.185161	0.40175	0	10.62
85.2476	64.2691	156.07	0.201687	0.183352	0.385615	0	10.68
85.7997	63.1143	155.137	0.200674	0.182431	0.378686	0	10.74
86.3069	63.5991	154.204	0.200713	0.182466	0.381595	0	10.8
86.6859	65.6927	153.368	0.201793	0.183448	0.394156	0	10.86
86.8666	69.2098	152.715	0.203803	0.185275	0.415259	0	10.92
86.8034	73.7725	152.316	0.206509	0.187735	0.442635	0	10.98
86.4852	78.7899	152.21	0.20954	0.190491	0.472739	0	11.04
85.9418	83.5006	152.395	0.212412	0.193102	0.501004	0	11.1
85.2402	87.1031	152.824	0.21461	0.1951	0.522619	0	11.16
84.4731	88.9437	153.409	0.215705	0.196095	0.533662	0	11.22
83.7407	88.6885	154.032	0.215464	0.195877	0.532131	0	11.28
83.1335	86.4045	154.571	0.213912	0.194466	0.518427	0	11.34
82.7192	82.5227	154.921	0.211307	0.192098	0.495136	0	11.4
82.5358	77.7096	155.008	0.208067	0.189152	0.466258	0	11.46
82.589	72.705	154.804	0.204665	0.186059	0.43623	0	11.52
82.8545	68.1825	154.324	0.201538	0.183216	0.409095	0	11.58
83.2823	64.6667	153.616	0.199033	0.180939	0.388	0	11.64
83.8035	62.5102	152.755	0.197386	0.179441	0.375061	0	11.7
84.337	61.9087	151.832	0.196731	0.178847	0.371452	0	11.76
84.7987	62.921	150.94	0.197116	0.179196	0.377526	0	11.82
85.1099	65.4697	150.173	0.198497	0.180452	0.392818	0	11.88
85.2086	69.3141	149.612	0.200729	0.182481	0.415884	0	11.94
85.0604	74.0137	149.316	0.203537	0.185034	0.444082	0	12
84.6675	78.9241	149.311	0.206516	0.187742	0.473544	0	12.06
84.0722	83.267	149.582	0.209168	0.190153	0.499602	0	12.12
83.3503	86.283	150.068	0.211003	0.191821	0.517698	0	12.18
82.5972	87.42	150.669	0.211653	0.192412	0.52452	0	12.24
81.9096	86.4785	151.268	0.210973	0.191794	0.518871	0	12.3
81.3702	83.6528	151.747	0.209068	0.190062	0.501917	0	12.36
81.0361	79.4598	152.011	0.206255	0.187504	0.476759	0	12.42
80.9338	74.5949	152.004	0.202972	0.18452	0.447569	0	12.48
81.0589	69.775	151.712	0.19968	0.181528	0.41865	0	12.54
81.3785	65.618	151.161	0.196784	0.178894	0.393708	0	12.6
81.8365	62.5824	150.409	0.194586	0.176897	0.375494	0	12.66
82.3606	60.9602	149.535	0.193285	0.175713	0.365761	0	12.72
82.8694	60.8968	148.63	0.192982	0.175438	0.365381	0	12.78
83.2809	62.4069	147.788	0.193694	0.176085	0.374441	0	12.84
83.5223	65.3649	147.095	0.195349	0.17759	0.39219	0	12.9
83.5406	69.4728	146.627	0.197763	0.179784	0.416837	0	12.96
83.3133	74.2294	146.432	0.200623	0.182385	0.445376	0	13.02
82.8557	78.9467	146.522	0.203494	0.184994	0.47368	0	13.08
82.2214	82.8478	146.867	0.205878	0.187161	0.497087	0	13.14
81.4928	85.2357	147.393	0.20732	0.188473	0.511414	0	13.2
80.7661	85.6726	147.996	0.207527	0.188661	0.514036	0	13.26
80.1329	84.093	148.557	0.206437	0.18767	0.504558	0	13.32
79.6669	80.8054	148.965	0.204229	0.185663	0.484833	0	13.38
79.4142	76.3927	149.14	0.201265	0.182968	0.458356	0	13.44
79.3908	71.5599	149.039	0.197993	0.179994	0.429359	0	13.5
79.5825	66.9883	148.664	0.194855	0.177141	0.40193	0	13.56
79.9488	63.2354	148.05	0.192214	0.17474	0.379413	0	13.62
80.4287	60.6954	147.263	0.190335	0.173032	0.364172	0	13.68
80.9473	59.604	146.385	0.189378	0.172162	0.357624	0	13.74
81.4237	60.0605	145.508	0.189415	0.172195	0.360363	0	13.8
81.7795	62.0358	144.722	0.190434	0.173122	0.372215	0	13.86
81.9484	65.3544	144.109	0.192332	0.174847	0.392127	0	13.92
81.8874	69.6597	143.735	0.194886	0.177169	0.417958	0	13.98
81.5861	74.3936	143.637	0.197747	0.17977	0.446362	0	14.04
81.0726	78.8377	143.814	0.200458	0.182234	0.473026	0	14.1
80.4103	82.2355	144.221	0.202532	0.18412	0.493413	0	14.16
79.6864	83.9702	144.775	0.203565	0.185059	0.503821	0	14.22
78.9954	83.7271	145.365	0.203338	0.184853	0.502363	0	14.28
78.4227	81.5695	145.876	0.201873	0.183521	0.489417	0	14.34
78.0323	77.9043	146.207	0.199415	0.181286	0.467426	0	14.4
77.8597	73.3603	146.291	0.196357	0.178506	0.440162	0	14.46
77.9104	68.6358	146.1	0.193146	0.175588	0.411815	0	14.52
78.1615	64.3664	145.647	0.190196	0.172905	0.386198	0	14.58
78.5657	61.047	144.98	0.187831	0.170756	0.366282	0	14.64
79.0581	59.0105	144.169	0.186277	0.169343	0.354063	0	14.7
79.5622	58.4415	143.298	0.185659	0.168781	0.350649	0	14.76
79.9985	59.3953	142.457	0.186022	0.169111	0.356372	0	14.82
80.293	61.799	141.734	0.187325	0.170296	0.370794	0	14.88
80.3871	65.4252	141.205	0.189431	0.17221	0.392551	0	14.94
80.2482	69.8583	140.926	0.192081	0.174619	0.41915	0	15
79.8787	74.4901	140.921	0.194891	0.177174	0.446941	0	15.06
79.3182	78.5864	141.177	0.197394	0.179449	0.471518	0	15.12
78.6384	81.4307	141.635	0.199125	0.181022	0.488584	0	15.18
77.9291	82.5021	142.203	0.199738	0.18158	0.495013	0	15.24
77.2818	81.6125	142.768	0.199097	0.180997	0.489675	0	15.3
76.7741	78.9453	143.219	0.197299	0.179363	0.473672	0	15.36
76.4601	74.988	143.468	0.194645	0.17695	0.449928	0	15.42
76.3647	70.3968	143.461	0.191547	0.174134	0.422381	0	15.48
76.4839	65.8482	143.185	0.188441	0.17131	0.395089	0	15.54
76.7864	61.9251	142.665	0.185708	0.168826	0.37155	0	15.6
77.2196	59.0601	141.954	0.183635	0.166941	0.354361	0	15.66
77.7151	57.5289	141.129	0.182406	0.165824	0.345173	0	15.72
78.1961	57.4687	140.275	0.18212	0.165564	0.344812	0	15.78
78.5852	58.8931	139.48	0.182792	0.166175	0.353358	0	15.84
78.8139	61.6839	138.826	0.184354	0.167594	0.370103	0	15.9
78.832	65.5597	138.384	0.186632	0.169665	0.393358	0	15.96
78.6183	70.0476	138.199	0.189331	0.172119	0.420285	0	16.02
78.1874	74.4985	138.283	0.192039	0.174581	0.446991	0	16.08
77.5896	78.1794	138.608	0.194289	0.176626	0.469076	0	16.14
76.9029	80.4324	139.105	0.19565	0.177864	0.482594	0	16.2
76.2178	80.8445	139.673	0.195845	0.178041	0.485067	0	16.26
75.6209	79.3538	140.202	0.194816	0.177106	0.476123	0	16.32
75.1817	76.2515	140.586	0.192733	0.175212	0.457509	0	16.38
74.9438	72.0874	140.751	0.189936	0.172669	0.432524	0	16.44
74.9222	67.527	140.655	0.186849	0.169863	0.405162	0	16.5
75.1035	63.213	140.3	0.183887	0.16717	0.379278	0	16.56
75.4496	59.6717	139.721	0.181396	0.164905	0.35803	0	16.62
75.9029	57.2748	138.978	0.179622	0.163293	0.343649	0	16.68
76.3926	56.245	138.149	0.178719	0.162472	0.33747	0	16.74
76.8425	56.6758	137.321	0.178754	0.162504	0.340055	0	16.8
77.1786	58.5399	136.578	0.179716	0.163378	0.351239	0	16.86
77.3382	61.6717	136	0.181506	0.165006	0.37003	0	16.92
77.2808	65.7347	135.647	0.183917	0.167197	0.394408	0	16.98
76.9967	70.2022	135.554	0.186617	0.169652	0.421213	0	17.04
76.5123	74.3962	135.72	0.189175	0.171977	0.446377	0	17.1
75.8873	77.6028	136.105	0.191132	0.173757	0.465617	0	17.16
75.2042	79.2401	136.627	0.192107	0.174643	0.475441	0	17.22
74.5522	79.0109	137.184	0.191893	0.174448	0.474066	0	17.28
74.0118	76.975	137.665	0.19051	0.173191	0.46185	0	17.34
73.6433	73.5162	137.978	0.188191	0.171082	0.441097	0	17.4
73.4804	69.2283	138.056	0.185305	0.168459	0.41537	0	17.46
73.5283	64.7699	137.876	0.182275	0.165705	0.388619	0	17.52
73.7652	60.7409	137.449	0.17949	0.163173	0.364446	0	17.58
74.1467	57.6085	136.819	0.177259	0.161145	0.345651	0	17.64
74.6113	55.6869	136.054	0.175792	0.159811	0.334121	0	17.7
75.087	55.15	135.232	0.175209	0.159281	0.3309	0	17.76
75.4988	56.0503	134.438	0.175552	0.159592	0.336302	0	17.82
75.7766	58.3188	133.756	0.176782	0.160711	0.349913	0	17.88
75.8653	61.7411	133.256	0.178769	0.162518	0.370447	0	17.94
75.7342	65.9249	132.992	0.18127	0.164791	0.395549	0	18
75.3854	70.2962	132.988	0.183922	0.167202	0.421777	0	18.06
74.8563	74.1622	133.229	0.186284	0.169349	0.444973	0	18.12
74.2146	76.8466	133.662	0.187917	0.170834	0.46108	0	18.18
73.5451	77.8579	134.197	0.188496	0.17136	0.467147	0	18.24
72.9341	77.0185	134.731	0.187891	0.17081	0.462111	0	18.3
72.4548	74.5015	135.157	0.186195	0.169268	0.447009	0	18.36
72.1583	70.767	135.392	0.183689	0.16699	0.424602	0	18.42
72.0683	66.4342	135.385	0.180766	0.164333	0.398605	0	18.48
72.1806	62.1416	135.125	0.177835	0.161668	0.37285	0	18.54
72.466	58.4393	134.634	0.175256	0.159323	0.350636	0	18.6
72.8747	55.7357	133.963	0.173299	0.157544	0.334414	0	18.66
73.3422	54.2907	133.185	0.17214	0.156491	0.325744	0	18.72
73.796	54.2339	132.379	0.17187	0.156245	0.325403	0	18.78
74.1632	55.5782	131.628	0.172504	0.156822	0.333469	0	18.84
74.3789	58.2121	131.011	0.173977	0.158161	0.349272	0	18.9
74.3959	61.8698	130.594	0.176127	0.160116	0.371219	0	18.96
74.1942	66.1052	130.419	0.178674	0.162431	0.396631	0	19.02
73.7874	70.3057	130.499	0.181231	0.164755	0.421834	0	19.08
73.2231	73.7795	130.806	0.183353	0.166685	0.442677	0	19.14
72.575	75.9058	131.274	0.184638	0.167853	0.455435	0	19.2
71.9283	76.2947	131.811	0.184822	0.16802	0.457768	0	19.26
71.365	74.888	132.31	0.183851	0.167138	0.449328	0	19.32
70.9504	71.9602	132.673	0.181885	0.16535	0.431761	0	19.38
70.7259	68.0305	132.828	0.179246	0.162951	0.408183	0	19.44
70.7054	63.7267	132.738	0.176332	0.160302	0.38236	0	19.5
70.8765	59.6556	132.403	0.173537	0.157761	0.357933	0	19.56
71.203	56.3135	131.856	0.171186	0.155624	0.337881	0	19.62
71.6307	54.0515	131.155	0.169512	0.154102	0.324309	0	19.68
72.0929	53.0797	130.373	0.16866	0.153327	0.318478	0	19.74
72.5174	53.4863	129.592	0.168693	0.153357	0.320918	0	19.8
72.8345	55.2454	128.891	0.169601	0.154182	0.331472	0	19.86
72.9851	58.201	128.345	0.17129	0.155719	0.349206	0	19.92
72.9309	62.0353	128.011	0.173565	0.157787	0.372212	0	19.98
72.6628	66.2513	127.924	0.176113	0.160103	0.397508	0	20.04
72.2056	70.2093	128.081	0.178527	0.162298	0.421256	0	20.1
71.6158	73.2354	128.444	0.180375	0.163977	0.439413	0	20.16
70.9711	74.7806	128.937	0.181294	0.164813	0.448683	0	20.22
70.3558	74.5642	129.462	0.181092	0.164629	0.447385	0	20.28
69.8458	72.6429	129.917	0.179788	0.163443	0.435857	0	20.34
69.4981	69.3788	130.212	0.177598	0.161453	0.416273	0	20.4
69.3443	65.3321	130.286	0.174875	0.158977	0.391993	0	20.46
69.3895	61.1247	130.116	0.172016	0.156378	0.366748	0	20.52
69.6131	57.3224	129.713	0.169388	0.153989	0.343935	0	20.58
69.9731	54.3664	129.119	0.167282	0.152075	0.326198	0	20.64
70.4115	52.5528	128.396	0.165898	0.150816	0.315317	0	20.7
70.8605	52.0461	127.62	0.165348	0.150316	0.312277	0	20.76
71.249	52.8958	126.871	0.165671	0.15061	0.317375	0	20.82
71.5113	55.0366	126.227	0.166832	0.151665	0.33022	0	20.88
71.595	58.2663	125.756	0.168707	0.15337	0.349598	0	20.94
71.4712	62.2145	125.507	0.171067	0.155516	0.373287	0	21
71.142	66.3398	125.503	0.17357	0.157791	0.398039	0	21.06
70.6428	69.9881	125.731	0.175799	0.159817	0.419929	0	21.12
70.0372	72.5214	126.139	0.17734	0.161218	0.435129	0	21.18
69.4054	73.4758	126.644	0.177887	0.161715	0.440855	0	21.24
68.8288	72.6836	127.148	0.177316	0.161196	0.436102	0	21.3
68.3765	70.3083	127.55	0.175715	0.159741	0.42185	0	21.36
68.0967	66.784	127.772	0.17335	0.157591	0.400704	0	21.42
68.0117	62.6951	127.765	0.170592	0.155083	0.37617	0	21.48
68.1177	58.6441	127.519	0.167826	0.152569	0.351864	0	21.54
68.3871	55.1502	127.056	0.165391	0.150356	0.330901	0	21.6
68.7728	52.5987	126.423	0.163545	0.148677	0.315592	0	21.66
69.214	51.235	125.689	0.162451	0.147683	0.30741	0	21.72
69.6423	51.1814	124.928	0.162196	0.147451	0.307088	0	21.78
69.9888	52.4501	124.219	0.162794	0.147995	0.3147	0	21.84
70.1924	54.9356	123.637	0.164185	0.149259	0.329614	0	21.9
70.2085	58.3875	123.243	0.166214	0.151104	0.350325	0	21.96
70.0181	62.3845	123.079	0.168618	0.153289	0.374307	0	22.02
69.6342	66.3486	123.154	0.17103	0.155482	0.398092	0	22.08
69.1017	69.6268	123.443	0.173033	0.157303	0.417761	0	22.14
68.49	71.6334	123.886	0.174246	0.158405	0.429801	0	22.2
67.8798	72.0005	124.392	0.17442	0.158563	0.432003	0	22.26
67.3482	70.6729	124.863	0.173503	0.15773	0.424037	0	22.32
66.9569	67.9099	125.206	0.171648	0.156043	0.40746	0	22.38
66.745	64.2014	125.352	0.169157	0.153779	0.385208	0	22.44
66.7258	60.1399	125.267	0.166408	0.15128	0.360839	0	22.5
66.8872	56.2978	124.951	0.16377	0.148882	0.337787	0	22.56
67.1954	53.1439	124.435	0.161551	0.146864	0.318863	0	22.62
67.599	51.0092	123.773	0.159972	0.145429	0.306055	0	22.68
68.0351	50.0921	123.035	0.159167	0.144697	0.300552	0	22.74
68.4358	50.4758	122.298	0.159198	0.144725	0.302855	0	22.8
68.735	52.1359	121.636	0.160055	0.145504	0.312815	0	22.86
68.8772	54.9251	121.121	0.161649	0.146954	0.329551	0	22.92
68.8261	58.5436	120.806	0.163796	0.148906	0.351261	0	22.98
68.573	62.5223	120.724	0.166201	0.151091	0.375134	0	23.04
68.1415	66.2575	120.872	0.168479	0.153163	0.397545	0	23.1
67.5849	69.1134	121.214	0.170222	0.154748	0.41468	0	23.16
66.9766	70.5715	121.68	0.17109	0.155537	0.423429	0	23.22
66.3958	70.3674	122.176	0.1709	0.155363	0.422204	0	23.28
65.9145	68.5542	122.605	0.169668	0.154244	0.411325	0	23.34
65.5864	65.4738	122.883	0.167602	0.152366	0.392843	0	23.4
65.4413	61.6549	122.953	0.165032	0.150029	0.369929	0	23.46
65.484	57.6843	122.792	0.162334	0.147576	0.346106	0	23.52
65.6949	54.096	122.412	0.159854	0.145322	0.324576	0	23.58
66.0347	51.3063	121.851	0.157867	0.143515	0.307838	0	23.64
66.4485	49.5949	121.169	0.15656	0.142328	0.297569	0	23.7
66.8722	49.1167	120.437	0.156041	0.141856	0.2947	0	23.76
67.2389	49.9185	119.731	0.156346	0.142133	0.299511	0	23.82
67.4863	51.9389	119.123	0.157442	0.143129	0.311633	0	23.88
67.5653	54.9867	118.678	0.159212	0.144738	0.32992	0	23.94
67.4485	58.7128	118.443	0.161439	0.146763	0.352277	0	24
67.1379	62.6059	118.439	0.163801	0.14891	0.375635	0	24.06
66.6667	66.0489	118.654	0.165904	0.150822	0.396293	0	24.12
66.0952	68.4396	119.039	0.167359	0.152144	0.410638	0	24.18
65.499	69.3402	119.516	0.167875	0.152613	0.416041	0	24.24
64.9548	68.5927	119.991	0.167335	0.152123	0.411556	0	24.3
64.528	66.351	120.371	0.165825	0.15075	0.398106	0	24.36
64.264	63.025	120.58	0.163593	0.148721	0.37815	0	24.42
64.1837	59.1663	120.574	0.16099	0.146354	0.354998	0	24.48
64.2838	55.3433	120.342	0.15838	0.143981	0.33206	0	24.54
64.538	52.046	119.905	0.156082	0.141893	0.312276	0	24.6
64.902	49.6382	119.308	0.15434	0.140309	0.297829	0	24.66
65.3184	48.3513	118.614	0.153307	0.13937	0.290108	0	24.72
65.7225	48.3007	117.896	0.153067	0.139152	0.289804	0	24.78
66.0495	49.4979	117.228	0.153632	0.139665	0.296988	0	24.84
66.2417	51.8436	116.678	0.154944	0.140858	0.311062	0	24.9
66.2568	55.1012	116.307	0.156859	0.142599	0.330607	0	24.96
66.0772	58.8732	116.151	0.159127	0.144661	0.353239	0	25.02
65.7148	62.6142	116.222	0.161404	0.146731	0.375685	0	25.08
65.2123	65.7079	116.495	0.163294	0.148449	0.394248	0	25.14
64.6351	67.6016	116.913	0.164439	0.14949	0.405609	0	25.2
64.0592	67.9479	117.391	0.164603	0.149639	0.407688	0	25.26
63.5575	66.6951	117.835	0.163738	0.148852	0.400171	0	25.32
63.1883	64.0877	118.158	0.161987	0.147261	0.384526	0	25.38
62.9883	60.5878	118.297	0.159636	0.145124	0.363527	0	25.44
62.9701	56.7549	118.216	0.157041	0.142765	0.340529	0	25.5
63.1225	53.1291	117.918	0.154552	0.140502	0.318775	0	25.56
63.4133	50.1527	117.431	0.152458	0.138598	0.300916	0	25.62
63.7942	48.1382	116.806	0.150968	0.137243	0.288829	0	25.68
64.2058	47.2727	116.11	0.150209	0.136553	0.283636	0	25.74
64.5839	47.6348	115.414	0.150238	0.13658	0.285809	0	25.8
64.8663	49.2015	114.79	0.151046	0.137315	0.295209	0	25.86
65.0005	51.8337	114.304	0.152551	0.138683	0.311002	0	25.92
64.9522	55.2485	114.007	0.154577	0.140525	0.331491	0	25.98
64.7134	59.0033	113.929	0.156846	0.142587	0.35402	0	26.04
64.3062	62.5282	114.069	0.158996	0.144542	0.375169	0	26.1
63.781	65.2233	114.392	0.160641	0.146038	0.39134	0	26.16
63.2068	66.5995	114.831	0.161461	0.146782	0.399597	0	26.22
62.6588	66.4068	115.299	0.161281	0.146619	0.398441	0	26.28
62.2046	64.6956	115.704	0.160119	0.145562	0.388174	0	26.34
61.8949	61.7886	115.966	0.158169	0.14379	0.370732	0	26.4
61.758	58.1847	116.032	0.155744	0.141585	0.349108	0	26.46
61.7982	54.4375	115.881	0.153197	0.13927	0.326625	0	26.52
61.9973	51.0513	115.522	0.150857	0.137142	0.306308	0	26.58
62.318	48.4186	114.993	0.148981	0.135438	0.290512	0	26.64
62.7085	46.8034	114.349	0.147748	0.134317	0.280821	0	26.7
63.1083	46.3522	113.658	0.147258	0.133871	0.278113	0	26.76
63.4543	47.1089	112.992	0.147546	0.134133	0.282653	0	26.82
63.6879	49.0155	112.418	0.14858	0.135073	0.294093	0	26.88
63.7624	51.8918	111.998	0.150251	0.136591	0.311351	0	26.94
63.6522	55.4081	111.777	0.152352	0.138502	0.332449	0	27
63.359	59.0821	111.773	0.154581	0.140529	0.354493	0	27.06
62.9144	62.3313	111.976	0.156566	0.142333	0.373988	0	27.12
62.3751	64.5875	112.339	0.157939	0.143581	0.387525	0	27.18
61.8124	65.4374	112.789	0.158426	0.144023	0.392625	0	27.24
61.2988	64.7319	113.237	0.157917	0.143561	0.388392	0	27.3
60.8961	62.6164	113.596	0.156491	0.142265	0.375699	0	27.36
60.6469	59.4777	113.793	0.154386	0.140351	0.356866	0	27.42
60.5712	55.8362	113.788	0.151929	0.138117	0.335017	0	27.48
60.6656	52.2283	113.569	0.149465	0.135878	0.31337	0	27.54
60.9055	49.1167	113.156	0.147297	0.133907	0.2947	0	27.6
61.249	46.8443	112.593	0.145653	0.132412	0.281066	0	27.66
61.6419	45.6298	111.938	0.144679	0.131526	0.273779	0	27.72
62.0233	45.5821	111.261	0.144452	0.13132	0.273493	0	27.78
62.332	46.712	110.63	0.144985	0.131804	0.280272	0	27.84
62.5133	48.9256	110.111	0.146223	0.13293	0.293554	0	27.9
62.5276	51.9998	109.76	0.14803	0.134573	0.311999	0	27.96
62.358	55.5596	109.614	0.150171	0.136519	0.333357	0	28.02
62.0161	59.09	109.681	0.152319	0.138472	0.35454	0	28.08
61.5419	62.0096	109.939	0.154103	0.140094	0.372057	0	28.14
60.9971	63.7966	110.332	0.155183	0.141076	0.38278	0	28.2
60.4537	64.1235	110.783	0.155338	0.141216	0.384741	0	28.26
59.9802	62.9412	111.203	0.154522	0.140474	0.377647	0	28.32
59.6318	60.4805	111.508	0.152869	0.138972	0.362883	0	28.38
59.4431	57.1777	111.638	0.150651	0.136955	0.343066	0	28.44
59.4259	53.5605	111.563	0.148202	0.134729	0.321363	0	28.5
59.5697	50.1388	111.281	0.145853	0.132594	0.300833	0	28.56
59.8441	47.3299	110.821	0.143877	0.130797	0.283979	0	28.62
60.2036	45.4287	110.232	0.14247	0.129519	0.272572	0	28.68
60.592	44.6119	109.575	0.141754	0.128867	0.267672	0	28.74
60.9488	44.9537	108.918	0.141782	0.128892	0.269722	0	28.8
61.2153	46.4322	108.329	0.142545	0.129586	0.278593	0	28.86
61.342	48.9163	107.87	0.143965	0.130877	0.293498	0	28.92
61.2964	52.1388	107.59	0.145877	0.132615	0.312833	0	28.98
61.071	55.6823	107.516	0.148018	0.134562	0.334094	0	29.04
60.6868	59.0089	107.649	0.150047	0.136407	0.354053	0	29.1
60.1911	61.5523	107.953	0.1516	0.137818	0.369314	0	29.16
59.6492	62.8509	108.368	0.152373	0.138521	0.377106	0	29.22
59.132	62.6691	108.809	0.152203	0.138366	0.376015	0	29.28
58.7034	61.0543	109.192	0.151106	0.13737	0.366326	0	29.34
58.4112	58.3109	109.439	0.149266	0.135697	0.349865	0	29.4
58.282	54.9098	109.502	0.146978	0.133616	0.329459	0	29.46
58.3199	51.3735	109.359	0.144574	0.131431	0.308241	0	29.52
58.5078	48.1779	109.02	0.142366	0.129423	0.289067	0	29.58
58.8104	45.6934	108.521	0.140596	0.127815	0.27416	0	29.64
59.1789	44.1691	107.913	0.139432	0.126757	0.265015	0	29.7
59.5563	43.7433	107.261	0.13897	0.126336	0.26246	0	29.76
59.8828	44.4574	106.632	0.139242	0.126583	0.266744	0	29.82
60.1032	46.2567	106.09	0.140217	0.12747	0.27754	0	29.88
60.1736	48.9711	105.694	0.141794	0.128903	0.293827	0	29.94
60.0696	52.2895	105.485	0.143777	0.130707	0.313737	0	30
59.7929	55.7567	105.482	0.145881	0.132619	0.33454	0	30.06
59.3733	58.823	105.673	0.147754	0.134322	0.352938	0	30.12
58.8643	60.9522	106.016	0.14905	0.1355	0.365713	0	30.18
58.3333	61.7543	106.441	0.149509	0.135917	0.370526	0	30.24
57.8486	61.0885	106.864	0.149029	0.135481	0.366531	0	30.3
57.4685	59.0921	107.202	0.147683	0.134258	0.354553	0	30.36
57.2334	56.13	107.388	0.145696	0.132451	0.33678	0	30.42
57.162	52.6934	107.383	0.143377	0.130343	0.316161	0	30.48
57.251	49.2887	107.176	0.141053	0.12823	0.295732	0	30.54
57.4774	46.3521	106.787	0.139007	0.12637	0.278113	0	30.6
57.8016	44.2077	106.255	0.137455	0.124959	0.265246	0	30.66
58.1724	43.0616	105.638	0.136535	0.124123	0.258369	0	30.72
58.5324	43.0165	104.998	0.136321	0.123928	0.258099	0	30.78
58.8236	44.0828	104.403	0.136824	0.124386	0.264497	0	30.84
58.9948	46.1718	103.914	0.137993	0.125448	0.277031	0	30.9
59.0083	49.0731	103.583	0.139698	0.126998	0.294438	0	30.96
58.8482	52.4324	103.444	0.141718	0.128835	0.314594	0	31.02
58.5256	55.7641	103.507	0.143746	0.130678	0.334585	0	31.08
58.078	58.5194	103.751	0.14543	0.132209	0.351116	0	31.14
57.5639	60.2059	104.122	0.146449	0.133135	0.361235	0	31.2
57.0511	60.5144	104.548	0.146595	0.133268	0.363086	0	31.26
56.6043	59.3986	104.944	0.145825	0.132568	0.356391	0	31.32
56.2754	57.0764	105.232	0.144265	0.13115	0.342458	0	31.38
56.0973	53.9594	105.355	0.142172	0.129247	0.323757	0	31.44
56.0811	50.5459	105.283	0.139861	0.127146	0.303275	0	31.5
56.2168	47.3167	105.018	0.137644	0.125131	0.2839	0	31.56
56.4758	44.6659	104.584	0.135779	0.123435	0.267996	0	31.62
56.8151	42.8718	104.028	0.134452	0.122229	0.257231	0	31.68
57.1816	42.101	103.408	0.133776	0.121614	0.252606	0	31.74
57.5184	42.4235	102.788	0.133801	0.121638	0.254541	0	31.8
57.7699	43.8188	102.232	0.134522	0.122292	0.262913	0	31.86
57.8893	46.163	101.799	0.135862	0.123511	0.276978	0	31.92
57.8464	49.2042	101.534	0.137666	0.125151	0.295225	0	31.98
57.6337	52.5483	101.465	0.139687	0.126988	0.31529	0	32.04
57.271	55.6876	101.59	0.141602	0.128729	0.334125	0	32.1
56.8032	58.0878	101.877	0.143067	0.130061	0.348527	0	32.16
56.2919	59.3134	102.268	0.143797	0.130724	0.35588	0	32.22
55.8038	59.1418	102.685	0.143636	0.130578	0.354851	0	32.28
55.3993	57.6178	103.046	0.142601	0.129638	0.345707	0	32.34
55.1235	55.0289	103.279	0.140865	0.128059	0.330173	0	32.4
55.0016	51.8192	103.338	0.138705	0.126096	0.310915	0	32.46
55.0374	48.482	103.203	0.136437	0.124034	0.290892	0	32.52
55.2147	45.4662	102.884	0.134353	0.122139	0.272797	0	32.58
55.5003	43.1215	102.412	0.132683	0.120621	0.258729	0	32.64
55.8481	41.6831	101.839	0.131585	0.119622	0.250099	0	32.7
56.2042	41.2812	101.224	0.131148	0.119226	0.247687	0	32.76
56.5124	41.9551	100.63	0.131404	0.119459	0.251731	0	32.82
56.7203	43.6532	100.119	0.132325	0.120296	0.261919	0	32.88
56.7867	46.2148	99.7453	0.133813	0.121648	0.277289	0	32.94
56.6886	49.3464	99.548	0.135685	0.12335	0.296079	0	33
56.4275	52.6185	99.5449	0.13767	0.125155	0.315711	0	33.06
56.0315	55.5122	99.7254	0.139438	0.126761	0.333073	0	33.12
55.5512	57.5215	100.049	0.14066	0.127873	0.345129	0	33.18
55.0501	58.2785	100.45	0.141094	0.128267	0.349671	0	33.24
54.5927	57.6502	100.849	0.140641	0.127855	0.345901	0	33.3
54.234	55.7661	101.168	0.139371	0.126701	0.334597	0	33.36
54.012	52.9708	101.344	0.137496	0.124996	0.317825	0	33.42
53.9446	49.7276	101.339	0.135307	0.123007	0.298366	0	33.48
54.0287	46.5145	101.144	0.133114	0.121012	0.279087	0	33.54
54.2423	43.7432	100.776	0.131183	0.119257	0.262459	0	33.6
54.5483	41.7195	100.275	0.129718	0.117926	0.250317	0	33.66
54.8982	40.6379	99.692	0.128851	0.117137	0.243827	0	33.72
55.2379	40.5954	99.0885	0.128648	0.116953	0.243572	0	33.78
55.5128	41.6016	98.5266	0.129123	0.117385	0.24961	0	33.84
55.6743	43.5731	98.0649	0.130226	0.118387	0.261438	0	33.9
55.687	46.311	97.7526	0.131835	0.11985	0.277866	0	33.96
55.536	49.4813	97.6219	0.133742	0.121583	0.296888	0	34.02
55.2315	52.6255	97.6815	0.135655	0.123323	0.315753	0	34.08
54.8091	55.2257	97.9111	0.137244	0.124768	0.331354	0	34.14
54.324	56.8172	98.2619	0.138206	0.125642	0.340903	0	34.2
53.84	57.1083	98.6636	0.138344	0.125767	0.34265	0	34.26
53.4183	56.0554	99.0369	0.137617	0.125106	0.336332	0	34.32
53.108	53.8639	99.3088	0.136145	0.123768	0.323183	0	34.38
52.9399	50.9224	99.425	0.13417	0.121972	0.305534	0	34.44
52.9246	47.7009	99.3576	0.131989	0.11999	0.286205	0	34.5
53.0527	44.6535	99.1068	0.129897	0.118088	0.267921	0	34.56
53.2971	42.1519	98.6973	0.128137	0.116488	0.252912	0	34.62
53.6172	40.4588	98.1725	0.126884	0.115349	0.242753	0	34.68
53.9632	39.7313	97.5873	0.126246	0.114769	0.238388	0	34.74
54.281	40.0357	97.0023	0.12627	0.114791	0.240214	0	34.8
54.5183	41.3524	96.4778	0.12695	0.115409	0.248115	0	34.86
54.6311	43.5648	96.0691	0.128215	0.116559	0.261389	0	34.92
54.5905	46.4348	95.8196	0.129918	0.118107	0.278609	0	34.98
54.3898	49.5906	95.754	0.131825	0.119841	0.297544	0	35.04
54.0476	52.5532	95.8717	0.133632	0.121484	0.315319	0	35.1
53.6061	54.8184	96.1432	0.135015	0.122741	0.32891	0	35.16
53.1235	55.975	96.5123	0.135703	0.123366	0.33585	0	35.22
52.6629	55.813	96.9056	0.135552	0.123229	0.334878	0	35.28
52.2812	54.3748	97.2458	0.134575	0.122341	0.326249	0	35.34
52.0209	51.9316	97.4664	0.132936	0.120851	0.31159	0	35.4
51.9059	48.9026	97.522	0.130898	0.118998	0.293416	0	35.46
51.9397	45.7532	97.3946	0.128758	0.117052	0.274519	0	35.52
52.107	42.9072	97.093	0.126791	0.115264	0.257443	0	35.58
52.3765	40.6945	96.6482	0.125215	0.113832	0.244167	0	35.64
52.7047	39.337	96.1073	0.124178	0.112889	0.236022	0	35.7
53.0407	38.9577	95.5267	0.123767	0.112515	0.233746	0	35.76
53.3316	39.5937	94.9662	0.124008	0.112735	0.237562	0	35.82
53.5279	41.1962	94.484	0.124877	0.113525	0.247177	0	35.88
53.5905	43.6136	94.1312	0.126281	0.114801	0.261682	0	35.94
53.4979	46.569	93.945	0.128048	0.116407	0.279414	0	36
53.2515	49.6568	93.9421	0.129921	0.11811	0.297941	0	36.06
52.8778	52.3877	94.1124	0.131589	0.119627	0.314326	0	36.12
52.4245	54.284	94.4178	0.132743	0.120676	0.325704	0	36.18
51.9516	54.9983	94.7962	0.133152	0.121048	0.32999	0	36.24
51.5199	54.4054	95.1728	0.132725	0.120659	0.326432	0	36.3
51.1814	52.6273	95.4739	0.131527	0.11957	0.315764	0	36.36
50.972	49.9893	95.6399	0.129757	0.117961	0.299936	0	36.42
50.9084	46.9287	95.6353	0.127692	0.116083	0.281572	0	36.48
50.9877	43.8964	95.4512	0.125621	0.114201	0.263379	0	36.54
51.1893	41.2812	95.1043	0.123799	0.112545	0.247687	0	36.6
51.4781	39.3713	94.6309	0.122417	0.111288	0.236228	0	36.66
51.8083	38.3506	94.0809	0.121598	0.110544	0.230104	0	36.72
52.1289	38.3105	93.5114	0.121407	0.11037	0.229863	0	36.78
52.3883	39.2601	92.9811	0.121855	0.110778	0.235561	0	36.84
52.5407	41.1206	92.5454	0.122896	0.111724	0.246724	0	36.9
52.5527	43.7044	92.2506	0.124415	0.113105	0.262226	0	36.96
52.4102	46.6962	92.1273	0.126214	0.11474	0.280177	0	37.02
52.1228	49.6634	92.1835	0.12802	0.116382	0.297981	0	37.08
51.7242	52.1173	92.4003	0.12952	0.117745	0.312704	0	37.14
51.2664	53.6193	92.7313	0.130427	0.11857	0.321716	0	37.2
50.8096	53.894	93.1103	0.130557	0.118688	0.323364	0	37.26
50.4117	52.9003	93.4626	0.129871	0.118065	0.317402	0	37.32
50.1188	50.8322	93.7192	0.128482	0.116802	0.304993	0	37.38
49.9602	48.0562	93.8289	0.126618	0.115107	0.288337	0	37.44
49.9458	45.0161	93.7653	0.12456	0.113236	0.270096	0	37.5
50.0666	42.1402	93.5286	0.122585	0.111441	0.252841	0	37.56
50.2973	39.7794	93.1422	0.120924	0.109931	0.238677	0	37.62
50.5994	38.1816	92.6469	0.119742	0.108857	0.229089	0	37.68
50.9259	37.4951	92.0947	0.11914	0.108309	0.22497	0	37.74
51.2258	37.7823	91.5425	0.119163	0.10833	0.226694	0	37.8
51.4498	39.0249	91.0476	0.119805	0.108913	0.23415	0	37.86
51.5562	41.1127	90.6619	0.120998	0.109998	0.246676	0	37.92
51.5179	43.8212	90.4264	0.122605	0.111459	0.262927	0	37.98
51.3285	46.7994	90.3645	0.124405	0.113095	0.280797	0	38.04
51.0055	49.5953	90.4756	0.12611	0.114646	0.297572	0	38.1
50.5889	51.7329	90.7318	0.127415	0.115832	0.310398	0	38.16
50.1335	52.8244	91.0801	0.128065	0.116423	0.316947	0	38.22
49.6988	52.6716	91.4513	0.127922	0.116293	0.31603	0	38.28
49.3386	51.3144	91.7724	0.127001	0.115455	0.307886	0	38.34
49.0929	49.0086	91.9805	0.125454	0.114049	0.294052	0	38.4
48.9844	46.1501	92.033	0.123531	0.1123	0.276901	0	38.46
49.0163	43.178	91.9128	0.121511	0.110464	0.259068	0	38.52
49.1742	40.4921	91.6282	0.119654	0.108777	0.242953	0	38.58
49.4285	38.404	91.2084	0.118167	0.107425	0.230424	0	38.64
49.7382	37.1229	90.698	0.117189	0.106535	0.222737	0	38.7
50.0553	36.765	90.15	0.1168	0.106182	0.22059	0	38.76
50.3298	37.3652	89.6211	0.117029	0.10639	0.224191	0	38.82
50.5151	38.8774	89.166	0.117849	0.107135	0.233265	0	38.88
50.5742	41.1589	88.833	0.119174	0.10834	0.246953	0	38.94
50.4868	43.9479	88.6573	0.120841	0.109855	0.263687	0	39
50.2542	46.8619	88.6546	0.122609	0.111462	0.281172	0	39.06
49.9016	49.4391	88.8153	0.124183	0.112894	0.296635	0	39.12
49.4738	51.2286	89.1035	0.125272	0.113884	0.307372	0	39.18
49.0275	51.9028	89.4607	0.125658	0.114235	0.311417	0	39.24
48.6202	51.3432	89.8161	0.125254	0.113868	0.308059	0	39.3
48.3007	49.6652	90.1002	0.124124	0.11284	0.297991	0	39.36
48.103	47.1757	90.2569	0.122454	0.111321	0.283054	0	39.42
48.043	44.2873	90.2525	0.120505	0.10955	0.265724	0	39.48
48.1179	41.4257	90.0788	0.118551	0.107773	0.248554	0	39.54
48.3082	38.9577	89.7513	0.116831	0.10621	0.233746	0	39.6
48.5806	37.1553	89.3046	0.115527	0.105024	0.222932	0	39.66
48.8923	36.192	88.7856	0.114754	0.104322	0.217152	0	39.72
49.1948	36.1542	88.2481	0.114574	0.104158	0.216925	0	39.78
49.4396	37.0503	87.7477	0.114997	0.104543	0.222302	0	39.84
49.5834	38.8061	87.3365	0.115979	0.105436	0.232837	0	39.9
49.5948	41.2445	87.0583	0.117412	0.106739	0.247467	0	39.96
49.4603	44.068	86.9419	0.11911	0.108282	0.264408	0	40.02
49.1891	46.8682	86.995	0.120814	0.109831	0.281209	0	40.08
48.8129	49.1839	87.1995	0.12223	0.111118	0.295103	0	40.14
48.3809	50.6013	87.512	0.123086	0.111896	0.303608	0	40.2
47.9498	50.8606	87.8696	0.123209	0.112008	0.305164	0	40.26
47.5743	49.9228	88.2021	0.122561	0.11142	0.299537	0	40.32
47.2979	47.9711	88.4443	0.121251	0.110228	0.287827	0	40.38
47.1482	45.3514	88.5478	0.119491	0.108628	0.272108	0	40.44
47.1346	42.4824	88.4878	0.117549	0.106863	0.254894	0	40.5
47.2486	39.7684	88.2644	0.115686	0.105169	0.23861	0	40.56
47.4663	37.5404	87.8997	0.114118	0.103744	0.225243	0	40.62
47.7514	36.0325	87.4323	0.113003	0.10273	0.216195	0	40.68
48.0595	35.3847	86.9112	0.112435	0.102213	0.212308	0	40.74
48.3426	35.6557	86.3901	0.112456	0.102233	0.213934	0	40.8
48.5539	36.8284	85.923	0.113062	0.102783	0.220971	0	40.86
48.6544	38.7987	85.559	0.114188	0.103807	0.232792	0	40.92
48.6182	41.3548	85.3368	0.115704	0.105186	0.248129	0	40.98
48.4395	44.1653	85.2784	0.117403	0.10673	0.264992	0	41.04
48.1347	46.8038	85.3832	0.119012	0.108193	0.280823	0	41.1
47.7415	48.8212	85.625	0.120244	0.109313	0.292927	0	41.16
47.3117	49.8512	85.9537	0.120857	0.10987	0.299107	0	41.22
46.9015	49.707	86.304	0.120722	0.109748	0.298242	0	41.28
46.5616	48.4262	86.607	0.119853	0.108957	0.290557	0	41.34
46.3298	46.2502	86.8034	0.118393	0.10763	0.277501	0	41.4
46.2273	43.5526	86.853	0.116578	0.10598	0.261316	0	41.46
46.2574	40.7477	86.7395	0.114671	0.104247	0.244486	0	41.52
46.4064	38.2131	86.4709	0.11292	0.102654	0.229278	0	41.58
46.6464	36.2424	86.0748	0.111516	0.101378	0.217455	0	41.64
46.9387	35.0335	85.5931	0.110593	0.100539	0.210201	0	41.7
47.238	34.6957	85.076	0.110226	0.100206	0.208174	0	41.76
47.497	35.2621	84.5768	0.110442	0.100402	0.211572	0	41.82
47.6718	36.6892	84.1473	0.111216	0.101105	0.220135	0	41.88
47.7276	38.8422	83.8331	0.112466	0.102242	0.233053	0	41.94
47.6452	41.4743	83.6673	0.114039	0.103672	0.248846	0	42
47.4257	44.2243	83.6647	0.115708	0.105189	0.265346	0	42.06
47.0929	46.6564	83.8164	0.117193	0.106539	0.279939	0	42.12
46.6892	48.3452	84.0884	0.118221	0.107474	0.290071	0	42.18
46.268	48.9814	84.4254	0.118585	0.107805	0.293889	0	42.24
45.8836	48.4534	84.7608	0.118205	0.107459	0.29072	0	42.3
45.5821	46.8698	85.0289	0.117137	0.106489	0.281219	0	42.36
45.3956	44.5204	85.1768	0.115561	0.105056	0.267123	0	42.42
45.3389	41.7946	85.1727	0.113722	0.103384	0.250768	0	42.48
45.4096	39.0941	85.0087	0.111878	0.101707	0.234565	0	42.54
45.5892	36.765	84.6997	0.110256	0.100232	0.22059	0	42.6
45.8463	35.064	84.2781	0.109024	0.0991131	0.210384	0	42.66
46.1404	34.155	83.7883	0.108295	0.0984502	0.20493	0	42.72
46.4259	34.1193	83.2811	0.108125	0.0982958	0.204716	0	42.78
46.6569	34.965	82.8089	0.108524	0.0986585	0.20979	0	42.84
46.7926	36.6219	82.4208	0.109451	0.0995012	0.219732	0	42.9
46.8033	38.9231	82.1583	0.110804	0.100731	0.233538	0	42.96
46.6764	41.5876	82.0484	0.112406	0.102187	0.249526	0	43.02
46.4205	44.2302	82.0985	0.114014	0.10365	0.265381	0	43.08
46.0655	46.4156	82.2915	0.11535	0.104864	0.278494	0	43.14
45.6578	47.7533	82.5864	0.116158	0.105598	0.28652	0	43.2
45.251	47.9979	82.9239	0.116274	0.105704	0.287988	0	43.26
44.8966	47.1129	83.2377	0.115663	0.105148	0.282678	0	43.32
44.6358	45.2711	83.4662	0.114426	0.104024	0.271626	0	43.38
44.4945	42.7988	83.5639	0.112766	0.102514	0.256793	0	43.44
44.4816	40.0913	83.5073	0.110933	0.100848	0.240548	0	43.5
44.5893	37.53	83.2965	0.109174	0.0992494	0.22518	0	43.56
44.7947	35.4275	82.9523	0.107695	0.0979047	0.212565	0	43.62
45.0638	34.0044	82.5112	0.106642	0.0969477	0.204027	0	43.68
45.3545	33.3931	82.0194	0.106106	0.0964602	0.200358	0	43.74
45.6216	33.6489	81.5277	0.106127	0.0964789	0.201893	0	43.8
45.8211	34.7556	81.0869	0.106698	0.0969981	0.208533	0	43.86
45.9159	36.615	80.7433	0.107761	0.0979645	0.21969	0	43.92
45.8818	39.0271	80.5336	0.109192	0.0992655	0.234163	0	43.98
45.7131	41.6795	80.4785	0.110795	0.100723	0.250077	0	44.04
45.4254	44.1695	80.5775	0.112314	0.102103	0.265017	0	44.1
45.0544	46.0733	80.8056	0.113476	0.10316	0.27644	0	44.16
44.6488	47.0454	81.1158	0.114055	0.103686	0.282272	0	44.22
44.2617	46.9093	81.4464	0.113927	0.10357	0.281456	0	44.28
43.9409	45.7005	81.7324	0.113107	0.102824	0.274203	0	44.34
43.7221	43.647	81.9177	0.111729	0.101572	0.261882	0	44.4
43.6254	41.1012	81.9645	0.110016	0.100015	0.246607	0	44.46
43.6538	38.4543	81.8574	0.108217	0.0983793	0.230726	0	44.52
43.7945	36.0622	81.6039	0.106564	0.0968764	0.216373	0	44.58
44.021	34.2025	81.2301	0.105239	0.0956722	0.205215	0	44.64
44.2968	33.0616	80.7755	0.104368	0.0948803	0.19837	0	44.7
44.5792	32.7429	80.2875	0.104022	0.0945657	0.196457	0	44.76
44.8237	33.2774	79.8164	0.104226	0.0947505	0.199664	0	44.82
44.9887	34.6242	79.4111	0.104956	0.0954144	0.207745	0	44.88
45.0413	36.656	79.1146	0.106136	0.0964872	0.219936	0	44.94
44.9635	39.1399	78.9581	0.107621	0.0978369	0.234839	0	45
44.7564	41.7352	78.9557	0.109195	0.0992683	0.250411	0	45.06
44.4423	44.0304	79.0988	0.110597	0.100543	0.264182	0	45.12
44.0613	45.6241	79.3555	0.111567	0.101425	0.273745	0	45.18
43.6638	46.2245	79.6735	0.111911	0.101737	0.277347	0	45.24
43.301	45.7262	79.9901	0.111551	0.10141	0.274357	0	45.3
43.0165	44.2318	80.2431	0.110544	0.100495	0.265391	0	45.36
42.8405	42.0146	80.3827	0.109057	0.0991427	0.252088	0	45.42
42.787	39.4423	80.3787	0.107321	0.0975648	0.236654	0	45.48
42.8537	36.8937	80.224	0.105581	0.0959829	0.221362	0	45.54
43.0232	34.6957	79.9324	0.10405	0.0945908	0.208174	0	45.6
43.2659	33.0905	79.5346	0.102888	0.0935345	0.198543	0	45.66
43.5434	32.2326	79.0723	0.1022	0.092909	0.193396	0	45.72
43.8128	32.1989	78.5937	0.10204	0.0927632	0.193193	0	45.78
44.0309	32.997	78.148	0.102416	0.0931055	0.197982	0	45.84
44.1589	34.5607	77.7818	0.103291	0.0939009	0.207364	0	45.9
44.169	36.7323	77.534	0.104567	0.0950612	0.220394	0	45.96
44.0493	39.2469	77.4304	0.106079	0.0964359	0.235481	0	46.02
43.8077	41.7407	77.4777	0.107597	0.0978157	0.250444	0	46.08
43.4727	43.8031	77.6598	0.108858	0.0989614	0.262819	0	46.14
43.0879	45.0655	77.938	0.10962	0.0996549	0.270393	0	46.2
42.704	45.2964	78.2566	0.10973	0.0997542	0.271778	0	46.26
42.3696	44.4612	78.5527	0.109153	0.0992301	0.266767	0	46.32
42.1235	42.723	78.7683	0.107986	0.0981689	0.256338	0	46.38
41.9901	40.3899	78.8605	0.106419	0.0967443	0.242339	0	46.44
41.978	37.8347	78.8071	0.104689	0.0951719	0.227008	0	46.5
42.0796	35.4177	78.6081	0.10303	0.0936632	0.212506	0	46.56
42.2735	33.4335	78.2834	0.101634	0.0923942	0.200601	0	46.62
42.5274	32.0905	77.8671	0.10064	0.091491	0.192543	0	46.68
42.8018	31.5135	77.403	0.100134	0.091031	0.189081	0	46.74
43.0538	31.7549	76.9389	0.100153	0.0910486	0.19053	0	46.8
43.2421	32.7993	76.5229	0.100692	0.0915386	0.196796	0	46.86
43.3315	34.5541	76.1987	0.101696	0.0924506	0.207325	0	46.92
43.2993	36.8305	76.0008	0.103046	0.0936784	0.220983	0	46.98
43.1401	39.3336	75.9488	0.104559	0.0950535	0.236002	0	47.04
42.8687	41.6834	76.0422	0.105992	0.0963566	0.250101	0	47.1
42.5185	43.4801	76.2575	0.107089	0.0973537	0.26088	0	47.16
42.1358	44.3974	76.5503	0.107635	0.0978501	0.266385	0	47.22
41.7704	44.269	76.8622	0.107515	0.097741	0.265614	0	47.28
41.4677	43.1283	77.1321	0.106741	0.0970368	0.25877	0	47.34
41.2612	41.1904	77.307	0.105441	0.0958552	0.247142	0	47.4
41.17	38.7879	77.3511	0.103824	0.0943854	0.232727	0	47.46
41.1968	36.2899	77.2501	0.102126	0.0928421	0.217739	0	47.52
41.3295	34.0325	77.0109	0.100566	0.0914237	0.204195	0	47.58
41.5433	32.2775	76.6581	0.099316	0.0902873	0.193665	0	47.64
41.8036	31.2008	76.2291	0.0984941	0.08954	0.187205	0	47.7
42.0701	30.8999	75.7685	0.0981675	0.0892431	0.1854	0	47.76
42.3008	31.4044	75.324	0.0983592	0.0894175	0.188426	0	47.82
42.4565	32.6754	74.9415	0.0990484	0.090044	0.196052	0	47.88
42.5062	34.5929	74.6617	0.100162	0.0910564	0.207557	0	47.94
42.4327	36.9369	74.514	0.101563	0.0923302	0.221622	0	48
42.2373	39.3861	74.5117	0.103049	0.093681	0.236317	0	48.06
41.9409	41.5522	74.6468	0.104372	0.0948839	0.249313	0	48.12
41.5813	43.0562	74.889	0.105288	0.0957159	0.258337	0	48.18
41.2062	43.6228	75.1892	0.105612	0.0960109	0.261737	0	48.24
40.8639	43.1525	75.4879	0.105273	0.0957025	0.258915	0	48.3
40.5954	41.7422	75.7266	0.104322	0.0948385	0.250453	0	48.36
40.4293	39.6498	75.8584	0.102919	0.0935625	0.237899	0	48.42
40.3788	37.2223	75.8547	0.101281	0.0920734	0.223334	0	48.48
40.4417	34.8172	75.7087	0.0996386	0.0905805	0.208903	0	48.54
40.6016	32.7428	75.4335	0.0981934	0.0892668	0.196457	0	48.6
40.8307	31.228	75.058	0.097097	0.08827	0.187368	0	48.66
41.0926	30.4184	74.6218	0.0964476	0.0876797	0.18251	0	48.72
41.3469	30.3866	74.1701	0.0962963	0.0875421	0.182319	0	48.78
41.5526	31.1398	73.7495	0.0966516	0.0878651	0.186839	0	48.84
41.6735	32.6155	73.4039	0.0974772	0.0886157	0.195693	0	48.9
41.683	34.6648	73.17	0.0986818	0.0897107	0.207989	0	48.96
41.57	37.0379	73.0722	0.100109	0.091008	0.222227	0	49.02
41.342	39.3914	73.1169	0.101541	0.0923102	0.236348	0	49.08
41.0259	41.3377	73.2887	0.102731	0.0933914	0.248026	0	49.14
40.6627	42.529	73.5513	0.10345	0.0940458	0.255174	0	49.2
40.3005	42.7469	73.852	0.103554	0.0941396	0.256481	0	49.26
39.9848	41.9587	74.1314	0.103009	0.093645	0.251752	0	49.32
39.7525	40.3183	74.3349	0.101908	0.0926435	0.24191	0	49.38
39.6267	38.1166	74.4219	0.100429	0.0912991	0.228699	0	49.44
39.6153	35.7052	74.3715	0.0987967	0.0898152	0.214231	0	49.5
39.7111	33.4242	74.1837	0.0972306	0.0883914	0.200545	0	49.56
39.8941	31.5517	73.8772	0.0959132	0.0871938	0.18931	0	49.62
40.1337	30.2843	73.4844	0.0949756	0.0863415	0.181706	0	49.68
40.3927	29.7398	73.0464	0.094498	0.0859073	0.178439	0	49.74
40.6306	29.9676	72.6084	0.0945164	0.085924	0.179806	0	49.8
40.8082	30.9533	72.2159	0.095025	0.0863864	0.18572	0	49.86
40.8926	32.6092	71.9099	0.0959718	0.0872471	0.195655	0	49.92
40.8622	34.7575	71.7231	0.0972463	0.0884057	0.208545	0	49.98
40.712	37.1197	71.6741	0.0986738	0.0897035	0.222718	0	50.04
40.4558	39.3373	71.7622	0.100027	0.0909332	0.236024	0	50.1
40.1254	41.0328	71.9654	0.101062	0.0918742	0.246197	0	50.16
39.7642	41.8985	72.2416	0.101577	0.0923426	0.251391	0	50.22
39.4194	41.7773	72.536	0.101464	0.0922397	0.250664	0	50.28
39.1337	40.7008	72.7908	0.100733	0.0915752	0.244205	0	50.34
38.9389	38.872	72.9558	0.099506	0.09046	0.233232	0	50.4
38.8527	36.6047	72.9975	0.0979802	0.0890729	0.219628	0	50.46
38.878	34.2473	72.9021	0.0963781	0.0876165	0.205484	0	50.52
39.0033	32.117	72.6763	0.0949058	0.086278	0.192702	0	50.58
39.205	30.4607	72.3434	0.0937261	0.0852055	0.182764	0	50.64
39.4507	29.4446	71.9386	0.0929504	0.0845003	0.176668	0	50.7
39.7022	29.1607	71.5039	0.0926421	0.0842201	0.174964	0	50.76
39.9199	29.6368	71.0844	0.0928231	0.0843846	0.177821	0	50.82
40.0668	30.8363	70.7235	0.0934735	0.0849759	0.185018	0	50.88
40.1137	32.6458	70.4594	0.0945245	0.0859313	0.195875	0	50.94
40.0444	34.858	70.32	0.0958468	0.0871334	0.209148	0	51
39.86	37.1693	70.3178	0.0972491	0.0884082	0.223016	0	51.06
39.5802	39.2134	70.4453	0.0984977	0.0895434	0.235281	0	51.12
39.241	40.6328	70.6739	0.0993614	0.0903286	0.243797	0	51.18
38.887	41.1675	70.9572	0.0996677	0.090607	0.247005	0	51.24
38.5639	40.7237	71.2391	0.0993476	0.090316	0.244342	0	51.3
38.3105	39.3928	71.4644	0.0984506	0.0895006	0.236357	0	51.36
38.1537	37.4182	71.5887	0.097126	0.0882963	0.224509	0	51.42
38.1061	35.1272	71.5852	0.0955802	0.0868911	0.210763	0	51.48
38.1655	32.8575	71.4474	0.0940305	0.0854822	0.197145	0	51.54
38.3164	30.8999	71.1877	0.0926667	0.0842424	0.185399	0	51.6
38.5325	29.4703	70.8334	0.0916319	0.0833017	0.176822	0	51.66
38.7797	28.7063	70.4217	0.0910191	0.0827446	0.172238	0	51.72
39.0197	28.6763	69.9954	0.0908763	0.0826148	0.172058	0	51.78
39.2138	29.3871	69.5985	0.0912116	0.0829196	0.176322	0	51.84
39.3279	30.7797	69.2724	0.0919908	0.083628	0.184678	0	51.9
39.3369	32.7138	69.0517	0.0931275	0.0846614	0.196283	0	51.96
39.2302	34.9532	68.9594	0.0944743	0.0858857	0.209719	0	52.02
39.0151	37.1742	69.0015	0.095826	0.0871145	0.223045	0	52.08
38.7168	39.011	69.1637	0.0969484	0.0881349	0.234066	0	52.14
38.3741	40.1353	69.4115	0.0976278	0.0887525	0.240812	0	52.2
38.0322	40.3409	69.6952	0.0977251	0.088841	0.242045	0	52.26
37.7343	39.5971	69.9589	0.0972116	0.0883742	0.237583	0	52.32
37.5151	38.049	70.151	0.096172	0.0874291	0.228294	0	52.38
37.3964	35.9712	70.2331	0.0947764	0.0861604	0.215827	0	52.44
37.3856	33.6956	70.1855	0.093236	0.08476	0.202173	0	52.5
37.476	31.5429	70.0083	0.091758	0.0834164	0.189258	0	52.56
37.6487	29.7758	69.7191	0.0905148	0.0822861	0.178655	0	52.62
37.8748	28.5798	69.3483	0.0896299	0.0814818	0.171479	0	52.68
38.1192	28.0659	68.935	0.0891793	0.0810721	0.168396	0	52.74
38.3437	28.2809	68.5217	0.0891966	0.0810878	0.169685	0	52.8
38.5113	29.2111	68.1512	0.0896766	0.0815242	0.175266	0	52.86
38.591	30.7738	67.8625	0.09057	0.0823364	0.184643	0	52.92
38.5623	32.8012	67.6862	0.0917728	0.0834299	0.196807	0	52.98
38.4205	35.0304	67.6399	0.09312	0.0846546	0.210183	0	53.04
38.1788	37.1232	67.7231	0.0943966	0.0858151	0.222739	0	53.1
37.867	38.7233	67.9148	0.0953734	0.0867031	0.23234	0	53.16
37.5261	39.5403	68.1756	0.0958597	0.0871452	0.237242	0	53.22
37.2007	39.4259	68.4534	0.0957528	0.087048	0.236555	0	53.28
36.9311	38.41	68.6938	0.095063	0.0864209	0.23046	0	53.34
36.7472	36.6841	68.8495	0.0939053	0.0853685	0.220105	0	53.4
36.6659	34.5444	68.8888	0.0924655	0.0840595	0.207267	0	53.46
36.6898	32.3197	68.7989	0.0909535	0.082685	0.193918	0	53.52
36.808	30.3093	68.5858	0.089564	0.0814219	0.181856	0	53.58
36.9984	28.7463	68.2716	0.0884507	0.0804097	0.172478	0	53.64
37.2302	27.7874	67.8895	0.0877187	0.0797443	0.166724	0	53.7
37.4676	27.5194	67.4794	0.0874278	0.0794798	0.165117	0	53.76
37.673	27.9687	67.0834	0.0875986	0.0796351	0.167812	0	53.82
37.8117	29.1007	66.7428	0.0882124	0.0801931	0.174604	0	53.88
37.856	30.8083	66.4936	0.0892042	0.0810947	0.18485	0	53.94
37.7905	32.896	66.3621	0.0904521	0.0822291	0.197376	0	54
37.6165	35.0772	66.36	0.0917754	0.0834322	0.210463	0	54.06
37.3525	37.0063	66.4803	0.0929538	0.0845035	0.222038	0	54.12
37.0323	38.3458	66.696	0.0937689	0.0852445	0.230075	0	54.18
36.6982	38.8504	66.9634	0.0940579	0.0855072	0.233102	0	54.24
36.3933	38.4316	67.2294	0.0937558	0.0852326	0.230589	0	54.3
36.1542	37.1756	67.442	0.0929094	0.0844631	0.223053	0	54.36
36.0062	35.3121	67.5594	0.0916593	0.0833266	0.211873	0	54.42
35.9613	33.1501	67.5561	0.0902005	0.0820005	0.198901	0	54.48
36.0173	31.0081	67.426	0.088738	0.0806709	0.186049	0	54.54
36.1598	29.1607	67.181	0.087451	0.0795009	0.174964	0	54.6
36.3637	27.8116	66.8466	0.0864745	0.0786131	0.16687	0	54.66
36.597	27.0906	66.4581	0.0858961	0.0780874	0.162543	0	54.72
36.8235	27.0622	66.0558	0.0857614	0.0779649	0.162373	0	54.78
37.0067	27.733	65.6812	0.0860778	0.0782525	0.166398	0	54.84
37.1143	29.0473	65.3734	0.0868131	0.078921	0.174284	0	54.9
37.1228	30.8725	65.1651	0.0878859	0.0798963	0.185235	0	54.96
37.0222	32.9859	65.078	0.0891568	0.0810516	0.197915	0	55.02
36.8192	35.0819	65.1178	0.0904324	0.0822113	0.210491	0	55.08
36.5376	36.8153	65.2709	0.0914917	0.0831743	0.220892	0	55.14
36.2142	37.8763	65.5047	0.0921328	0.0837571	0.227258	0	55.2
35.8915	38.0703	65.7725	0.0922247	0.0838406	0.228422	0	55.26
35.6104	37.3684	66.0213	0.0917401	0.0834001	0.22421	0	55.32
35.4036	35.9075	66.2026	0.090759	0.0825082	0.215445	0	55.38
35.2915	33.9466	66.28	0.089442	0.0813109	0.203679	0	55.44
35.2813	31.799	66.2351	0.0879882	0.0799893	0.190794	0	55.5
35.3667	29.7675	66.0679	0.0865934	0.0787213	0.178605	0	55.56
35.5296	28.0999	65.795	0.0854202	0.0776547	0.168599	0	55.62
35.7431	26.9712	65.4451	0.0845852	0.0768956	0.161827	0	55.68
35.9737	26.4862	65.055	0.0841598	0.0765089	0.158917	0	55.74
36.1855	26.6891	64.665	0.0841762	0.0765238	0.160135	0	55.8
36.3437	27.5669	64.3154	0.0846292	0.0769356	0.165402	0	55.86
36.4189	29.0417	64.0429	0.0854723	0.0777021	0.17425	0	55.92
36.3919	30.955	63.8765	0.0866074	0.078734	0.18573	0	55.98
36.2581	33.0588	63.8328	0.0878788	0.0798898	0.198353	0	56.04
36.0299	35.0337	63.9113	0.0890835	0.080985	0.210202	0	56.1
35.7356	36.5438	64.0923	0.0900053	0.081823	0.219263	0	56.16
35.4139	37.3148	64.3383	0.0904643	0.0822402	0.223889	0	56.22
35.1069	37.2068	64.6005	0.0903634	0.0821485	0.223241	0	56.28
34.8524	36.2481	64.8274	0.0897124	0.0815567	0.217489	0	56.34
34.6789	34.6193	64.9744	0.0886199	0.0805636	0.207716	0	56.4
34.6022	32.6001	65.0114	0.0872611	0.0793283	0.195601	0	56.46
34.6247	30.5006	64.9265	0.0858343	0.0780311	0.183004	0	56.52
34.7363	28.6034	64.7255	0.084523	0.0768391	0.17162	0	56.58
34.9159	27.1283	64.429	0.0834723	0.0758839	0.16277	0	56.64
35.1347	26.2234	64.0684	0.0827815	0.0752559	0.15734	0	56.7
35.3587	25.9705	63.6813	0.082507	0.0750063	0.155823	0	56.76
35.5526	26.3945	63.3077	0.0826681	0.0751529	0.158367	0	56.82
35.6835	27.4627	62.9862	0.0832474	0.0756795	0.164776	0	56.88
35.7252	29.0743	62.751	0.0841834	0.0765303	0.174446	0	56.94
35.6635	31.0445	62.6269	0.085361	0.0776009	0.186267	0	57
35.4992	33.1029	62.625	0.0866099	0.0787363	0.198618	0	57.06
35.2501	34.9234	62.7385	0.087722	0.0797472	0.209541	0	57.12
34.9479	36.1875	62.9421	0.0884912	0.0804465	0.217125	0	57.18
34.6327	36.6637	63.1944	0.0887639	0.0806945	0.219982	0	57.24
34.3449	36.2685	63.4454	0.0884788	0.0804353	0.217611	0	57.3
34.1193	35.0832	63.6461	0.08768	0.0797091	0.210499	0	57.36
33.9796	33.3246	63.7568	0.0865003	0.0786366	0.199947	0	57.42
33.9372	31.2843	63.7537	0.0851236	0.0773851	0.187706	0	57.48
33.9901	29.2628	63.631	0.0837434	0.0761304	0.175577	0	57.54
34.1245	27.5194	63.3997	0.0825288	0.0750262	0.165116	0	57.6
34.317	26.2462	63.0841	0.0816073	0.0741884	0.157477	0	57.66
34.5372	25.5658	62.7175	0.0810615	0.0736923	0.153395	0	57.72
34.7509	25.539	62.3378	0.0809343	0.0735767	0.153234	0	57.78
34.9238	26.1721	61.9843	0.0812329	0.0738481	0.157033	0	57.84
35.0254	27.4124	61.6939	0.0819269	0.074479	0.164474	0	57.9
35.0334	29.1348	61.4974	0.0829393	0.0753993	0.174809	0	57.96
34.9384	31.1293	61.4152	0.0841387	0.0764897	0.186776	0	58.02
34.7468	33.1073	61.4527	0.0853425	0.0775841	0.198644	0	58.08
34.4811	34.7431	61.5971	0.0863421	0.0784928	0.208459	0	58.14
34.1759	35.7444	61.8178	0.0869472	0.0790429	0.214466	0	58.2
33.8714	35.9276	62.0705	0.0870338	0.0791217	0.215565	0	58.26
33.6061	35.2651	62.3053	0.0865765	0.0787059	0.211591	0	58.32
33.4109	33.8864	62.4764	0.0856506	0.0778642	0.203319	0	58.38
33.3052	32.0359	62.5495	0.0844078	0.0767343	0.192215	0	58.44
33.2955	30.0092	62.5071	0.0830358	0.0754871	0.180055	0	58.5
33.3761	28.0921	62.3493	0.0817196	0.0742905	0.168553	0	58.56
33.5299	26.5183	62.0917	0.0806123	0.0732839	0.15911	0	58.62
33.7313	25.4531	61.7615	0.0798243	0.0725676	0.152719	0	58.68
33.9489	24.9955	61.3934	0.0794229	0.0722027	0.149973	0	58.74
34.1488	25.1869	61.0253	0.0794383	0.0722167	0.151122	0	58.8
34.2981	26.0153	60.6954	0.0798659	0.0726053	0.156092	0	58.86
34.3691	27.4071	60.4382	0.0806615	0.0733287	0.164443	0	58.92
34.3436	29.2127	60.2813	0.0817328	0.0743025	0.175276	0	58.98
34.2173	31.1981	60.24	0.0829326	0.0753932	0.187188	0	59.04
34.002	33.0619	60.3141	0.0840695	0.0764268	0.198371	0	59.1
33.7243	34.4869	60.4849	0.0849394	0.0772176	0.206922	0	59.16
33.4207	35.2145	60.7171	0.0853725	0.0776114	0.211287	0	59.22
33.1309	35.1127	60.9645	0.0852773	0.0775248	0.210676	0	59.28
32.8907	34.2079	61.1786	0.084663	0.0769663	0.205247	0	59.34
32.727	32.6708	61.3173	0.083632	0.0760291	0.196025	0	59.4
32.6546	30.7652	61.3523	0.0823496	0.0748633	0.184591	0	59.46
32.6759	28.7839	61.2722	0.0810031	0.0736392	0.172703	0	59.52
32.7812	26.9934	61.0824	0.0797656	0.0725142	0.161961	0	59.58
32.9507	25.6014	60.8026	0.0787741	0.0716128	0.153608	0	59.64
33.1572	24.7474	60.4623	0.0781221	0.0710201	0.148484	0	59.7
33.3686	24.5088	60.097	0.0778631	0.0707846	0.147053	0	59.76
33.5516	24.9089	59.7444	0.0780152	0.0709229	0.149453	0	59.82
33.675	25.917	59.4411	0.0785619	0.0714199	0.155502	0	59.88
33.7145	27.4379	59.2191	0.0794451	0.0722229	0.164627	0	59.94
