S	I	R	e	d	dI	f	t
300	100	0	0.264	0.24	6	0	0
281.945	117.499	12.6828	0.272004	0.247276	7.04993	0	0.06
262.865	131.835	26.9183	0.278269	0.252971	7.91012	0	0.12
244.266	139.076	42.0572	0.280764	0.25524	8.34459	0	0.18
227.178	137.739	57.1614	0.278572	0.253247	8.26436	0	0.24
212.269	128.746	71.2726	0.27211	0.247373	7.72477	0	0.3
199.837	114.615	83.6489	0.262747	0.238861	6.87692	0	0.36
189.881	98.3306	93.8862	0.252185	0.229259	5.89984	0	0.42
182.2	82.4526	101.919	0.241937	0.219943	4.94716	0	0.48
176.473	68.6738	107.94	0.233038	0.211852	4.12043	0	0.54
172.321	57.7869	112.294	0.225985	0.205441	3.46722	0	0.6
169.361	49.9116	115.374	0.220867	0.200788	2.99469	0	0.66
167.239	44.7955	117.562	0.217533	0.197757	2.68773	0	0.72
165.646	42.0535	119.192	0.215748	0.196134	2.52321	0	0.78
164.327	41.2868	120.543	0.215263	0.195694	2.47721	0	0.84
163.084	42.0931	121.838	0.21583	0.196209	2.52559	0	0.9
161.776	44.006	123.243	0.217156	0.197415	2.64036	0	0.96
160.329	46.4214	124.854	0.218859	0.198963	2.78528	0	1.02
158.748	48.5834	126.687	0.220452	0.200411	2.91501	0	1.08
157.112	49.6885	128.666	0.221408	0.20128	2.98131	0	1.14
155.564	49.101	130.629	0.221294	0.201177	2.94606	0	1.2
154.275	46.576	132.365	0.219923	0.19993	2.79456	0	1.26
153.4	42.3538	133.667	0.217418	0.197653	2.54123	0	1.32
153.049	37.0614	134.38	0.214164	0.194694	2.22368	0	1.38
153.268	31.4768	134.434	0.210658	0.191507	1.88861	0	1.44
154.035	26.2841	133.848	0.20735	0.1885	1.57705	0	1.5
155.275	21.9255	132.707	0.204539	0.185945	1.31553	0	1.56
156.883	18.5853	131.136	0.202359	0.183963	1.11512	0	1.62
158.743	16.2619	129.266	0.200819	0.182563	0.975714	0	1.68
160.742	14.8625	127.222	0.199866	0.181696	0.891752	0	1.74
162.776	14.2736	125.114	0.199428	0.181298	0.856415	0	1.8
164.755	14.3905	123.033	0.199438	0.181308	0.863431	0	1.86
166.601	15.111	121.059	0.199829	0.181662	0.906663	0	1.92
168.248	16.3007	119.252	0.200508	0.18228	0.978045	0	1.98
169.654	17.7479	117.653	0.201336	0.183033	1.06487	0	2.04
170.811	19.137	116.269	0.202103	0.18373	1.14822	0	2.1
171.754	20.0806	115.068	0.202556	0.184142	1.20483	0	2.16
172.567	20.2272	113.975	0.202467	0.184061	1.21363	0	2.22
173.364	19.4052	112.882	0.20173	0.183391	1.16431	0	2.28
174.268	17.7092	111.683	0.200415	0.182196	1.06255	0	2.34
175.372	15.4621	110.293	0.198744	0.180676	0.927728	0	2.4
176.724	13.0747	108.674	0.196992	0.179083	0.784482	0	2.46
178.321	10.895	106.833	0.195392	0.177629	0.653702	0	2.52
180.121	9.13042	104.812	0.194082	0.176438	0.547825	0	2.58
182.063	7.85383	102.666	0.193105	0.17555	0.47123	0	2.64
184.079	7.0558	100.458	0.192451	0.174956	0.423348	0	2.7
186.104	6.6978	98.2429	0.19209	0.174627	0.401868	0	2.76
188.077	6.74513	96.0721	0.19199	0.174536	0.404708	0	2.82
189.94	7.17605	93.9913	0.192131	0.174665	0.430563	0	2.88
191.641	7.9695	92.0421	0.192491	0.174992	0.47817	0	2.94
193.13	9.07419	90.261	0.193027	0.175479	0.544451	0	3
194.371	10.367	88.6734	0.193652	0.176047	0.622022	0	3.06
195.355	11.6246	87.2845	0.194214	0.176558	0.697477	0	3.12
196.111	12.5459	86.0688	0.194519	0.176835	0.752752	0	3.18
196.716	12.8483	84.9671	0.194391	0.176719	0.770896	0	3.24
197.28	12.3995	83.8966	0.19376	0.176146	0.743968	0	3.3
197.917	11.2921	82.773	0.192708	0.175189	0.677524	0	3.36
198.713	9.79836	81.5344	0.19143	0.174027	0.587901	0	3.42
199.706	8.23912	80.1547	0.190146	0.17286	0.494347	0	3.48
200.887	6.86291	78.6423	0.189019	0.171835	0.411775	0	3.54
202.217	5.80059	77.0287	0.188131	0.171028	0.348035	0	3.6
203.641	5.08795	75.3552	0.187496	0.170451	0.305277	0	3.66
205.102	4.71349	73.6644	0.187097	0.170088	0.282809	0	3.72
206.545	4.65796	71.9958	0.186911	0.169919	0.279477	0	3.78
207.918	4.91465	70.3862	0.186924	0.169931	0.294879	0	3.84
209.17	5.4909	68.8715	0.187131	0.170119	0.329454	0	3.9
210.247	6.39143	67.4866	0.187522	0.170475	0.383486	0	3.96
211.099	7.58286	66.2645	0.188065	0.170968	0.454972	0	4.02
211.689	8.9468	65.2287	0.18867	0.171519	0.536808	0	4.08
212.007	10.2502	64.382	0.189182	0.171984	0.61501	0	4.14
212.094	11.1791	63.6957	0.189399	0.172181	0.670744	0	4.2
212.041	11.456	63.1066	0.189158	0.171962	0.687358	0	4.26
211.972	10.9827	62.5304	0.18842	0.171291	0.658962	0	4.32
212.011	9.89905	61.8859	0.187305	0.170278	0.593943	0	4.38
212.241	8.50508	61.1187	0.186031	0.169119	0.510305	0	4.44
212.689	7.11322	60.2113	0.184809	0.168008	0.426793	0	4.5
213.336	5.93943	59.1782	0.183779	0.167072	0.356366	0	4.56
214.132	5.08163	58.0533	0.182996	0.16636	0.304898	0	4.62
215.018	4.55759	56.8772	0.182459	0.165871	0.273455	0	4.68
215.933	4.35469	55.6901	0.182146	0.165587	0.261281	0	4.74
216.822	4.46457	54.5301	0.182039	0.16549	0.267874	0	4.8
217.626	4.89763	53.434	0.182132	0.165575	0.293858	0	4.86
218.287	5.6787	52.4395	0.182428	0.165843	0.340722	0	4.92
218.743	6.82189	51.5854	0.182919	0.16629	0.409313	0	4.98
218.935	8.28271	50.908	0.183563	0.166875	0.496963	0	5.04
218.821	9.90009	50.4315	0.184241	0.167491	0.594005	0	5.1
218.403	11.372	50.1529	0.184752	0.167957	0.682321	0	5.16
217.745	12.3227	50.0299	0.184865	0.168059	0.739364	0	5.22
216.973	12.4657	49.9819	0.184417	0.167652	0.747942	0	5.28
216.24	11.7617	49.91	0.183422	0.166747	0.705702	0	5.34
215.684	10.4418	49.7274	0.182063	0.165512	0.626509	0	5.4
215.383	8.87557	49.3837	0.180604	0.164186	0.532534	0	5.46
215.353	7.39765	48.871	0.17927	0.162973	0.443859	0	5.52
215.554	6.2118	48.2141	0.178186	0.161988	0.372708	0	5.58
215.922	5.39491	47.4549	0.177389	0.161263	0.323695	0	5.64
216.387	4.95173	46.6402	0.176866	0.160787	0.297104	0	5.7
216.878	4.86909	45.8152	0.176591	0.160537	0.292146	0	5.76
217.327	5.14848	45.023	0.176549	0.160499	0.308909	0	5.82
217.666	5.81554	44.3069	0.176741	0.160673	0.348932	0	5.88
217.822	6.90712	43.7124	0.177172	0.161065	0.414427	0	5.94
217.719	8.43124	43.2864	0.177828	0.161662	0.505874	0	6
217.287	10.3	43.0706	0.178634	0.162394	0.618	0	6.06
216.491	12.2626	43.0868	0.179415	0.163104	0.735757	0	6.12
215.359	13.9057	43.3178	0.179904	0.163549	0.834342	0	6.18
213.995	14.7822	43.6968	0.179833	0.163484	0.886929	0	6.24
212.57	14.6289	44.1159	0.179068	0.162789	0.877733	0	6.3
211.27	13.5164	44.4567	0.177701	0.161546	0.810981	0	6.36
210.238	11.803	44.6274	0.176001	0.160001	0.708179	0	6.42
209.541	9.93905	44.585	0.174283	0.158439	0.596343	0	6.48
209.17	8.27928	44.3349	0.172777	0.15707	0.496757	0	6.54
209.065	7.01181	43.9159	0.171595	0.155996	0.420709	0	6.6
209.145	6.19174	43.3816	0.170754	0.155231	0.371504	0	6.66
209.324	5.81161	42.7877	0.17023	0.154754	0.348697	0	6.72
209.52	5.8586	42.1876	0.169993	0.154539	0.351516	0	6.78
209.65	6.34373	41.6326	0.170034	0.154576	0.380624	0	6.84
209.634	7.30389	41.1752	0.170354	0.154868	0.438233	0	6.9
209.382	8.7754	40.8706	0.170958	0.155417	0.526524	0	6.96
208.807	10.7336	40.7735	0.171807	0.156188	0.644019	0	7.02
207.843	13.0081	40.9264	0.172773	0.157067	0.780488	0	7.08
206.475	15.2243	41.3402	0.173606	0.157824	0.91346	0	7.14
204.772	16.859	41.9736	0.173979	0.158163	1.01154	0	7.2
202.889	17.4449	42.7275	0.17362	0.157837	1.04669	0	7.26
201.034	16.8153	43.4668	0.172469	0.15679	1.00892	0	7.32
199.406	15.1954	44.0609	0.170717	0.155197	0.911725	0	7.38
198.133	13.0675	44.4226	0.168711	0.153374	0.784051	0	7.44
197.257	10.9303	44.5235	0.166789	0.151627	0.65582	0	7.5
196.744	9.12729	44.3863	0.16517	0.150154	0.547637	0	7.56
196.512	7.81409	44.0645	0.163938	0.149034	0.468846	0	7.62
196.466	7.01982	43.6223	0.163091	0.148265	0.421189	0	7.68
196.509	6.72587	43.1237	0.162597	0.147815	0.403552	0	7.74
196.55	6.92051	42.6291	0.162426	0.14766	0.415231	0	7.8
196.499	7.62091	42.1974	0.162569	0.14779	0.457255	0	7.86
196.263	8.86415	41.8885	0.16303	0.148209	0.531849	0	7.92
195.747	10.6645	41.7636	0.163795	0.148905	0.639868	0	7.98
194.867	12.9353	41.8786	0.164789	0.149808	0.776117	0	8.04
193.573	15.4025	42.2683	0.165821	0.150746	0.92415	0	8.1
191.887	17.5835	42.9228	0.166579	0.151436	1.05501	0	8.16
189.92	18.914	43.7717	0.166719	0.151563	1.13484	0	8.22
187.863	19.0019	44.6891	0.166026	0.150933	1.14011	0	8.28
185.935	17.8373	45.5268	0.164537	0.14958	1.07024	0	8.34
184.315	15.7911	46.1593	0.162535	0.147759	0.947468	0	8.4
183.099	13.4102	46.5166	0.160397	0.145816	0.804612	0	8.46
182.299	11.1767	46.5908	0.158444	0.14404	0.670605	0	8.52
181.855	9.38167	46.4213	0.156854	0.142595	0.5629	0	8.58
181.677	8.13337	46.0715	0.155682	0.141529	0.488002	0	8.64
181.663	7.43499	45.6113	0.154908	0.140826	0.446099	0	8.7
181.715	7.26063	45.1077	0.154495	0.14045	0.435638	0	8.76
181.742	7.60054	44.6238	0.154418	0.14038	0.456032	0	8.82
181.65	8.4725	44.221	0.154666	0.140606	0.50835	0	8.88
181.348	9.90091	43.9609	0.155238	0.141126	0.594054	0	8.94
180.746	11.8609	43.9041	0.156097	0.141906	0.711657	0	9
179.774	14.1953	44.0992	0.157125	0.142841	0.85172	0	9.06
178.411	16.5474	44.5648	0.158085	0.143714	0.992841	0	9.12
176.712	18.3926	45.2682	0.158646	0.144224	1.10356	0	9.18
174.818	19.2195	46.1164	0.158501	0.144092	1.15317	0	9.24
172.926	18.7777	46.9726	0.157527	0.143206	1.12666	0	9.3
171.236	17.2119	47.6954	0.155854	0.141686	1.03271	0	9.36
169.889	14.9751	48.1799	0.153809	0.139827	0.898503	0	9.42
168.947	12.5995	48.3808	0.151752	0.137956	0.755967	0	9.48
168.39	10.4951	48.3097	0.149949	0.136317	0.629708	0	9.54
168.15	8.87752	48.0164	0.148529	0.135026	0.532651	0	9.6
168.133	7.80691	47.5674	0.147515	0.134104	0.468414	0	9.66
168.242	7.26772	47.031	0.146877	0.133525	0.436063	0	9.72
168.387	7.23307	46.4714	0.146581	0.133255	0.433984	0	9.78
168.481	7.69694	45.9491	0.146604	0.133276	0.461816	0	9.84
168.437	8.6746	45.5227	0.146939	0.133581	0.520476	0	9.9
168.171	10.172	45.2506	0.147572	0.134156	0.61032	0	9.96
167.606	12.1239	45.1863	0.148445	0.13495	0.727432	0	10.02
166.691	14.3174	45.3665	0.149408	0.135825	0.859044	0	10.08
165.431	16.3566	45.7923	0.150203	0.136548	0.981394	0	10.14
163.905	17.7401	46.4125	0.150518	0.136835	1.06441	0	10.2
162.264	18.0624	47.1235	0.150117	0.13647	1.08375	0	10.26
160.693	17.2205	47.7928	0.148966	0.135424	1.03323	0	10.32
159.36	15.4668	48.298	0.147262	0.133875	0.928007	0	10.38
158.368	13.2694	48.5607	0.145331	0.132119	0.796162	0	10.44
157.747	11.0956	48.5588	0.143485	0.130441	0.665736	0	10.5
157.46	9.26346	48.3178	0.141927	0.129024	0.555807	0	10.56
157.433	7.91575	47.8916	0.140738	0.127944	0.474945	0	10.62
157.579	7.07581	47.3435	0.139919	0.127199	0.424548	0	10.68
157.811	6.71931	46.736	0.139436	0.12676	0.403159	0	10.74
158.048	6.82414	46.127	0.139259	0.126599	0.409448	0	10.8
158.21	7.3899	45.5715	0.139373	0.126703	0.443394	0	10.86
158.221	8.42911	45.123	0.139771	0.127064	0.505746	0	10.92
158.005	9.92985	44.8338	0.140428	0.127661	0.595791	0	10.98
157.498	11.7929	44.7488	0.141267	0.128424	0.707577	0	11.04
156.669	13.7689	44.8919	0.142118	0.129198	0.826134	0	11.1
155.542	15.454	45.249	0.142722	0.129747	0.92724	0	11.16
154.212	16.4017	45.7568	0.142804	0.129822	0.984101	0	11.22
152.829	16.321	46.3091	0.142203	0.129275	0.979263	0	11.28
151.562	15.2304	46.785	0.140961	0.128146	0.913823	0	11.34
150.545	13.4438	47.0843	0.139308	0.126644	0.80663	0	11.4
149.852	11.4064	47.1529	0.137551	0.125047	0.684385	0	11.46
149.486	9.50631	46.9869	0.135946	0.123588	0.570378	0	11.52
149.402	7.97674	46.6202	0.134639	0.122399	0.478604	0	11.58
149.525	6.90372	46.1061	0.133673	0.121521	0.414223	0	11.64
149.776	6.28728	45.5027	0.133033	0.120939	0.377237	0	11.7
150.077	6.10223	44.8656	0.13269	0.120627	0.366134	0	11.76
150.356	6.33433	44.2461	0.132618	0.120562	0.38006	0	11.82
150.542	6.98934	43.6935	0.132809	0.120735	0.419361	0	11.88
150.565	8.07674	43.2565	0.133253	0.121139	0.484605	0	11.94
150.356	9.56741	42.9813	0.133917	0.121743	0.574045	0	12
149.865	11.3322	42.9042	0.134707	0.122461	0.679935	0	12.06
149.077	13.0949	43.0375	0.135438	0.123126	0.785691	0	12.12
148.033	14.4578	43.3545	0.135858	0.123507	0.867468	0	12.18
146.839	15.0377	43.7831	0.135736	0.123396	0.902264	0	12.24
145.644	14.6498	44.2184	0.134978	0.122707	0.878991	0	12.3
144.596	13.4076	44.5526	0.133687	0.121534	0.804456	0	12.36
143.805	11.6577	44.7062	0.132111	0.120101	0.699461	0	12.42
143.316	9.80694	44.645	0.130527	0.118661	0.588416	0	12.48
143.116	8.16897	44.3785	0.129138	0.117398	0.490138	0	12.54
143.152	6.90855	43.9454	0.128044	0.116403	0.414513	0	12.6
143.352	6.07152	43.397	0.127262	0.115692	0.364291	0	12.66
143.644	5.64529	42.786	0.12677	0.115245	0.338718	0	12.72
143.958	5.60835	42.162	0.126541	0.115037	0.336501	0	12.78
144.227	5.955	41.5711	0.126557	0.115052	0.3573	0	12.84
144.386	6.69604	41.0585	0.126813	0.115285	0.401762	0	12.9
144.37	7.83591	40.6689	0.127298	0.115725	0.470155	0	12.96
144.119	9.32603	40.4431	0.127966	0.116333	0.559562	0	13.02
143.592	11.0066	40.4096	0.128706	0.117005	0.660394	0	13.08
142.79	12.5771	40.5699	0.129319	0.117562	0.754627	0	13.14
141.772	13.6529	40.8856	0.129565	0.117786	0.819173	0	13.2
140.651	13.9168	41.2775	0.129258	0.117507	0.835007	0	13.26
139.574	13.2816	41.6437	0.128369	0.116699	0.796897	0	13.32
138.671	11.9369	41.8892	0.127048	0.115498	0.716211	0	13.38
138.028	10.2438	41.9526	0.125548	0.114135	0.614627	0	13.44
137.669	8.56598	41.8162	0.124114	0.112831	0.513959	0	13.5
137.566	7.15172	41.4995	0.122903	0.11173	0.429103	0	13.56
137.663	6.11271	41.0437	0.121981	0.110891	0.366762	0	13.62
137.89	5.46762	40.498	0.121344	0.110313	0.328057	0	13.68
138.179	5.19837	39.9105	0.12097	0.109973	0.311902	0	13.74
138.468	5.28923	39.3265	0.120835	0.10985	0.317354	0	13.8
138.692	5.74232	38.7886	0.120927	0.109934	0.344539	0	13.86
138.791	6.57106	38.3392	0.121243	0.110221	0.394264	0	13.92
138.703	7.77098	38.0197	0.121766	0.110696	0.466259	0	13.98
138.374	9.26932	37.8665	0.122437	0.111306	0.556159	0	14.04
137.777	10.8725	37.9001	0.123123	0.11193	0.652347	0	14.1
136.927	12.2583	38.1108	0.123616	0.112378	0.7355	0	14.16
135.9	13.0624	38.4492	0.123691	0.112447	0.783745	0	14.22
134.817	13.0393	38.8304	0.123213	0.112012	0.782357	0	14.28
133.818	12.1935	39.1564	0.122211	0.111101	0.731612	0	14.34
133.019	10.775	39.3452	0.120872	0.109883	0.646498	0	14.4
132.48	9.1452	39.3517	0.119445	0.108586	0.548712	0	14.46
132.208	7.62189	39.1718	0.118141	0.107401	0.457313	0	14.52
132.164	6.3964	38.8326	0.117079	0.106436	0.383784	0	14.58
132.289	5.53965	38.3768	0.116295	0.105723	0.332379	0	14.64
132.516	5.05257	37.8513	0.115777	0.105252	0.303154	0	14.7
132.783	4.91616	37.3011	0.1155	0.105	0.294969	0	14.76
133.027	5.12122	36.768	0.115445	0.10495	0.307273	0	14.82
133.191	5.67611	36.2925	0.115606	0.105096	0.340567	0	14.88
133.215	6.59341	35.9149	0.115977	0.105434	0.395605	0	14.94
133.039	7.85452	35.6742	0.116535	0.105941	0.471271	0	15
132.62	9.35696	35.6018	0.117202	0.106547	0.561417	0	15.06
131.941	10.8715	35.7096	0.117825	0.107113	0.652292	0	15.12
131.036	12.0609	35.9763	0.118188	0.107444	0.723656	0	15.18
129.993	12.5932	36.3419	0.118093	0.107357	0.755592	0	15.24
128.943	12.3021	36.7178	0.117455	0.106777	0.738123	0	15.3
128.013	11.2774	37.0119	0.11636	0.105782	0.676645	0	15.36
127.302	9.8128	37.1553	0.115018	0.104562	0.588768	0	15.42
126.85	8.25636	37.1182	0.113668	0.103335	0.495381	0	15.48
126.646	6.87741	36.908	0.112485	0.102259	0.412645	0	15.54
126.645	5.81769	36.5572	0.111553	0.101412	0.349061	0	15.6
126.785	5.11702	36.1092	0.110888	0.100807	0.307021	0	15.66
127.004	4.76551	35.6087	0.11047	0.100427	0.285931	0	15.72
127.241	4.7462	35.0979	0.110276	0.100251	0.284772	0	15.78
127.438	5.05642	34.6163	0.110293	0.100266	0.303385	0	15.84
127.538	5.70846	34.2028	0.110517	0.10047	0.342508	0	15.9
127.484	6.70979	33.8963	0.110939	0.100854	0.402587	0	15.96
127.221	8.02195	33.7328	0.111524	0.101386	0.481317	0	16.02
126.714	9.50837	33.7379	0.112174	0.101976	0.570502	0	16.08
125.961	10.9066	33.9139	0.112716	0.102469	0.654398	0	16.14
125.013	11.8763	34.2277	0.112938	0.10267	0.712578	0	16.2
123.972	12.1336	34.6104	0.112673	0.10243	0.728018	0	16.26
122.967	11.5971	34.9721	0.111894	0.101722	0.695828	0	16.32
122.116	10.4313	35.2288	0.110732	0.100666	0.62588	0	16.38
121.495	8.95455	35.326	0.109412	0.0994653	0.537273	0	16.44
121.126	7.48823	35.2475	0.108149	0.0983169	0.449294	0	16.5
120.985	6.25206	35.0101	0.107083	0.0973481	0.375124	0	16.56
121.021	5.34503	34.6501	0.106271	0.0966096	0.320702	0	16.62
121.174	4.78397	34.2104	0.105711	0.0961009	0.287038	0	16.68
121.383	4.55348	33.7337	0.105382	0.095802	0.273209	0	16.74
121.591	4.64054	33.2595	0.105264	0.0956946	0.278432	0	16.8
121.743	5.04828	32.8257	0.105347	0.0957701	0.302897	0	16.86
121.783	5.79013	32.4698	0.105628	0.0960258	0.347408	0	16.92
121.657	6.86371	32.2287	0.106094	0.0964494	0.411823	0	16.98
121.316	8.20559	32.1352	0.106693	0.0969939	0.492335	0	17.04
120.734	9.64363	32.2078	0.107307	0.0975514	0.578618	0	17.1
119.927	10.8898	32.4381	0.107748	0.0979531	0.653388	0	17.16
118.961	11.6171	32.7821	0.107818	0.0980163	0.697025	0	17.22
117.947	11.6049	33.1642	0.107392	0.0976295	0.696292	0	17.28
117.008	10.8566	33.4967	0.106499	0.0968169	0.651395	0	17.34
116.249	9.59537	33.7062	0.105303	0.0957302	0.575722	0	17.4
115.724	8.14448	33.7522	0.10403	0.0945724	0.488669	0	17.46
115.438	6.78788	33.6311	0.102866	0.0935144	0.407273	0	17.52
115.358	5.6966	33.3669	0.101918	0.092653	0.341796	0	17.58
115.43	4.93408	32.9978	0.101219	0.0920171	0.296045	0	17.64
115.595	4.50122	32.5656	0.100757	0.0915968	0.270073	0	17.7
115.795	4.38118	32.1103	0.100509	0.0913719	0.262871	0	17.76
115.977	4.56594	31.6695	0.10046	0.0913274	0.273956	0	17.82
116.088	5.06313	31.2793	0.100604	0.091458	0.303788	0	17.88
116.073	5.88408	30.9756	0.100936	0.0917599	0.353045	0	17.94
115.883	7.01204	30.7935	0.101434	0.0922131	0.420722	0	18
115.476	8.35499	30.7608	0.10203	0.0927548	0.501299	0	18.06
114.838	9.70751	30.8881	0.102586	0.0932601	0.582451	0	18.12
114	10.768	31.1563	0.10291	0.0935546	0.646081	0	18.18
113.042	11.2406	31.5117	0.102825	0.0934769	0.674439	0	18.24
112.079	10.9782	31.8752	0.102256	0.0929595	0.658694	0	18.3
111.226	10.0622	32.1644	0.101279	0.0920717	0.60373	0	18.36
110.569	8.75465	32.3183	0.100084	0.090985	0.525279	0	18.42
110.143	7.36589	32.3103	0.0988805	0.0898914	0.441953	0	18.48
109.939	6.13566	32.1471	0.0978261	0.0889328	0.36814	0	18.54
109.916	5.19008	31.8577	0.0969959	0.0881781	0.311405	0	18.6
110.02	4.56452	31.4808	0.0964029	0.087639	0.273871	0	18.66
110.194	4.25007	31.0564	0.0960304	0.0873004	0.255004	0	18.72
110.386	4.2314	30.6219	0.0958576	0.0871433	0.253884	0	18.78
110.543	4.50577	30.2127	0.0958723	0.0871566	0.270346	0	18.84
110.615	5.08357	29.8632	0.0960705	0.0873368	0.305014	0	18.9
110.551	5.97063	29.608	0.0964452	0.0876775	0.358238	0	18.96
110.304	7.13183	29.4789	0.0969634	0.0881486	0.42791	0	19.02
109.842	8.44506	29.4985	0.0975382	0.0886711	0.506704	0	19.08
109.164	9.67738	29.6684	0.0980166	0.089106	0.580643	0	19.14
108.317	10.5281	29.9591	0.0982109	0.0892826	0.631688	0	19.2
107.39	10.7481	30.3096	0.0979755	0.0890686	0.644888	0	19.26
106.497	10.2674	30.6402	0.0972868	0.0884425	0.616043	0	19.32
105.74	9.23242	30.8772	0.0962609	0.0875099	0.553945	0	19.38
105.187	7.9244	30.9722	0.0950955	0.0864504	0.475464	0	19.44
104.857	6.62666	30.9115	0.0939808	0.0854371	0.3976	0	19.5
104.728	5.53267	30.7099	0.0930404	0.0845822	0.33196	0	19.56
104.755	4.72954	30.3995	0.0923234	0.0839303	0.283772	0	19.62
104.885	4.23198	30.0183	0.0918294	0.0834812	0.253919	0	19.68
105.065	4.02619	29.6039	0.0915389	0.0832172	0.241571	0	19.74
105.245	4.1003	29.1912	0.0914342	0.083122	0.246018	0	19.8
105.376	4.4565	28.8137	0.0915066	0.0831879	0.26739	0	19.86
105.41	5.10581	28.5041	0.0917532	0.083412	0.306349	0	19.92
105.299	6.04517	28.2951	0.0921616	0.0837833	0.36271	0	19.98
105	7.21788	28.215	0.0926859	0.0842599	0.433073	0	20.04
104.493	8.47234	28.2798	0.0932219	0.0847472	0.508341	0	20.1
103.79	9.55643	28.4821	0.093607	0.0850973	0.573386	0	20.16
102.95	10.1852	28.7831	0.0936662	0.0851511	0.611109	0	20.22
102.069	10.1674	29.1165	0.0932931	0.0848119	0.610042	0	20.28
101.256	9.50753	29.4058	0.0925117	0.0841016	0.570452	0	20.34
100.599	8.40114	29.587	0.0914676	0.0831523	0.504068	0	20.4
100.147	7.13032	29.6249	0.0903555	0.0821414	0.427819	0	20.46
99.9034	5.94262	29.5167	0.0893394	0.0812176	0.356557	0	20.52
99.8389	4.9871	29.2831	0.088512	0.0804655	0.299226	0	20.58
99.9067	4.31897	28.9578	0.0879011	0.0799101	0.259138	0	20.64
100.056	3.93889	28.5771	0.0874972	0.0795429	0.236333	0	20.7
100.236	3.83195	28.1763	0.0872809	0.0793463	0.229917	0	20.76
100.4	3.9908	27.7879	0.0872378	0.0793071	0.239448	0	20.82
100.502	4.42158	27.4433	0.0873624	0.0794203	0.265295	0	20.88
100.497	5.13353	27.174	0.0876508	0.0796825	0.308012	0	20.94
100.338	6.11138	27.0103	0.0880836	0.080076	0.366683	0	21
99.9924	7.27458	26.9763	0.0886005	0.080546	0.436475	0	21.06
99.4473	8.44454	27.0809	0.089082	0.0809836	0.506672	0	21.12
98.7297	9.35994	27.3074	0.0893621	0.0812383	0.561597	0	21.18
97.9089	9.76507	27.6093	0.089287	0.08117	0.585904	0	21.24
97.0837	9.5333	27.9178	0.088793	0.0807209	0.571998	0	21.3
96.3544	8.73577	28.1617	0.0879462	0.0799511	0.524146	0	21.36
95.7941	7.59983	28.2881	0.0869102	0.0790092	0.45599	0	21.42
95.4342	6.39411	28.2741	0.0858676	0.0780615	0.383647	0	21.48
95.2662	5.32618	28.1256	0.0849538	0.0772308	0.319571	0	21.54
95.2548	4.5052	27.8677	0.0842343	0.0765766	0.270312	0	21.6
95.3531	3.96175	27.5341	0.0837203	0.0761093	0.237705	0	21.66
95.5123	3.68802	27.1593	0.0833973	0.0758158	0.221281	0	21.72
95.6861	3.67059	26.7758	0.0832474	0.0756795	0.220236	0	21.78
95.8301	3.90689	26.4143	0.0832599	0.0756908	0.234414	0	21.84
95.9005	4.40564	26.1047	0.0834311	0.0758465	0.264338	0	21.9
95.8534	5.17158	25.8765	0.083755	0.0761409	0.310295	0	21.96
95.6482	6.17407	25.7576	0.0842027	0.076548	0.370444	0	22.02
95.2574	7.30743	25.7672	0.0846992	0.0769992	0.438446	0	22.08
94.6807	8.37043	25.9067	0.0851122	0.0773747	0.502226	0	22.14
93.9573	9.10359	26.1507	0.0852796	0.077527	0.546215	0	22.2
93.1649	9.29196	26.4462	0.085076	0.0773418	0.557518	0	22.26
92.4013	8.87528	26.7247	0.0844808	0.0768008	0.532517	0	22.32
91.756	7.98017	26.9222	0.0835945	0.075995	0.47881	0	22.38
91.2862	6.84942	26.9974	0.0825878	0.0750798	0.410965	0	22.44
91.0082	5.7277	26.938	0.0816248	0.0742044	0.343662	0	22.5
90.9038	4.78211	26.7572	0.0808124	0.0734658	0.286926	0	22.56
90.9343	4.08787	26.4824	0.080193	0.0729027	0.245272	0	22.62
91.0535	3.65766	26.1466	0.0797662	0.0725147	0.219459	0	22.68
91.2158	3.47954	25.7823	0.0795153	0.0722866	0.208772	0	22.74
91.3776	3.54323	25.4197	0.0794248	0.0722043	0.212594	0	22.8
91.4972	3.85059	25.0875	0.0794873	0.0722612	0.231035	0	22.86
91.5325	4.41108	24.8143	0.0797002	0.0724547	0.264665	0	22.92
91.4422	5.22208	24.6279	0.0800529	0.0727754	0.313325	0	22.98
91.1905	6.23467	24.5531	0.0805057	0.073187	0.37408	0	23.04
90.758	7.31804	24.6037	0.0809686	0.0736078	0.439082	0	23.1
90.1563	8.25451	24.7731	0.0813013	0.0739103	0.495271	0	23.16
89.4356	8.79791	25.0279	0.0813525	0.0739569	0.527875	0	23.22
88.6793	8.78296	25.3109	0.0810303	0.0736639	0.526978	0	23.28
87.981	8.21329	25.556	0.0803552	0.0730502	0.492797	0	23.34
87.4177	7.25767	25.7079	0.079453	0.07223	0.43546	0	23.4
87.0311	6.15987	25.7362	0.078492	0.0713564	0.369592	0	23.46
86.8247	5.13382	25.6384	0.0776139	0.0705581	0.308029	0	23.52
86.7728	4.30836	25.4324	0.076899	0.0699082	0.258502	0	23.58
86.8352	3.73122	25.1473	0.0763711	0.0694282	0.223873	0	23.64
86.9675	3.40299	24.8145	0.0760221	0.069111	0.204179	0	23.7
87.1266	3.3108	24.4644	0.0758352	0.0689411	0.198648	0	23.76
87.272	3.44836	24.1252	0.075798	0.0689073	0.206902	0	23.82
87.3637	3.82106	23.8241	0.0759058	0.0690053	0.229264	0	23.88
87.3617	4.43701	23.5881	0.0761553	0.0692321	0.26622	0	23.94
87.2274	5.28316	23.4436	0.0765297	0.0695725	0.316989	0	24
86.9305	6.29001	23.4114	0.0769771	0.0699792	0.377401	0	24.06
86.461	7.30319	23.4993	0.0773939	0.0703581	0.438192	0	24.12
85.8416	8.09654	23.693	0.0776366	0.0705787	0.485792	0	24.18
85.1325	8.44848	23.952	0.0775718	0.0705198	0.506909	0	24.24
84.4193	8.24906	24.217	0.0771443	0.0701312	0.494944	0	24.3
83.7888	7.5596	24.4262	0.0764113	0.0694648	0.453576	0	24.36
83.3046	6.57685	24.5339	0.0755141	0.0686492	0.394611	0	24.42
82.9938	5.53348	24.5202	0.0746114	0.0678285	0.332009	0	24.48
82.8492	4.60929	24.3901	0.0738201	0.0671092	0.276557	0	24.54
82.8403	3.89886	24.1654	0.073197	0.0665427	0.233932	0	24.6
82.9263	3.42871	23.8753	0.072752	0.0661381	0.205722	0	24.66
83.065	3.19208	23.5495	0.0724723	0.065884	0.191525	0	24.72
83.2162	3.17743	23.2164	0.0723426	0.065766	0.190646	0	24.78
83.3416	3.38261	22.9024	0.0723535	0.0657759	0.202957	0	24.84
83.403	3.8153	22.6333	0.072502	0.0659109	0.228918	0	24.9
83.3624	4.47976	22.435	0.0727829	0.0661663	0.268786	0	24.96
83.1845	5.34963	22.3314	0.0731713	0.0665193	0.320978	0	25.02
82.8453	6.33339	22.3395	0.073602	0.0669109	0.380004	0	25.08
82.3446	7.25658	22.4602	0.0739605	0.0672368	0.435395	0	25.14
81.7162	7.89392	22.6718	0.0741061	0.0673692	0.473635	0	25.2
81.0277	8.05865	22.9282	0.0739296	0.0672088	0.483519	0	25.26
80.364	7.69818	23.17	0.0734133	0.0667393	0.461891	0	25.32
79.8028	6.92223	23.3417	0.0726441	0.0660401	0.415334	0	25.38
79.394	5.94153	23.4072	0.0717703	0.0652457	0.356492	0	25.44
79.1517	4.96851	23.3561	0.0709344	0.0644858	0.298111	0	25.5
79.0602	4.14827	23.1996	0.0702293	0.0638448	0.248896	0	25.56
79.0858	3.54611	22.9616	0.0696917	0.0633561	0.212767	0	25.62
79.1885	3.17309	22.6707	0.0693213	0.0630193	0.190385	0	25.68
79.3284	3.01885	22.355	0.0691035	0.0628214	0.181131	0	25.74
79.468	3.07454	22.0408	0.069025	0.06275	0.184473	0	25.8
79.5708	3.34184	21.7531	0.0690794	0.0627995	0.20051	0	25.86
79.6004	3.82907	21.5166	0.0692644	0.0629677	0.229744	0	25.92
79.5208	4.53409	21.3556	0.0695709	0.0632463	0.272045	0	25.98
79.3007	5.41449	21.2915	0.0699645	0.0636041	0.324869	0	26.04
78.9235	6.35668	21.3364	0.070367	0.06397	0.381401	0	26.1
78.3989	7.17142	21.4847	0.0706563	0.064233	0.430285	0	26.16
77.7708	7.64463	21.7073	0.070701	0.0642737	0.458678	0	26.22
77.1116	7.63242	21.9545	0.070421	0.0640191	0.457945	0	26.28
76.5028	7.13783	22.1687	0.0698342	0.0634856	0.42827	0	26.34
76.0114	6.30754	22.302	0.0690498	0.0627725	0.378453	0	26.4
75.6737	5.35351	22.3278	0.0682143	0.062013	0.321211	0	26.46
75.4926	4.46178	22.2439	0.0674509	0.061319	0.267707	0	26.52
75.446	3.74439	22.0661	0.0668293	0.0607539	0.224663	0	26.58
75.4989	3.24285	21.8194	0.0663703	0.0603367	0.194571	0	26.64
75.6124	2.9577	21.5313	0.066067	0.0600609	0.177462	0	26.7
75.7494	2.87777	21.2281	0.0659045	0.0599132	0.172666	0	26.76
75.8744	2.99761	20.9344	0.0658722	0.0598838	0.179857	0	26.82
75.9527	3.32197	20.6738	0.065966	0.0599691	0.199318	0	26.88
75.9496	3.85792	20.4699	0.066183	0.0601664	0.231475	0	26.94
75.8313	4.5942	20.3454	0.0665088	0.0604625	0.275652	0	27
75.5716	5.47038	20.3187	0.066898	0.0608164	0.328223	0	27.06
75.1616	6.35216	20.3964	0.0672607	0.0611461	0.381129	0	27.12
74.6212	7.04272	20.5662	0.0674719	0.0613381	0.422563	0	27.18
74.0028	7.34924	20.7928	0.0674156	0.0612869	0.440955	0	27.24
73.3808	7.17601	21.0246	0.0670437	0.0609488	0.43056	0	27.3
72.8308	6.57635	21.2079	0.0664059	0.060369	0.394581	0	27.36
72.4081	5.72147	21.3029	0.0656254	0.0596595	0.343288	0	27.42
72.1364	4.81381	21.2922	0.0648399	0.0589454	0.288828	0	27.48
72.0092	4.00982	21.1802	0.0641515	0.0583195	0.240589	0	27.54
72.0002	3.39179	20.9859	0.0636094	0.0578267	0.203508	0	27.6
72.0738	2.9828	20.7345	0.0632222	0.0574747	0.178968	0	27.66
72.1934	2.777	20.4522	0.0629789	0.0572536	0.16662	0	27.72
72.3238	2.76431	20.1635	0.062866	0.057151	0.165859	0	27.78
72.4317	2.94289	19.8913	0.0628755	0.0571596	0.176573	0	27.84
72.4841	3.31943	19.6582	0.0630048	0.0572771	0.199166	0	27.9
72.4477	3.89764	19.4867	0.0632492	0.0574992	0.233858	0	27.96
72.2918	4.65456	19.3976	0.0635871	0.0578064	0.279274	0	28.02
71.9957	5.51058	19.4056	0.0639619	0.0581471	0.330635	0	28.08
71.5591	6.31384	19.5117	0.0642738	0.0584307	0.37883	0	28.14
71.0115	6.86835	19.6967	0.0644005	0.0585459	0.412101	0	28.2
70.4115	7.01162	19.9207	0.0642469	0.0584063	0.420697	0	28.26
69.8333	6.69792	20.1319	0.0637976	0.0579979	0.401875	0	28.32
69.3443	6.02276	20.2821	0.0631284	0.0573895	0.361366	0	28.38
68.9879	5.16948	20.3399	0.0623682	0.0566984	0.310169	0	28.44
68.7763	4.3229	20.2962	0.061641	0.0560373	0.259374	0	28.5
68.696	3.60923	20.1608	0.0610275	0.0554796	0.216554	0	28.56
68.7176	3.08532	19.9544	0.0605598	0.0550544	0.185119	0	28.62
68.8062	2.76075	19.702	0.0602375	0.0547614	0.165645	0	28.68
68.9274	2.62653	19.4281	0.0600481	0.0545892	0.157592	0	28.74
69.0482	2.67493	19.1554	0.0599798	0.0545271	0.160496	0	28.8
69.137	2.90742	18.9057	0.0600271	0.0545701	0.174445	0	28.86
69.1623	3.33122	18.7005	0.060188	0.0547164	0.199873	0	28.92
69.0925	3.94442	18.561	0.0604546	0.0549587	0.236665	0	28.98
68.9006	4.71012	18.5058	0.0607969	0.0552699	0.282607	0	29.04
68.5721	5.52948	18.5453	0.061147	0.0555881	0.331769	0	29.1
68.1155	6.23792	18.6747	0.0613986	0.0558169	0.374275	0	29.16
67.569	6.64926	18.8687	0.0614374	0.0558522	0.398956	0	29.22
66.9955	6.63843	19.084	0.0611938	0.0556308	0.398306	0	29.28
66.4658	6.20811	19.2707	0.0606835	0.0551668	0.372487	0	29.34
66.0383	5.48591	19.3869	0.0600014	0.0545467	0.329155	0	29.4
65.7444	4.65613	19.4097	0.0592748	0.0538862	0.279368	0	29.46
65.5868	3.88056	19.3371	0.0586109	0.0532827	0.232834	0	29.52
65.5461	3.25662	19.1827	0.0580704	0.0527913	0.195397	0	29.58
65.5919	2.8204	18.9684	0.0576713	0.0524284	0.169224	0	29.64
65.6905	2.57236	18.7181	0.0574074	0.0521886	0.154341	0	29.7
65.8095	2.50277	18.4546	0.0572662	0.0520601	0.150166	0	29.76
65.918	2.6069	18.1994	0.0572381	0.0520346	0.156414	0	29.82
65.9861	2.88884	17.9729	0.0573196	0.0521087	0.17333	0	29.88
65.9832	3.35474	17.7957	0.0575083	0.0522802	0.201284	0	29.94
65.8804	3.99474	17.6876	0.0577914	0.0525377	0.239685	0	30
65.6546	4.7563	17.6645	0.0581298	0.0528452	0.285378	0	30.06
65.2983	5.52265	17.7321	0.058445	0.0531318	0.331359	0	30.12
64.8287	6.12272	17.8797	0.0586285	0.0532987	0.367363	0	30.18
64.2913	6.38893	18.0767	0.0585796	0.0532542	0.383336	0	30.24
63.7508	6.23815	18.2782	0.0582563	0.0529603	0.374289	0	30.3
63.2729	5.71676	18.4375	0.0577019	0.0524563	0.343006	0	30.36
62.9057	4.97358	18.52	0.0570235	0.0518396	0.298415	0	30.42
62.6697	4.18455	18.5106	0.0563408	0.0512189	0.251073	0	30.48
62.5594	3.48566	18.4132	0.0557424	0.0506749	0.20914	0	30.54
62.5517	2.94841	18.2443	0.0552713	0.0502466	0.176905	0	30.6
62.6158	2.59287	18.0257	0.0549347	0.0499406	0.155572	0	30.66
62.7198	2.41392	17.7803	0.0547232	0.0497484	0.144835	0	30.72
62.8333	2.40283	17.5292	0.0546251	0.0496592	0.14417	0	30.78
62.9273	2.55796	17.2926	0.0546334	0.0496667	0.153478	0	30.84
62.973	2.88512	17.0899	0.0547457	0.0497688	0.173107	0	30.9
62.9415	3.38751	16.9407	0.054958	0.0499618	0.203251	0	30.96
62.8063	4.04516	16.8631	0.0552516	0.0502288	0.24271	0	31.02
62.5493	4.78887	16.8699	0.0555773	0.0505248	0.287332	0	31.08
62.1701	5.4867	16.9618	0.0558483	0.0507712	0.329202	0	31.14
61.6946	5.96835	17.1224	0.0559583	0.0508712	0.358101	0	31.2
61.1736	6.09269	17.3168	0.0558249	0.0507499	0.365561	0	31.26
60.6715	5.82	17.5002	0.0554345	0.050395	0.3492	0	31.32
60.2469	5.23329	17.6305	0.0548531	0.0498664	0.313997	0	31.38
59.9375	4.49184	17.6805	0.0541925	0.0492659	0.269511	0	31.44
59.754	3.75623	17.6423	0.0535607	0.0486916	0.225374	0	31.5
59.6845	3.13612	17.5244	0.0530277	0.048207	0.188167	0	31.56
59.7035	2.68087	17.3449	0.0526213	0.0478376	0.160852	0	31.62
59.7808	2.39883	17.1254	0.0523413	0.047583	0.14393	0	31.68
59.8863	2.28218	16.8872	0.0521767	0.0474334	0.136931	0	31.74
59.9915	2.32419	16.6501	0.0521174	0.0473794	0.139452	0	31.8
60.0689	2.52613	16.4329	0.0521585	0.0474168	0.151568	0	31.86
60.0911	2.89428	16.2544	0.0522983	0.0475439	0.173657	0	31.92
60.0307	3.42695	16.133	0.0525299	0.0477544	0.205617	0	31.98
59.8643	4.09209	16.0848	0.0528272	0.0480247	0.245526	0	32.04
59.5792	4.80383	16.119	0.0531313	0.0483012	0.28823	0	32.1
59.1828	5.4192	16.2312	0.0533499	0.0484999	0.325152	0	32.16
58.7083	5.77647	16.3995	0.0533836	0.0485305	0.346588	0	32.22
58.2103	5.767	16.5863	0.053172	0.0483382	0.34602	0	32.28
57.7505	5.39315	16.7483	0.0527286	0.0479351	0.323589	0	32.34
57.3793	4.76574	16.849	0.0521361	0.0473964	0.285944	0	32.4
57.1243	4.04489	16.8686	0.0515049	0.0468227	0.242693	0	32.46
56.9876	3.37113	16.8052	0.0509282	0.0462984	0.202268	0	32.52
56.9525	2.8291	16.6709	0.0504586	0.0458715	0.169746	0	32.58
56.9925	2.45014	16.4846	0.0501119	0.0455563	0.147009	0	32.64
57.0783	2.23465	16.2669	0.0498827	0.0453479	0.134079	0	32.7
57.1819	2.1742	16.0379	0.04976	0.0452364	0.130452	0	32.76
57.2764	2.26464	15.816	0.0497356	0.0452142	0.135878	0	32.82
57.3357	2.50955	15.619	0.0498064	0.0452785	0.150573	0	32.88
57.3334	2.91425	15.4649	0.0499703	0.0454276	0.174855	0	32.94
57.2443	3.4702	15.3709	0.0502163	0.0456512	0.208212	0	33
57.0483	4.13175	15.3506	0.0505102	0.0459184	0.247905	0	33.06
56.7389	4.79746	15.4092	0.0507841	0.0461673	0.287848	0	33.12
56.3311	5.31873	15.5372	0.0509435	0.0463123	0.319124	0	33.18
55.8645	5.55	15.7082	0.0509009	0.0462736	0.333	0	33.24
55.3951	5.41902	15.8831	0.0506201	0.0460183	0.325141	0	33.3
54.9801	4.9661	16.0213	0.0501385	0.0455805	0.297966	0	33.36
54.6612	4.32051	16.0928	0.0495492	0.0450447	0.259231	0	33.42
54.4563	3.63509	16.0845	0.0489561	0.0445056	0.218105	0	33.48
54.3606	3.02797	15.9998	0.0484363	0.044033	0.181678	0	33.54
54.3541	2.56127	15.8529	0.048027	0.0436609	0.153676	0	33.6
54.4099	2.25241	15.6629	0.0477346	0.0433951	0.135144	0	33.66
54.5004	2.09696	15.4496	0.047551	0.0432281	0.125818	0	33.72
54.5991	2.08733	15.2313	0.0474657	0.0431507	0.12524	0	33.78
54.6808	2.2221	15.0256	0.0474729	0.0431572	0.133326	0	33.84
54.7206	2.50632	14.8495	0.0475704	0.0432459	0.150379	0	33.9
54.6934	2.94278	14.7198	0.0477549	0.0434136	0.176567	0	33.96
54.576	3.51412	14.6523	0.04801	0.0436455	0.210847	0	34.02
54.3528	4.16024	14.6581	0.0482929	0.0439026	0.249614	0	34.08
54.0235	4.7665	14.7379	0.0485284	0.0441167	0.28599	0	34.14
53.6104	5.18498	14.8773	0.048624	0.0442036	0.311099	0	34.2
53.1578	5.29304	15.0462	0.048508	0.0440982	0.317582	0	34.26
52.7216	5.05618	15.2054	0.0481689	0.0437899	0.303371	0	34.32
52.3528	4.54648	15.3185	0.0476638	0.0433307	0.272789	0	34.38
52.0841	3.90234	15.3619	0.0470899	0.042809	0.234141	0	34.44
51.9247	3.26327	15.3287	0.046541	0.04231	0.195796	0	34.5
51.8643	2.72454	15.2262	0.0460779	0.041889	0.163472	0	34.56
51.8808	2.32904	15.0702	0.0457248	0.041568	0.139743	0	34.62
51.948	2.08402	14.8795	0.0454816	0.0413469	0.125041	0	34.68
52.0397	1.98269	14.6725	0.0453386	0.0412169	0.118961	0	34.74
52.1311	2.0192	14.4664	0.045287	0.04117	0.121152	0	34.8
52.1984	2.19467	14.2777	0.0453227	0.0412025	0.13168	0	34.86
52.2177	2.51453	14.1226	0.0454442	0.0413129	0.150872	0	34.92
52.1652	2.97735	14.0171	0.0456454	0.0414958	0.178641	0	34.98
52.0206	3.55528	13.9752	0.0459038	0.0417307	0.213317	0	35.04
51.7729	4.17371	14.0049	0.046168	0.0419709	0.250422	0	35.1
51.4285	4.70841	14.1023	0.0463579	0.0421435	0.282505	0	35.16
51.0162	5.01887	14.2486	0.0463872	0.0421702	0.301132	0	35.22
50.5835	5.01069	14.4109	0.0462034	0.0420031	0.300641	0	35.28
50.1839	4.68588	14.5516	0.0458181	0.0416528	0.281153	0	35.34
49.8614	4.14076	14.6392	0.0453033	0.0411848	0.248446	0	35.4
49.6398	3.51445	14.6562	0.0447549	0.0406862	0.210867	0	35.46
49.5209	2.92905	14.6012	0.0442538	0.0402307	0.175743	0	35.52
49.4904	2.4581	14.4845	0.0438458	0.0398598	0.147486	0	35.58
49.5251	2.12884	14.3226	0.0435445	0.0395859	0.12773	0	35.64
49.5997	1.94162	14.1335	0.0433454	0.0394049	0.116497	0	35.7
49.6897	1.88909	13.9345	0.0432387	0.0393079	0.113346	0	35.76
49.7718	1.96769	13.7417	0.0432175	0.0392887	0.118062	0	35.82
49.8232	2.18051	13.5706	0.0432791	0.0393446	0.130831	0	35.88
49.8212	2.53218	13.4367	0.0434215	0.0394741	0.151931	0	35.94
49.7438	3.01528	13.355	0.0436352	0.0396684	0.180917	0	36
49.5734	3.59014	13.3374	0.0438906	0.0399006	0.215408	0	36.06
49.3045	4.16862	13.3883	0.0441286	0.0401169	0.250117	0	36.12
48.9502	4.62161	13.4996	0.0442671	0.0402428	0.277296	0	36.18
48.5446	4.82259	13.6482	0.0442302	0.0402093	0.289356	0	36.24
48.1367	4.7088	13.8002	0.0439862	0.0399874	0.282528	0	36.3
47.776	4.31526	13.9204	0.0435677	0.039607	0.258915	0	36.36
47.4989	3.75428	13.9826	0.0430556	0.0391414	0.225257	0	36.42
47.3208	3.15869	13.9754	0.0425402	0.0386729	0.189521	0	36.48
47.2376	2.63113	13.9018	0.0420885	0.0382623	0.157868	0	36.54
47.2318	2.2256	13.7742	0.0417329	0.037939	0.133536	0	36.6
47.2803	1.95722	13.6091	0.0414788	0.037708	0.117433	0	36.66
47.3589	1.82215	13.4238	0.0413192	0.0375629	0.109329	0	36.72
47.4446	1.81379	13.2342	0.0412451	0.0374956	0.108827	0	36.78
47.5156	1.93091	13.0555	0.0412513	0.0375012	0.115854	0	36.84
47.5502	2.17789	12.9024	0.0413361	0.0375783	0.130673	0	36.9
47.5265	2.55717	12.7898	0.0414964	0.037724	0.15343	0	36.96
47.4244	3.05367	12.7312	0.0417181	0.0379255	0.18322	0	37.02
47.2304	3.61514	12.7362	0.0419639	0.038149	0.216909	0	37.08
46.9441	4.14199	12.8056	0.0421686	0.0383351	0.24852	0	37.14
46.5851	4.50566	12.9268	0.0422516	0.0384106	0.27034	0	37.2
46.1918	4.59957	13.0736	0.0421509	0.038319	0.275974	0	37.26
45.8127	4.39375	13.212	0.0418562	0.0380511	0.263625	0	37.32
45.4922	3.95083	13.3103	0.0414172	0.037652	0.23705	0	37.38
45.2586	3.39108	13.3481	0.0409185	0.0371987	0.203465	0	37.44
45.12	2.83574	13.3193	0.0404415	0.036765	0.170144	0	37.5
45.0675	2.36759	13.2302	0.0400391	0.0363992	0.142055	0	37.56
45.0818	2.02391	13.0947	0.0397323	0.0361203	0.121434	0	37.62
45.1402	1.81099	12.929	0.0395209	0.0359281	0.108659	0	37.68
45.2198	1.72293	12.7491	0.0393966	0.0358151	0.103376	0	37.74
45.2992	1.75467	12.5701	0.0393519	0.0357744	0.10528	0	37.8
45.3577	1.90714	12.4062	0.0393829	0.0358026	0.114429	0	37.86
45.3744	2.18511	12.2714	0.0394884	0.0358986	0.131106	0	37.92
45.3288	2.5873	12.1798	0.0396633	0.0360575	0.155238	0	37.98
45.2031	3.08952	12.1434	0.0398878	0.0362616	0.185371	0	38.04
44.9878	3.62693	12.1692	0.0401174	0.0364704	0.217616	0	38.1
44.6885	4.09159	12.2539	0.0402824	0.0366204	0.245495	0	38.16
44.3302	4.36137	12.381	0.0403079	0.0366435	0.261682	0	38.22
43.9541	4.35426	12.5221	0.0401481	0.0364983	0.261256	0	38.28
43.6069	4.07201	12.6444	0.0398134	0.036194	0.24432	0	38.34
43.3266	3.5983	12.7205	0.039366	0.0357872	0.215898	0	38.4
43.134	3.05404	12.7353	0.0388894	0.035354	0.183242	0	38.46
43.0307	2.54533	12.6876	0.038454	0.0349581	0.15272	0	38.52
43.0042	2.13607	12.5862	0.0380994	0.0346358	0.128164	0	38.58
43.0343	1.84995	12.4455	0.0378376	0.0343978	0.110997	0	38.64
43.0991	1.68725	12.2812	0.0376646	0.0342405	0.101235	0	38.7
43.1772	1.64161	12.1083	0.0375719	0.0341563	0.0984967	0	38.76
43.2485	1.70991	11.9408	0.0375535	0.0341395	0.102595	0	38.82
43.2933	1.89484	11.7921	0.0376069	0.0341881	0.113691	0	38.88
43.2915	2.20044	11.6758	0.0377307	0.0343006	0.132026	0	38.94
43.2242	2.62024	11.6048	0.0379165	0.0344695	0.157215	0	39
43.0761	3.11978	11.5895	0.0381384	0.0346713	0.187187	0	39.06
42.8425	3.62247	11.6338	0.0383452	0.0348592	0.217348	0	39.12
42.5345	4.0161	11.7305	0.0384656	0.0349687	0.240966	0	39.18
42.1821	4.19075	11.8597	0.0384334	0.0349395	0.251445	0	39.24
41.8276	4.09186	11.9918	0.0382214	0.0347467	0.245512	0	39.3
41.5142	3.74987	12.0962	0.0378578	0.0344161	0.224992	0	39.36
41.2733	3.26239	12.1502	0.0374127	0.0340116	0.195743	0	39.42
41.1186	2.74484	12.144	0.0369649	0.0336045	0.16469	0	39.48
41.0463	2.2864	12.0801	0.0365724	0.0332476	0.137184	0	39.54
41.0413	1.934	11.9692	0.0362633	0.0329667	0.11604	0	39.6
41.0834	1.70078	11.8258	0.0360426	0.032766	0.102047	0	39.66
41.1517	1.58341	11.6647	0.0359039	0.0326399	0.0950044	0	39.72
41.2262	1.57614	11.5	0.0358395	0.0325814	0.0945683	0	39.78
41.2879	1.67791	11.3447	0.0358449	0.0325863	0.100675	0	39.84
41.3179	1.89253	11.2117	0.0359186	0.0326532	0.113552	0	39.9
41.2973	2.22211	11.1138	0.0360579	0.0327799	0.133326	0	39.96
41.2086	2.65354	11.0629	0.0362505	0.032955	0.159212	0	40.02
41.04	3.14144	11.0673	0.0364641	0.0331492	0.188486	0	40.08
40.7913	3.59924	11.1276	0.0366419	0.0333108	0.215954	0	40.14
40.4793	3.91525	11.2329	0.0367141	0.0333765	0.234915	0	40.2
40.1375	3.99684	11.3604	0.0366266	0.0332969	0.239811	0	40.26
39.8081	3.81798	11.4807	0.0363705	0.0330641	0.229079	0	40.32
39.5296	3.4331	11.5662	0.035989	0.0327173	0.205986	0	40.38
39.3266	2.94671	11.599	0.0355557	0.0323234	0.176803	0	40.44
39.2062	2.46414	11.5739	0.0351412	0.0319466	0.147848	0	40.5
39.1606	2.05733	11.4965	0.0347915	0.0316287	0.12344	0	40.56
39.173	1.75869	11.3788	0.0345249	0.0313863	0.105521	0	40.62
39.2237	1.57367	11.2348	0.0343413	0.0312193	0.0944203	0	40.68
39.2929	1.49715	11.0785	0.0342333	0.0311212	0.0898291	0	40.74
39.362	1.52473	10.9229	0.0341943	0.0310858	0.0914836	0	40.8
39.4128	1.65722	10.7805	0.0342213	0.0311103	0.0994331	0	40.86
39.4273	1.89875	10.6634	0.034313	0.0311936	0.113925	0	40.92
39.3877	2.24823	10.5837	0.034465	0.0313318	0.134894	0	40.98
39.2785	2.68463	10.5521	0.03466	0.0315091	0.161078	0	41.04
39.0914	3.1516	10.5745	0.0348596	0.0316905	0.189096	0	41.1
38.8313	3.55536	10.6482	0.035003	0.0318209	0.213321	0	41.16
38.5199	3.78978	10.7586	0.0350251	0.031841	0.227387	0	41.22
38.1932	3.78359	10.8812	0.0348863	0.0317148	0.227016	0	41.28
37.8914	3.53833	10.9875	0.0345954	0.0314503	0.2123	0	41.34
37.6479	3.12671	11.0536	0.0342066	0.0310969	0.187602	0	41.4
37.4806	2.65377	11.0664	0.0337925	0.0307205	0.159226	0	41.46
37.3908	2.21174	11.0249	0.0334141	0.0303765	0.132704	0	41.52
37.3678	1.85612	10.9368	0.0331061	0.0300964	0.111367	0	41.58
37.394	1.60749	10.8146	0.0328786	0.0298896	0.0964495	0	41.64
37.4503	1.46612	10.6718	0.0327282	0.0297529	0.0879671	0	41.7
37.5182	1.42646	10.5215	0.0326477	0.0296797	0.0855875	0	41.76
37.5802	1.48581	10.376	0.0326317	0.0296652	0.0891484	0	41.82
37.619	1.6465	10.2468	0.0326781	0.0297074	0.0987899	0	41.88
37.6175	1.91204	10.1457	0.0327857	0.0298052	0.114722	0	41.94
37.559	2.27682	10.084	0.0329471	0.0299519	0.136609	0	42
37.4304	2.71088	10.0707	0.0331399	0.0301272	0.162653	0	42.06
37.2273	3.14768	10.1092	0.0333196	0.0302905	0.188861	0	42.12
36.9598	3.48971	10.1933	0.0334242	0.0303856	0.209383	0	42.18
36.6535	3.64147	10.3055	0.0333963	0.0303603	0.218488	0	42.24
36.3455	3.55554	10.4202	0.033212	0.0301928	0.213332	0	42.3
36.0732	3.25838	10.511	0.0328961	0.0299055	0.195503	0	42.36
35.8639	2.83479	10.5579	0.0325094	0.029554	0.170087	0	42.42
35.7295	2.38507	10.5525	0.0321202	0.0292002	0.143104	0	42.48
35.6666	1.98672	10.4969	0.0317792	0.0288902	0.119203	0	42.54
35.6623	1.68051	10.4006	0.0315106	0.028646	0.100831	0	42.6
35.6989	1.47786	10.2759	0.0313188	0.0284716	0.0886715	0	42.66
35.7582	1.37587	10.136	0.0311983	0.0283621	0.0825521	0	42.72
35.823	1.36955	9.99285	0.0311423	0.0283112	0.0821732	0	42.78
35.8766	1.45799	9.85791	0.031147	0.0283155	0.0874791	0	42.84
35.9027	1.64447	9.74234	0.0312111	0.0283737	0.0986684	0	42.9
35.8848	1.93085	9.65727	0.0313321	0.0284837	0.115851	0	42.96
35.8077	2.30573	9.61301	0.0314995	0.0286359	0.138344	0	43.02
35.6612	2.72968	9.61683	0.0316851	0.0288046	0.163781	0	43.08
35.4451	3.12748	9.66923	0.0318396	0.0289451	0.187649	0	43.14
35.174	3.40206	9.76073	0.0319023	0.0290021	0.204124	0	43.2
34.8771	3.47297	9.87154	0.0318262	0.028933	0.208378	0	43.26
34.5908	3.31755	9.97604	0.0316037	0.0287307	0.199053	0	43.32
34.3488	2.98312	10.0503	0.0312723	0.0284293	0.178987	0	43.38
34.1725	2.56048	10.0788	0.0308957	0.028087	0.153629	0	43.44
34.0679	2.14116	10.057	0.0305356	0.0277596	0.12847	0	43.5
34.0282	1.78768	9.98981	0.0302317	0.0274834	0.107261	0	43.56
34.039	1.52817	9.88748	0.0300001	0.0272728	0.0916905	0	43.62
34.0831	1.36741	9.76235	0.0298405	0.0271277	0.0820445	0	43.68
34.1432	1.30092	9.62654	0.0297466	0.0270424	0.078055	0	43.74
34.2032	1.32488	9.49136	0.0297128	0.0270117	0.0794926	0	43.8
34.2473	1.44	9.36757	0.0297362	0.0270329	0.0864003	0	43.86
34.26	1.64988	9.26582	0.0298159	0.0271054	0.0989928	0	43.92
34.2255	1.95355	9.19661	0.029948	0.0272254	0.117213	0	43.98
34.1307	2.33275	9.16915	0.0301175	0.0273795	0.139965	0	44.04
33.9681	2.73852	9.18861	0.0302908	0.0275371	0.164311	0	44.1
33.7421	3.08936	9.25258	0.0304155	0.0276504	0.185361	0	44.16
33.4716	3.29305	9.34854	0.0304347	0.0276679	0.197583	0	44.22
33.1876	3.28768	9.45507	0.0303141	0.0275582	0.197261	0	44.28
32.9254	3.07456	9.54741	0.0300613	0.0273284	0.184474	0	44.34
32.7138	2.71689	9.60485	0.0297235	0.0270213	0.163014	0	44.4
32.5684	2.30595	9.61603	0.0293637	0.0266942	0.138357	0	44.46
32.4904	1.92185	9.57995	0.0290349	0.0263953	0.115311	0	44.52
32.4704	1.61284	9.50338	0.0287672	0.026152	0.0967703	0	44.58
32.4932	1.3968	9.39716	0.0285695	0.0259723	0.083808	0	44.64
32.5421	1.27396	9.27311	0.0284388	0.0258535	0.0764374	0	44.7
32.6011	1.23949	9.14255	0.0283689	0.0257899	0.0743697	0	44.76
32.655	1.29106	9.01605	0.028355	0.0257772	0.0774638	0	44.82
32.6887	1.4307	8.9038	0.0283953	0.0258139	0.0858417	0	44.88
32.6874	1.66143	8.81597	0.0284888	0.0258989	0.099686	0	44.94
32.6366	1.9784	8.76236	0.028629	0.0260264	0.118704	0	45
32.5248	2.35558	8.75081	0.0287966	0.0261787	0.141335	0	45.06
32.3484	2.73513	8.78425	0.0289527	0.0263207	0.164108	0	45.12
32.1159	3.03233	8.85728	0.0290436	0.0264033	0.18194	0	45.18
31.8498	3.1642	8.95478	0.0290194	0.0263812	0.189852	0	45.24
31.5821	3.08953	9.0545	0.0288593	0.0262357	0.185372	0	45.3
31.3455	2.83132	9.13334	0.0285847	0.0259861	0.169879	0	45.36
31.1637	2.46325	9.17414	0.0282487	0.0256806	0.147795	0	45.42
31.0468	2.07247	9.16944	0.0279106	0.0253732	0.124348	0	45.48
30.9922	1.72633	9.12115	0.0276142	0.0251038	0.10358	0	45.54
30.9885	1.46025	9.03741	0.0273808	0.0248917	0.0876152	0	45.6
31.0203	1.28416	8.92913	0.0272141	0.0247401	0.0770499	0	45.66
31.0718	1.19554	8.80752	0.0271094	0.0246449	0.0717325	0	45.72
31.1281	1.19005	8.68314	0.0270608	0.0246008	0.0714032	0	45.78
31.1747	1.2669	8.56588	0.0270649	0.0246045	0.0760138	0	45.84
31.1973	1.42894	8.46546	0.0271205	0.024655	0.0857366	0	45.9
31.1818	1.67779	8.39154	0.0272257	0.0247507	0.100667	0	45.96
31.1148	2.00354	8.35309	0.0273712	0.0248829	0.120212	0	46.02
30.9875	2.37192	8.3564	0.0275324	0.0250295	0.142315	0	46.08
30.7997	2.71759	8.40194	0.0276667	0.0251516	0.163055	0	46.14
30.5642	2.95619	8.48145	0.0277212	0.0252011	0.177371	0	46.2
30.3061	3.0178	8.57774	0.0276551	0.025141	0.181068	0	46.26
30.0574	2.88275	8.66854	0.0274617	0.0249652	0.172965	0	46.32
29.8471	2.59215	8.73307	0.0271737	0.0247034	0.155529	0	46.38
29.6939	2.2249	8.75784	0.0268466	0.024406	0.133494	0	46.44
29.603	1.86054	8.73892	0.0265336	0.0241215	0.111632	0	46.5
29.5685	1.55338	8.68051	0.0262696	0.0238814	0.0932029	0	46.56
29.5779	1.32789	8.59159	0.0260683	0.0236984	0.0796735	0	46.62
29.6162	1.18819	8.48286	0.0259296	0.0235724	0.0712917	0	46.68
29.6684	1.13042	8.36485	0.0258481	0.0234982	0.0678251	0	46.74
29.7206	1.15124	8.24739	0.0258187	0.0234715	0.0690744	0	46.8
29.7589	1.25128	8.13983	0.025839	0.02349	0.0750767	0	46.86
29.7699	1.43365	8.05141	0.0259083	0.023553	0.0860189	0	46.92
29.74	1.69752	7.99128	0.026023	0.0236573	0.101851	0	46.98
29.6575	2.02702	7.96741	0.0261703	0.0237912	0.121621	0	47.04
29.5163	2.37961	7.98432	0.0263209	0.0239281	0.142777	0	47.1
29.3199	2.68447	8.03991	0.0264292	0.0240266	0.161068	0	47.16
29.0848	2.86147	8.12329	0.0264459	0.0240417	0.171688	0	47.22
28.8381	2.8568	8.21587	0.0263411	0.0239465	0.171408	0	47.28
28.6103	2.67162	8.29611	0.0261215	0.0237468	0.160297	0	47.34
28.4264	2.36082	8.34602	0.0258279	0.0234799	0.141649	0	47.4
28.3	2.00373	8.35574	0.0255153	0.0231957	0.120224	0	47.46
28.2323	1.66997	8.32438	0.0252296	0.022936	0.100198	0	47.52
28.2148	1.40146	8.25785	0.0249969	0.0227245	0.0840878	0	47.58
28.2346	1.21374	8.16556	0.0248252	0.0225684	0.0728243	0	47.64
28.2771	1.10699	8.05776	0.0247117	0.0224651	0.0664197	0	47.7
28.3284	1.07705	7.94431	0.0246509	0.0224099	0.0646229	0	47.76
28.3752	1.12186	7.83439	0.0246388	0.0223989	0.0673116	0	47.82
28.4045	1.24319	7.73686	0.0246738	0.0224308	0.0745915	0	47.88
28.4034	1.44369	7.66054	0.024755	0.0225046	0.0866214	0	47.94
28.3592	1.71912	7.61395	0.0248769	0.0226154	0.103147	0	48
28.2621	2.04686	7.60392	0.0250225	0.0227477	0.122812	0	48.06
28.1088	2.37667	7.63297	0.0251582	0.0228711	0.1426	0	48.12
27.9068	2.63492	7.69644	0.0252372	0.0229429	0.158095	0	48.18
27.6755	2.74951	7.78116	0.0252161	0.0229237	0.16497	0	48.24
27.443	2.68463	7.86782	0.025077	0.0227972	0.161078	0	48.3
27.2374	2.46025	7.93633	0.0248384	0.0225804	0.147615	0	48.36
27.0794	2.14042	7.97178	0.0245464	0.0223149	0.128425	0	48.42
26.9778	1.80086	7.96769	0.0242526	0.0220478	0.108052	0	48.48
26.9304	1.50008	7.92573	0.0239951	0.0218137	0.090005	0	48.54
26.9271	1.26888	7.85297	0.0237923	0.0216294	0.0761326	0	48.6
26.9547	1.11587	7.75888	0.0236475	0.0214977	0.0669519	0	48.66
26.9995	1.03886	7.65321	0.0235565	0.021415	0.0623314	0	48.72
27.0484	1.03409	7.54513	0.0235142	0.0213766	0.0620453	0	48.78
27.0889	1.10086	7.44324	0.0235178	0.0213798	0.0660516	0	48.84
27.1086	1.24167	7.35598	0.0235661	0.0214237	0.0745002	0	48.9
27.0951	1.4579	7.29175	0.0236575	0.0215068	0.0874741	0	48.96
27.0369	1.74096	7.25834	0.0237839	0.0216217	0.104458	0	49.02
26.9263	2.06106	7.26121	0.023924	0.0217491	0.123664	0	49.08
26.7631	2.36143	7.30078	0.0240407	0.0218552	0.141686	0	49.14
26.5584	2.56876	7.36987	0.0240881	0.0218982	0.154125	0	49.2
26.3342	2.62229	7.45355	0.0240306	0.021846	0.157337	0	49.26
26.1181	2.50494	7.53245	0.0238626	0.0216933	0.150297	0	49.32
25.9353	2.25243	7.58852	0.0236123	0.0214658	0.135146	0	49.38
25.8022	1.93331	7.61004	0.023328	0.0212073	0.115999	0	49.44
25.7232	1.6167	7.5936	0.0230561	0.0209601	0.0970019	0	49.5
25.6932	1.3498	7.54285	0.0228267	0.0207515	0.0809879	0	49.56
25.7014	1.15386	7.46559	0.0226518	0.0205925	0.0692316	0	49.62
25.7347	1.03247	7.3711	0.0225313	0.020483	0.0619483	0	49.68
25.7801	0.982268	7.26856	0.0224604	0.0204185	0.0589361	0	49.74
25.8254	1.00036	7.16649	0.0224349	0.0203953	0.0600216	0	49.8
25.8587	1.08729	7.07303	0.0224525	0.0204114	0.0652373	0	49.86
25.8682	1.24576	6.9962	0.0225127	0.0204661	0.0747454	0	49.92
25.8422	1.47505	6.94395	0.0226124	0.0205567	0.0885029	0	49.98
25.7706	1.76136	6.92321	0.0227404	0.0206731	0.105682	0	50.04
25.6478	2.06774	6.9379	0.0228713	0.0207921	0.124065	0	50.1
25.4772	2.33265	6.98621	0.0229654	0.0208776	0.139959	0	50.16
25.2729	2.48645	7.05866	0.0229799	0.0208908	0.149187	0	50.22
25.0586	2.48239	7.1391	0.0228888	0.020808	0.148944	0	50.28
24.8606	2.32148	7.20883	0.022698	0.0206345	0.139289	0	50.34
24.7008	2.05141	7.2522	0.0224429	0.0204026	0.123085	0	50.4
24.591	1.74113	7.26064	0.0221712	0.0201557	0.104468	0	50.46
24.5321	1.45111	7.2334	0.021923	0.01993	0.0870664	0	50.52
24.517	1.21779	7.17559	0.0217208	0.0197462	0.0730673	0	50.58
24.5342	1.05467	7.09538	0.0215716	0.0196105	0.06328	0	50.64
24.5711	0.961913	7.00172	0.0214729	0.0195209	0.0577148	0	50.7
24.6157	0.935892	6.90314	0.0214201	0.0194728	0.0561535	0	50.76
24.6563	0.97483	6.80762	0.0214096	0.0194633	0.0584898	0	50.82
24.6818	1.08026	6.72287	0.0214401	0.019491	0.0648156	0	50.88
24.6808	1.25448	6.65656	0.0215106	0.0195551	0.0752688	0	50.94
24.6424	1.49381	6.61607	0.0216165	0.0196514	0.0896286	0	51
24.5581	1.7786	6.60736	0.0217431	0.0197664	0.106716	0	51.06
24.4249	2.06518	6.6326	0.0218609	0.0198736	0.123911	0	51.12
24.2493	2.28959	6.68775	0.0219296	0.019936	0.137375	0	51.18
24.0484	2.38916	6.76137	0.0219113	0.0199193	0.143349	0	51.24
23.8463	2.33278	6.83667	0.0217904	0.0198094	0.139967	0	51.3
23.6676	2.13781	6.8962	0.0215831	0.019621	0.128269	0	51.36
23.5303	1.8599	6.927	0.0213294	0.0193903	0.111594	0	51.42
23.4421	1.56484	6.92345	0.0210741	0.0191582	0.0938903	0	51.48
23.4009	1.30348	6.88699	0.0208503	0.0189548	0.078209	0	51.54
23.398	1.10258	6.82376	0.0206741	0.0187946	0.0661547	0	51.6
23.422	0.96962	6.74201	0.0205482	0.0186802	0.0581772	0	51.66
23.461	0.902704	6.65019	0.0204691	0.0186083	0.0541623	0	51.72
23.5034	0.898561	6.55627	0.0204325	0.018575	0.0539136	0	51.78
23.5386	0.956581	6.46773	0.0204355	0.0185778	0.0573949	0	51.84
23.5557	1.07894	6.39191	0.0204775	0.0186159	0.0647362	0	51.9
23.544	1.26683	6.33609	0.020557	0.0186881	0.0760097	0	51.96
23.4934	1.51279	6.30706	0.0206668	0.018788	0.0907674	0	52.02
23.3973	1.79094	6.30956	0.0207886	0.0188987	0.107456	0	52.08
23.2555	2.05194	6.34395	0.0208899	0.0189908	0.123116	0	52.14
23.0777	2.23209	6.40398	0.0209311	0.0190282	0.133926	0	52.2
22.8828	2.27861	6.47669	0.0208812	0.0189829	0.136717	0	52.26
22.695	2.17664	6.54525	0.0207352	0.0188502	0.130599	0	52.32
22.5362	1.95722	6.59397	0.0205177	0.0186525	0.117433	0	52.38
22.4205	1.67993	6.61267	0.0202707	0.0184279	0.100796	0	52.44
22.3519	1.40481	6.59839	0.0200344	0.0182131	0.0842888	0	52.5
22.3259	1.17289	6.55428	0.019835	0.0180318	0.0703736	0	52.56
22.333	1.00263	6.48715	0.019683	0.0178937	0.0601581	0	52.62
22.3619	0.897156	6.40505	0.0195783	0.0177985	0.0538293	0	52.68
22.4013	0.853531	6.31594	0.0195167	0.0177425	0.0512119	0	52.74
22.4407	0.869252	6.22725	0.0194945	0.0177223	0.0521551	0	52.8
22.4696	0.944787	6.14604	0.0195099	0.0177363	0.0566872	0	52.86
22.4779	1.08249	6.07928	0.0195622	0.0177838	0.0649492	0	52.92
22.4553	1.28173	6.03387	0.0196488	0.0178626	0.0769036	0	52.98
22.3931	1.53052	6.01585	0.01976	0.0179637	0.0918311	0	53.04
22.2864	1.79674	6.02862	0.0198738	0.0180671	0.107805	0	53.1
22.1381	2.02693	6.07059	0.0199555	0.0181414	0.121616	0	53.16
21.9607	2.16057	6.13355	0.0199682	0.0181529	0.129634	0	53.22
21.7744	2.15705	6.20345	0.019889	0.0180809	0.129423	0	53.28
21.6023	2.01722	6.26404	0.0197232	0.0179302	0.121033	0	53.34
21.4635	1.78255	6.30173	0.0195015	0.0177287	0.106953	0	53.4
21.3681	1.51293	6.30906	0.0192655	0.0175141	0.090776	0	53.46
21.3169	1.26092	6.28539	0.0190497	0.0173179	0.0756554	0	53.52
21.3038	1.05818	6.23515	0.0188741	0.0171583	0.063491	0	53.58
21.3187	0.916441	6.16546	0.0187444	0.0170404	0.0549865	0	53.64
21.3508	0.835844	6.08407	0.0186587	0.0169624	0.0501506	0	53.7
21.3895	0.813233	5.99841	0.0186128	0.0169207	0.048794	0	53.76
21.4249	0.847068	5.91542	0.0186037	0.0169124	0.0508241	0	53.82
21.447	0.93868	5.84177	0.0186301	0.0169365	0.0563208	0	53.88
21.4462	1.09007	5.78415	0.0186915	0.0169922	0.065404	0	53.94
21.4128	1.29803	5.74897	0.0187835	0.0170759	0.0778818	0	54
21.3395	1.54549	5.74139	0.0188934	0.0171758	0.0927297	0	54.06
21.2237	1.79452	5.76333	0.0189958	0.017269	0.107671	0	54.12
21.0712	1.98952	5.81125	0.0190555	0.0173232	0.119371	0	54.18
20.8966	2.07603	5.87522	0.0190396	0.0173087	0.124562	0	54.24
20.721	2.02704	5.94065	0.0189345	0.0172132	0.121623	0	54.3
20.5657	1.85763	5.99238	0.0187544	0.0170494	0.111458	0	54.36
20.4464	1.61614	6.01914	0.0185339	0.016849	0.0969683	0	54.42
20.3698	1.35975	6.01606	0.0183121	0.0166474	0.081585	0	54.48
20.334	1.13265	5.98438	0.0181176	0.0164706	0.0679589	0	54.54
20.3315	0.958073	5.92944	0.0179645	0.0163314	0.0574844	0	54.6
20.3523	0.842541	5.8584	0.0178552	0.016232	0.0505525	0	54.66
20.3862	0.784395	5.77861	0.0177865	0.0161695	0.0470637	0	54.72
20.4231	0.780795	5.697	0.0177546	0.0161405	0.0468477	0	54.78
20.4536	0.831211	5.62007	0.0177572	0.016143	0.0498727	0	54.84
20.4685	0.93753	5.55418	0.0177937	0.0161761	0.0562518	0	54.9
20.4583	1.1008	5.50568	0.0178628	0.0162389	0.0660478	0	54.96
20.4144	1.31452	5.48046	0.0179582	0.0163256	0.0788714	0	55.02
20.3309	1.55622	5.48263	0.018064	0.0164218	0.0933732	0	55.08
20.2076	1.78301	5.51251	0.0181521	0.0165019	0.106981	0	55.14
20.0531	1.93955	5.56467	0.0181878	0.0165344	0.116373	0	55.2
19.8838	1.97998	5.62785	0.0181445	0.016495	0.118799	0	55.26
19.7206	1.89137	5.68743	0.0180176	0.0163796	0.113482	0	55.32
19.5826	1.70071	5.72976	0.0178287	0.0162079	0.102043	0	55.38
19.4821	1.45976	5.74601	0.017614	0.0160127	0.0875854	0	55.44
19.4225	1.2207	5.7336	0.0174087	0.0158261	0.0732419	0	55.5
19.3998	1.01917	5.69528	0.0172354	0.0156686	0.0611504	0	55.56
19.406	0.871229	5.63694	0.0171034	0.0155485	0.0522738	0	55.62
19.4311	0.779574	5.5656	0.0170124	0.0154658	0.0467745	0	55.68
19.4654	0.741667	5.48817	0.0169589	0.0154172	0.0445	0	55.74
19.4996	0.755327	5.41111	0.0169396	0.0153996	0.0453196	0	55.8
19.5248	0.820963	5.34054	0.0169529	0.0154118	0.0492578	0	55.86
19.532	0.940615	5.28253	0.0169984	0.0154531	0.0564369	0	55.92
19.5123	1.11374	5.24307	0.0170736	0.0155215	0.0668246	0	55.98
19.4583	1.32993	5.22741	0.0171703	0.0156094	0.0797957	0	56.04
19.3656	1.56126	5.23851	0.0172691	0.0156992	0.0936758	0	56.1
19.2367	1.76128	5.27498	0.0173402	0.0157638	0.105677	0	56.16
19.0825	1.87741	5.32969	0.0173511	0.0157738	0.112645	0	56.22
18.9206	1.87435	5.39042	0.0172824	0.0157112	0.112461	0	56.28
18.7711	1.75285	5.44307	0.0171383	0.0155802	0.105171	0	56.34
18.6505	1.54893	5.47582	0.0169457	0.0154051	0.092936	0	56.4
18.5676	1.31465	5.4822	0.0167405	0.0152187	0.0788789	0	56.46
18.5231	1.09567	5.46162	0.0165531	0.0150483	0.06574	0	56.52
18.5117	0.919498	5.41797	0.0164005	0.0149095	0.0551699	0	56.58
18.5247	0.796332	5.35742	0.0162878	0.0148071	0.0477799	0	56.64
18.5526	0.726298	5.28669	0.0162133	0.0147393	0.0435779	0	56.7
18.5862	0.706651	5.21226	0.0161734	0.0147031	0.042399	0	56.76
18.6169	0.736051	5.14014	0.0161655	0.0146959	0.0441631	0	56.82
18.6362	0.815657	5.07615	0.0161885	0.0147168	0.0489394	0	56.88
18.6354	0.947203	5.02607	0.0162417	0.0147652	0.0568322	0	56.94
18.6064	1.12791	4.99551	0.0163217	0.0148379	0.0676746	0	57
18.5427	1.34294	4.98893	0.0164172	0.0149248	0.0805765	0	57.06
18.4421	1.55933	5.00799	0.0165062	0.0150057	0.0935598	0	57.12
18.3096	1.72877	5.04963	0.0165581	0.0150528	0.103726	0	57.18
18.1579	1.80395	5.10521	0.0165442	0.0150402	0.108237	0	57.24
18.0053	1.76138	5.16207	0.016453	0.0149572	0.105683	0	57.3
17.8704	1.61417	5.20702	0.0162964	0.0148149	0.0968501	0	57.36
17.7667	1.40433	5.23027	0.0161049	0.0146408	0.0842596	0	57.42
17.7001	1.18154	5.2276	0.0159121	0.0144655	0.0708924	0	57.48
17.669	0.984203	5.20006	0.0157431	0.0143119	0.0590522	0	57.54
17.6668	0.832508	5.15233	0.0156101	0.014191	0.0499505	0	57.6
17.685	0.732117	5.09059	0.0155151	0.0141046	0.043927	0	57.66
17.7144	0.681593	5.02126	0.0154554	0.0140503	0.0408956	0	57.72
17.7464	0.678464	4.95035	0.0154277	0.0140251	0.0407078	0	57.78
17.773	0.722273	4.8835	0.01543	0.0140273	0.0433364	0	57.84
17.7859	0.814657	4.82625	0.0154617	0.0140561	0.0488794	0	57.9
17.777	0.956527	4.78411	0.0155217	0.0141106	0.0573916	0	57.96
17.7389	1.14224	4.76219	0.0156046	0.014186	0.0685345	0	58.02
17.6663	1.35226	4.76408	0.0156965	0.0142696	0.0811357	0	58.08
17.5592	1.54933	4.79004	0.0157731	0.0143392	0.0929597	0	58.14
17.4249	1.68536	4.83536	0.0158041	0.0143674	0.101121	0	58.2
17.2778	1.72048	4.89026	0.0157665	0.0143331	0.103229	0	58.26
17.136	1.64349	4.94203	0.0156562	0.0142329	0.0986094	0	58.32
17.0161	1.47781	4.97882	0.015492	0.0140837	0.0886688	0	58.38
16.9288	1.26844	4.99294	0.0153055	0.0139141	0.0761064	0	58.44
16.8769	1.06071	4.98215	0.0151271	0.0137519	0.0636428	0	58.5
16.8573	0.885601	4.94885	0.0149766	0.0136151	0.053136	0	58.56
16.8627	0.757046	4.89816	0.0148618	0.0135107	0.0454228	0	58.62
16.8845	0.677403	4.83617	0.0147827	0.0134388	0.0406442	0	58.68
16.9143	0.644464	4.76889	0.0147362	0.0133966	0.0386678	0	58.74
16.944	0.656334	4.70193	0.0147195	0.0133813	0.0393801	0	58.8
16.9659	0.713367	4.6406	0.0147311	0.0133919	0.042802	0	58.86
16.9721	0.817338	4.5902	0.0147706	0.0134278	0.0490403	0	58.92
16.9551	0.967776	4.55591	0.014836	0.0134872	0.0580666	0	58.98
16.908	1.15563	4.54231	0.01492	0.0135636	0.0693377	0	59.04
16.8275	1.35664	4.55195	0.0150058	0.0136417	0.0813986	0	59.1
16.7156	1.53045	4.58364	0.0150676	0.0136978	0.0918267	0	59.16
16.5815	1.63136	4.63118	0.0150771	0.0137064	0.0978814	0	59.22
16.4409	1.62869	4.68395	0.0150173	0.0136521	0.0977216	0	59.28
16.311	1.52312	4.7297	0.0148921	0.0135383	0.0913871	0	59.34
16.2062	1.34593	4.75816	0.0147248	0.0133861	0.0807558	0	59.4
16.1341	1.14235	4.7637	0.0145465	0.0132241	0.068541	0	59.46
16.0955	0.952069	4.74582	0.0143836	0.013076	0.0571241	0	59.52
16.0856	0.798989	4.70789	0.014251	0.0129555	0.0479393	0	59.58
16.0968	0.691965	4.65527	0.0141531	0.0128664	0.0415179	0	59.64
16.1211	0.631109	4.59382	0.0140884	0.0128076	0.0378666	0	59.7
16.1503	0.614037	4.52914	0.0140537	0.0127761	0.0368422	0	59.76
16.177	0.639584	4.46647	0.0140468	0.0127698	0.038375	0	59.82
16.1937	0.708757	4.41087	0.0140668	0.012788	0.0425254	0	59.88
16.1931	0.823062	4.36736	0.0141131	0.0128301	0.0493837	0	59.94
