S	I	R	e	d	dI	f	t
300	100	0	0.176	0.16	4	0	0
288.328	99.7644	7.92322	0.174247	0.158406	3.99057	0	0.04
277.201	99.1875	15.6562	0.1725	0.156818	3.9675	0	0.08
266.637	98.2901	23.1765	0.170765	0.155241	3.9316	0	0.12
256.643	97.0961	30.4637	0.169049	0.153681	3.88384	0	0.16
247.222	95.6321	37.4999	0.167356	0.152142	3.82528	0	0.2
238.373	93.9263	44.2698	0.16569	0.150628	3.75705	0	0.24
230.088	92.0077	50.7604	0.164057	0.149142	3.68031	0	0.28
222.355	89.906	56.9617	0.162458	0.147689	3.59624	0	0.32
215.161	87.65	62.8657	0.160898	0.146271	3.506	0	0.36
208.488	85.268	68.4673	0.159378	0.144889	3.41072	0	0.4
202.317	82.7868	73.7634	0.157902	0.143547	3.31147	0	0.44
196.627	80.2317	78.7533	0.156469	0.142245	3.20927	0	0.48
191.397	77.626	83.4379	0.155083	0.140984	3.10504	0	0.52
186.602	74.9911	87.8202	0.153742	0.139765	2.99965	0	0.56
182.222	72.3462	91.9046	0.152448	0.138589	2.89385	0	0.6
178.232	69.7084	95.6968	0.1512	0.137455	2.78834	0	0.64
174.611	67.0926	99.2039	0.149999	0.136363	2.68371	0	0.68
171.336	64.5119	102.434	0.148844	0.135313	2.58048	0	0.72
168.386	61.9772	105.395	0.147734	0.134303	2.47909	0	0.76
165.74	59.4978	108.097	0.146667	0.133334	2.37991	0	0.8
163.379	57.0812	110.551	0.145645	0.132404	2.28325	0	0.84
161.283	54.7334	112.765	0.144664	0.131513	2.18934	0	0.88
159.436	52.4592	114.75	0.143724	0.130658	2.09837	0	0.92
157.819	50.2619	116.518	0.142823	0.129839	2.01048	0	0.96
156.416	48.144	118.078	0.141961	0.129055	1.92576	0	1
155.213	46.1068	119.441	0.141135	0.128304	1.84427	0	1.04
154.195	44.151	120.618	0.140344	0.127585	1.76604	0	1.08
153.349	42.2765	121.618	0.139587	0.126897	1.69106	0	1.12
152.662	40.4826	122.452	0.138863	0.126239	1.6193	0	1.16
152.122	38.7682	123.13	0.138169	0.125608	1.55073	0	1.2
151.719	37.1317	123.661	0.137505	0.125005	1.48527	0	1.24
151.442	35.5713	124.053	0.136869	0.124426	1.42285	0	1.28
151.281	34.0848	124.317	0.13626	0.123873	1.36339	0	1.32
151.227	32.6699	124.459	0.135677	0.123343	1.3068	0	1.36
151.273	31.3242	124.489	0.135118	0.122834	1.25297	0	1.4
151.41	30.045	124.413	0.134582	0.122347	1.2018	0	1.44
151.63	28.8298	124.24	0.134068	0.12188	1.15319	0	1.48
151.928	27.6759	123.975	0.133575	0.121432	1.10704	0	1.52
152.297	26.5807	123.627	0.133102	0.121002	1.06323	0	1.56
152.73	25.5415	123.2	0.132647	0.120589	1.02166	0	1.6
153.222	24.5558	122.702	0.132211	0.120192	0.982231	0	1.64
153.768	23.621	122.137	0.131791	0.11981	0.944839	0	1.68
154.363	22.7346	121.511	0.131388	0.119444	0.909386	0	1.72
155.003	21.8944	120.829	0.131	0.119091	0.875775	0	1.76
155.684	21.0979	120.095	0.130626	0.118751	0.843915	0	1.8
156.401	20.3429	119.315	0.130266	0.118423	0.813716	0	1.84
157.151	19.6273	118.491	0.129918	0.118108	0.785093	0	1.88
157.93	18.9491	117.629	0.129584	0.117803	0.757964	0	1.92
158.736	18.3063	116.731	0.12926	0.117509	0.732251	0	1.96
159.565	17.697	115.802	0.128948	0.117226	0.70788	0	2
160.414	17.1195	114.845	0.128646	0.116951	0.684778	0	2.04
161.281	16.572	113.862	0.128354	0.116686	0.662879	0	2.08
162.164	16.053	112.856	0.128072	0.116429	0.642119	0	2.12
163.06	15.5609	111.83	0.127799	0.11618	0.622437	0	2.16
163.967	15.0944	110.787	0.127533	0.115939	0.603775	0	2.2
164.884	14.652	109.729	0.127276	0.115706	0.586079	0	2.24
165.807	14.2324	108.658	0.127027	0.115479	0.569297	0	2.28
166.737	13.8345	107.576	0.126785	0.115259	0.55338	0	2.32
167.67	13.4571	106.485	0.126549	0.115045	0.538283	0	2.36
168.606	13.0991	105.386	0.12632	0.114837	0.523963	0	2.4
169.543	12.7594	104.282	0.126097	0.114634	0.510377	0	2.44
170.48	12.4372	103.175	0.12588	0.114437	0.497488	0	2.48
171.416	12.1315	102.064	0.125669	0.114245	0.48526	0	2.52
172.349	11.8414	100.952	0.125463	0.114057	0.473657	0	2.56
173.279	11.5662	99.8405	0.125262	0.113874	0.462648	0	2.6
174.204	11.305	98.7298	0.125065	0.113696	0.452202	0	2.64
175.124	11.0573	97.6214	0.124873	0.113521	0.44229	0	2.68
176.037	10.8222	96.5161	0.124685	0.11335	0.432886	0	2.72
176.944	10.5991	95.4149	0.124502	0.113183	0.423964	0	2.76
177.843	10.3875	94.3186	0.124322	0.11302	0.4155	0	2.8
178.734	10.1868	93.2281	0.124145	0.112859	0.407472	0	2.84
179.615	9.99643	92.1441	0.123973	0.112702	0.399857	0	2.88
180.487	9.81593	91.0673	0.123803	0.112548	0.392637	0	2.92
181.349	9.64481	89.9982	0.123637	0.112397	0.385792	0	2.96
182.201	9.48263	88.9375	0.123473	0.112248	0.379305	0	3
183.041	9.32898	87.8856	0.123312	0.112102	0.373159	0	3.04
183.87	9.18345	86.8431	0.123154	0.111958	0.367338	0	3.08
184.686	9.04568	85.8104	0.122999	0.111817	0.361827	0	3.12
185.491	8.91532	84.7879	0.122845	0.111678	0.356613	0	3.16
186.283	8.79203	83.7759	0.122694	0.11154	0.351681	0	3.2
187.062	8.67552	82.7749	0.122546	0.111405	0.347021	0	3.24
187.828	8.56547	81.7851	0.122399	0.111271	0.342619	0	3.28
188.581	8.46163	80.8068	0.122254	0.11114	0.338465	0	3.32
189.32	8.36372	79.8403	0.12211	0.111009	0.334549	0	3.36
190.045	8.2715	78.8857	0.121969	0.110881	0.33086	0	3.4
190.756	8.18475	77.9433	0.121829	0.110753	0.32739	0	3.44
191.452	8.10323	77.0132	0.12169	0.110628	0.324129	0	3.48
192.135	8.02675	76.0957	0.121553	0.110503	0.32107	0	3.52
192.803	7.9551	75.1908	0.121417	0.110379	0.318204	0	3.56
193.456	7.88811	74.2987	0.121283	0.110257	0.315524	0	3.6
194.094	7.8256	73.4195	0.121149	0.110136	0.313024	0	3.64
194.718	7.7674	72.5532	0.121017	0.110015	0.310696	0	3.68
195.326	7.71337	71.7	0.120885	0.109896	0.308535	0	3.72
195.92	7.66334	70.8599	0.120755	0.109777	0.306534	0	3.76
196.498	7.61719	70.0329	0.120625	0.109659	0.304688	0	3.8
197.062	7.57478	69.2191	0.120496	0.109542	0.302991	0	3.84
197.61	7.53598	68.4186	0.120368	0.109426	0.301439	0	3.88
198.143	7.50068	67.6313	0.120241	0.10931	0.300027	0	3.92
198.66	7.46877	66.8572	0.120114	0.109194	0.298751	0	3.96
199.162	7.44014	66.0963	0.119987	0.10908	0.297605	0	4
199.649	7.41468	65.3487	0.119862	0.108965	0.296587	0	4.04
200.121	7.39231	64.6143	0.119736	0.108851	0.295692	0	4.08
200.577	7.37293	63.893	0.119611	0.108737	0.294917	0	4.12
201.018	7.35645	63.1849	0.119486	0.108624	0.294258	0	4.16
201.444	7.3428	62.4899	0.119362	0.108511	0.293712	0	4.2
201.854	7.33189	61.808	0.119237	0.108397	0.293276	0	4.24
202.249	7.32365	61.1391	0.119113	0.108285	0.292946	0	4.28
202.628	7.31802	60.4832	0.118989	0.108172	0.292721	0	4.32
202.993	7.31491	59.8401	0.118865	0.108059	0.292596	0	4.36
203.342	7.31427	59.21	0.118741	0.107946	0.292571	0	4.4
203.676	7.31604	58.5925	0.118617	0.107834	0.292642	0	4.44
203.995	7.32015	57.9878	0.118493	0.107721	0.292806	0	4.48
204.298	7.32656	57.3958	0.118369	0.107608	0.293062	0	4.52
204.587	7.33519	56.8162	0.118245	0.107495	0.293408	0	4.56
204.86	7.34601	56.2492	0.11812	0.107382	0.29384	0	4.6
205.119	7.35896	55.6946	0.117996	0.107269	0.294358	0	4.64
205.362	7.374	55.1522	0.117871	0.107155	0.29496	0	4.68
205.591	7.39106	54.6221	0.117746	0.107042	0.295643	0	4.72
205.805	7.41012	54.1042	0.11762	0.106928	0.296405	0	4.76
206.003	7.43113	53.5983	0.117494	0.106813	0.297245	0	4.8
206.188	7.45404	53.1043	0.117368	0.106698	0.298162	0	4.84
206.357	7.47881	52.6223	0.117242	0.106583	0.299152	0	4.88
206.512	7.5054	52.152	0.117114	0.106468	0.300216	0	4.92
206.652	7.53377	51.6934	0.116987	0.106352	0.301351	0	4.96
206.778	7.56388	51.2463	0.116859	0.106235	0.302555	0	5
206.889	7.5957	50.8108	0.11673	0.106118	0.303828	0	5.04
206.986	7.62918	50.3867	0.116601	0.106001	0.305167	0	5.08
207.069	7.66428	49.9738	0.116471	0.105883	0.306571	0	5.12
207.137	7.70098	49.5721	0.116341	0.105764	0.308039	0	5.16
207.192	7.73923	49.1815	0.11621	0.105645	0.309569	0	5.2
207.232	7.779	48.8019	0.116078	0.105525	0.31116	0	5.24
207.258	7.82025	48.4332	0.115945	0.105405	0.31281	0	5.28
207.271	7.86295	48.0753	0.115812	0.105284	0.314518	0	5.32
207.269	7.90705	47.728	0.115678	0.105162	0.316282	0	5.36
207.254	7.95253	47.3913	0.115543	0.105039	0.318101	0	5.4
207.225	7.99934	47.0651	0.115407	0.104916	0.319974	0	5.44
207.183	8.04745	46.7492	0.115271	0.104792	0.321898	0	5.48
207.127	8.09682	46.4436	0.115134	0.104667	0.323873	0	5.52
207.057	8.14742	46.1481	0.114995	0.104541	0.325897	0	5.56
206.975	8.19921	45.8626	0.114856	0.104415	0.327968	0	5.6
206.879	8.25215	45.5871	0.114716	0.104287	0.330086	0	5.64
206.77	8.3062	45.3213	0.114575	0.104159	0.332248	0	5.68
206.649	8.36132	45.0653	0.114433	0.10403	0.334453	0	5.72
206.514	8.41747	44.8188	0.11429	0.1039	0.336699	0	5.76
206.367	8.47462	44.5819	0.114146	0.103769	0.338985	0	5.8
206.207	8.53272	44.3542	0.114001	0.103637	0.341309	0	5.84
206.034	8.59173	44.1359	0.113855	0.103505	0.343669	0	5.88
205.849	8.65161	43.9266	0.113708	0.103371	0.346065	0	5.92
205.652	8.71232	43.7264	0.11356	0.103236	0.348493	0	5.96
205.443	8.77382	43.535	0.113411	0.103101	0.350953	0	6
205.222	8.83605	43.3524	0.11326	0.102964	0.353442	0	6.04
204.988	8.89898	43.1785	0.113109	0.102826	0.355959	0	6.08
204.744	8.96255	43.0131	0.112956	0.102688	0.358502	0	6.12
204.487	9.02674	42.8561	0.112803	0.102548	0.361069	0	6.16
204.219	9.09147	42.7074	0.112648	0.102407	0.363659	0	6.2
203.94	9.15672	42.5669	0.112492	0.102266	0.366269	0	6.24
203.65	9.22243	42.4344	0.112335	0.102123	0.368897	0	6.28
203.349	9.28855	42.3098	0.112177	0.101979	0.371542	0	6.32
203.037	9.35504	42.193	0.112017	0.101834	0.374202	0	6.36
202.714	9.42184	42.0838	0.111857	0.101688	0.376873	0	6.4
202.381	9.48889	41.9821	0.111695	0.101541	0.379556	0	6.44
202.037	9.55616	41.8879	0.111532	0.101393	0.382246	0	6.48
201.684	9.62359	41.8008	0.111368	0.101243	0.384944	0	6.52
201.32	9.69112	41.7209	0.111202	0.101093	0.387645	0	6.56
200.947	9.75871	41.648	0.111036	0.100941	0.390348	0	6.6
200.564	9.82629	41.5819	0.110868	0.100789	0.393052	0	6.64
200.172	9.89382	41.5225	0.110699	0.100635	0.395753	0	6.68
199.771	9.96124	41.4696	0.110529	0.100481	0.39845	0	6.72
199.361	10.0285	41.4232	0.110357	0.100325	0.40114	0	6.76
198.941	10.0955	41.383	0.110185	0.100168	0.403821	0	6.8
198.514	10.1623	41.3489	0.110011	0.10001	0.406492	0	6.84
198.078	10.2287	41.3208	0.109836	0.099851	0.40915	0	6.88
197.634	10.2948	41.2986	0.10966	0.099691	0.411792	0	6.92
197.182	10.3604	41.282	0.109483	0.0995298	0.414417	0	6.96
196.723	10.4255	41.271	0.109304	0.0993676	0.417022	0	7
196.256	10.4901	41.2653	0.109125	0.0992044	0.419605	0	7.04
195.781	10.5541	41.2648	0.108944	0.0990401	0.422164	0	7.08
195.3	10.6174	41.2694	0.108762	0.0988748	0.424697	0	7.12
194.812	10.68	41.2789	0.108579	0.0987085	0.427202	0	7.16
194.318	10.7419	41.2931	0.108395	0.0985412	0.429676	0	7.2
193.817	10.8029	41.312	0.10821	0.0983729	0.432118	0	7.24
193.311	10.8631	41.3353	0.108024	0.0982036	0.434525	0	7.28
192.798	10.9224	41.3628	0.107837	0.0980333	0.436895	0	7.32
192.28	10.9807	41.3945	0.107648	0.0978621	0.439227	0	7.36
191.757	11.038	41.4301	0.107459	0.09769	0.441518	0	7.4
191.229	11.0942	41.4695	0.107269	0.0975169	0.443767	0	7.44
190.696	11.1493	41.5125	0.107077	0.097343	0.445971	0	7.48
190.158	11.2032	41.559	0.106885	0.0971681	0.448129	0	7.52
189.616	11.256	41.6088	0.106692	0.0969924	0.450239	0	7.56
189.071	11.3075	41.6617	0.106498	0.0968159	0.452299	0	7.6
188.521	11.3577	41.7176	0.106302	0.0966385	0.454308	0	7.64
187.968	11.4066	41.7763	0.106106	0.0964604	0.456264	0	7.68
187.412	11.4541	41.8376	0.10591	0.0962814	0.458166	0	7.72
186.853	11.5003	41.9014	0.105712	0.0961017	0.460011	0	7.76
186.291	11.545	41.9676	0.105513	0.0959213	0.461799	0	7.8
185.726	11.5882	42.0359	0.105314	0.0957402	0.463528	0	7.84
185.16	11.6299	42.1062	0.105114	0.0955583	0.465198	0	7.88
184.591	11.6701	42.1784	0.104913	0.0953758	0.466806	0	7.92
184.021	11.7088	42.2522	0.104712	0.0951927	0.468351	0	7.96
183.449	11.7458	42.3275	0.10451	0.0950089	0.469834	0	8
182.876	11.7813	42.4042	0.104307	0.0948246	0.471251	0	8.04
182.302	11.8151	42.4821	0.104104	0.0946396	0.472604	0	8.08
181.727	11.8473	42.5611	0.1039	0.0944542	0.473891	0	8.12
181.152	11.8778	42.641	0.103695	0.0942682	0.475111	0	8.16
180.576	11.9066	42.7216	0.10349	0.0940818	0.476263	0	8.2
180.001	11.9337	42.8028	0.103284	0.0938949	0.477348	0	8.24
179.425	11.9591	42.8844	0.103078	0.0937076	0.478365	0	8.28
178.85	11.9828	42.9664	0.102872	0.0935198	0.479312	0	8.32
178.276	12.0048	43.0485	0.102665	0.0933317	0.480191	0	8.36
177.702	12.025	43.1307	0.102458	0.0931432	0.481	0	8.4
177.13	12.0435	43.2127	0.10225	0.0929545	0.48174	0	8.44
176.559	12.0603	43.2945	0.102042	0.0927654	0.482411	0	8.48
175.989	12.0753	43.3759	0.101834	0.0925761	0.483013	0	8.52
175.421	12.0886	43.4568	0.101625	0.0923865	0.483545	0	8.56
174.854	12.1002	43.5371	0.101416	0.0921967	0.484008	0	8.6
174.29	12.1101	43.6166	0.101207	0.0920068	0.484403	0	8.64
173.728	12.1182	43.6952	0.100998	0.0918166	0.484729	0	8.68
173.168	12.1247	43.7728	0.100789	0.0916264	0.484987	0	8.72
172.611	12.1295	43.8493	0.10058	0.0914361	0.485178	0	8.76
172.057	12.1326	43.9246	0.10037	0.0912456	0.485303	0	8.8
171.505	12.134	43.9986	0.100161	0.0910552	0.485361	0	8.84
170.957	12.1338	44.0711	0.0999512	0.0908647	0.485354	0	8.88
170.411	12.1321	44.1421	0.0997417	0.0906742	0.485282	0	8.92
169.869	12.1287	44.2114	0.0995322	0.0904838	0.485147	0	8.96
169.331	12.1237	44.279	0.0993227	0.0902934	0.484948	0	9
168.796	12.1172	44.3448	0.0991134	0.0901031	0.484688	0	9.04
168.264	12.1092	44.4088	0.0989042	0.0899129	0.484367	0	9.08
167.737	12.0997	44.4707	0.0986951	0.0897228	0.483986	0	9.12
167.213	12.0887	44.5306	0.0984862	0.0895329	0.483547	0	9.16
166.693	12.0763	44.5883	0.0982775	0.0893432	0.483051	0	9.2
166.178	12.0624	44.6439	0.098069	0.0891537	0.482498	0	9.24
165.667	12.0472	44.6972	0.0978608	0.0889644	0.48189	0	9.28
165.159	12.0307	44.7481	0.0976528	0.0887753	0.481228	0	9.32
164.657	12.0129	44.7967	0.0974452	0.0885865	0.480514	0	9.36
164.158	11.9937	44.8428	0.0972378	0.088398	0.47975	0	9.4
163.665	11.9734	44.8865	0.0970308	0.0882098	0.478935	0	9.44
163.175	11.9518	44.9276	0.0968241	0.0880219	0.478072	0	9.48
162.691	11.9291	44.9661	0.0966178	0.0878344	0.477163	0	9.52
162.211	11.9052	45.002	0.0964119	0.0876472	0.476209	0	9.56
161.736	11.8803	45.0352	0.0962065	0.0874604	0.47521	0	9.6
161.265	11.8542	45.0658	0.0960014	0.087274	0.474169	0	9.64
160.799	11.8272	45.0936	0.0957969	0.0870881	0.473088	0	9.68
160.338	11.7992	45.1188	0.0955928	0.0869025	0.471967	0	9.72
159.882	11.7702	45.1411	0.0953892	0.0867174	0.470808	0	9.76
159.431	11.7403	45.1607	0.0951861	0.0865328	0.469613	0	9.8
158.985	11.7096	45.1774	0.0949835	0.0863487	0.468383	0	9.84
158.543	11.678	45.1914	0.0947815	0.086165	0.467119	0	9.88
158.106	11.6456	45.2025	0.09458	0.0859818	0.465824	0	9.92
157.675	11.6125	45.2109	0.0943791	0.0857992	0.464499	0	9.96
157.248	11.5786	45.2164	0.0941788	0.0856171	0.463145	0	10
156.826	11.5441	45.2191	0.093979	0.0854355	0.461763	0	10.04
156.408	11.5089	45.2189	0.0937799	0.0852545	0.460356	0	10.08
155.996	11.4731	45.216	0.0935814	0.085074	0.458924	0	10.12
155.588	11.4367	45.2103	0.0933835	0.0848941	0.457469	0	10.16
155.185	11.3998	45.2017	0.0931863	0.0847148	0.455992	0	10.2
154.787	11.3624	45.1904	0.0929897	0.0845361	0.454496	0	10.24
154.394	11.3245	45.1764	0.0927937	0.0843579	0.45298	0	10.28
154.005	11.2862	45.1596	0.0925984	0.0841804	0.451447	0	10.32
153.621	11.2475	45.1401	0.0924038	0.0840035	0.449898	0	10.36
153.242	11.2084	45.1179	0.0922099	0.0838272	0.448335	0	10.4
152.867	11.1689	45.0931	0.0920166	0.0836515	0.446757	0	10.44
152.496	11.1292	45.0656	0.091824	0.0834764	0.445168	0	10.48
152.13	11.0892	45.0355	0.0916322	0.083302	0.443567	0	10.52
151.769	11.0489	45.0028	0.091441	0.0831282	0.441957	0	10.56
151.411	11.0084	44.9676	0.0912505	0.082955	0.440338	0	10.6
151.059	10.9678	44.9299	0.0910607	0.0827825	0.438711	0	10.64
150.71	10.927	44.8897	0.0908717	0.0826106	0.437079	0	10.68
150.365	10.886	44.8471	0.0906833	0.0824394	0.435441	0	10.72
150.025	10.845	44.8021	0.0904957	0.0822688	0.433798	0	10.76
149.689	10.8038	44.7548	0.0903088	0.0820989	0.432153	0	10.8
149.356	10.7626	44.7051	0.0901226	0.0819296	0.430505	0	10.84
149.028	10.7214	44.6532	0.0899371	0.081761	0.428856	0	10.88
148.703	10.6802	44.5991	0.0897523	0.081593	0.427207	0	10.92
148.383	10.639	44.5428	0.0895683	0.0814257	0.425559	0	10.96
148.066	10.5978	44.4843	0.089385	0.0812591	0.423912	0	11
147.752	10.5567	44.4238	0.0892023	0.081093	0.422267	0	11.04
147.442	10.5156	44.3612	0.0890205	0.0809277	0.420626	0	11.08
147.136	10.4747	44.2967	0.0888393	0.080763	0.418988	0	11.12
146.833	10.4339	44.2302	0.0886588	0.0805989	0.417355	0	11.16
146.534	10.3932	44.1619	0.088479	0.0804355	0.415728	0	11.2
146.237	10.3527	44.0916	0.0883	0.0802727	0.414107	0	11.24
145.945	10.3123	44.0196	0.0881216	0.0801106	0.412492	0	11.28
145.655	10.2721	43.9459	0.087944	0.0799491	0.410885	0	11.32
145.368	10.2322	43.8705	0.0877671	0.0797882	0.409286	0	11.36
145.084	10.1924	43.7934	0.0875908	0.079628	0.407696	0	11.4
144.803	10.1529	43.7148	0.0874152	0.0794684	0.406115	0	11.44
144.525	10.1136	43.6346	0.0872404	0.0793094	0.404543	0	11.48
144.25	10.0745	43.5529	0.0870662	0.0791511	0.402982	0	11.52
143.978	10.0358	43.4698	0.0868927	0.0789933	0.401431	0	11.56
143.708	9.9973	43.3853	0.0867198	0.0788362	0.399892	0	11.6
143.441	9.9591	43.2995	0.0865477	0.0786797	0.398364	0	11.64
143.176	9.9212	43.2124	0.0863762	0.0785238	0.396848	0	11.68
142.914	9.8836	43.124	0.0862053	0.0783685	0.395344	0	11.72
142.654	9.84633	43.0345	0.0860351	0.0782137	0.393853	0	11.76
142.396	9.80937	42.9438	0.0858656	0.0780596	0.392375	0	11.8
142.14	9.77275	42.8521	0.0856966	0.077906	0.39091	0	11.84
141.887	9.73647	42.7593	0.0855284	0.0777531	0.389459	0	11.88
141.636	9.70053	42.6655	0.0853607	0.0776007	0.388021	0	11.92
141.386	9.66495	42.5708	0.0851937	0.0774488	0.386598	0	11.96
141.139	9.62972	42.4752	0.0850273	0.0772975	0.385189	0	12
140.893	9.59486	42.3787	0.0848615	0.0771468	0.383794	0	12.04
140.65	9.56036	42.2814	0.0846963	0.0769966	0.382414	0	12.08
140.408	9.52623	42.1834	0.0845317	0.076847	0.381049	0	12.12
140.168	9.49248	42.0847	0.0843677	0.0766979	0.379699	0	12.16
139.929	9.4591	41.9853	0.0842043	0.0765494	0.378364	0	12.2
139.692	9.42611	41.8853	0.0840415	0.0764013	0.377044	0	12.24
139.456	9.39349	41.7846	0.0838792	0.0762538	0.37574	0	12.28
139.222	9.36126	41.6835	0.0837175	0.0761068	0.374451	0	12.32
138.99	9.32942	41.5819	0.0835564	0.0759603	0.373177	0	12.36
138.758	9.29797	41.4798	0.0833958	0.0758143	0.371919	0	12.4
138.528	9.2669	41.3772	0.0832357	0.0756688	0.370676	0	12.44
138.299	9.23622	41.2743	0.0830762	0.0755238	0.369449	0	12.48
138.071	9.20593	41.1711	0.0829172	0.0753793	0.368237	0	12.52
137.844	9.17603	41.0676	0.0827588	0.0752352	0.367041	0	12.56
137.619	9.14652	40.9638	0.0826008	0.0750917	0.365861	0	12.6
137.394	9.11739	40.8597	0.0824434	0.0749485	0.364696	0	12.64
137.171	9.08866	40.7555	0.0822865	0.0748059	0.363546	0	12.68
136.948	9.06031	40.6511	0.08213	0.0746637	0.362412	0	12.72
136.726	9.03234	40.5466	0.0819741	0.0745219	0.361293	0	12.76
136.505	9.00475	40.442	0.0818186	0.0743806	0.36019	0	12.8
136.284	8.97755	40.3374	0.0816636	0.0742397	0.359102	0	12.84
136.065	8.95072	40.2327	0.0815091	0.0740992	0.358029	0	12.88
135.846	8.92427	40.128	0.0813551	0.0739592	0.356971	0	12.92
135.627	8.89819	40.0233	0.0812015	0.0738195	0.355928	0	12.96
135.41	8.87248	39.9187	0.0810484	0.0736803	0.354899	0	13
135.192	8.84714	39.8142	0.0808957	0.0735415	0.353886	0	13.04
134.976	8.82216	39.7098	0.0807434	0.0734031	0.352886	0	13.08
134.76	8.79755	39.6056	0.0805916	0.0732651	0.351902	0	13.12
134.544	8.77329	39.5015	0.0804402	0.0731274	0.350931	0	13.16
134.328	8.74938	39.3976	0.0802892	0.0729902	0.349975	0	13.2
134.113	8.72582	39.294	0.0801386	0.0728533	0.349033	0	13.24
133.899	8.70261	39.1905	0.0799884	0.0727168	0.348105	0	13.28
133.684	8.67974	39.0874	0.0798387	0.0725806	0.34719	0	13.32
133.47	8.65721	38.9845	0.0796893	0.0724448	0.346288	0	13.36
133.256	8.63501	38.8819	0.0795403	0.0723094	0.345401	0	13.4
133.043	8.61314	38.7797	0.0793917	0.0721743	0.344526	0	13.44
132.829	8.5916	38.6777	0.0792435	0.0720395	0.343664	0	13.48
132.616	8.57037	38.5762	0.0790956	0.0719051	0.342815	0	13.52
132.403	8.54946	38.475	0.0789481	0.071771	0.341978	0	13.56
132.19	8.52886	38.3743	0.078801	0.0716373	0.341154	0	13.6
131.977	8.50856	38.2739	0.0786542	0.0715038	0.340342	0	13.64
131.764	8.48857	38.174	0.0785078	0.0713707	0.339543	0	13.68
131.551	8.46887	38.0745	0.0783617	0.0712379	0.338755	0	13.72
131.339	8.44945	37.9755	0.0782159	0.0711054	0.337978	0	13.76
131.126	8.43033	37.8769	0.0780705	0.0709732	0.337213	0	13.8
130.913	8.41148	37.7789	0.0779254	0.0708413	0.336459	0	13.84
130.7	8.39291	37.6813	0.0777807	0.0707097	0.335717	0	13.88
130.487	8.37461	37.5843	0.0776362	0.0705784	0.334984	0	13.92
130.274	8.35657	37.4877	0.0774921	0.0704474	0.334263	0	13.96
130.061	8.3388	37.3917	0.0773483	0.0703166	0.333552	0	14
129.848	8.32127	37.2963	0.0772048	0.0701862	0.332851	0	14.04
129.635	8.304	37.2013	0.0770616	0.070056	0.33216	0	14.08
129.421	8.28696	37.107	0.0769186	0.069926	0.331479	0	14.12
129.208	8.27017	37.0132	0.076776	0.0697964	0.330807	0	14.16
128.994	8.25361	36.92	0.0766337	0.069667	0.330144	0	14.2
128.78	8.23727	36.8273	0.0764916	0.0695378	0.329491	0	14.24
128.566	8.22115	36.7353	0.0763499	0.069409	0.328846	0	14.28
128.352	8.20526	36.6438	0.0762084	0.0692803	0.32821	0	14.32
128.137	8.18957	36.5529	0.0760671	0.0691519	0.327583	0	14.36
127.923	8.17409	36.4627	0.0759262	0.0690238	0.326964	0	14.4
127.708	8.15881	36.373	0.0757855	0.0688959	0.326352	0	14.44
127.493	8.14372	36.284	0.0756451	0.0687682	0.325749	0	14.48
127.278	8.12882	36.1955	0.0755049	0.0686408	0.325153	0	14.52
127.062	8.11411	36.1077	0.075365	0.0685136	0.324564	0	14.56
126.847	8.09958	36.0205	0.0752253	0.0683867	0.323983	0	14.6
126.631	8.08522	35.9339	0.0750859	0.0682599	0.323409	0	14.64
126.415	8.07103	35.8479	0.0749468	0.0681334	0.322841	0	14.68
126.198	8.057	35.7625	0.0748078	0.0680071	0.32228	0	14.72
125.982	8.04313	35.6778	0.0746691	0.067881	0.321725	0	14.76
125.765	8.02941	35.5937	0.0745307	0.0677552	0.321177	0	14.8
125.548	8.01585	35.5102	0.0743925	0.0676295	0.320634	0	14.84
125.331	8.00242	35.4273	0.0742545	0.0675041	0.320097	0	14.88
125.113	7.98914	35.345	0.0741168	0.0673789	0.319566	0	14.92
124.895	7.97599	35.2634	0.0739792	0.0672538	0.31904	0	14.96
124.677	7.96297	35.1823	0.0738419	0.067129	0.318519	0	15
124.459	7.95007	35.1019	0.0737049	0.0670044	0.318003	0	15.04
124.241	7.93729	35.0221	0.073568	0.06688	0.317491	0	15.08
124.022	7.92462	34.9428	0.0734314	0.0667558	0.316985	0	15.12
123.803	7.91207	34.8642	0.073295	0.0666318	0.316483	0	15.16
123.584	7.89962	34.7862	0.0731587	0.066508	0.315985	0	15.2
123.365	7.88727	34.7088	0.0730228	0.0663843	0.315491	0	15.24
123.145	7.87502	34.6319	0.072887	0.0662609	0.315001	0	15.28
122.926	7.86286	34.5557	0.0727514	0.0661376	0.314514	0	15.32
122.706	7.85079	34.48	0.072616	0.0660146	0.314032	0	15.36
122.486	7.8388	34.4049	0.0724809	0.0658917	0.313552	0	15.4
122.265	7.82689	34.3304	0.0723459	0.065769	0.313076	0	15.44
122.045	7.81506	34.2564	0.0722112	0.0656465	0.312602	0	15.48
121.824	7.8033	34.183	0.0720766	0.0655242	0.312132	0	15.52
121.603	7.7916	34.1102	0.0719423	0.0654021	0.311664	0	15.56
121.382	7.77997	34.0379	0.0718081	0.0652801	0.311199	0	15.6
121.161	7.7684	33.9661	0.0716742	0.0651584	0.310736	0	15.64
120.94	7.75689	33.8949	0.0715405	0.0650368	0.310275	0	15.68
120.719	7.74542	33.8242	0.0714069	0.0649154	0.309817	0	15.72
120.497	7.73401	33.7541	0.0712735	0.0647941	0.30936	0	15.76
120.276	7.72264	33.6844	0.0711404	0.0646731	0.308906	0	15.8
120.054	7.71131	33.6153	0.0710074	0.0645522	0.308453	0	15.84
119.832	7.70003	33.5466	0.0708746	0.0644315	0.308001	0	15.88
119.61	7.68877	33.4785	0.0707421	0.064311	0.307551	0	15.92
119.388	7.67755	33.4108	0.0706097	0.0641906	0.307102	0	15.96
119.166	7.66636	33.3436	0.0704775	0.0640704	0.306654	0	16
118.944	7.65519	33.2769	0.0703455	0.0639504	0.306208	0	16.04
118.722	7.64405	33.2107	0.0702137	0.0638306	0.305762	0	16.08
118.5	7.63293	33.1449	0.070082	0.0637109	0.305317	0	16.12
118.277	7.62182	33.0795	0.0699506	0.0635915	0.304873	0	16.16
118.055	7.61073	33.0146	0.0698194	0.0634722	0.304429	0	16.2
117.833	7.59965	32.9502	0.0696883	0.063353	0.303986	0	16.24
117.61	7.58858	32.8861	0.0695575	0.0632341	0.303543	0	16.28
117.388	7.57752	32.8225	0.0694268	0.0631153	0.303101	0	16.32
117.166	7.56646	32.7593	0.0692963	0.0629966	0.302658	0	16.36
116.944	7.5554	32.6965	0.069166	0.0628782	0.302216	0	16.4
116.721	7.54434	32.6341	0.0690359	0.0627599	0.301774	0	16.44
116.499	7.53328	32.572	0.068906	0.0626418	0.301331	0	16.48
116.277	7.52222	32.5104	0.0687763	0.0625239	0.300889	0	16.52
116.055	7.51115	32.4491	0.0686467	0.0624061	0.300446	0	16.56
115.833	7.50007	32.3882	0.0685174	0.0622885	0.300003	0	16.6
115.611	7.48899	32.3276	0.0683882	0.0621711	0.299559	0	16.64
115.389	7.47789	32.2674	0.0682593	0.0620539	0.299115	0	16.68
115.168	7.46677	32.2075	0.0681305	0.0619368	0.298671	0	16.72
114.946	7.45564	32.1479	0.0680019	0.0618199	0.298226	0	16.76
114.725	7.4445	32.0887	0.0678735	0.0617032	0.29778	0	16.8
114.503	7.43334	32.0298	0.0677453	0.0615866	0.297333	0	16.84
114.282	7.42215	31.9711	0.0676173	0.0614703	0.296886	0	16.88
114.061	7.41095	31.9128	0.0674895	0.0613541	0.296438	0	16.92
113.841	7.39972	31.8548	0.0673618	0.061238	0.295989	0	16.96
113.62	7.38848	31.797	0.0672344	0.0611222	0.295539	0	17
113.399	7.3772	31.7396	0.0671072	0.0610065	0.295088	0	17.04
113.179	7.3659	31.6824	0.0669801	0.060891	0.294636	0	17.08
112.959	7.35458	31.6254	0.0668532	0.0607757	0.294183	0	17.12
112.739	7.34323	31.5687	0.0667266	0.0606605	0.293729	0	17.16
112.52	7.33185	31.5123	0.0666001	0.0605456	0.293274	0	17.2
112.3	7.32044	31.4561	0.0664738	0.0604308	0.292818	0	17.24
112.081	7.309	31.4001	0.0663478	0.0603162	0.29236	0	17.28
111.862	7.29753	31.3443	0.0662219	0.0602017	0.291901	0	17.32
111.644	7.28603	31.2888	0.0660962	0.0600875	0.291441	0	17.36
111.426	7.2745	31.2335	0.0659707	0.0599734	0.29098	0	17.4
111.207	7.26294	31.1783	0.0658454	0.0598595	0.290518	0	17.44
110.99	7.25135	31.1234	0.0657204	0.0597458	0.290054	0	17.48
110.772	7.23972	31.0687	0.0655955	0.0596322	0.289589	0	17.52
110.555	7.22806	31.0141	0.0654708	0.0595189	0.289122	0	17.56
110.338	7.21637	30.9597	0.0653463	0.0594057	0.288655	0	17.6
110.122	7.20464	30.9055	0.065222	0.0592927	0.288186	0	17.64
109.905	7.19289	30.8515	0.0650979	0.0591799	0.287715	0	17.68
109.69	7.1811	30.7976	0.064974	0.0590673	0.287244	0	17.72
109.474	7.16927	30.7439	0.0648504	0.0589549	0.286771	0	17.76
109.259	7.15741	30.6903	0.0647269	0.0588426	0.286297	0	17.8
109.044	7.14552	30.6369	0.0646036	0.0587306	0.285821	0	17.84
108.829	7.1336	30.5836	0.0644805	0.0586187	0.285344	0	17.88
108.615	7.12164	30.5304	0.0643577	0.058507	0.284866	0	17.92
108.402	7.10966	30.4774	0.064235	0.0583955	0.284386	0	17.96
108.188	7.09764	30.4245	0.0641126	0.0582842	0.283905	0	18
107.975	7.08558	30.3716	0.0639903	0.058173	0.283423	0	18.04
107.763	7.0735	30.319	0.0638683	0.0580621	0.28294	0	18.08
107.551	7.06138	30.2664	0.0637465	0.0579513	0.282455	0	18.12
107.339	7.04924	30.2139	0.0636248	0.0578408	0.281969	0	18.16
107.127	7.03706	30.1615	0.0635034	0.0577304	0.281482	0	18.2
106.916	7.02485	30.1092	0.0633822	0.0576202	0.280994	0	18.24
106.706	7.01262	30.057	0.0632612	0.0575102	0.280505	0	18.28
106.496	7.00035	30.0049	0.0631405	0.0574004	0.280014	0	18.32
106.286	6.98806	29.9528	0.0630199	0.0572908	0.279522	0	18.36
106.077	6.97574	29.9009	0.0628995	0.0571814	0.279029	0	18.4
105.868	6.96339	29.849	0.0627794	0.0570722	0.278536	0	18.44
105.66	6.95101	29.7971	0.0626594	0.0569631	0.278041	0	18.48
105.452	6.93861	29.7454	0.0625397	0.0568543	0.277545	0	18.52
105.244	6.92619	29.6937	0.0624202	0.0567457	0.277048	0	18.56
105.037	6.91374	29.642	0.0623009	0.0566372	0.27655	0	18.6
104.831	6.90127	29.5905	0.0621818	0.056529	0.276051	0	18.64
104.625	6.88877	29.5389	0.062063	0.0564209	0.275551	0	18.68
104.419	6.87626	29.4875	0.0619443	0.056313	0.27505	0	18.72
104.214	6.86372	29.436	0.0618259	0.0562054	0.274549	0	18.76
104.009	6.85116	29.3846	0.0617077	0.0560979	0.274046	0	18.8
103.805	6.83858	29.3333	0.0615897	0.0559906	0.273543	0	18.84
103.601	6.82599	29.282	0.0614719	0.0558836	0.273039	0	18.88
103.398	6.81337	29.2307	0.0613543	0.0557767	0.272535	0	18.92
103.195	6.80074	29.1795	0.061237	0.05567	0.27203	0	18.96
102.992	6.78809	29.1283	0.0611199	0.0555635	0.271524	0	19
102.79	6.77543	29.0772	0.061003	0.0554572	0.271017	0	19.04
102.589	6.76276	29.026	0.0608863	0.0553511	0.27051	0	19.08
102.388	6.75007	28.9749	0.0607698	0.0552453	0.270003	0	19.12
102.188	6.73736	28.9238	0.0606535	0.0551396	0.269495	0	19.16
101.988	6.72465	28.8728	0.0605375	0.0550341	0.268986	0	19.2
101.788	6.71193	28.8218	0.0604217	0.0549288	0.268477	0	19.24
101.589	6.69919	28.7708	0.0603061	0.0548237	0.267968	0	19.28
101.391	6.68645	28.7198	0.0601907	0.0547188	0.267458	0	19.32
101.193	6.6737	28.6688	0.0600755	0.0546141	0.266948	0	19.36
100.995	6.66095	28.6179	0.0599606	0.0545096	0.266438	0	19.4
100.798	6.64818	28.5669	0.0598459	0.0544053	0.265927	0	19.44
100.602	6.63542	28.516	0.0597314	0.0543012	0.265417	0	19.48
100.406	6.62265	28.4651	0.0596171	0.0541974	0.264906	0	19.52
100.21	6.60987	28.4143	0.059503	0.0540937	0.264395	0	19.56
100.015	6.5971	28.3634	0.0593892	0.0539902	0.263884	0	19.6
99.8203	6.58432	28.3126	0.0592756	0.0538869	0.263373	0	19.64
99.6262	6.57154	28.2617	0.0591622	0.0537838	0.262862	0	19.68
99.4326	6.55876	28.2109	0.059049	0.0536809	0.262351	0	19.72
99.2394	6.54599	28.1601	0.058936	0.0535782	0.261839	0	19.76
99.0467	6.53321	28.1093	0.0588233	0.0534757	0.261329	0	19.8
98.8546	6.52044	28.0586	0.0587108	0.0533734	0.260818	0	19.84
98.6629	6.50768	28.0078	0.0585985	0.0532713	0.260307	0	19.88
98.4716	6.49491	27.9571	0.0584864	0.0531695	0.259797	0	19.92
98.2809	6.48216	27.9063	0.0583745	0.0530678	0.259286	0	19.96
98.0907	6.46941	27.8556	0.0582629	0.0529663	0.258776	0	20
97.9009	6.45667	27.8049	0.0581515	0.052865	0.258267	0	20.04
97.7116	6.44393	27.7542	0.0580403	0.0527639	0.257757	0	20.08
97.5227	6.43121	27.7036	0.0579293	0.052663	0.257248	0	20.12
97.3344	6.4185	27.6529	0.0578185	0.0525623	0.25674	0	20.16
97.1465	6.40579	27.6023	0.057708	0.0524618	0.256232	0	20.2
96.9591	6.3931	27.5517	0.0575977	0.0523615	0.255724	0	20.24
96.7721	6.38042	27.5011	0.0574876	0.0522614	0.255217	0	20.28
96.5856	6.36775	27.4505	0.0573777	0.0521615	0.25471	0	20.32
96.3996	6.3551	27.3999	0.057268	0.0520618	0.254204	0	20.36
96.2141	6.34246	27.3494	0.0571586	0.0519624	0.253698	0	20.4
96.029	6.32984	27.2988	0.0570494	0.0518631	0.253194	0	20.44
95.8443	6.31723	27.2483	0.0569403	0.051764	0.252689	0	20.48
95.6601	6.30464	27.1979	0.0568316	0.051665	0.252186	0	20.52
95.4764	6.29207	27.1474	0.056723	0.0515663	0.251683	0	20.56
95.2931	6.27951	27.097	0.0566146	0.0514678	0.25118	0	20.6
95.1103	6.26697	27.0465	0.0565065	0.0513695	0.250679	0	20.64
94.9279	6.25445	26.9962	0.0563985	0.0512714	0.250178	0	20.68
94.746	6.24195	26.9458	0.0562908	0.0511735	0.249678	0	20.72
94.5645	6.22947	26.8955	0.0561833	0.0510758	0.249179	0	20.76
94.3834	6.21702	26.8452	0.0560761	0.0509782	0.248681	0	20.8
94.2028	6.20458	26.7949	0.055969	0.0508809	0.248183	0	20.84
94.0226	6.19217	26.7447	0.0558621	0.0507838	0.247687	0	20.88
93.8428	6.17977	26.6945	0.0557555	0.0506868	0.247191	0	20.92
93.6635	6.1674	26.6443	0.0556491	0.0505901	0.246696	0	20.96
93.4846	6.15506	26.5941	0.0555429	0.0504935	0.246202	0	21
93.3061	6.14274	26.544	0.0554369	0.0503971	0.245709	0	21.04
93.1281	6.13044	26.494	0.0553311	0.050301	0.245218	0	21.08
92.9504	6.11817	26.4439	0.0552255	0.050205	0.244727	0	21.12
92.7732	6.10592	26.3939	0.0551201	0.0501092	0.244237	0	21.16
92.5964	6.0937	26.344	0.055015	0.0500136	0.243748	0	21.2
92.42	6.0815	26.2941	0.0549101	0.0499182	0.24326	0	21.24
92.244	6.06933	26.2442	0.0548053	0.049823	0.242773	0	21.28
92.0684	6.05719	26.1944	0.0547008	0.049728	0.242287	0	21.32
91.8932	6.04507	26.1446	0.0545965	0.0496332	0.241803	0	21.36
91.7185	6.03298	26.0949	0.0544924	0.0495385	0.241319	0	21.4
91.5441	6.02092	26.0452	0.0543885	0.0494441	0.240837	0	21.44
91.3701	6.00889	25.9956	0.0542848	0.0493498	0.240356	0	21.48
91.1965	5.99689	25.946	0.0541813	0.0492558	0.239876	0	21.52
91.0233	5.98491	25.8965	0.0540781	0.0491619	0.239396	0	21.56
90.8505	5.97297	25.847	0.053975	0.0490682	0.238919	0	21.6
90.678	5.96105	25.7976	0.0538721	0.0489747	0.238442	0	21.64
90.506	5.94916	25.7482	0.0537695	0.0488813	0.237966	0	21.68
90.3343	5.9373	25.6989	0.053667	0.0487882	0.237492	0	21.72
90.163	5.92548	25.6496	0.0535648	0.0486953	0.237019	0	21.76
89.9921	5.91368	25.6005	0.0534627	0.0486025	0.236547	0	21.8
89.8216	5.90191	25.5513	0.0533609	0.0485099	0.236076	0	21.84
89.6514	5.89017	25.5022	0.0532593	0.0484175	0.235607	0	21.88
89.4816	5.87846	25.4532	0.0531578	0.0483253	0.235139	0	21.92
89.3121	5.86679	25.4043	0.0530566	0.0482333	0.234672	0	21.96
89.143	5.85514	25.3554	0.0529556	0.0481414	0.234206	0	22
88.9743	5.84353	25.3066	0.0528547	0.0480498	0.233741	0	22.04
88.8059	5.83194	25.2578	0.0527541	0.0479583	0.233278	0	22.08
88.6379	5.82039	25.2092	0.0526537	0.047867	0.232816	0	22.12
88.4702	5.80887	25.1606	0.0525535	0.0477759	0.232355	0	22.16
88.3029	5.79738	25.112	0.0524534	0.0476849	0.231895	0	22.2
88.136	5.78592	25.0636	0.0523536	0.0475942	0.231437	0	22.24
87.9693	5.77449	25.0152	0.052254	0.0475036	0.23098	0	22.28
87.8031	5.76309	24.9668	0.0521545	0.0474132	0.230524	0	22.32
87.6371	5.75173	24.9186	0.0520553	0.047323	0.230069	0	22.36
87.4715	5.74039	24.8704	0.0519562	0.0472329	0.229616	0	22.4
87.3063	5.72909	24.8223	0.0518574	0.0471431	0.229164	0	22.44
87.1413	5.71782	24.7743	0.0517587	0.0470534	0.228713	0	22.48
86.9767	5.70658	24.7264	0.0516603	0.0469639	0.228263	0	22.52
86.8125	5.69537	24.6785	0.051562	0.0468745	0.227815	0	22.56
86.6485	5.68419	24.6307	0.0514639	0.0467854	0.227368	0	22.6
86.4849	5.67305	24.583	0.051366	0.0466964	0.226922	0	22.64
86.3216	5.66193	24.5354	0.0512683	0.0466076	0.226477	0	22.68
86.1586	5.65085	24.4879	0.0511708	0.0465189	0.226034	0	22.72
85.996	5.63979	24.4404	0.0510735	0.0464305	0.225592	0	22.76
85.8337	5.62877	24.393	0.0509764	0.0463422	0.225151	0	22.8
85.6716	5.61778	24.3457	0.0508795	0.0462541	0.224711	0	22.84
85.5099	5.60682	24.2986	0.0507827	0.0461661	0.224273	0	22.88
85.3485	5.59589	24.2514	0.0506862	0.0460783	0.223835	0	22.92
85.1875	5.58499	24.2044	0.0505898	0.0459907	0.223399	0	22.96
85.0267	5.57412	24.1575	0.0504936	0.0459033	0.222965	0	23
84.8662	5.56328	24.1106	0.0503977	0.045816	0.222531	0	23.04
84.7061	5.55247	24.0639	0.0503019	0.045729	0.222099	0	23.08
84.5462	5.54169	24.0172	0.0502062	0.045642	0.221668	0	23.12
84.3866	5.53094	23.9706	0.0501108	0.0455553	0.221238	0	23.16
84.2274	5.52022	23.9241	0.0500156	0.0454687	0.220809	0	23.2
84.0684	5.50953	23.8777	0.0499205	0.0453823	0.220381	0	23.24
83.9098	5.49887	23.8314	0.0498256	0.045296	0.219955	0	23.28
83.7514	5.48824	23.7852	0.0497309	0.0452099	0.21953	0	23.32
83.5933	5.47764	23.7391	0.0496364	0.045124	0.219106	0	23.36
83.4356	5.46707	23.693	0.0495421	0.0450383	0.218683	0	23.4
83.2781	5.45652	23.6471	0.049448	0.0449527	0.218261	0	23.44
83.1209	5.44601	23.6013	0.049354	0.0448673	0.21784	0	23.48
82.964	5.43552	23.5555	0.0492602	0.044782	0.217421	0	23.52
82.8074	5.42506	23.5099	0.0491666	0.0446969	0.217002	0	23.56
82.651	5.41463	23.4643	0.0490732	0.044612	0.216585	0	23.6
82.495	5.40423	23.4188	0.0489799	0.0445272	0.216169	0	23.64
82.3392	5.39385	23.3735	0.0488869	0.0444426	0.215754	0	23.68
82.1838	5.3835	23.3282	0.048794	0.0443582	0.21534	0	23.72
82.0286	5.37318	23.283	0.0487013	0.0442739	0.214927	0	23.76
81.8736	5.36289	23.2379	0.0486088	0.0441898	0.214515	0	23.8
81.719	5.35262	23.1929	0.0485164	0.0441058	0.214105	0	23.84
81.5646	5.34238	23.1481	0.0484242	0.044022	0.213695	0	23.88
81.4106	5.33217	23.1033	0.0483322	0.0439384	0.213287	0	23.92
81.2568	5.32198	23.0586	0.0482404	0.0438549	0.212879	0	23.96
81.1032	5.31182	23.014	0.0481488	0.0437716	0.212473	0	24
80.95	5.30168	22.9695	0.0480573	0.0436885	0.212067	0	24.04
80.797	5.29157	22.9251	0.047966	0.0436055	0.211663	0	24.08
80.6443	5.28149	22.8808	0.0478749	0.0435226	0.21126	0	24.12
80.4919	5.27143	22.8365	0.0477839	0.0434399	0.210857	0	24.16
80.3397	5.2614	22.7924	0.0476932	0.0433574	0.210456	0	24.2
80.1878	5.25139	22.7484	0.0476026	0.043275	0.210056	0	24.24
80.0362	5.2414	22.7045	0.0475121	0.0431928	0.209656	0	24.28
79.8848	5.23144	22.6607	0.0474219	0.0431108	0.209258	0	24.32
79.7338	5.22151	22.6169	0.0473318	0.0430289	0.20886	0	24.36
79.5829	5.2116	22.5733	0.0472419	0.0429471	0.208464	0	24.4
79.4324	5.20171	22.5298	0.0471521	0.0428656	0.208068	0	24.44
79.2821	5.19185	22.4864	0.0470625	0.0427841	0.207674	0	24.48
79.1321	5.18201	22.443	0.0469731	0.0427028	0.20728	0	24.52
78.9823	5.17219	22.3998	0.0468839	0.0426217	0.206888	0	24.56
78.8328	5.16239	22.3566	0.0467948	0.0425407	0.206496	0	24.6
78.6836	5.15262	22.3136	0.0467059	0.0424599	0.206105	0	24.64
78.5347	5.14287	22.2706	0.0466172	0.0423793	0.205715	0	24.68
78.386	5.13315	22.2278	0.0465286	0.0422988	0.205326	0	24.72
78.2375	5.12344	22.185	0.0464402	0.0422184	0.204938	0	24.76
78.0894	5.11376	22.1424	0.046352	0.0421382	0.20455	0	24.8
77.9414	5.1041	22.0998	0.0462639	0.0420581	0.204164	0	24.84
77.7938	5.09446	22.0573	0.0461761	0.0419782	0.203778	0	24.88
77.6464	5.08484	22.0149	0.0460883	0.0418985	0.203394	0	24.92
77.4993	5.07525	21.9727	0.0460008	0.0418189	0.20301	0	24.96
77.3524	5.06567	21.9305	0.0459134	0.0417394	0.202627	0	25
77.2058	5.05612	21.8884	0.0458261	0.0416601	0.202245	0	25.04
77.0594	5.04658	21.8464	0.0457391	0.041581	0.201863	0	25.08
76.9133	5.03707	21.8045	0.0456522	0.041502	0.201483	0	25.12
76.7675	5.02758	21.7627	0.0455654	0.0414231	0.201103	0	25.16
76.6219	5.01811	21.721	0.0454788	0.0413444	0.200724	0	25.2
76.4766	5.00865	21.6793	0.0453924	0.0412658	0.200346	0	25.24
76.3315	4.99922	21.6378	0.0453062	0.0411874	0.199969	0	25.28
76.1867	4.98981	21.5964	0.0452201	0.0411092	0.199592	0	25.32
76.0422	4.98041	21.555	0.0451341	0.041031	0.199217	0	25.36
75.8979	4.97104	21.5138	0.0450484	0.0409531	0.198842	0	25.4
75.7538	4.96168	21.4726	0.0449628	0.0408753	0.198467	0	25.44
75.6101	4.95235	21.4315	0.0448773	0.0407976	0.198094	0	25.48
75.4665	4.94303	21.3906	0.0447921	0.04072	0.197721	0	25.52
75.3233	4.93373	21.3497	0.0447069	0.0406427	0.197349	0	25.56
75.1802	4.92445	21.3089	0.044622	0.0405654	0.196978	0	25.6
75.0375	4.91519	21.2682	0.0445372	0.0404883	0.196608	0	25.64
74.895	4.90595	21.2275	0.0444525	0.0404114	0.196238	0	25.68
74.7527	4.89672	21.187	0.044368	0.0403346	0.195869	0	25.72
74.6107	4.88752	21.1466	0.0442837	0.0402579	0.195501	0	25.76
74.469	4.87833	21.1062	0.0441995	0.0401814	0.195133	0	25.8
74.3275	4.86916	21.0659	0.0441155	0.040105	0.194766	0	25.84
74.1863	4.86	21.0258	0.0440317	0.0400288	0.1944	0	25.88
74.0453	4.85086	20.9857	0.043948	0.0399527	0.194035	0	25.92
73.9045	4.84175	20.9457	0.0438645	0.0398768	0.19367	0	25.96
73.7641	4.83264	20.9057	0.0437811	0.039801	0.193306	0	26
73.6238	4.82356	20.8659	0.0436979	0.0397253	0.192942	0	26.04
73.4839	4.81449	20.8262	0.0436148	0.0396498	0.19258	0	26.08
73.3442	4.80544	20.7865	0.0435319	0.0395744	0.192218	0	26.12
73.2047	4.79641	20.7469	0.0434491	0.0394992	0.191856	0	26.16
73.0655	4.78739	20.7074	0.0433665	0.0394241	0.191496	0	26.2
72.9265	4.77839	20.668	0.0432841	0.0393492	0.191135	0	26.24
72.7878	4.7694	20.6287	0.0432018	0.0392744	0.190776	0	26.28
72.6494	4.76043	20.5895	0.0431197	0.0391997	0.190417	0	26.32
72.5111	4.75148	20.5503	0.0430377	0.0391252	0.190059	0	26.36
72.3732	4.74255	20.5112	0.0429559	0.0390508	0.189702	0	26.4
72.2355	4.73363	20.4722	0.0428742	0.0389765	0.189345	0	26.44
72.098	4.72472	20.4333	0.0427927	0.0389024	0.188989	0	26.48
71.9608	4.71583	20.3945	0.0427113	0.0388285	0.188633	0	26.52
71.8239	4.70696	20.3557	0.0426301	0.0387546	0.188278	0	26.56
71.6872	4.69811	20.3171	0.042549	0.0386809	0.187924	0	26.6
71.5508	4.68926	20.2785	0.0424681	0.0386074	0.187571	0	26.64
71.4146	4.68044	20.24	0.0423874	0.038534	0.187218	0	26.68
71.2786	4.67163	20.2015	0.0423068	0.0384607	0.186865	0	26.72
71.1429	4.66283	20.1632	0.0422263	0.0383876	0.186513	0	26.76
71.0075	4.65406	20.1249	0.042146	0.0383146	0.186162	0	26.8
70.8723	4.64529	20.0867	0.0420659	0.0382417	0.185812	0	26.84
70.7373	4.63654	20.0486	0.0419859	0.038169	0.185462	0	26.88
70.6026	4.62781	20.0106	0.041906	0.0380964	0.185112	0	26.92
70.4682	4.61909	19.9726	0.0418263	0.038024	0.184764	0	26.96
70.334	4.61039	19.9347	0.0417468	0.0379516	0.184416	0	27
70.2	4.6017	19.8969	0.0416674	0.0378795	0.184068	0	27.04
70.0664	4.59303	19.8592	0.0415882	0.0378074	0.183721	0	27.08
69.9329	4.58437	19.8215	0.0415091	0.0377355	0.183375	0	27.12
69.7997	4.57572	19.7839	0.0414301	0.0376637	0.183029	0	27.16
69.6667	4.56709	19.7464	0.0413513	0.0375921	0.182684	0	27.2
69.534	4.55848	19.709	0.0412727	0.0375206	0.182339	0	27.24
69.4016	4.54988	19.6716	0.0411942	0.0374492	0.181995	0	27.28
69.2694	4.5413	19.6344	0.0411158	0.037378	0.181652	0	27.32
69.1374	4.53273	19.5972	0.0410376	0.0373069	0.181309	0	27.36
69.0057	4.52417	19.56	0.0409596	0.037236	0.180967	0	27.4
68.8742	4.51563	19.523	0.0408816	0.0371651	0.180625	0	27.44
68.743	4.5071	19.486	0.0408039	0.0370944	0.180284	0	27.48
68.6121	4.49859	19.449	0.0407263	0.0370239	0.179944	0	27.52
68.4813	4.49009	19.4122	0.0406488	0.0369534	0.179604	0	27.56
68.3508	4.48161	19.3754	0.0405715	0.0368832	0.179264	0	27.6
68.2206	4.47314	19.3387	0.0404943	0.036813	0.178926	0	27.64
68.0906	4.46469	19.3021	0.0404173	0.036743	0.178587	0	27.68
67.9609	4.45625	19.2655	0.0403404	0.0366731	0.17825	0	27.72
67.8314	4.44782	19.229	0.0402636	0.0366033	0.177913	0	27.76
67.7021	4.43941	19.1926	0.040187	0.0365337	0.177576	0	27.8
67.5731	4.43101	19.1563	0.0401106	0.0364642	0.17724	0	27.84
67.4444	4.42263	19.12	0.0400343	0.0363948	0.176905	0	27.88
67.3159	4.41426	19.0838	0.0399581	0.0363256	0.17657	0	27.92
67.1876	4.4059	19.0476	0.0398821	0.0362565	0.176236	0	27.96
67.0596	4.39756	19.0116	0.0398062	0.0361875	0.175903	0	28
66.9318	4.38924	18.9756	0.0397305	0.0361186	0.17557	0	28.04
66.8042	4.38093	18.9396	0.0396549	0.0360499	0.175237	0	28.08
66.6769	4.37263	18.9037	0.0395795	0.0359813	0.174905	0	28.12
66.5499	4.36434	18.8679	0.0395042	0.0359129	0.174574	0	28.16
66.4231	4.35607	18.8322	0.039429	0.0358445	0.174243	0	28.2
66.2965	4.34782	18.7965	0.039354	0.0357764	0.173913	0	28.24
66.1702	4.33958	18.7609	0.0392791	0.0357083	0.173583	0	28.28
66.0441	4.33135	18.7254	0.0392044	0.0356403	0.173254	0	28.32
65.9183	4.32314	18.69	0.0391298	0.0355725	0.172926	0	28.36
65.7926	4.31494	18.6546	0.0390553	0.0355049	0.172598	0	28.4
65.6673	4.30675	18.6192	0.038981	0.0354373	0.17227	0	28.44
65.5422	4.29858	18.584	0.0389069	0.0353699	0.171943	0	28.48
65.4173	4.29043	18.5488	0.0388328	0.0353026	0.171617	0	28.52
65.2926	4.28228	18.5136	0.038759	0.0352354	0.171291	0	28.56
65.1682	4.27416	18.4785	0.0386852	0.0351684	0.170966	0	28.6
65.0441	4.26604	18.4435	0.0386116	0.0351015	0.170642	0	28.64
64.9201	4.25794	18.4086	0.0385381	0.0350347	0.170318	0	28.68
64.7965	4.24985	18.3737	0.0384648	0.034968	0.169994	0	28.72
64.673	4.24178	18.3389	0.0383916	0.0349015	0.169671	0	28.76
64.5498	4.23372	18.3042	0.0383186	0.0348351	0.169349	0	28.8
64.4268	4.22568	18.2695	0.0382457	0.0347688	0.169027	0	28.84
64.3041	4.21765	18.2349	0.0381729	0.0347026	0.168706	0	28.88
64.1816	4.20963	18.2003	0.0381003	0.0346366	0.168385	0	28.92
64.0593	4.20163	18.1658	0.0380278	0.0345707	0.168065	0	28.96
63.9373	4.19365	18.1314	0.0379554	0.0345049	0.167746	0	29
63.8155	4.18567	18.097	0.0378832	0.0344393	0.167427	0	29.04
63.6939	4.17771	18.0627	0.0378111	0.0343737	0.167108	0	29.08
63.5726	4.16977	18.0285	0.0377392	0.0343083	0.166791	0	29.12
63.4515	4.16184	17.9943	0.0376674	0.0342431	0.166473	0	29.16
63.3307	4.15392	17.9602	0.0375957	0.0341779	0.166157	0	29.2
63.21	4.14602	17.9261	0.0375242	0.0341129	0.165841	0	29.24
63.0896	4.13813	17.8922	0.0374528	0.034048	0.165525	0	29.28
62.9695	4.13025	17.8582	0.0373815	0.0339832	0.16521	0	29.32
62.8496	4.12239	17.8244	0.0373104	0.0339185	0.164896	0	29.36
62.7299	4.11454	17.7906	0.0372394	0.033854	0.164582	0	29.4
62.6104	4.10671	17.7568	0.0371685	0.0337896	0.164268	0	29.44
62.4912	4.09889	17.7231	0.0370978	0.0337253	0.163956	0	29.48
62.3722	4.09109	17.6895	0.0370272	0.0336611	0.163644	0	29.52
62.2534	4.0833	17.656	0.0369568	0.0335971	0.163332	0	29.56
62.1348	4.07552	17.6225	0.0368864	0.0335331	0.163021	0	29.6
62.0165	4.06776	17.589	0.0368163	0.0334693	0.16271	0	29.64
61.8984	4.06001	17.5557	0.0367462	0.0334056	0.1624	0	29.68
61.7806	4.05228	17.5224	0.0366763	0.0333421	0.162091	0	29.72
61.663	4.04456	17.4891	0.0366065	0.0332786	0.161782	0	29.76
61.5456	4.03685	17.4559	0.0365369	0.0332153	0.161474	0	29.8
61.4284	4.02916	17.4228	0.0364673	0.0331521	0.161166	0	29.84
61.3114	4.02148	17.3897	0.036398	0.033089	0.160859	0	29.88
61.1947	4.01382	17.3567	0.0363287	0.0330261	0.160553	0	29.92
61.0782	4.00617	17.3238	0.0362596	0.0329633	0.160247	0	29.96
60.9619	3.99853	17.2909	0.0361906	0.0329005	0.159941	0	30
60.8459	3.99091	17.258	0.0361217	0.0328379	0.159637	0	30.04
60.7301	3.98331	17.2253	0.036053	0.0327755	0.159332	0	30.08
60.6145	3.97571	17.1926	0.0359844	0.0327131	0.159029	0	30.12
60.4991	3.96813	17.1599	0.0359159	0.0326509	0.158725	0	30.16
60.3839	3.96057	17.1273	0.0358476	0.0325887	0.158423	0	30.2
60.269	3.95302	17.0948	0.0357794	0.0325267	0.158121	0	30.24
60.1543	3.94548	17.0623	0.0357113	0.0324648	0.157819	0	30.28
60.0398	3.93796	17.0299	0.0356434	0.0324031	0.157518	0	30.32
59.9255	3.93045	16.9976	0.0355756	0.0323414	0.157218	0	30.36
59.8115	3.92296	16.9653	0.0355079	0.0322799	0.156918	0	30.4
59.6977	3.91548	16.933	0.0354403	0.0322185	0.156619	0	30.44
59.5841	3.90801	16.9009	0.0353729	0.0321572	0.15632	0	30.48
59.4707	3.90056	16.8687	0.0353056	0.032096	0.156022	0	30.52
59.3575	3.89312	16.8367	0.0352384	0.0320349	0.155725	0	30.56
59.2446	3.8857	16.8047	0.0351714	0.031974	0.155428	0	30.6
59.1318	3.87829	16.7728	0.0351045	0.0319132	0.155131	0	30.64
59.0193	3.87089	16.7409	0.0350377	0.0318524	0.154836	0	30.68
58.907	3.86351	16.7091	0.034971	0.0317918	0.15454	0	30.72
58.7949	3.85614	16.6773	0.0349045	0.0317314	0.154246	0	30.76
58.6831	3.84878	16.6456	0.0348381	0.031671	0.153951	0	30.8
58.5714	3.84144	16.6139	0.0347718	0.0316107	0.153658	0	30.84
58.46	3.83412	16.5824	0.0347056	0.0315506	0.153365	0	30.88
58.3488	3.82681	16.5508	0.0346396	0.0314906	0.153072	0	30.92
58.2378	3.81951	16.5194	0.0345737	0.0314307	0.15278	0	30.96
58.127	3.81222	16.4879	0.0345079	0.0313709	0.152489	0	31
58.0164	3.80495	16.4566	0.0344423	0.0313112	0.152198	0	31.04
57.906	3.7977	16.4253	0.0343768	0.0312516	0.151908	0	31.08
57.7959	3.79045	16.3941	0.0343114	0.0311922	0.151618	0	31.12
57.6859	3.78322	16.3629	0.0342461	0.0311328	0.151329	0	31.16
57.5762	3.77601	16.3318	0.0341809	0.0310736	0.15104	0	31.2
57.4667	3.76881	16.3007	0.0341159	0.0310145	0.150752	0	31.24
57.3574	3.76162	16.2697	0.034051	0.0309555	0.150465	0	31.28
57.2483	3.75445	16.2387	0.0339862	0.0308966	0.150178	0	31.32
57.1394	3.74729	16.2078	0.0339216	0.0308378	0.149892	0	31.36
57.0307	3.74014	16.177	0.0338571	0.0307791	0.149606	0	31.4
56.9222	3.73301	16.1462	0.0337926	0.0307206	0.14932	0	31.44
56.814	3.72589	16.1155	0.0337284	0.0306621	0.149036	0	31.48
56.7059	3.71879	16.0848	0.0336642	0.0306038	0.148752	0	31.52
56.598	3.7117	16.0542	0.0336002	0.0305456	0.148468	0	31.56
56.4904	3.70462	16.0237	0.0335362	0.0304875	0.148185	0	31.6
56.383	3.69756	15.9932	0.0334724	0.0304295	0.147902	0	31.64
56.2757	3.69051	15.9628	0.0334088	0.0303716	0.14762	0	31.68
56.1687	3.68347	15.9324	0.0333452	0.0303138	0.147339	0	31.72
56.0619	3.67645	15.9021	0.0332818	0.0302562	0.147058	0	31.76
55.9553	3.66944	15.8718	0.0332185	0.0301986	0.146778	0	31.8
55.8489	3.66244	15.8416	0.0331553	0.0301412	0.146498	0	31.84
55.7427	3.65546	15.8114	0.0330922	0.0300838	0.146219	0	31.88
55.6366	3.6485	15.7813	0.0330293	0.0300266	0.14594	0	31.92
55.5308	3.64154	15.7513	0.0329664	0.0299695	0.145662	0	31.96
55.4252	3.6346	15.7213	0.0329037	0.0299125	0.145384	0	32
55.3198	3.62767	15.6914	0.0328411	0.0298556	0.145107	0	32.04
55.2146	3.62076	15.6615	0.0327786	0.0297988	0.14483	0	32.08
55.1096	3.61386	15.6317	0.0327163	0.0297421	0.144554	0	32.12
55.0049	3.60697	15.602	0.0326541	0.0296855	0.144279	0	32.16
54.9003	3.6001	15.5723	0.0325919	0.029629	0.144004	0	32.2
54.7959	3.59324	15.5426	0.03253	0.0295727	0.143729	0	32.24
54.6917	3.58639	15.513	0.0324681	0.0295164	0.143456	0	32.28
54.5877	3.57956	15.4835	0.0324063	0.0294603	0.143182	0	32.32
54.4839	3.57273	15.454	0.0323447	0.0294042	0.142909	0	32.36
54.3803	3.56593	15.4246	0.0322831	0.0293483	0.142637	0	32.4
54.2769	3.55913	15.3952	0.0322217	0.0292925	0.142365	0	32.44
54.1737	3.55235	15.3659	0.0321604	0.0292368	0.142094	0	32.48
54.0706	3.54559	15.3367	0.0320993	0.0291812	0.141823	0	32.52
53.9678	3.53883	15.3075	0.0320382	0.0291256	0.141553	0	32.56
53.8652	3.53209	15.2783	0.0319773	0.0290702	0.141284	0	32.6
53.7628	3.52536	15.2492	0.0319164	0.0290149	0.141014	0	32.64
53.6606	3.51865	15.2202	0.0318557	0.0289598	0.140746	0	32.68
53.5585	3.51195	15.1912	0.0317951	0.0289047	0.140478	0	32.72
53.4567	3.50526	15.1623	0.0317347	0.0288497	0.14021	0	32.76
53.355	3.49858	15.1334	0.0316743	0.0287948	0.139943	0	32.8
53.2536	3.49192	15.1046	0.031614	0.02874	0.139677	0	32.84
53.1523	3.48527	15.0758	0.0315539	0.0286854	0.139411	0	32.88
53.0513	3.47863	15.0471	0.0314939	0.0286308	0.139145	0	32.92
52.9504	3.47201	15.0185	0.031434	0.0285764	0.13888	0	32.96
52.8497	3.4654	14.9899	0.0313742	0.028522	0.138616	0	33
52.7492	3.4588	14.9613	0.0313145	0.0284677	0.138352	0	33.04
52.6489	3.45221	14.9329	0.031255	0.0284136	0.138089	0	33.08
52.5488	3.44564	14.9044	0.0311955	0.0283596	0.137826	0	33.12
52.4489	3.43908	14.876	0.0311362	0.0283056	0.137563	0	33.16
52.3492	3.43253	14.8477	0.0310769	0.0282518	0.137301	0	33.2
52.2496	3.426	14.8195	0.0310178	0.028198	0.13704	0	33.24
52.1503	3.41948	14.7912	0.0309588	0.0281444	0.136779	0	33.28
52.0511	3.41297	14.7631	0.0309	0.0280909	0.136519	0	33.32
51.9521	3.40647	14.735	0.0308412	0.0280374	0.136259	0	33.36
51.8534	3.39999	14.7069	0.0307825	0.0279841	0.136	0	33.4
51.7548	3.39352	14.6789	0.030724	0.0279309	0.135741	0	33.44
51.6564	3.38706	14.651	0.0306655	0.0278778	0.135482	0	33.48
51.5581	3.38061	14.6231	0.0306072	0.0278247	0.135225	0	33.52
51.4601	3.37418	14.5952	0.030549	0.0277718	0.134967	0	33.56
51.3622	3.36776	14.5674	0.0304909	0.027719	0.13471	0	33.6
51.2646	3.36135	14.5397	0.0304329	0.0276663	0.134454	0	33.64
51.1671	3.35496	14.512	0.030375	0.0276136	0.134198	0	33.68
51.0698	3.34857	14.4844	0.0303172	0.0275611	0.133943	0	33.72
50.9727	3.3422	14.4568	0.0302596	0.0275087	0.133688	0	33.76
50.8758	3.33584	14.4293	0.030202	0.0274564	0.133434	0	33.8
50.779	3.3295	14.4018	0.0301446	0.0274041	0.13318	0	33.84
50.6825	3.32316	14.3744	0.0300872	0.027352	0.132926	0	33.88
50.5861	3.31684	14.347	0.03003	0.0273	0.132674	0	33.92
50.4899	3.31053	14.3197	0.0299729	0.0272481	0.132421	0	33.96
50.3939	3.30423	14.2925	0.0299159	0.0271962	0.132169	0	34
50.2981	3.29795	14.2653	0.029859	0.0271445	0.131918	0	34.04
50.2024	3.29167	14.2381	0.0298022	0.0270929	0.131667	0	34.08
50.1069	3.28541	14.211	0.0297455	0.0270413	0.131416	0	34.12
50.0117	3.27916	14.1839	0.0296889	0.0269899	0.131166	0	34.16
49.9166	3.27293	14.1569	0.0296324	0.0269386	0.130917	0	34.2
49.8216	3.2667	14.13	0.0295761	0.0268873	0.130668	0	34.24
49.7269	3.26049	14.1031	0.0295198	0.0268362	0.130419	0	34.28
49.6323	3.25429	14.0763	0.0294637	0.0267851	0.130171	0	34.32
49.5379	3.2481	14.0495	0.0294076	0.0267342	0.129924	0	34.36
49.4437	3.24192	14.0227	0.0293517	0.0266834	0.129677	0	34.4
49.3497	3.23575	13.996	0.0292959	0.0266326	0.12943	0	34.44
49.2559	3.2296	13.9694	0.0292401	0.0265819	0.129184	0	34.48
49.1622	3.22346	13.9428	0.0291845	0.0265314	0.128938	0	34.52
49.0687	3.21733	13.9163	0.029129	0.0264809	0.128693	0	34.56
48.9754	3.21121	13.8898	0.0290736	0.0264305	0.128448	0	34.6
48.8822	3.2051	13.8633	0.0290183	0.0263803	0.128204	0	34.64
48.7893	3.19901	13.837	0.0289631	0.0263301	0.12796	0	34.68
48.6965	3.19293	13.8106	0.028908	0.02628	0.127717	0	34.72
48.6039	3.18686	13.7843	0.028853	0.02623	0.127474	0	34.76
48.5114	3.1808	13.7581	0.0287982	0.0261801	0.127232	0	34.8
48.4192	3.17475	13.7319	0.0287434	0.0261303	0.12699	0	34.84
48.3271	3.16871	13.7058	0.0286887	0.0260806	0.126748	0	34.88
48.2352	3.16269	13.6797	0.0286341	0.026031	0.126507	0	34.92
48.1435	3.15667	13.6537	0.0285797	0.0259815	0.126267	0	34.96
48.0519	3.15067	13.6277	0.0285253	0.0259321	0.126027	0	35
47.9605	3.14468	13.6018	0.0284711	0.0258828	0.125787	0	35.04
47.8693	3.1387	13.5759	0.0284169	0.0258335	0.125548	0	35.08
47.7782	3.13273	13.55	0.0283629	0.0257844	0.125309	0	35.12
47.6874	3.12678	13.5243	0.0283089	0.0257354	0.125071	0	35.16
47.5967	3.12083	13.4985	0.0282551	0.0256864	0.124833	0	35.2
47.5061	3.1149	13.4728	0.0282013	0.0256376	0.124596	0	35.24
47.4158	3.10898	13.4472	0.0281477	0.0255888	0.124359	0	35.28
47.3256	3.10307	13.4216	0.0280941	0.0255401	0.124123	0	35.32
47.2356	3.09717	13.3961	0.0280407	0.0254915	0.123887	0	35.36
47.1458	3.09128	13.3706	0.0279874	0.0254431	0.123651	0	35.4
47.0561	3.0854	13.3452	0.0279341	0.0253947	0.123416	0	35.44
46.9666	3.07954	13.3198	0.027881	0.0253464	0.123182	0	35.48
46.8772	3.07368	13.2944	0.027828	0.0252981	0.122947	0	35.52
46.7881	3.06784	13.2691	0.027775	0.02525	0.122714	0	35.56
46.6991	3.06201	13.2439	0.0277222	0.025202	0.12248	0	35.6
46.6103	3.05619	13.2187	0.0276695	0.0251541	0.122247	0	35.64
46.5216	3.05038	13.1935	0.0276168	0.0251062	0.122015	0	35.68
46.4331	3.04458	13.1684	0.0275643	0.0250585	0.121783	0	35.72
46.3448	3.03879	13.1434	0.0275119	0.0250108	0.121552	0	35.76
46.2567	3.03301	13.1184	0.0274595	0.0249632	0.121321	0	35.8
46.1687	3.02725	13.0934	0.0274073	0.0249157	0.12109	0	35.84
46.0809	3.02149	13.0685	0.0273552	0.0248683	0.12086	0	35.88
45.9932	3.01575	13.0437	0.0273031	0.024821	0.12063	0	35.92
45.9057	3.01001	13.0189	0.0272512	0.0247738	0.120401	0	35.96
45.8184	3.00429	12.9941	0.0271994	0.0247267	0.120172	0	36
45.7312	2.99858	12.9694	0.0271476	0.0246797	0.119943	0	36.04
45.6443	2.99288	12.9447	0.027096	0.0246327	0.119715	0	36.08
45.5574	2.98719	12.9201	0.0270445	0.0245859	0.119488	0	36.12
45.4708	2.98151	12.8955	0.026993	0.0245391	0.11926	0	36.16
45.3843	2.97584	12.871	0.0269417	0.0244924	0.119034	0	36.2
45.2979	2.97019	12.8465	0.0268904	0.0244458	0.118807	0	36.24
45.2118	2.96454	12.822	0.0268393	0.0243993	0.118582	0	36.28
45.1258	2.9589	12.7977	0.0267882	0.0243529	0.118356	0	36.32
45.0399	2.95328	12.7733	0.0267373	0.0243066	0.118131	0	36.36
44.9543	2.94766	12.749	0.0266864	0.0242604	0.117907	0	36.4
44.8688	2.94206	12.7248	0.0266357	0.0242142	0.117682	0	36.44
44.7834	2.93647	12.7006	0.026585	0.0241682	0.117459	0	36.48
44.6982	2.93088	12.6764	0.0265344	0.0241222	0.117235	0	36.52
44.6132	2.92531	12.6523	0.026484	0.0240763	0.117012	0	36.56
44.5283	2.91975	12.6282	0.0264336	0.0240305	0.11679	0	36.6
44.4436	2.9142	12.6042	0.0263833	0.0239848	0.116568	0	36.64
44.3591	2.90866	12.5802	0.0263331	0.0239392	0.116346	0	36.68
44.2747	2.90313	12.5563	0.026283	0.0238937	0.116125	0	36.72
44.1905	2.89761	12.5324	0.026233	0.0238482	0.115904	0	36.76
44.1064	2.8921	12.5086	0.0261831	0.0238028	0.115684	0	36.8
44.0225	2.8866	12.4848	0.0261333	0.0237576	0.115464	0	36.84
43.9388	2.88111	12.4611	0.0260836	0.0237124	0.115245	0	36.88
43.8552	2.87563	12.4374	0.026034	0.0236673	0.115025	0	36.92
43.7717	2.87017	12.4137	0.0259845	0.0236222	0.114807	0	36.96
43.6885	2.86471	12.3901	0.025935	0.0235773	0.114588	0	37
43.6054	2.85926	12.3665	0.0258857	0.0235325	0.114371	0	37.04
43.5224	2.85383	12.343	0.0258365	0.0234877	0.114153	0	37.08
43.4396	2.8484	12.3195	0.0257873	0.023443	0.113936	0	37.12
43.357	2.84298	12.2961	0.0257383	0.0233984	0.113719	0	37.16
43.2745	2.83758	12.2727	0.0256893	0.0233539	0.113503	0	37.2
43.1922	2.83218	12.2494	0.0256405	0.0233095	0.113287	0	37.24
43.11	2.8268	12.2261	0.0255917	0.0232652	0.113072	0	37.28
43.028	2.82142	12.2028	0.025543	0.0232209	0.112857	0	37.32
42.9462	2.81606	12.1796	0.0254944	0.0231767	0.112642	0	37.36
42.8645	2.8107	12.1565	0.0254459	0.0231327	0.112428	0	37.4
42.7829	2.80536	12.1334	0.0253975	0.0230887	0.112214	0	37.44
42.7015	2.80002	12.1103	0.0253492	0.0230447	0.112001	0	37.48
42.6203	2.7947	12.0872	0.025301	0.0230009	0.111788	0	37.52
42.5392	2.78939	12.0643	0.0252529	0.0229571	0.111575	0	37.56
42.4583	2.78408	12.0413	0.0252048	0.0229135	0.111363	0	37.6
42.3775	2.77879	12.0184	0.0251569	0.0228699	0.111151	0	37.64
42.2969	2.7735	11.9956	0.025109	0.0228264	0.11094	0	37.68
42.2164	2.76823	11.9727	0.0250613	0.022783	0.110729	0	37.72
42.1361	2.76296	11.95	0.0250136	0.0227396	0.110519	0	37.76
42.056	2.75771	11.9272	0.024966	0.0226964	0.110308	0	37.8
41.976	2.75247	11.9046	0.0249185	0.0226532	0.110099	0	37.84
41.8961	2.74723	11.8819	0.0248711	0.0226101	0.109889	0	37.88
41.8164	2.74201	11.8593	0.0248238	0.0225671	0.10968	0	37.92
41.7369	2.73679	11.8368	0.0247766	0.0225242	0.109472	0	37.96
41.6575	2.73159	11.8143	0.0247295	0.0224813	0.109263	0	38
41.5782	2.72639	11.7918	0.0246824	0.0224386	0.109056	0	38.04
41.4991	2.72121	11.7694	0.0246355	0.0223959	0.108848	0	38.08
41.4202	2.71603	11.747	0.0245886	0.0223533	0.108641	0	38.12
41.3414	2.71087	11.7247	0.0245418	0.0223108	0.108435	0	38.16
41.2627	2.70571	11.7024	0.0244952	0.0222683	0.108228	0	38.2
41.1842	2.70056	11.6801	0.0244486	0.022226	0.108023	0	38.24
41.1059	2.69543	11.6579	0.0244021	0.0221837	0.107817	0	38.28
41.0277	2.6903	11.6357	0.0243556	0.0221415	0.107612	0	38.32
40.9497	2.68518	11.6136	0.0243093	0.0220994	0.107407	0	38.36
40.8718	2.68008	11.5915	0.0242631	0.0220573	0.107203	0	38.4
40.794	2.67498	11.5695	0.0242169	0.0220154	0.106999	0	38.44
40.7164	2.66989	11.5475	0.0241708	0.0219735	0.106796	0	38.48
40.6389	2.66481	11.5255	0.0241249	0.0219317	0.106593	0	38.52
40.5616	2.65975	11.5036	0.024079	0.02189	0.10639	0	38.56
40.4845	2.65469	11.4817	0.0240332	0.0218483	0.106187	0	38.6
40.4075	2.64964	11.4599	0.0239875	0.0218068	0.105985	0	38.64
40.3306	2.6446	11.4381	0.0239418	0.0217653	0.105784	0	38.68
40.2539	2.63957	11.4163	0.0238963	0.0217239	0.105583	0	38.72
40.1773	2.63455	11.3946	0.0238508	0.0216826	0.105382	0	38.76
40.1009	2.62954	11.3729	0.0238055	0.0216413	0.105181	0	38.8
40.0246	2.62453	11.3513	0.0237602	0.0216002	0.104981	0	38.84
39.9484	2.61954	11.3297	0.023715	0.0215591	0.104782	0	38.88
39.8724	2.61456	11.3082	0.0236699	0.0215181	0.104582	0	38.92
39.7966	2.60959	11.2867	0.0236248	0.0214771	0.104383	0	38.96
39.7209	2.60462	11.2652	0.0235799	0.0214363	0.104185	0	39
39.6453	2.59967	11.2438	0.0235351	0.0213955	0.103987	0	39.04
39.5699	2.59472	11.2224	0.0234903	0.0213548	0.103789	0	39.08
39.4946	2.58979	11.201	0.0234456	0.0213142	0.103591	0	39.12
39.4195	2.58486	11.1797	0.023401	0.0212736	0.103394	0	39.16
39.3445	2.57994	11.1585	0.0233565	0.0212332	0.103198	0	39.2
39.2697	2.57504	11.1373	0.0233121	0.0211928	0.103001	0	39.24
39.195	2.57014	11.1161	0.0232677	0.0211525	0.102805	0	39.28
39.1204	2.56525	11.0949	0.0232235	0.0211122	0.10261	0	39.32
39.046	2.56037	11.0738	0.0231793	0.0210721	0.102415	0	39.36
38.9717	2.5555	11.0528	0.0231352	0.021032	0.10222	0	39.4
38.8976	2.55064	11.0317	0.0230912	0.020992	0.102025	0	39.44
38.8236	2.54578	11.0108	0.0230473	0.0209521	0.101831	0	39.48
38.7497	2.54094	10.9898	0.0230034	0.0209122	0.101638	0	39.52
38.676	2.53611	10.9689	0.0229597	0.0208724	0.101444	0	39.56
38.6024	2.53128	10.9481	0.022916	0.0208327	0.101251	0	39.6
38.529	2.52647	10.9272	0.0228724	0.0207931	0.101059	0	39.64
38.4557	2.52166	10.9064	0.0228289	0.0207535	0.100866	0	39.68
38.3826	2.51686	10.8857	0.0227855	0.0207141	0.100675	0	39.72
38.3096	2.51208	10.865	0.0227421	0.0206747	0.100483	0	39.76
38.2367	2.5073	10.8443	0.0226989	0.0206353	0.100292	0	39.8
38.1639	2.50253	10.8237	0.0226557	0.0205961	0.100101	0	39.84
38.0913	2.49777	10.8031	0.0226126	0.0205569	0.0999107	0	39.88
38.0189	2.49302	10.7826	0.0225696	0.0205178	0.0997206	0	39.92
37.9466	2.48827	10.7621	0.0225266	0.0204788	0.0995309	0	39.96
