S	I	R	e	d	dI	f	t
380	20	0	0.176	0.16	0.8	60.8	0
320.862	21.2488	57.101	0.175653	0.159685	0.849951	51.338	0.04
271.857	22.1108	104.392	0.175278	0.159344	0.88443	43.497	0.08
231.326	22.5993	143.554	0.174891	0.158992	0.903973	37.0122	0.12
197.844	22.7577	175.983	0.174497	0.158634	0.91031	31.655	0.16
170.211	22.6367	202.841	0.174103	0.158276	0.905466	27.2337	0.2
147.423	22.2878	225.092	0.173713	0.157921	0.891512	23.5877	0.24
128.642	21.7601	243.532	0.173331	0.157574	0.870405	20.5828	0.28
113.172	21.0975	258.819	0.172959	0.157236	0.843901	18.1075	0.32
100.434	20.3379	271.501	0.1726	0.156909	0.813515	16.0694	0.36
89.949	19.5128	282.026	0.172255	0.156595	0.780513	14.3918	0.4
81.3217	18.6482	290.767	0.171924	0.156295	0.745928	13.0115	0.44
74.2249	17.7646	298.032	0.171609	0.156009	0.710584	11.876	0.48
68.3892	16.8781	304.074	0.17131	0.155737	0.675123	10.9423	0.52
63.5924	16.0008	309.103	0.171027	0.155479	0.640033	10.1748	0.56
59.6513	15.142	313.293	0.170758	0.155235	0.60568	9.54421	0.6
56.4152	14.3082	316.788	0.170505	0.155004	0.572327	9.02643	0.64
53.7597	13.504	319.704	0.170266	0.154787	0.540159	8.60154	0.68
51.5825	12.7323	322.142	0.170041	0.154583	0.509294	8.25319	0.72
49.7993	11.9951	324.181	0.169829	0.15439	0.479804	7.96788	0.76
48.3406	11.2931	325.89	0.16963	0.154209	0.451722	7.73449	0.8
47.1492	10.6264	327.323	0.169443	0.154039	0.425056	7.54387	0.84
46.1778	9.9947	328.528	0.169268	0.15388	0.399788	7.38845	0.88
45.3876	9.39722	329.541	0.169103	0.15373	0.375889	7.26202	0.92
44.7464	8.83294	330.396	0.168949	0.15359	0.353317	7.15943	0.96
44.2279	8.30062	331.118	0.168805	0.153459	0.332025	7.07646	1
43.8101	7.79895	331.73	0.168669	0.153336	0.311958	7.00962	1.04
43.4751	7.32653	332.249	0.168542	0.15322	0.293061	6.95601	1.08
43.208	6.88194	332.691	0.168423	0.153112	0.275278	6.91328	1.12
42.9965	6.46374	333.068	0.168312	0.153011	0.25855	6.87944	1.16
42.8306	6.07054	333.39	0.168208	0.152917	0.242822	6.8529	1.2
42.7019	5.70096	333.668	0.168111	0.152828	0.228038	6.83231	1.24
42.6036	5.35367	333.907	0.16802	0.152746	0.214147	6.81657	1.28
42.5299	5.02741	334.113	0.167935	0.152668	0.201096	6.80479	1.32
42.4763	4.72094	334.293	0.167856	0.152596	0.188837	6.79621	1.36
42.4389	4.4331	334.45	0.167782	0.152529	0.177324	6.79022	1.4
42.4144	4.16279	334.587	0.167712	0.152466	0.166511	6.78631	1.44
42.4005	3.90895	334.708	0.167648	0.152407	0.156358	6.78407	1.48
42.3948	3.67061	334.815	0.167587	0.152352	0.146824	6.78317	1.52
42.3957	3.44681	334.91	0.167531	0.152301	0.137873	6.78331	1.56
42.4017	3.23669	334.996	0.167479	0.152254	0.129467	6.78427	1.6
42.4116	3.0394	335.072	0.16743	0.152209	0.121576	6.78586	1.64
42.4246	2.85416	335.141	0.167385	0.152168	0.114166	6.78794	1.68
42.4398	2.68025	335.204	0.167343	0.15213	0.10721	6.79037	1.72
42.4566	2.51695	335.261	0.167303	0.152094	0.100678	6.79306	1.76
42.4746	2.36364	335.314	0.167267	0.152061	0.0945455	6.79593	1.8
42.4932	2.21969	335.363	0.167233	0.15203	0.0887875	6.79891	1.84
42.5122	2.08453	335.407	0.167202	0.152002	0.0833812	6.80195	1.88
42.5313	1.95762	335.449	0.167173	0.151975	0.0783049	6.80501	1.92
42.5503	1.83846	335.488	0.167146	0.151951	0.0735385	6.80805	1.96
42.5691	1.72657	335.525	0.167121	0.151928	0.069063	6.81106	2
42.5876	1.62151	335.56	0.167098	0.151908	0.0648605	6.81401	2.04
42.6055	1.52286	335.592	0.167077	0.151888	0.0609144	6.81688	2.08
42.623	1.43022	335.624	0.167058	0.151871	0.0572089	6.81968	2.12
42.6399	1.34323	335.653	0.16704	0.151855	0.0537294	6.82238	2.16
42.6562	1.26155	335.681	0.167024	0.15184	0.0504619	6.82499	2.2
42.6718	1.18484	335.709	0.167009	0.151826	0.0473936	6.82749	2.24
42.6869	1.1128	335.735	0.166995	0.151814	0.0445122	6.8299	2.28
42.7013	1.04516	335.76	0.166983	0.151802	0.0418062	6.83221	2.32
42.7152	0.981628	335.784	0.166971	0.151792	0.0392651	6.83443	2.36
42.7284	0.921968	335.807	0.166961	0.151783	0.0368787	6.83654	2.4
42.741	0.865939	335.83	0.166952	0.151775	0.0346376	6.83856	2.44
42.7531	0.813321	335.852	0.166944	0.151767	0.0325328	6.84049	2.48
42.7646	0.763904	335.873	0.166937	0.151761	0.0305562	6.84233	2.52
42.7756	0.717494	335.894	0.16693	0.151755	0.0286998	6.84409	2.56
42.786	0.673907	335.915	0.166925	0.15175	0.0269563	6.84576	2.6
42.796	0.632971	335.934	0.16692	0.151745	0.0253188	6.84736	2.64
42.8055	0.594525	335.954	0.166916	0.151742	0.023781	6.84889	2.68
42.8146	0.558416	335.973	0.166912	0.151738	0.0223366	6.85034	2.72
42.8233	0.524502	335.992	0.166909	0.151736	0.0209801	6.85172	2.76
42.8315	0.49265	336.01	0.166907	0.151734	0.019706	6.85304	2.8
42.8394	0.462734	336.028	0.166905	0.151732	0.0185094	6.8543	2.84
42.8469	0.434637	336.046	0.166904	0.151731	0.0173855	6.85551	2.88
42.8541	0.408246	336.063	0.166903	0.15173	0.0163298	6.85666	2.92
42.861	0.383459	336.08	0.166903	0.15173	0.0153384	6.85776	2.96
42.8675	0.360179	336.097	0.166903	0.15173	0.0144071	6.8588	3
42.8738	0.338312	336.114	0.166904	0.15173	0.0135325	6.85981	3.04
42.8798	0.317774	336.131	0.166904	0.151731	0.012711	6.86077	3.08
42.8855	0.298483	336.147	0.166906	0.151732	0.0119393	6.86169	3.12
42.8911	0.280365	336.163	0.166907	0.151734	0.0112146	6.86257	3.16
42.8963	0.263346	336.179	0.166909	0.151736	0.0105338	6.86341	3.2
42.9014	0.247361	336.195	0.166911	0.151737	0.00989445	6.86423	3.24
42.9063	0.232347	336.211	0.166914	0.15174	0.00929388	6.865	3.28
42.911	0.218244	336.226	0.166916	0.151742	0.00872978	6.86575	3.32
42.9155	0.204998	336.242	0.166919	0.151745	0.00819993	6.86647	3.36
42.9198	0.192556	336.257	0.166922	0.151748	0.00770225	6.86717	3.4
42.924	0.18087	336.272	0.166926	0.151751	0.00723479	6.86783	3.44
42.928	0.169893	336.287	0.166929	0.151754	0.00679571	6.86848	3.48
42.9319	0.159582	336.302	0.166933	0.151757	0.00638329	6.8691	3.52
42.9356	0.149897	336.317	0.166937	0.151761	0.0059959	6.8697	3.56
42.9393	0.140801	336.332	0.166941	0.151765	0.00563203	6.87028	3.6
42.9428	0.132256	336.347	0.166946	0.151769	0.00529024	6.87085	3.64
42.9462	0.12423	336.361	0.16695	0.151773	0.00496921	6.87139	3.68
42.9495	0.116691	336.376	0.166954	0.151777	0.00466766	6.87192	3.72
42.9527	0.10961	336.39	0.166959	0.151781	0.00438441	6.87244	3.76
42.9559	0.102959	336.405	0.166964	0.151785	0.00411835	6.87294	3.8
42.9589	0.0967111	336.419	0.166969	0.15179	0.00386845	6.87342	3.84
42.9619	0.0908426	336.433	0.166974	0.151794	0.00363371	6.8739	3.88
42.9647	0.0853303	336.448	0.166979	0.151799	0.00341321	6.87436	3.92
42.9675	0.0801525	336.462	0.166984	0.151804	0.0032061	6.87481	3.96
42.9703	0.0752889	336.476	0.16699	0.151809	0.00301156	6.87525	4
42.973	0.0707205	336.49	0.166995	0.151814	0.00282882	6.87568	4.04
42.9756	0.0664293	336.504	0.167	0.151819	0.00265717	6.8761	4.08
42.9782	0.0623986	336.518	0.167006	0.151824	0.00249594	6.87651	4.12
42.9807	0.0586124	336.532	0.167012	0.151829	0.0023445	6.87691	4.16
42.9832	0.055056	336.546	0.167017	0.151834	0.00220224	6.87731	4.2
42.9856	0.0517154	336.56	0.167023	0.151839	0.00206862	6.87769	4.24
42.988	0.0485776	336.574	0.167029	0.151844	0.0019431	6.87808	4.28
42.9903	0.0456301	336.588	0.167035	0.15185	0.0018252	6.87845	4.32
42.9926	0.0428615	336.602	0.16704	0.151855	0.00171446	6.87882	4.36
42.9949	0.0402609	336.616	0.167046	0.15186	0.00161043	6.87918	4.4
42.9971	0.0378181	336.63	0.167052	0.151866	0.00151272	6.87954	4.44
42.9993	0.0355235	336.643	0.167058	0.151871	0.00142094	6.87989	4.48
43.0015	0.0333681	336.657	0.167065	0.151877	0.00133473	6.88024	4.52
43.0037	0.0313436	336.671	0.167071	0.151882	0.00125374	6.88059	4.56
43.0058	0.0294418	336.685	0.167077	0.151888	0.00117767	6.88092	4.6
43.0079	0.0276555	336.698	0.167083	0.151894	0.00110622	6.88126	4.64
43.01	0.0259776	336.712	0.167089	0.151899	0.0010391	6.88159	4.68
43.012	0.0244014	336.726	0.167095	0.151905	0.000976057	6.88192	4.72
43.014	0.0229209	336.74	0.167102	0.151911	0.000916837	6.88225	4.76
43.0161	0.0215303	336.753	0.167108	0.151916	0.00086121	6.88257	4.8
43.0181	0.020224	336.767	0.167114	0.151922	0.000808958	6.88289	4.84
43.02	0.0189969	336.781	0.167121	0.151928	0.000759877	6.88321	4.88
43.022	0.0178443	336.794	0.167127	0.151934	0.000713774	6.88352	4.92
43.0239	0.0167617	336.808	0.167133	0.151939	0.000670468	6.88383	4.96
43.0259	0.0157447	336.821	0.16714	0.151945	0.000629789	6.88414	5
43.0278	0.0147895	336.835	0.167146	0.151951	0.000591579	6.88445	5.04
43.0297	0.0138922	336.849	0.167153	0.151957	0.000555687	6.88475	5.08
43.0316	0.0130493	336.862	0.167159	0.151963	0.000521972	6.88506	5.12
43.0335	0.0122576	336.876	0.167165	0.151969	0.000490303	6.88536	5.16
43.0354	0.0115139	336.889	0.167172	0.151975	0.000460556	6.88566	5.2
43.0373	0.0108153	336.903	0.167178	0.15198	0.000432613	6.88596	5.24
43.0391	0.0101592	336.917	0.167185	0.151986	0.000406366	6.88626	5.28
43.041	0.00954279	336.93	0.167191	0.151992	0.000381712	6.88655	5.32
43.0428	0.00896382	336.944	0.167198	0.151998	0.000358553	6.88685	5.36
43.0446	0.00841997	336.957	0.167205	0.152004	0.000336799	6.88714	5.4
43.0465	0.00790913	336.971	0.167211	0.15201	0.000316365	6.88744	5.44
43.0483	0.00742927	336.984	0.167218	0.152016	0.000297171	6.88773	5.48
43.0501	0.00697853	336.998	0.167224	0.152022	0.000279141	6.88802	5.52
43.0519	0.00655514	337.011	0.167231	0.152028	0.000262206	6.88831	5.56
43.0537	0.00615743	337.025	0.167237	0.152034	0.000246297	6.8886	5.6
43.0555	0.00578386	337.038	0.167244	0.15204	0.000231354	6.88889	5.64
43.0573	0.00543295	337.052	0.16725	0.152046	0.000217318	6.88917	5.68
43.0591	0.00510333	337.066	0.167257	0.152052	0.000204133	6.88946	5.72
43.0609	0.0047937	337.079	0.167264	0.152058	0.000191748	6.88975	5.76
43.0627	0.00450287	337.093	0.16727	0.152064	0.000180115	6.89003	5.8
43.0645	0.00422968	337.106	0.167277	0.15207	0.000169187	6.89032	5.84
43.0662	0.00397306	337.12	0.167284	0.152076	0.000158922	6.8906	5.88
43.068	0.00373201	337.133	0.16729	0.152082	0.000149281	6.89088	5.92
43.0698	0.00350559	337.147	0.167297	0.152088	0.000140224	6.89117	5.96
43.0716	0.0032929	337.16	0.167303	0.152094	0.000131716	6.89145	6
43.0733	0.00309312	337.174	0.16731	0.1521	0.000123725	6.89173	6.04
43.0751	0.00290546	337.187	0.167317	0.152106	0.000116218	6.89201	6.08
43.0768	0.00272919	337.201	0.167323	0.152112	0.000109167	6.8923	6.12
43.0786	0.00256361	337.214	0.16733	0.152118	0.000102544	6.89258	6.16
43.0804	0.00240807	337.228	0.167337	0.152124	9.63228e-05	6.89286	6.2
43.0821	0.00226197	337.241	0.167343	0.15213	9.04789e-05	6.89314	6.24
43.0839	0.00212474	337.255	0.16735	0.152136	8.49895e-05	6.89342	6.28
43.0856	0.00199583	337.268	0.167357	0.152142	7.98332e-05	6.8937	6.32
43.0874	0.00187474	337.282	0.167363	0.152148	7.49897e-05	6.89398	6.36
43.0891	0.001761	337.295	0.16737	0.152154	7.04401e-05	6.89426	6.4
43.0909	0.00165416	337.309	0.167377	0.152161	6.61664e-05	6.89454	6.44
43.0926	0.0015538	337.322	0.167383	0.152167	6.21521e-05	6.89482	6.48
43.0943	0.00145953	337.336	0.16739	0.152173	5.83813e-05	6.8951	6.52
43.0961	0.00137098	337.349	0.167397	0.152179	5.48393e-05	6.89537	6.56
43.0978	0.00128781	337.363	0.167403	0.152185	5.15122e-05	6.89565	6.6
43.0996	0.00120967	337.376	0.16741	0.152191	4.8387e-05	6.89593	6.64
43.1013	0.00113628	337.39	0.167417	0.152197	4.54513e-05	6.89621	6.68
43.103	0.00106734	337.403	0.167423	0.152203	4.26938e-05	6.89649	6.72
43.1048	0.00100259	337.417	0.16743	0.152209	4.01035e-05	6.89677	6.76
43.1065	0.000941761	337.43	0.167437	0.152215	3.76704e-05	6.89704	6.8
43.1083	0.000884624	337.444	0.167443	0.152221	3.5385e-05	6.89732	6.84
43.11	0.000830954	337.457	0.16745	0.152227	3.32382e-05	6.8976	6.88
43.1117	0.00078054	337.471	0.167457	0.152233	3.12216e-05	6.89788	6.92
43.1135	0.000733185	337.484	0.167463	0.152239	2.93274e-05	6.89815	6.96
43.1152	0.000688702	337.498	0.16747	0.152245	2.75481e-05	6.89843	7
43.1169	0.000646919	337.511	0.167477	0.152252	2.58767e-05	6.89871	7.04
43.1187	0.00060767	337.525	0.167483	0.152258	2.43068e-05	6.89899	7.08
43.1204	0.000570803	337.538	0.16749	0.152264	2.28321e-05	6.89926	7.12
43.1221	0.000536172	337.552	0.167497	0.15227	2.14469e-05	6.89954	7.16
43.1239	0.000503642	337.565	0.167503	0.152276	2.01457e-05	6.89982	7.2
43.1256	0.000473086	337.579	0.16751	0.152282	1.89235e-05	6.90009	7.24
43.1273	0.000444384	337.592	0.167517	0.152288	1.77754e-05	6.90037	7.28
43.1291	0.000417423	337.606	0.167524	0.152294	1.66969e-05	6.90065	7.32
43.1308	0.000392098	337.619	0.16753	0.1523	1.56839e-05	6.90093	7.36
43.1325	0.00036831	337.633	0.167537	0.152306	1.47324e-05	6.9012	7.4
43.1342	0.000345964	337.646	0.167544	0.152312	1.38386e-05	6.90148	7.44
43.136	0.000324975	337.66	0.16755	0.152318	1.2999e-05	6.90176	7.48
43.1377	0.000305258	337.673	0.167557	0.152325	1.22103e-05	6.90203	7.52
43.1394	0.000286738	337.687	0.167564	0.152331	1.14695e-05	6.90231	7.56
43.1412	0.000269342	337.7	0.16757	0.152337	1.07737e-05	6.90259	7.6
43.1429	0.000253001	337.714	0.167577	0.152343	1.012e-05	6.90286	7.64
43.1446	0.000237651	337.727	0.167584	0.152349	9.50605e-06	6.90314	7.68
43.1463	0.000223233	337.741	0.16759	0.152355	8.92932e-06	6.90342	7.72
43.1481	0.000209689	337.754	0.167597	0.152361	8.38758e-06	6.90369	7.76
43.1498	0.000196968	337.768	0.167604	0.152367	7.8787e-06	6.90397	7.8
43.1515	0.000185018	337.781	0.167611	0.152373	7.4007e-06	6.90424	7.84
43.1533	0.000173793	337.795	0.167617	0.152379	6.9517e-06	6.90452	7.88
43.155	0.000163249	337.808	0.167624	0.152385	6.52994e-06	6.9048	7.92
43.1567	0.000153344	337.822	0.167631	0.152392	6.13377e-06	6.90507	7.96
43.1584	0.000144041	337.836	0.167637	0.152398	5.76163e-06	6.90535	8
43.1602	0.000135302	337.849	0.167644	0.152404	5.41208e-06	6.90563	8.04
43.1619	0.000127093	337.863	0.167651	0.15241	5.08372e-06	6.9059	8.08
43.1636	0.000119382	337.876	0.167658	0.152416	4.77529e-06	6.90618	8.12
43.1654	0.000112139	337.89	0.167664	0.152422	4.48558e-06	6.90646	8.16
43.1671	0.000105336	337.903	0.167671	0.152428	4.21344e-06	6.90673	8.2
43.1688	9.89452e-05	337.917	0.167678	0.152434	3.95781e-06	6.90701	8.24
43.1705	9.29422e-05	337.93	0.167684	0.15244	3.71769e-06	6.90729	8.28
43.1723	8.73034e-05	337.944	0.167691	0.152446	3.49214e-06	6.90756	8.32
43.174	8.20067e-05	337.957	0.167698	0.152452	3.28027e-06	6.90784	8.36
43.1757	7.70313e-05	337.971	0.167704	0.152459	3.08125e-06	6.90812	8.4
43.1774	7.23578e-05	337.984	0.167711	0.152465	2.89431e-06	6.90839	8.44
43.1792	6.79679e-05	337.998	0.167718	0.152471	2.71872e-06	6.90867	8.48
43.1809	6.38443e-05	338.011	0.167725	0.152477	2.55377e-06	6.90894	8.52
43.1826	5.99708e-05	338.025	0.167731	0.152483	2.39883e-06	6.90922	8.56
43.1844	5.63324e-05	338.038	0.167738	0.152489	2.2533e-06	6.9095	8.6
43.1861	5.29147e-05	338.052	0.167745	0.152495	2.11659e-06	6.90977	8.64
43.1878	4.97044e-05	338.065	0.167751	0.152501	1.98818e-06	6.91005	8.68
43.1895	4.66888e-05	338.079	0.167758	0.152507	1.86755e-06	6.91033	8.72
43.1913	4.38562e-05	338.092	0.167765	0.152513	1.75425e-06	6.9106	8.76
43.193	4.11955e-05	338.106	0.167772	0.15252	1.64782e-06	6.91088	8.8
43.1947	3.86961e-05	338.119	0.167778	0.152526	1.54784e-06	6.91116	8.84
43.1965	3.63484e-05	338.133	0.167785	0.152532	1.45394e-06	6.91143	8.88
43.1982	3.41432e-05	338.146	0.167792	0.152538	1.36573e-06	6.91171	8.92
43.1999	3.20717e-05	338.16	0.167798	0.152544	1.28287e-06	6.91199	8.96
43.2016	3.01259e-05	338.173	0.167805	0.15255	1.20504e-06	6.91226	9
43.2034	2.82982e-05	338.187	0.167812	0.152556	1.13193e-06	6.91254	9.04
43.2051	2.65813e-05	338.201	0.167818	0.152562	1.06325e-06	6.91282	9.08
43.2068	2.49686e-05	338.214	0.167825	0.152568	9.98745e-07	6.91309	9.12
43.2086	2.34538e-05	338.228	0.167832	0.152574	9.38151e-07	6.91337	9.16
43.2103	2.20308e-05	338.241	0.167839	0.152581	8.81234e-07	6.91364	9.2
43.212	2.06942e-05	338.255	0.167845	0.152587	8.27769e-07	6.91392	9.24
43.2137	1.94387e-05	338.268	0.167852	0.152593	7.77548e-07	6.9142	9.28
43.2155	1.82594e-05	338.282	0.167859	0.152599	7.30375e-07	6.91447	9.32
43.2172	1.71516e-05	338.295	0.167865	0.152605	6.86063e-07	6.91475	9.36
43.2189	1.6111e-05	338.309	0.167872	0.152611	6.44439e-07	6.91503	9.4
43.2207	1.51335e-05	338.322	0.167879	0.152617	6.05341e-07	6.9153	9.44
43.2224	1.42154e-05	338.336	0.167886	0.152623	5.68615e-07	6.91558	9.48
43.2241	1.33529e-05	338.349	0.167892	0.152629	5.34117e-07	6.91586	9.52
43.2258	1.25428e-05	338.363	0.167899	0.152635	5.01712e-07	6.91613	9.56
43.2276	1.17818e-05	338.376	0.167906	0.152642	4.71273e-07	6.91641	9.6
43.2293	1.1067e-05	338.39	0.167912	0.152648	4.42681e-07	6.91669	9.64
43.231	1.03956e-05	338.403	0.167919	0.152654	4.15824e-07	6.91696	9.68
43.2328	9.76489e-06	338.417	0.167926	0.15266	3.90596e-07	6.91724	9.72
43.2345	9.17246e-06	338.431	0.167933	0.152666	3.66898e-07	6.91752	9.76
43.2362	8.61596e-06	338.444	0.167939	0.152672	3.44639e-07	6.91779	9.8
43.2379	8.09323e-06	338.458	0.167946	0.152678	3.23729e-07	6.91807	9.84
43.2397	7.60222e-06	338.471	0.167953	0.152684	3.04089e-07	6.91835	9.88
43.2414	7.14099e-06	338.485	0.167959	0.15269	2.8564e-07	6.91862	9.92
43.2431	6.70775e-06	338.498	0.167966	0.152697	2.6831e-07	6.9189	9.96
43.2449	6.30079e-06	338.512	0.167973	0.152703	2.52031e-07	6.91918	10
43.2466	5.91852e-06	338.525	0.16798	0.152709	2.36741e-07	6.91945	10.04
43.2483	5.55944e-06	338.539	0.167986	0.152715	2.22378e-07	6.91973	10.08
43.25	5.22215e-06	338.552	0.167993	0.152721	2.08886e-07	6.92001	10.12
43.2518	4.90532e-06	338.566	0.168	0.152727	1.96213e-07	6.92028	10.16
43.2535	4.60772e-06	338.579	0.168006	0.152733	1.84309e-07	6.92056	10.2
43.2552	4.32817e-06	338.593	0.168013	0.152739	1.73127e-07	6.92084	10.24
43.257	4.06558e-06	338.607	0.16802	0.152745	1.62623e-07	6.92111	10.28
43.2587	3.81892e-06	338.62	0.168027	0.152752	1.52757e-07	6.92139	10.32
43.2604	3.58722e-06	338.634	0.168033	0.152758	1.43489e-07	6.92167	10.36
43.2622	3.36959e-06	338.647	0.16804	0.152764	1.34783e-07	6.92195	10.4
43.2639	3.16515e-06	338.661	0.168047	0.15277	1.26606e-07	6.92222	10.44
43.2656	2.97312e-06	338.674	0.168054	0.152776	1.18925e-07	6.9225	10.48
43.2673	2.79274e-06	338.688	0.16806	0.152782	1.1171e-07	6.92278	10.52
43.2691	2.62331e-06	338.701	0.168067	0.152788	1.04932e-07	6.92305	10.56
43.2708	2.46415e-06	338.715	0.168074	0.152794	9.85661e-08	6.92333	10.6
43.2725	2.31465e-06	338.728	0.16808	0.1528	9.25861e-08	6.92361	10.64
43.2743	2.17422e-06	338.742	0.168087	0.152806	8.69689e-08	6.92388	10.68
43.276	2.04231e-06	338.756	0.168094	0.152813	8.16925e-08	6.92416	10.72
43.2777	1.9184e-06	338.769	0.168101	0.152819	7.67362e-08	6.92444	10.76
43.2795	1.80202e-06	338.783	0.168107	0.152825	7.20806e-08	6.92471	10.8
43.2812	1.69269e-06	338.796	0.168114	0.152831	6.77075e-08	6.92499	10.84
43.2829	1.58999e-06	338.81	0.168121	0.152837	6.35997e-08	6.92527	10.88
43.2847	1.49353e-06	338.823	0.168127	0.152843	5.97411e-08	6.92554	10.92
43.2864	1.40291e-06	338.837	0.168134	0.152849	5.61166e-08	6.92582	10.96
43.2881	1.3178e-06	338.85	0.168141	0.152855	5.2712e-08	6.9261	11
43.2898	1.23785e-06	338.864	0.168148	0.152862	4.95139e-08	6.92638	11.04
43.2916	1.16275e-06	338.877	0.168154	0.152868	4.65099e-08	6.92665	11.08
43.2933	1.0922e-06	338.891	0.168161	0.152874	4.36882e-08	6.92693	11.12
43.295	1.02594e-06	338.905	0.168168	0.15288	4.10376e-08	6.92721	11.16
43.2968	9.63696e-07	338.918	0.168175	0.152886	3.85479e-08	6.92748	11.2
43.2985	9.05229e-07	338.932	0.168181	0.152892	3.62092e-08	6.92776	11.24
43.3002	8.50309e-07	338.945	0.168188	0.152898	3.40123e-08	6.92804	11.28
43.302	7.9872e-07	338.959	0.168195	0.152904	3.19488e-08	6.92832	11.32
43.3037	7.50262e-07	338.972	0.168201	0.15291	3.00105e-08	6.92859	11.36
43.3054	7.04744e-07	338.986	0.168208	0.152917	2.81897e-08	6.92887	11.4
43.3072	6.61987e-07	338.999	0.168215	0.152923	2.64795e-08	6.92915	11.44
43.3089	6.21824e-07	339.013	0.168222	0.152929	2.4873e-08	6.92942	11.48
43.3106	5.84098e-07	339.027	0.168228	0.152935	2.33639e-08	6.9297	11.52
43.3124	5.48661e-07	339.04	0.168235	0.152941	2.19464e-08	6.92998	11.56
43.3141	5.15374e-07	339.054	0.168242	0.152947	2.06149e-08	6.93026	11.6
43.3158	4.84106e-07	339.067	0.168249	0.152953	1.93642e-08	6.93053	11.64
43.3176	4.54735e-07	339.081	0.168255	0.152959	1.81894e-08	6.93081	11.68
43.3193	4.27146e-07	339.094	0.168262	0.152965	1.70859e-08	6.93109	11.72
43.321	4.01231e-07	339.108	0.168269	0.152972	1.60493e-08	6.93136	11.76
43.3228	3.76889e-07	339.122	0.168275	0.152978	1.50755e-08	6.93164	11.8
43.3245	3.54023e-07	339.135	0.168282	0.152984	1.41609e-08	6.93192	11.84
43.3262	3.32544e-07	339.149	0.168289	0.15299	1.33018e-08	6.9322	11.88
43.328	3.12369e-07	339.162	0.168296	0.152996	1.24948e-08	6.93247	11.92
43.3297	2.93417e-07	339.176	0.168302	0.153002	1.17367e-08	6.93275	11.96
43.3314	2.75616e-07	339.189	0.168309	0.153008	1.10246e-08	6.93303	12
43.3332	2.58894e-07	339.203	0.168316	0.153014	1.03558e-08	6.9333	12.04
43.3349	2.43187e-07	339.216	0.168323	0.153021	9.72748e-09	6.93358	12.08
43.3366	2.28433e-07	339.23	0.168329	0.153027	9.13731e-09	6.93386	12.12
43.3384	2.14574e-07	339.244	0.168336	0.153033	8.58295e-09	6.93414	12.16
43.3401	2.01556e-07	339.257	0.168343	0.153039	8.06222e-09	6.93441	12.2
43.3418	1.89327e-07	339.271	0.16835	0.153045	7.57309e-09	6.93469	12.24
43.3436	1.77841e-07	339.284	0.168356	0.153051	7.11363e-09	6.93497	12.28
43.3453	1.67051e-07	339.298	0.168363	0.153057	6.68205e-09	6.93525	12.32
43.347	1.56916e-07	339.311	0.16837	0.153063	6.27665e-09	6.93552	12.36
43.3488	1.47396e-07	339.325	0.168376	0.15307	5.89584e-09	6.9358	12.4
43.3505	1.38454e-07	339.339	0.168383	0.153076	5.53814e-09	6.93608	12.44
43.3522	1.30054e-07	339.352	0.16839	0.153082	5.20214e-09	6.93636	12.48
43.354	1.22163e-07	339.366	0.168397	0.153088	4.88653e-09	6.93663	12.52
43.3557	1.14752e-07	339.379	0.168403	0.153094	4.59006e-09	6.93691	12.56
43.3574	1.0779e-07	339.393	0.16841	0.1531	4.31158e-09	6.93719	12.6
43.3592	1.0125e-07	339.406	0.168417	0.153106	4.05e-09	6.93746	12.64
43.3609	9.51071e-08	339.42	0.168424	0.153112	3.80429e-09	6.93774	12.68
43.3626	8.9337e-08	339.434	0.16843	0.153118	3.57348e-09	6.93802	12.72
43.3644	8.39169e-08	339.447	0.168437	0.153125	3.35668e-09	6.9383	12.76
43.3661	7.88257e-08	339.461	0.168444	0.153131	3.15303e-09	6.93857	12.8
43.3678	7.40433e-08	339.474	0.168451	0.153137	2.96173e-09	6.93885	12.84
43.3696	6.95511e-08	339.488	0.168457	0.153143	2.78204e-09	6.93913	12.88
43.3713	6.53314e-08	339.501	0.168464	0.153149	2.61326e-09	6.93941	12.92
43.373	6.13678e-08	339.515	0.168471	0.153155	2.45471e-09	6.93968	12.96
43.3748	5.76446e-08	339.529	0.168477	0.153161	2.30578e-09	6.93996	13
43.3765	5.41473e-08	339.542	0.168484	0.153167	2.16589e-09	6.94024	13.04
43.3782	5.08622e-08	339.556	0.168491	0.153174	2.03449e-09	6.94052	13.08
43.38	4.77764e-08	339.569	0.168498	0.15318	1.91105e-09	6.9408	13.12
43.3817	4.48778e-08	339.583	0.168504	0.153186	1.79511e-09	6.94107	13.16
43.3834	4.2155e-08	339.597	0.168511	0.153192	1.6862e-09	6.94135	13.2
43.3852	3.95975e-08	339.61	0.168518	0.153198	1.5839e-09	6.94163	13.24
43.3869	3.71951e-08	339.624	0.168525	0.153204	1.4878e-09	6.94191	13.28
43.3886	3.49385e-08	339.637	0.168531	0.15321	1.39754e-09	6.94218	13.32
43.3904	3.28188e-08	339.651	0.168538	0.153216	1.31275e-09	6.94246	13.36
43.3921	3.08276e-08	339.664	0.168545	0.153223	1.23311e-09	6.94274	13.4
43.3939	2.89573e-08	339.678	0.168552	0.153229	1.15829e-09	6.94302	13.44
43.3956	2.72005e-08	339.692	0.168558	0.153235	1.08802e-09	6.94329	13.48
43.3973	2.55502e-08	339.705	0.168565	0.153241	1.02201e-09	6.94357	13.52
43.3991	2.40001e-08	339.719	0.168572	0.153247	9.60004e-10	6.94385	13.56
43.4008	2.2544e-08	339.732	0.168579	0.153253	9.01761e-10	6.94413	13.6
43.4025	2.11763e-08	339.746	0.168585	0.153259	8.47051e-10	6.9444	13.64
43.4043	1.98915e-08	339.76	0.168592	0.153266	7.9566e-10	6.94468	13.68
43.406	1.86847e-08	339.773	0.168599	0.153272	7.47388e-10	6.94496	13.72
43.4077	1.75511e-08	339.787	0.168606	0.153278	7.02044e-10	6.94524	13.76
43.4095	1.64863e-08	339.8	0.168612	0.153284	6.59451e-10	6.94552	13.8
43.4112	1.5486e-08	339.814	0.168619	0.15329	6.19442e-10	6.94579	13.84
43.4129	1.45465e-08	339.827	0.168626	0.153296	5.8186e-10	6.94607	13.88
43.4147	1.3664e-08	339.841	0.168633	0.153302	5.46559e-10	6.94635	13.92
43.4164	1.2835e-08	339.855	0.168639	0.153308	5.13399e-10	6.94663	13.96
43.4182	1.20563e-08	339.868	0.168646	0.153315	4.82251e-10	6.9469	14
43.4199	1.13248e-08	339.882	0.168653	0.153321	4.52993e-10	6.94718	14.04
43.4216	1.06377e-08	339.895	0.16866	0.153327	4.2551e-10	6.94746	14.08
43.4234	9.99235e-09	339.909	0.168666	0.153333	3.99694e-10	6.94774	14.12
43.4251	9.38612e-09	339.923	0.168673	0.153339	3.75445e-10	6.94802	14.16
43.4268	8.81666e-09	339.936	0.16868	0.153345	3.52666e-10	6.94829	14.2
43.4286	8.28175e-09	339.95	0.168686	0.153351	3.3127e-10	6.94857	14.24
43.4303	7.7793e-09	339.963	0.168693	0.153357	3.11172e-10	6.94885	14.28
43.432	7.30733e-09	339.977	0.1687	0.153364	2.92293e-10	6.94913	14.32
43.4338	6.86399e-09	339.991	0.168707	0.15337	2.7456e-10	6.94941	14.36
43.4355	6.44755e-09	340.004	0.168713	0.153376	2.57902e-10	6.94968	14.4
43.4373	6.05638e-09	340.018	0.16872	0.153382	2.42255e-10	6.94996	14.44
43.439	5.68894e-09	340.031	0.168727	0.153388	2.27558e-10	6.95024	14.48
43.4407	5.34379e-09	340.045	0.168734	0.153394	2.13752e-10	6.95052	14.52
43.4425	5.01958e-09	340.059	0.16874	0.1534	2.00783e-10	6.9508	14.56
43.4442	4.71505e-09	340.072	0.168747	0.153407	1.88602e-10	6.95107	14.6
43.4459	4.42898e-09	340.086	0.168754	0.153413	1.77159e-10	6.95135	14.64
43.4477	4.16028e-09	340.099	0.168761	0.153419	1.66411e-10	6.95163	14.68
43.4494	3.90787e-09	340.113	0.168767	0.153425	1.56315e-10	6.95191	14.72
43.4512	3.67078e-09	340.127	0.168774	0.153431	1.46831e-10	6.95219	14.76
43.4529	3.44808e-09	340.14	0.168781	0.153437	1.37923e-10	6.95246	14.8
43.4546	3.23888e-09	340.154	0.168788	0.153443	1.29555e-10	6.95274	14.84
43.4564	3.04238e-09	340.167	0.168794	0.15345	1.21695e-10	6.95302	14.88
43.4581	2.8578e-09	340.181	0.168801	0.153456	1.14312e-10	6.9533	14.92
43.4598	2.68441e-09	340.195	0.168808	0.153462	1.07377e-10	6.95358	14.96
43.4616	2.52155e-09	340.208	0.168815	0.153468	1.00862e-10	6.95385	15
43.4633	2.36857e-09	340.222	0.168821	0.153474	9.47427e-11	6.95413	15.04
43.4651	2.22487e-09	340.235	0.168828	0.15348	8.89947e-11	6.95441	15.08
43.4668	2.08988e-09	340.249	0.168835	0.153486	8.35954e-11	6.95469	15.12
43.4685	1.96309e-09	340.263	0.168842	0.153492	7.85237e-11	6.95497	15.16
43.4703	1.84399e-09	340.276	0.168848	0.153499	7.37596e-11	6.95524	15.2
43.472	1.73212e-09	340.29	0.168855	0.153505	6.92846e-11	6.95552	15.24
43.4738	1.62703e-09	340.303	0.168862	0.153511	6.50811e-11	6.9558	15.28
43.4755	1.52832e-09	340.317	0.168869	0.153517	6.11327e-11	6.95608	15.32
43.4772	1.43559e-09	340.331	0.168875	0.153523	5.74237e-11	6.95636	15.36
43.479	1.3485e-09	340.344	0.168882	0.153529	5.39398e-11	6.95664	15.4
43.4807	1.26668e-09	340.358	0.168889	0.153535	5.06673e-11	6.95691	15.44
43.4824	1.18983e-09	340.372	0.168896	0.153542	4.75933e-11	6.95719	15.48
43.4842	1.11765e-09	340.385	0.168903	0.153548	4.47058e-11	6.95747	15.52
43.4859	1.04984e-09	340.399	0.168909	0.153554	4.19935e-11	6.95775	15.56
43.4877	9.86144e-10	340.412	0.168916	0.15356	3.94458e-11	6.95803	15.6
43.4894	9.26315e-10	340.426	0.168923	0.153566	3.70526e-11	6.9583	15.64
43.4911	8.70115e-10	340.44	0.16893	0.153572	3.48046e-11	6.95858	15.68
43.4929	8.17326e-10	340.453	0.168936	0.153578	3.2693e-11	6.95886	15.72
43.4946	7.67738e-10	340.467	0.168943	0.153585	3.07095e-11	6.95914	15.76
43.4964	7.2116e-10	340.48	0.16895	0.153591	2.88464e-11	6.95942	15.8
43.4981	6.77407e-10	340.494	0.168957	0.153597	2.70963e-11	6.9597	15.84
43.4998	6.36309e-10	340.508	0.168963	0.153603	2.54523e-11	6.95997	15.88
43.5016	5.97704e-10	340.521	0.16897	0.153609	2.39082e-11	6.96025	15.92
43.5033	5.61441e-10	340.535	0.168977	0.153615	2.24576e-11	6.96053	15.96
43.5051	5.27378e-10	340.549	0.168984	0.153621	2.10951e-11	6.96081	16
43.5068	4.95382e-10	340.562	0.16899	0.153628	1.98153e-11	6.96109	16.04
43.5085	4.65328e-10	340.576	0.168997	0.153634	1.86131e-11	6.96137	16.08
43.5103	4.37096e-10	340.589	0.169004	0.15364	1.74838e-11	6.96164	16.12
43.512	4.10577e-10	340.603	0.169011	0.153646	1.64231e-11	6.96192	16.16
43.5138	3.85668e-10	340.617	0.169017	0.153652	1.54267e-11	6.9622	16.2
43.5155	3.62269e-10	340.63	0.169024	0.153658	1.44908e-11	6.96248	16.24
43.5172	3.4029e-10	340.644	0.169031	0.153664	1.36116e-11	6.96276	16.28
43.519	3.19645e-10	340.658	0.169038	0.153671	1.27858e-11	6.96304	16.32
43.5207	3.00252e-10	340.671	0.169044	0.153677	1.20101e-11	6.96332	16.36
43.5225	2.82036e-10	340.685	0.169051	0.153683	1.12814e-11	6.96359	16.4
43.5242	2.64925e-10	340.698	0.169058	0.153689	1.0597e-11	6.96387	16.44
43.5259	2.48852e-10	340.712	0.169065	0.153695	9.95407e-12	6.96415	16.48
43.5277	2.33754e-10	340.726	0.169071	0.153701	9.35015e-12	6.96443	16.52
43.5294	2.19572e-10	340.739	0.169078	0.153707	8.78288e-12	6.96471	16.56
43.5312	2.06251e-10	340.753	0.169085	0.153714	8.25002e-12	6.96499	16.6
43.5329	1.93737e-10	340.767	0.169092	0.15372	7.74949e-12	6.96527	16.64
43.5346	1.81983e-10	340.78	0.169099	0.153726	7.27933e-12	6.96554	16.68
43.5364	1.70942e-10	340.794	0.169105	0.153732	6.83769e-12	6.96582	16.72
43.5381	1.60571e-10	340.807	0.169112	0.153738	6.42285e-12	6.9661	16.76
43.5399	1.50829e-10	340.821	0.169119	0.153744	6.03318e-12	6.96638	16.8
43.5416	1.41679e-10	340.835	0.169126	0.153751	5.66714e-12	6.96666	16.84
43.5434	1.33083e-10	340.848	0.169132	0.153757	5.32332e-12	6.96694	16.88
43.5451	1.25009e-10	340.862	0.169139	0.153763	5.00035e-12	6.96722	16.92
43.5468	1.17425e-10	340.876	0.169146	0.153769	4.69698e-12	6.96749	16.96
43.5486	1.103e-10	340.889	0.169153	0.153775	4.41201e-12	6.96777	17
43.5503	1.03608e-10	340.903	0.169159	0.153781	4.14434e-12	6.96805	17.04
43.5521	9.73225e-11	340.916	0.169166	0.153787	3.8929e-12	6.96833	17.08
43.5538	9.1418e-11	340.93	0.169173	0.153794	3.65672e-12	6.96861	17.12
43.5555	8.58716e-11	340.944	0.16918	0.1538	3.43487e-12	6.96889	17.16
43.5573	8.06618e-11	340.957	0.169186	0.153806	3.22647e-12	6.96917	17.2
43.559	7.5768e-11	340.971	0.169193	0.153812	3.03072e-12	6.96944	17.24
43.5608	7.11712e-11	340.985	0.1692	0.153818	2.84685e-12	6.96972	17.28
43.5625	6.68532e-11	340.998	0.169207	0.153824	2.67413e-12	6.97	17.32
43.5643	6.27972e-11	341.012	0.169214	0.15383	2.51189e-12	6.97028	17.36
43.566	5.89873e-11	341.026	0.16922	0.153837	2.35949e-12	6.97056	17.4
43.5677	5.54086e-11	341.039	0.169227	0.153843	2.21634e-12	6.97084	17.44
43.5695	5.20469e-11	341.053	0.169234	0.153849	2.08188e-12	6.97112	17.48
43.5712	4.88892e-11	341.066	0.169241	0.153855	1.95557e-12	6.9714	17.52
43.573	4.59231e-11	341.08	0.169247	0.153861	1.83693e-12	6.97167	17.56
43.5747	4.3137e-11	341.094	0.169254	0.153867	1.72548e-12	6.97195	17.6
43.5765	4.05199e-11	341.107	0.169261	0.153874	1.62079e-12	6.97223	17.64
43.5782	3.80615e-11	341.121	0.169268	0.15388	1.52246e-12	6.97251	17.68
43.5799	3.57523e-11	341.135	0.169274	0.153886	1.43009e-12	6.97279	17.72
43.5817	3.35832e-11	341.148	0.169281	0.153892	1.34333e-12	6.97307	17.76
43.5834	3.15457e-11	341.162	0.169288	0.153898	1.26183e-12	6.97335	17.8
43.5852	2.96319e-11	341.176	0.169295	0.153904	1.18527e-12	6.97363	17.84
43.5869	2.78341e-11	341.189	0.169302	0.15391	1.11336e-12	6.97391	17.88
43.5887	2.61454e-11	341.203	0.169308	0.153917	1.04582e-12	6.97418	17.92
43.5904	2.45592e-11	341.217	0.169315	0.153923	9.82366e-13	6.97446	17.96
43.5921	2.30691e-11	341.23	0.169322	0.153929	9.22766e-13	6.97474	18
43.5939	2.16695e-11	341.244	0.169329	0.153935	8.66782e-13	6.97502	18.04
43.5956	2.03549e-11	341.257	0.169335	0.153941	8.14194e-13	6.9753	18.08
43.5974	1.91199e-11	341.271	0.169342	0.153947	7.64797e-13	6.97558	18.12
43.5991	1.79599e-11	341.285	0.169349	0.153954	7.18397e-13	6.97586	18.16
43.6009	1.68703e-11	341.298	0.169356	0.15396	6.74812e-13	6.97614	18.2
43.6026	1.58468e-11	341.312	0.169362	0.153966	6.33871e-13	6.97642	18.24
43.6043	1.48853e-11	341.326	0.169369	0.153972	5.95414e-13	6.9767	18.28
43.6061	1.39822e-11	341.339	0.169376	0.153978	5.5929e-13	6.97697	18.32
43.6078	1.31339e-11	341.353	0.169383	0.153984	5.25358e-13	6.97725	18.36
43.6096	1.23371e-11	341.367	0.16939	0.153991	4.93484e-13	6.97753	18.4
43.6113	1.15886e-11	341.38	0.169396	0.153997	4.63545e-13	6.97781	18.44
43.6131	1.08855e-11	341.394	0.169403	0.154003	4.35421e-13	6.97809	18.48
43.6148	1.02251e-11	341.408	0.16941	0.154009	4.09004e-13	6.97837	18.52
43.6166	9.60475e-12	341.421	0.169417	0.154015	3.8419e-13	6.97865	18.56
43.6183	9.02203e-12	341.435	0.169423	0.154021	3.60881e-13	6.97893	18.6
43.62	8.47466e-12	341.449	0.16943	0.154027	3.38987e-13	6.97921	18.64
43.6218	7.96051e-12	341.462	0.169437	0.154034	3.1842e-13	6.97949	18.68
43.6235	7.47754e-12	341.476	0.169444	0.15404	2.99102e-13	6.97977	18.72
43.6253	7.02388e-12	341.49	0.169451	0.154046	2.80955e-13	6.98004	18.76
43.627	6.59774e-12	341.503	0.169457	0.154052	2.6391e-13	6.98032	18.8
43.6288	6.19746e-12	341.517	0.169464	0.154058	2.47898e-13	6.9806	18.84
43.6305	5.82146e-12	341.531	0.169471	0.154064	2.32858e-13	6.98088	18.88
43.6323	5.46827e-12	341.544	0.169478	0.154071	2.18731e-13	6.98116	18.92
43.634	5.13651e-12	341.558	0.169484	0.154077	2.0546e-13	6.98144	18.96
43.6357	4.82488e-12	341.572	0.169491	0.154083	1.92995e-13	6.98172	19
43.6375	4.53215e-12	341.585	0.169498	0.154089	1.81286e-13	6.982	19.04
43.6392	4.25719e-12	341.599	0.169505	0.154095	1.70287e-13	6.98228	19.08
43.641	3.9989e-12	341.613	0.169512	0.154101	1.59956e-13	6.98256	19.12
43.6427	3.75629e-12	341.626	0.169518	0.154108	1.50252e-13	6.98284	19.16
43.6445	3.52839e-12	341.64	0.169525	0.154114	1.41136e-13	6.98312	19.2
43.6462	3.31433e-12	341.654	0.169532	0.15412	1.32573e-13	6.9834	19.24
43.648	3.11325e-12	341.667	0.169539	0.154126	1.2453e-13	6.98367	19.28
43.6497	2.92437e-12	341.681	0.169545	0.154132	1.16975e-13	6.98395	19.32
43.6515	2.74694e-12	341.694	0.169552	0.154138	1.09878e-13	6.98423	19.36
43.6532	2.58029e-12	341.708	0.169559	0.154145	1.03211e-13	6.98451	19.4
43.6549	2.42374e-12	341.722	0.169566	0.154151	9.69496e-14	6.98479	19.44
43.6567	2.27669e-12	341.735	0.169573	0.154157	9.10677e-14	6.98507	19.48
43.6584	2.13857e-12	341.749	0.169579	0.154163	8.55426e-14	6.98535	19.52
43.6602	2.00882e-12	341.763	0.169586	0.154169	8.03527e-14	6.98563	19.56
43.6619	1.88694e-12	341.776	0.169593	0.154175	7.54777e-14	6.98591	19.6
43.6637	1.77246e-12	341.79	0.1696	0.154182	7.08985e-14	6.98619	19.64
43.6654	1.66493e-12	341.804	0.169606	0.154188	6.65971e-14	6.98647	19.68
43.6672	1.56392e-12	341.818	0.169613	0.154194	6.25566e-14	6.98675	19.72
43.6689	1.46903e-12	341.831	0.16962	0.1542	5.87613e-14	6.98703	19.76
43.6707	1.37991e-12	341.845	0.169627	0.154206	5.51963e-14	6.98731	19.8
43.6724	1.29619e-12	341.859	0.169634	0.154212	5.18475e-14	6.98759	19.84
43.6742	1.21755e-12	341.872	0.16964	0.154219	4.87019e-14	6.98786	19.88
43.6759	1.14368e-12	341.886	0.169647	0.154225	4.57472e-14	6.98814	19.92
43.6776	1.07429e-12	341.9	0.169654	0.154231	4.29717e-14	6.98842	19.96
43.6794	1.00912e-12	341.913	0.169661	0.154237	4.03646e-14	6.9887	20
43.6811	9.47892e-13	341.927	0.169668	0.154243	3.79157e-14	6.98898	20.04
43.6829	8.90384e-13	341.941	0.169674	0.154249	3.56153e-14	6.98926	20.08
43.6846	8.36364e-13	341.954	0.169681	0.154256	3.34546e-14	6.98954	20.12
43.6864	7.85622e-13	341.968	0.169688	0.154262	3.14249e-14	6.98982	20.16
43.6881	7.37958e-13	341.982	0.169695	0.154268	2.95183e-14	6.9901	20.2
43.6899	6.93186e-13	341.995	0.169701	0.154274	2.77274e-14	6.99038	20.24
43.6916	6.51131e-13	342.009	0.169708	0.15428	2.60452e-14	6.99066	20.28
43.6934	6.11626e-13	342.023	0.169715	0.154286	2.44651e-14	6.99094	20.32
43.6951	5.74519e-13	342.036	0.169722	0.154293	2.29808e-14	6.99122	20.36
43.6969	5.39663e-13	342.05	0.169729	0.154299	2.15865e-14	6.9915	20.4
43.6986	5.06922e-13	342.064	0.169735	0.154305	2.02769e-14	6.99178	20.44
43.7004	4.76167e-13	342.077	0.169742	0.154311	1.90467e-14	6.99206	20.48
43.7021	4.47278e-13	342.091	0.169749	0.154317	1.78911e-14	6.99234	20.52
43.7039	4.20141e-13	342.105	0.169756	0.154323	1.68057e-14	6.99262	20.56
43.7056	3.94651e-13	342.118	0.169763	0.15433	1.57861e-14	6.9929	20.6
43.7074	3.70708e-13	342.132	0.169769	0.154336	1.48283e-14	6.99318	20.64
43.7091	3.48217e-13	342.146	0.169776	0.154342	1.39287e-14	6.99346	20.68
43.7109	3.27091e-13	342.159	0.169783	0.154348	1.30836e-14	6.99374	20.72
43.7126	3.07246e-13	342.173	0.16979	0.154354	1.22898e-14	6.99402	20.76
43.7143	2.88605e-13	342.187	0.169797	0.15436	1.15442e-14	6.9943	20.8
43.7161	2.71096e-13	342.2	0.169803	0.154367	1.08438e-14	6.99458	20.84
43.7178	2.54648e-13	342.214	0.16981	0.154373	1.01859e-14	6.99486	20.88
43.7196	2.39199e-13	342.228	0.169817	0.154379	9.56795e-15	6.99513	20.92
43.7213	2.24687e-13	342.242	0.169824	0.154385	8.98746e-15	6.99541	20.96
43.7231	2.11055e-13	342.255	0.16983	0.154391	8.44219e-15	6.99569	21
43.7248	1.9825e-13	342.269	0.169837	0.154398	7.93001e-15	6.99597	21.04
43.7266	1.86222e-13	342.283	0.169844	0.154404	7.44889e-15	6.99625	21.08
43.7283	1.74924e-13	342.296	0.169851	0.15441	6.99697e-15	6.99653	21.12
43.7301	1.64312e-13	342.31	0.169858	0.154416	6.57246e-15	6.99681	21.16
43.7318	1.54343e-13	342.324	0.169864	0.154422	6.17371e-15	6.99709	21.2
43.7336	1.44979e-13	342.337	0.169871	0.154428	5.79915e-15	6.99737	21.24
43.7353	1.36183e-13	342.351	0.169878	0.154435	5.44732e-15	6.99765	21.28
43.7371	1.27921e-13	342.365	0.169885	0.154441	5.11683e-15	6.99793	21.32
43.7388	1.2016e-13	342.378	0.169892	0.154447	4.80639e-15	6.99821	21.36
43.7406	1.1287e-13	342.392	0.169898	0.154453	4.51479e-15	6.99849	21.4
43.7423	1.06022e-13	342.406	0.169905	0.154459	4.24087e-15	6.99877	21.44
43.7441	9.95895e-14	342.42	0.169912	0.154465	3.98358e-15	6.99905	21.48
43.7458	9.35474e-14	342.433	0.169919	0.154472	3.7419e-15	6.99933	21.52
43.7476	8.78719e-14	342.447	0.169926	0.154478	3.51488e-15	6.99961	21.56
43.7493	8.25407e-14	342.461	0.169932	0.154484	3.30163e-15	6.99989	21.6
43.7511	7.7533e-14	342.474	0.169939	0.15449	3.10132e-15	7.00017	21.64
43.7528	7.2829e-14	342.488	0.169946	0.154496	2.91316e-15	7.00045	21.68
43.7546	6.84105e-14	342.502	0.169953	0.154503	2.73642e-15	7.00073	21.72
43.7563	6.426e-14	342.515	0.16996	0.154509	2.5704e-15	7.00101	21.76
43.7581	6.03614e-14	342.529	0.169966	0.154515	2.41445e-15	7.00129	21.8
43.7598	5.66992e-14	342.543	0.169973	0.154521	2.26797e-15	7.00157	21.84
43.7616	5.32593e-14	342.556	0.16998	0.154527	2.13037e-15	7.00185	21.88
43.7633	5.00281e-14	342.57	0.169987	0.154533	2.00112e-15	7.00213	21.92
43.7651	4.69929e-14	342.584	0.169994	0.15454	1.87971e-15	7.00241	21.96
43.7668	4.41418e-14	342.598	0.17	0.154546	1.76567e-15	7.00269	22
43.7686	4.14637e-14	342.611	0.170007	0.154552	1.65855e-15	7.00297	22.04
43.7703	3.89481e-14	342.625	0.170014	0.154558	1.55792e-15	7.00325	22.08
43.7721	3.65851e-14	342.639	0.170021	0.154564	1.4634e-15	7.00353	22.12
43.7738	3.43655e-14	342.652	0.170028	0.15457	1.37462e-15	7.00381	22.16
43.7756	3.22805e-14	342.666	0.170034	0.154577	1.29122e-15	7.00409	22.2
43.7773	3.03221e-14	342.68	0.170041	0.154583	1.21288e-15	7.00437	22.24
43.7791	2.84824e-14	342.694	0.170048	0.154589	1.1393e-15	7.00465	22.28
43.7808	2.67544e-14	342.707	0.170055	0.154595	1.07018e-15	7.00493	22.32
43.7826	2.51312e-14	342.721	0.170062	0.154601	1.00525e-15	7.00521	22.36
43.7843	2.36065e-14	342.735	0.170068	0.154608	9.4426e-16	7.00549	22.4
43.7861	2.21743e-14	342.748	0.170075	0.154614	8.86972e-16	7.00577	22.44
43.7878	2.0829e-14	342.762	0.170082	0.15462	8.3316e-16	7.00605	22.48
43.7896	1.95653e-14	342.776	0.170089	0.154626	7.82612e-16	7.00633	22.52
43.7913	1.83783e-14	342.789	0.170096	0.154632	7.35131e-16	7.00661	22.56
43.7931	1.72633e-14	342.803	0.170102	0.154639	6.9053e-16	7.00689	22.6
43.7948	1.62159e-14	342.817	0.170109	0.154645	6.48636e-16	7.00717	22.64
43.7966	1.52321e-14	342.831	0.170116	0.154651	6.09283e-16	7.00745	22.68
43.7983	1.43079e-14	342.844	0.170123	0.154657	5.72318e-16	7.00773	22.72
43.8001	1.34399e-14	342.858	0.17013	0.154663	5.37595e-16	7.00802	22.76
43.8018	1.26245e-14	342.872	0.170136	0.154669	5.04979e-16	7.0083	22.8
43.8036	1.18586e-14	342.885	0.170143	0.154676	4.74342e-16	7.00858	22.84
43.8054	1.11391e-14	342.899	0.17015	0.154682	4.45564e-16	7.00886	22.88
43.8071	1.04633e-14	342.913	0.170157	0.154688	4.18532e-16	7.00914	22.92
43.8089	9.82848e-15	342.927	0.170164	0.154694	3.93139e-16	7.00942	22.96
43.8106	9.23219e-15	342.94	0.17017	0.1547	3.69287e-16	7.0097	23
43.8124	8.67207e-15	342.954	0.170177	0.154707	3.46883e-16	7.00998	23.04
43.8141	8.14594e-15	342.968	0.170184	0.154713	3.25837e-16	7.01026	23.08
43.8159	7.65172e-15	342.981	0.170191	0.154719	3.06069e-16	7.01054	23.12
43.8176	7.18749e-15	342.995	0.170198	0.154725	2.875e-16	7.01082	23.16
43.8194	6.75143e-15	343.009	0.170204	0.154731	2.70057e-16	7.0111	23.2
43.8211	6.34182e-15	343.023	0.170211	0.154737	2.53673e-16	7.01138	23.24
43.8229	5.95706e-15	343.036	0.170218	0.154744	2.38282e-16	7.01166	23.28
43.8246	5.59564e-15	343.05	0.170225	0.15475	2.23826e-16	7.01194	23.32
43.8264	5.25616e-15	343.064	0.170232	0.154756	2.10246e-16	7.01222	23.36
43.8281	4.93726e-15	343.077	0.170238	0.154762	1.97491e-16	7.0125	23.4
43.8299	4.63772e-15	343.091	0.170245	0.154768	1.85509e-16	7.01278	23.44
43.8316	4.35635e-15	343.105	0.170252	0.154775	1.74254e-16	7.01306	23.48
43.8334	4.09205e-15	343.119	0.170259	0.154781	1.63682e-16	7.01334	23.52
43.8351	3.84379e-15	343.132	0.170266	0.154787	1.53751e-16	7.01362	23.56
43.8369	3.61058e-15	343.146	0.170273	0.154793	1.44423e-16	7.0139	23.6
43.8386	3.39153e-15	343.16	0.170279	0.154799	1.35661e-16	7.01418	23.64
43.8404	3.18576e-15	343.174	0.170286	0.154806	1.27431e-16	7.01446	23.68
43.8422	2.99248e-15	343.187	0.170293	0.154812	1.19699e-16	7.01474	23.72
43.8439	2.81093e-15	343.201	0.1703	0.154818	1.12437e-16	7.01503	23.76
43.8457	2.64039e-15	343.215	0.170307	0.154824	1.05616e-16	7.01531	23.8
43.8474	2.4802e-15	343.228	0.170313	0.15483	9.92079e-17	7.01559	23.84
43.8492	2.32972e-15	343.242	0.17032	0.154837	9.3189e-17	7.01587	23.88
43.8509	2.18838e-15	343.256	0.170327	0.154843	8.75352e-17	7.01615	23.92
43.8527	2.05561e-15	343.27	0.170334	0.154849	8.22245e-17	7.01643	23.96
43.8544	1.9309e-15	343.283	0.170341	0.154855	7.72359e-17	7.01671	24
43.8562	1.81375e-15	343.297	0.170347	0.154861	7.255e-17	7.01699	24.04
43.8579	1.70371e-15	343.311	0.170354	0.154867	6.81484e-17	7.01727	24.08
43.8597	1.60035e-15	343.325	0.170361	0.154874	6.40138e-17	7.01755	24.12
43.8614	1.50325e-15	343.338	0.170368	0.15488	6.01301e-17	7.01783	24.16
43.8632	1.41205e-15	343.352	0.170375	0.154886	5.6482e-17	7.01811	24.2
43.865	1.32638e-15	343.366	0.170381	0.154892	5.30552e-17	7.01839	24.24
43.8667	1.24591e-15	343.379	0.170388	0.154898	4.98364e-17	7.01867	24.28
43.8685	1.17032e-15	343.393	0.170395	0.154905	4.68128e-17	7.01895	24.32
43.8702	1.09932e-15	343.407	0.170402	0.154911	4.39727e-17	7.01923	24.36
43.872	1.03262e-15	343.421	0.170409	0.154917	4.13048e-17	7.01952	24.4
43.8737	9.69972e-16	343.434	0.170416	0.154923	3.87989e-17	7.0198	24.44
43.8755	9.11124e-16	343.448	0.170422	0.154929	3.6445e-17	7.02008	24.48
43.8772	8.55846e-16	343.462	0.170429	0.154936	3.42338e-17	7.02036	24.52
43.879	8.03922e-16	343.476	0.170436	0.154942	3.21569e-17	7.02064	24.56
43.8807	7.55148e-16	343.489	0.170443	0.154948	3.02059e-17	7.02092	24.6
43.8825	7.09333e-16	343.503	0.17045	0.154954	2.83733e-17	7.0212	24.64
43.8843	6.66298e-16	343.517	0.170456	0.15496	2.66519e-17	7.02148	24.68
43.886	6.25873e-16	343.531	0.170463	0.154967	2.50349e-17	7.02176	24.72
43.8878	5.87902e-16	343.544	0.17047	0.154973	2.35161e-17	7.02204	24.76
43.8895	5.52234e-16	343.558	0.170477	0.154979	2.20893e-17	7.02232	24.8
43.8913	5.1873e-16	343.572	0.170484	0.154985	2.07492e-17	7.0226	24.84
43.893	4.87258e-16	343.586	0.170491	0.154991	1.94903e-17	7.02289	24.88
43.8948	4.57696e-16	343.599	0.170497	0.154998	1.83079e-17	7.02317	24.92
43.8965	4.29928e-16	343.613	0.170504	0.155004	1.71971e-17	7.02345	24.96
43.8983	4.03844e-16	343.627	0.170511	0.15501	1.61538e-17	7.02373	25
43.9001	3.79343e-16	343.64	0.170518	0.155016	1.51737e-17	7.02401	25.04
43.9018	3.56328e-16	343.654	0.170525	0.155022	1.42531e-17	7.02429	25.08
43.9036	3.3471e-16	343.668	0.170531	0.155029	1.33884e-17	7.02457	25.12
43.9053	3.14403e-16	343.682	0.170538	0.155035	1.25761e-17	7.02485	25.16
43.9071	2.95328e-16	343.695	0.170545	0.155041	1.18131e-17	7.02513	25.2
43.9088	2.7741e-16	343.709	0.170552	0.155047	1.10964e-17	7.02541	25.24
43.9106	2.6058e-16	343.723	0.170559	0.155053	1.04232e-17	7.02569	25.28
43.9123	2.44771e-16	343.737	0.170566	0.15506	9.79082e-18	7.02598	25.32
43.9141	2.2992e-16	343.75	0.170572	0.155066	9.19681e-18	7.02626	25.36
43.9159	2.15971e-16	343.764	0.170579	0.155072	8.63884e-18	7.02654	25.4
43.9176	2.02868e-16	343.778	0.170586	0.155078	8.11472e-18	7.02682	25.44
43.9194	1.9056e-16	343.792	0.170593	0.155084	7.6224e-18	7.0271	25.48
43.9211	1.78999e-16	343.805	0.1706	0.155091	7.15995e-18	7.02738	25.52
43.9229	1.68139e-16	343.819	0.170607	0.155097	6.72556e-18	7.02766	25.56
43.9246	1.57938e-16	343.833	0.170613	0.155103	6.31752e-18	7.02794	25.6
43.9264	1.48356e-16	343.847	0.17062	0.155109	5.93423e-18	7.02822	25.64
43.9282	1.39355e-16	343.86	0.170627	0.155115	5.5742e-18	7.0285	25.68
43.9299	1.309e-16	343.874	0.170634	0.155122	5.23602e-18	7.02879	25.72
43.9317	1.22959e-16	343.888	0.170641	0.155128	4.91835e-18	7.02907	25.76
43.9334	1.15499e-16	343.902	0.170647	0.155134	4.61995e-18	7.02935	25.8
43.9352	1.08491e-16	343.915	0.170654	0.15514	4.33966e-18	7.02963	25.84
43.9369	1.01909e-16	343.929	0.170661	0.155146	4.07637e-18	7.02991	25.88
43.9387	9.57265e-17	343.943	0.170668	0.155153	3.82906e-18	7.03019	25.92
43.9405	8.99187e-17	343.957	0.170675	0.155159	3.59675e-18	7.03047	25.96
43.9422	8.44634e-17	343.97	0.170682	0.155165	3.37853e-18	7.03075	26
43.944	7.9339e-17	343.984	0.170688	0.155171	3.17356e-18	7.03103	26.04
43.9457	7.45255e-17	343.998	0.170695	0.155177	2.98102e-18	7.03132	26.08
43.9475	7.0004e-17	344.012	0.170702	0.155184	2.80016e-18	7.0316	26.12
43.9492	6.57569e-17	344.025	0.170709	0.15519	2.63027e-18	7.03188	26.16
43.951	6.17674e-17	344.039	0.170716	0.155196	2.4707e-18	7.03216	26.2
43.9528	5.802e-17	344.053	0.170723	0.155202	2.3208e-18	7.03244	26.24
43.9545	5.44999e-17	344.067	0.170729	0.155209	2.18e-18	7.03272	26.28
43.9563	5.11934e-17	344.081	0.170736	0.155215	2.04774e-18	7.033	26.32
43.958	4.80875e-17	344.094	0.170743	0.155221	1.9235e-18	7.03328	26.36
43.9598	4.517e-17	344.108	0.17075	0.155227	1.8068e-18	7.03357	26.4
43.9615	4.24295e-17	344.122	0.170757	0.155233	1.69718e-18	7.03385	26.44
43.9633	3.98553e-17	344.136	0.170764	0.15524	1.59421e-18	7.03413	26.48
43.9651	3.74373e-17	344.149	0.17077	0.155246	1.49749e-18	7.03441	26.52
43.9668	3.5166e-17	344.163	0.170777	0.155252	1.40664e-18	7.03469	26.56
43.9686	3.30325e-17	344.177	0.170784	0.155258	1.3213e-18	7.03497	26.6
43.9703	3.10284e-17	344.191	0.170791	0.155264	1.24114e-18	7.03525	26.64
43.9721	2.91459e-17	344.204	0.170798	0.155271	1.16584e-18	7.03554	26.68
43.9739	2.73776e-17	344.218	0.170804	0.155277	1.0951e-18	7.03582	26.72
43.9756	2.57166e-17	344.232	0.170811	0.155283	1.02866e-18	7.0361	26.76
43.9774	2.41564e-17	344.246	0.170818	0.155289	9.66256e-19	7.03638	26.8
43.9791	2.26908e-17	344.259	0.170825	0.155295	9.07633e-19	7.03666	26.84
43.9809	2.13142e-17	344.273	0.170832	0.155302	8.52567e-19	7.03694	26.88
43.9826	2.0021e-17	344.287	0.170839	0.155308	8.00842e-19	7.03722	26.92
43.9844	1.88064e-17	344.301	0.170845	0.155314	7.52255e-19	7.03751	26.96
43.9862	1.76654e-17	344.315	0.170852	0.15532	7.06615e-19	7.03779	27
43.9879	1.65936e-17	344.328	0.170859	0.155326	6.63745e-19	7.03807	27.04
43.9897	1.55869e-17	344.342	0.170866	0.155333	6.23475e-19	7.03835	27.08
43.9914	1.46412e-17	344.356	0.170873	0.155339	5.85649e-19	7.03863	27.12
43.9932	1.37529e-17	344.37	0.17088	0.155345	5.50118e-19	7.03891	27.16
43.995	1.29186e-17	344.383	0.170886	0.155351	5.16742e-19	7.03919	27.2
43.9967	1.21348e-17	344.397	0.170893	0.155358	4.85391e-19	7.03948	27.24
43.9985	1.13986e-17	344.411	0.1709	0.155364	4.55943e-19	7.03976	27.28
44.0002	1.0707e-17	344.425	0.170907	0.15537	4.28281e-19	7.04004	27.32
44.002	1.00574e-17	344.438	0.170914	0.155376	4.02297e-19	7.04032	27.36
44.0038	9.44724e-18	344.452	0.170921	0.155382	3.77889e-19	7.0406	27.4
44.0055	8.87407e-18	344.466	0.170927	0.155389	3.54963e-19	7.04088	27.44
44.0073	8.33568e-18	344.48	0.170934	0.155395	3.33427e-19	7.04117	27.48
44.009	7.82996e-18	344.494	0.170941	0.155401	3.13198e-19	7.04145	27.52
44.0108	7.35491e-18	344.507	0.170948	0.155407	2.94197e-19	7.04173	27.56
44.0126	6.90869e-18	344.521	0.170955	0.155413	2.76348e-19	7.04201	27.6
44.0143	6.48954e-18	344.535	0.170962	0.15542	2.59582e-19	7.04229	27.64
44.0161	6.09582e-18	344.549	0.170969	0.155426	2.43833e-19	7.04257	27.68
44.0178	5.72599e-18	344.562	0.170975	0.155432	2.29039e-19	7.04285	27.72
44.0196	5.37859e-18	344.576	0.170982	0.155438	2.15144e-19	7.04314	27.76
44.0214	5.05227e-18	344.59	0.170989	0.155445	2.02091e-19	7.04342	27.8
44.0231	4.74575e-18	344.604	0.170996	0.155451	1.8983e-19	7.0437	27.84
44.0249	4.45783e-18	344.618	0.171003	0.155457	1.78313e-19	7.04398	27.88
44.0266	4.18737e-18	344.631	0.17101	0.155463	1.67495e-19	7.04426	27.92
44.0284	3.93332e-18	344.645	0.171016	0.155469	1.57333e-19	7.04455	27.96
44.0302	3.69469e-18	344.659	0.171023	0.155476	1.47787e-19	7.04483	28
44.0319	3.47053e-18	344.673	0.17103	0.155482	1.38821e-19	7.04511	28.04
44.0337	3.25997e-18	344.687	0.171037	0.155488	1.30399e-19	7.04539	28.08
44.0355	3.06219e-18	344.7	0.171044	0.155494	1.22488e-19	7.04567	28.12
44.0372	2.87641e-18	344.714	0.171051	0.155501	1.15056e-19	7.04595	28.16
44.039	2.7019e-18	344.728	0.171057	0.155507	1.08076e-19	7.04624	28.2
44.0407	2.53797e-18	344.742	0.171064	0.155513	1.01519e-19	7.04652	28.24
44.0425	2.38399e-18	344.755	0.171071	0.155519	9.53597e-20	7.0468	28.28
44.0443	2.23936e-18	344.769	0.171078	0.155525	8.95742e-20	7.04708	28.32
44.046	2.10349e-18	344.783	0.171085	0.155532	8.41398e-20	7.04736	28.36
44.0478	1.97587e-18	344.797	0.171092	0.155538	7.9035e-20	7.04764	28.4
44.0495	1.856e-18	344.811	0.171098	0.155544	7.42399e-20	7.04793	28.44
44.0513	1.7434e-18	344.824	0.171105	0.15555	6.97358e-20	7.04821	28.48
44.0531	1.63762e-18	344.838	0.171112	0.155557	6.55049e-20	7.04849	28.52
44.0548	1.53827e-18	344.852	0.171119	0.155563	6.15307e-20	7.04877	28.56
44.0566	1.44494e-18	344.866	0.171126	0.155569	5.77977e-20	7.04905	28.6
44.0584	1.35728e-18	344.88	0.171133	0.155575	5.42911e-20	7.04934	28.64
44.0601	1.27493e-18	344.893	0.17114	0.155581	5.09972e-20	7.04962	28.68
44.0619	1.19758e-18	344.907	0.171146	0.155588	4.79032e-20	7.0499	28.72
44.0636	1.12492e-18	344.921	0.171153	0.155594	4.4997e-20	7.05018	28.76
44.0654	1.05667e-18	344.935	0.17116	0.1556	4.2267e-20	7.05046	28.8
44.0672	9.92566e-19	344.949	0.171167	0.155606	3.97026e-20	7.05075	28.84
44.0689	9.32347e-19	344.962	0.171174	0.155613	3.72939e-20	7.05103	28.88
44.0707	8.75782e-19	344.976	0.171181	0.155619	3.50313e-20	7.05131	28.92
44.0724	8.22648e-19	344.99	0.171187	0.155625	3.29059e-20	7.05159	28.96
44.0742	7.72738e-19	345.004	0.171194	0.155631	3.09095e-20	7.05187	29
44.076	7.25856e-19	345.018	0.171201	0.155637	2.90342e-20	7.05216	29.04
44.0777	6.81818e-19	345.031	0.171208	0.155644	2.72727e-20	7.05244	29.08
44.0795	6.40452e-19	345.045	0.171215	0.15565	2.56181e-20	7.05272	29.12
44.0813	6.01596e-19	345.059	0.171222	0.155656	2.40638e-20	7.053	29.16
44.083	5.65097e-19	345.073	0.171229	0.155662	2.26039e-20	7.05328	29.2
44.0848	5.30813e-19	345.087	0.171235	0.155669	2.12325e-20	7.05357	29.24
44.0866	4.98608e-19	345.1	0.171242	0.155675	1.99443e-20	7.05385	29.28
44.0883	4.68358e-19	345.114	0.171249	0.155681	1.87343e-20	7.05413	29.32
44.0901	4.39942e-19	345.128	0.171256	0.155687	1.75977e-20	7.05441	29.36
44.0918	4.13251e-19	345.142	0.171263	0.155693	1.653e-20	7.05469	29.4
44.0936	3.88179e-19	345.156	0.17127	0.1557	1.55272e-20	7.05498	29.44
44.0954	3.64628e-19	345.169	0.171276	0.155706	1.45851e-20	7.05526	29.48
44.0971	3.42506e-19	345.183	0.171283	0.155712	1.37003e-20	7.05554	29.52
44.0989	3.21726e-19	345.197	0.17129	0.155718	1.28691e-20	7.05582	29.56
44.1007	3.02207e-19	345.211	0.171297	0.155725	1.20883e-20	7.05611	29.6
44.1024	2.83872e-19	345.225	0.171304	0.155731	1.13549e-20	7.05639	29.64
44.1042	2.6665e-19	345.238	0.171311	0.155737	1.0666e-20	7.05667	29.68
44.106	2.50472e-19	345.252	0.171318	0.155743	1.00189e-20	7.05695	29.72
44.1077	2.35276e-19	345.266	0.171324	0.155749	9.41104e-21	7.05723	29.76
44.1095	2.21002e-19	345.28	0.171331	0.155756	8.84007e-21	7.05752	29.8
44.1112	2.07594e-19	345.294	0.171338	0.155762	8.30375e-21	7.0578	29.84
44.113	1.94999e-19	345.307	0.171345	0.155768	7.79996e-21	7.05808	29.88
44.1148	1.83168e-19	345.321	0.171352	0.155774	7.32673e-21	7.05836	29.92
44.1165	1.72056e-19	345.335	0.171359	0.155781	6.88222e-21	7.05865	29.96
44.1183	1.61617e-19	345.349	0.171366	0.155787	6.46468e-21	7.05893	30
44.1201	1.51812e-19	345.363	0.171372	0.155793	6.07246e-21	7.05921	30.04
44.1218	1.42601e-19	345.376	0.171379	0.155799	5.70405e-21	7.05949	30.08
44.1236	1.3395e-19	345.39	0.171386	0.155806	5.35798e-21	7.05977	30.12
44.1254	1.25823e-19	345.404	0.171393	0.155812	5.03291e-21	7.06006	30.16
44.1271	1.18189e-19	345.418	0.1714	0.155818	4.72757e-21	7.06034	30.2
44.1289	1.11019e-19	345.432	0.171407	0.155824	4.44075e-21	7.06062	30.24
44.1307	1.04283e-19	345.446	0.171414	0.15583	4.17133e-21	7.0609	30.28
44.1324	9.79563e-20	345.459	0.17142	0.155837	3.91825e-21	7.06119	30.32
44.1342	9.20133e-20	345.473	0.171427	0.155843	3.68053e-21	7.06147	30.36
44.1359	8.64308e-20	345.487	0.171434	0.155849	3.45723e-21	7.06175	30.4
44.1377	8.11871e-20	345.501	0.171441	0.155855	3.24748e-21	7.06203	30.44
44.1395	7.62614e-20	345.515	0.171448	0.155862	3.05046e-21	7.06232	30.48
44.1412	7.16347e-20	345.528	0.171455	0.155868	2.86539e-21	7.0626	30.52
44.143	6.72886e-20	345.542	0.171462	0.155874	2.69154e-21	7.06288	30.56
44.1448	6.32062e-20	345.556	0.171468	0.15588	2.52825e-21	7.06316	30.6
44.1465	5.93715e-20	345.57	0.171475	0.155887	2.37486e-21	7.06345	30.64
44.1483	5.57694e-20	345.584	0.171482	0.155893	2.23078e-21	7.06373	30.68
44.1501	5.23859e-20	345.598	0.171489	0.155899	2.09543e-21	7.06401	30.72
44.1518	4.92076e-20	345.611	0.171496	0.155905	1.9683e-21	7.06429	30.76
44.1536	4.62222e-20	345.625	0.171503	0.155912	1.84889e-21	7.06458	30.8
44.1554	4.34179e-20	345.639	0.17151	0.155918	1.73672e-21	7.06486	30.84
44.1571	4.07837e-20	345.653	0.171516	0.155924	1.63135e-21	7.06514	30.88
44.1589	3.83094e-20	345.667	0.171523	0.15593	1.53237e-21	7.06542	30.92
44.1607	3.59851e-20	345.68	0.17153	0.155936	1.43941e-21	7.06571	30.96
44.1624	3.38019e-20	345.694	0.171537	0.155943	1.35208e-21	7.06599	31
44.1642	3.17512e-20	345.708	0.171544	0.155949	1.27005e-21	7.06627	31.04
44.166	2.98248e-20	345.722	0.171551	0.155955	1.19299e-21	7.06655	31.08
44.1677	2.80153e-20	345.736	0.171558	0.155961	1.12061e-21	7.06684	31.12
44.1695	2.63157e-20	345.75	0.171564	0.155968	1.05263e-21	7.06712	31.16
44.1713	2.47191e-20	345.763	0.171571	0.155974	9.88763e-22	7.0674	31.2
44.173	2.32194e-20	345.777	0.171578	0.15598	9.28775e-22	7.06768	31.24
44.1748	2.18107e-20	345.791	0.171585	0.155986	8.72426e-22	7.06797	31.28
44.1766	2.04874e-20	345.805	0.171592	0.155993	8.19496e-22	7.06825	31.32
44.1783	1.92444e-20	345.819	0.171599	0.155999	7.69777e-22	7.06853	31.36
44.1801	1.80769e-20	345.833	0.171606	0.156005	7.23075e-22	7.06882	31.4
44.1819	1.69801e-20	345.846	0.171612	0.156011	6.79206e-22	7.0691	31.44
44.1836	1.595e-20	345.86	0.171619	0.156018	6.37998e-22	7.06938	31.48
44.1854	1.49823e-20	345.874	0.171626	0.156024	5.99291e-22	7.06966	31.52
44.1872	1.40733e-20	345.888	0.171633	0.15603	5.62932e-22	7.06995	31.56
44.1889	1.32195e-20	345.902	0.17164	0.156036	5.28779e-22	7.07023	31.6
44.1907	1.24174e-20	345.916	0.171647	0.156043	4.96698e-22	7.07051	31.64
44.1925	1.16641e-20	345.929	0.171654	0.156049	4.66563e-22	7.07079	31.68
44.1942	1.09564e-20	345.943	0.17166	0.156055	4.38257e-22	7.07108	31.72
44.196	1.02917e-20	345.957	0.171667	0.156061	4.11668e-22	7.07136	31.76
44.1978	9.6673e-21	345.971	0.171674	0.156067	3.86692e-22	7.07164	31.8
44.1995	9.08078e-21	345.985	0.171681	0.156074	3.63231e-22	7.07193	31.84
44.2013	8.52985e-21	345.999	0.171688	0.15608	3.41194e-22	7.07221	31.88
44.2031	8.01234e-21	346.012	0.171695	0.156086	3.20494e-22	7.07249	31.92
44.2048	7.52624e-21	346.026	0.171702	0.156092	3.01049e-22	7.07277	31.96
44.2066	7.06962e-21	346.04	0.171709	0.156099	2.82785e-22	7.07306	32
44.2084	6.64071e-21	346.054	0.171715	0.156105	2.65628e-22	7.07334	32.04
44.2101	6.23781e-21	346.068	0.171722	0.156111	2.49513e-22	7.07362	32.08
44.2119	5.85937e-21	346.082	0.171729	0.156117	2.34375e-22	7.07391	32.12
44.2137	5.50388e-21	346.095	0.171736	0.156124	2.20155e-22	7.07419	32.16
44.2154	5.16996e-21	346.109	0.171743	0.15613	2.06798e-22	7.07447	32.2
44.2172	4.8563e-21	346.123	0.17175	0.156136	1.94252e-22	7.07475	32.24
44.219	4.56166e-21	346.137	0.171757	0.156142	1.82467e-22	7.07504	32.28
44.2208	4.28491e-21	346.151	0.171763	0.156149	1.71396e-22	7.07532	32.32
44.2225	4.02494e-21	346.165	0.17177	0.156155	1.60998e-22	7.0756	32.36
44.2243	3.78075e-21	346.179	0.171777	0.156161	1.5123e-22	7.07589	32.4
44.2261	3.55137e-21	346.192	0.171784	0.156167	1.42055e-22	7.07617	32.44
44.2278	3.33591e-21	346.206	0.171791	0.156174	1.33436e-22	7.07645	32.48
44.2296	3.13352e-21	346.22	0.171798	0.15618	1.25341e-22	7.07674	32.52
44.2314	2.94341e-21	346.234	0.171805	0.156186	1.17736e-22	7.07702	32.56
44.2331	2.76483e-21	346.248	0.171812	0.156192	1.10593e-22	7.0773	32.6
44.2349	2.59709e-21	346.262	0.171818	0.156199	1.03884e-22	7.07758	32.64
44.2367	2.43952e-21	346.275	0.171825	0.156205	9.7581e-23	7.07787	32.68
44.2384	2.29152e-21	346.289	0.171832	0.156211	9.16607e-23	7.07815	32.72
44.2402	2.15249e-21	346.303	0.171839	0.156217	8.60997e-23	7.07843	32.76
44.242	2.0219e-21	346.317	0.171846	0.156224	8.0876e-23	7.07872	32.8
44.2437	1.89923e-21	346.331	0.171853	0.15623	7.59693e-23	7.079	32.84
44.2455	1.784e-21	346.345	0.17186	0.156236	7.13602e-23	7.07928	32.88
44.2473	1.67577e-21	346.359	0.171867	0.156242	6.70308e-23	7.07957	32.92
44.2491	1.5741e-21	346.372	0.171873	0.156249	6.2964e-23	7.07985	32.96
44.2508	1.4786e-21	346.386	0.17188	0.156255	5.9144e-23	7.08013	33
44.2526	1.38889e-21	346.4	0.171887	0.156261	5.55557e-23	7.08042	33.04
44.2544	1.30463e-21	346.414	0.171894	0.156267	5.21852e-23	7.0807	33.08
44.2561	1.22548e-21	346.428	0.171901	0.156274	4.90191e-23	7.08098	33.12
44.2579	1.15113e-21	346.442	0.171908	0.15628	4.60451e-23	7.08127	33.16
44.2597	1.08129e-21	346.456	0.171915	0.156286	4.32515e-23	7.08155	33.2
44.2614	1.01569e-21	346.469	0.171922	0.156292	4.06275e-23	7.08183	33.24
44.2632	9.54065e-22	346.483	0.171928	0.156299	3.81626e-23	7.08211	33.28
44.265	8.96182e-22	346.497	0.171935	0.156305	3.58473e-23	7.0824	33.32
44.2668	8.4181e-22	346.511	0.171942	0.156311	3.36724e-23	7.08268	33.36
44.2685	7.90738e-22	346.525	0.171949	0.156317	3.16295e-23	7.08296	33.4
44.2703	7.42764e-22	346.539	0.171956	0.156324	2.97105e-23	7.08325	33.44
44.2721	6.977e-22	346.553	0.171963	0.15633	2.7908e-23	7.08353	33.48
44.2738	6.55371e-22	346.566	0.17197	0.156336	2.62148e-23	7.08381	33.52
44.2756	6.15609e-22	346.58	0.171977	0.156342	2.46244e-23	7.0841	33.56
44.2774	5.7826e-22	346.594	0.171983	0.156349	2.31304e-23	7.08438	33.6
44.2792	5.43177e-22	346.608	0.17199	0.156355	2.17271e-23	7.08466	33.64
44.2809	5.10223e-22	346.622	0.171997	0.156361	2.04089e-23	7.08495	33.68
44.2827	4.79267e-22	346.636	0.172004	0.156367	1.91707e-23	7.08523	33.72
44.2845	4.5019e-22	346.65	0.172011	0.156374	1.80076e-23	7.08551	33.76
44.2862	4.22877e-22	346.663	0.172018	0.15638	1.69151e-23	7.0858	33.8
44.288	3.97221e-22	346.677	0.172025	0.156386	1.58889e-23	7.08608	33.84
44.2898	3.73122e-22	346.691	0.172032	0.156392	1.49249e-23	7.08636	33.88
44.2915	3.50485e-22	346.705	0.172038	0.156399	1.40194e-23	7.08665	33.92
44.2933	3.29221e-22	346.719	0.172045	0.156405	1.31688e-23	7.08693	33.96
44.2951	3.09247e-22	346.733	0.172052	0.156411	1.23699e-23	7.08721	34
44.2969	2.90485e-22	346.747	0.172059	0.156417	1.16194e-23	7.0875	34.04
44.2986	2.72861e-22	346.76	0.172066	0.156424	1.09144e-23	7.08778	34.08
44.3004	2.56307e-22	346.774	0.172073	0.15643	1.02523e-23	7.08807	34.12
44.3022	2.40756e-22	346.788	0.17208	0.156436	9.63026e-24	7.08835	34.16
44.304	2.2615e-22	346.802	0.172087	0.156442	9.04599e-24	7.08863	34.2
44.3057	2.12429e-22	346.816	0.172094	0.156449	8.49717e-24	7.08892	34.24
44.3075	1.99541e-22	346.83	0.1721	0.156455	7.98165e-24	7.0892	34.28
44.3093	1.87435e-22	346.844	0.172107	0.156461	7.4974e-24	7.08948	34.32
44.311	1.76063e-22	346.858	0.172114	0.156467	7.04253e-24	7.08977	34.36
44.3128	1.65382e-22	346.871	0.172121	0.156474	6.61526e-24	7.09005	34.4
44.3146	1.55348e-22	346.885	0.172128	0.15648	6.21391e-24	7.09033	34.44
44.3164	1.45923e-22	346.899	0.172135	0.156486	5.83692e-24	7.09062	34.48
44.3181	1.3707e-22	346.913	0.172142	0.156492	5.48279e-24	7.0909	34.52
44.3199	1.28754e-22	346.927	0.172149	0.156499	5.15015e-24	7.09118	34.56
44.3217	1.20942e-22	346.941	0.172155	0.156505	4.83769e-24	7.09147	34.6
44.3234	1.13605e-22	346.955	0.172162	0.156511	4.54419e-24	7.09175	34.64
44.3252	1.06712e-22	346.969	0.172169	0.156518	4.26849e-24	7.09203	34.68
44.327	1.00238e-22	346.982	0.172176	0.156524	4.00952e-24	7.09232	34.72
44.3288	9.41566e-23	346.996	0.172183	0.15653	3.76626e-24	7.0926	34.76
44.3305	8.84441e-23	347.01	0.17219	0.156536	3.53776e-24	7.09289	34.8
44.3323	8.30782e-23	347.024	0.172197	0.156543	3.32313e-24	7.09317	34.84
44.3341	7.80378e-23	347.038	0.172204	0.156549	3.12151e-24	7.09345	34.88
44.3359	7.33033e-23	347.052	0.172211	0.156555	2.93213e-24	7.09374	34.92
44.3376	6.8856e-23	347.066	0.172217	0.156561	2.75424e-24	7.09402	34.96
44.3394	6.46785e-23	347.08	0.172224	0.156568	2.58714e-24	7.0943	35
44.3412	6.07544e-23	347.093	0.172231	0.156574	2.43018e-24	7.09459	35.04
44.3429	5.70685e-23	347.107	0.172238	0.15658	2.28274e-24	7.09487	35.08
44.3447	5.36061e-23	347.121	0.172245	0.156586	2.14424e-24	7.09516	35.12
44.3465	5.03538e-23	347.135	0.172252	0.156593	2.01415e-24	7.09544	35.16
44.3483	4.72989e-23	347.149	0.172259	0.156599	1.89195e-24	7.09572	35.2
44.35	4.44292e-23	347.163	0.172266	0.156605	1.77717e-24	7.09601	35.24
44.3518	4.17337e-23	347.177	0.172273	0.156611	1.66935e-24	7.09629	35.28
44.3536	3.92017e-23	347.191	0.172279	0.156618	1.56807e-24	7.09657	35.32
44.3554	3.68234e-23	347.205	0.172286	0.156624	1.47293e-24	7.09686	35.36
44.3571	3.45893e-23	347.218	0.172293	0.15663	1.38357e-24	7.09714	35.4
44.3589	3.24908e-23	347.232	0.1723	0.156636	1.29963e-24	7.09743	35.44
44.3607	3.05195e-23	347.246	0.172307	0.156643	1.22078e-24	7.09771	35.48
44.3625	2.86679e-23	347.26	0.172314	0.156649	1.14672e-24	7.09799	35.52
44.3642	2.69286e-23	347.274	0.172321	0.156655	1.07715e-24	7.09828	35.56
44.366	2.52949e-23	347.288	0.172328	0.156662	1.0118e-24	7.09856	35.6
44.3678	2.37602e-23	347.302	0.172335	0.156668	9.50409e-25	7.09885	35.64
44.3696	2.23187e-23	347.316	0.172341	0.156674	8.92748e-25	7.09913	35.68
44.3713	2.09646e-23	347.33	0.172348	0.15668	8.38585e-25	7.09941	35.72
44.3731	1.96927e-23	347.343	0.172355	0.156687	7.87708e-25	7.0997	35.76
44.3749	1.84979e-23	347.357	0.172362	0.156693	7.39918e-25	7.09998	35.8
44.3767	1.73757e-23	347.371	0.172369	0.156699	6.95027e-25	7.10026	35.84
44.3784	1.63215e-23	347.385	0.172376	0.156705	6.5286e-25	7.10055	35.88
44.3802	1.53313e-23	347.399	0.172383	0.156712	6.13251e-25	7.10083	35.92
44.382	1.44011e-23	347.413	0.17239	0.156718	5.76045e-25	7.10112	35.96
44.3838	1.35274e-23	347.427	0.172397	0.156724	5.41096e-25	7.1014	36
44.3855	1.27067e-23	347.441	0.172404	0.15673	5.08268e-25	7.10168	36.04
44.3873	1.19358e-23	347.455	0.17241	0.156737	4.77431e-25	7.10197	36.08
44.3891	1.12116e-23	347.468	0.172417	0.156743	4.48465e-25	7.10225	36.12
44.3909	1.05314e-23	347.482	0.172424	0.156749	4.21257e-25	7.10254	36.16
44.3926	9.89248e-24	347.496	0.172431	0.156756	3.95699e-25	7.10282	36.2
44.3944	9.29231e-24	347.51	0.172438	0.156762	3.71692e-25	7.10311	36.24
44.3962	8.72854e-24	347.524	0.172445	0.156768	3.49142e-25	7.10339	36.28
44.398	8.19898e-24	347.538	0.172452	0.156774	3.27959e-25	7.10367	36.32
44.3997	7.70155e-24	347.552	0.172459	0.156781	3.08062e-25	7.10396	36.36
44.4015	7.2343e-24	347.566	0.172466	0.156787	2.89372e-25	7.10424	36.4
44.4033	6.79539e-24	347.58	0.172472	0.156793	2.71816e-25	7.10453	36.44
44.4051	6.38311e-24	347.594	0.172479	0.156799	2.55325e-25	7.10481	36.48
44.4068	5.99585e-24	347.607	0.172486	0.156806	2.39834e-25	7.10509	36.52
44.4086	5.63208e-24	347.621	0.172493	0.156812	2.25283e-25	7.10538	36.56
44.4104	5.29038e-24	347.635	0.1725	0.156818	2.11615e-25	7.10566	36.6
44.4122	4.96942e-24	347.649	0.172507	0.156825	1.98777e-25	7.10595	36.64
44.4139	4.66792e-24	347.663	0.172514	0.156831	1.86717e-25	7.10623	36.68
44.4157	4.38472e-24	347.677	0.172521	0.156837	1.75389e-25	7.10651	36.72
44.4175	4.1187e-24	347.691	0.172528	0.156843	1.64748e-25	7.1068	36.76
44.4193	3.86882e-24	347.705	0.172535	0.15685	1.54753e-25	7.10708	36.8
44.421	3.6341e-24	347.719	0.172541	0.156856	1.45364e-25	7.10737	36.84
44.4228	3.41361e-24	347.733	0.172548	0.156862	1.36545e-25	7.10765	36.88
44.4246	3.20651e-24	347.747	0.172555	0.156868	1.2826e-25	7.10794	36.92
44.4264	3.01197e-24	347.76	0.172562	0.156875	1.20479e-25	7.10822	36.96
44.4282	2.82923e-24	347.774	0.172569	0.156881	1.13169e-25	7.1085	37
44.4299	2.65759e-24	347.788	0.172576	0.156887	1.06303e-25	7.10879	37.04
44.4317	2.49635e-24	347.802	0.172583	0.156894	9.9854e-26	7.10907	37.08
44.4335	2.3449e-24	347.816	0.17259	0.1569	9.37958e-26	7.10936	37.12
44.4353	2.20263e-24	347.83	0.172597	0.156906	8.81052e-26	7.10964	37.16
44.437	2.069e-24	347.844	0.172604	0.156912	8.27599e-26	7.10993	37.2
44.4388	1.94347e-24	347.858	0.172611	0.156919	7.77389e-26	7.11021	37.24
44.4406	1.82556e-24	347.872	0.172617	0.156925	7.30224e-26	7.11049	37.28
44.4424	1.7148e-24	347.886	0.172624	0.156931	6.85922e-26	7.11078	37.32
44.4441	1.61077e-24	347.9	0.172631	0.156937	6.44307e-26	7.11106	37.36
44.4459	1.51304e-24	347.913	0.172638	0.156944	6.05217e-26	7.11135	37.4
44.4477	1.42125e-24	347.927	0.172645	0.15695	5.68498e-26	7.11163	37.44
44.4495	1.33502e-24	347.941	0.172652	0.156956	5.34007e-26	7.11192	37.48
44.4513	1.25402e-24	347.955	0.172659	0.156963	5.01609e-26	7.1122	37.52
44.453	1.17794e-24	347.969	0.172666	0.156969	4.71176e-26	7.11249	37.56
44.4548	1.10648e-24	347.983	0.172673	0.156975	4.4259e-26	7.11277	37.6
44.4566	1.03935e-24	347.997	0.17268	0.156981	4.15738e-26	7.11305	37.64
44.4584	9.76288e-25	348.011	0.172686	0.156988	3.90515e-26	7.11334	37.68
44.4601	9.17057e-25	348.025	0.172693	0.156994	3.66823e-26	7.11362	37.72
44.4619	8.61419e-25	348.039	0.1727	0.157	3.44568e-26	7.11391	37.76
44.4637	8.09157e-25	348.053	0.172707	0.157007	3.23663e-26	7.11419	37.8
44.4655	7.60065e-25	348.067	0.172714	0.157013	3.04026e-26	7.11448	37.84
44.4673	7.13952e-25	348.08	0.172721	0.157019	2.85581e-26	7.11476	37.88
44.469	6.70637e-25	348.094	0.172728	0.157025	2.68255e-26	7.11505	37.92
44.4708	6.29949e-25	348.108	0.172735	0.157032	2.5198e-26	7.11533	37.96
44.4726	5.9173e-25	348.122	0.172742	0.157038	2.36692e-26	7.11562	38
44.4744	5.5583e-25	348.136	0.172749	0.157044	2.22332e-26	7.1159	38.04
44.4762	5.22108e-25	348.15	0.172756	0.15705	2.08843e-26	7.11618	38.08
44.4779	4.90431e-25	348.164	0.172762	0.157057	1.96173e-26	7.11647	38.12
44.4797	4.60677e-25	348.178	0.172769	0.157063	1.84271e-26	7.11675	38.16
44.4815	4.32728e-25	348.192	0.172776	0.157069	1.73091e-26	7.11704	38.2
44.4833	4.06474e-25	348.206	0.172783	0.157076	1.6259e-26	7.11732	38.24
44.485	3.81813e-25	348.22	0.17279	0.157082	1.52725e-26	7.11761	38.28
44.4868	3.58649e-25	348.234	0.172797	0.157088	1.43459e-26	7.11789	38.32
44.4886	3.36889e-25	348.248	0.172804	0.157094	1.34756e-26	7.11818	38.36
44.4904	3.1645e-25	348.261	0.172811	0.157101	1.2658e-26	7.11846	38.4
44.4922	2.97251e-25	348.275	0.172818	0.157107	1.189e-26	7.11875	38.44
44.4939	2.79217e-25	348.289	0.172825	0.157113	1.11687e-26	7.11903	38.48
44.4957	2.62277e-25	348.303	0.172832	0.15712	1.04911e-26	7.11932	38.52
44.4975	2.46365e-25	348.317	0.172838	0.157126	9.85458e-27	7.1196	38.56
44.4993	2.31418e-25	348.331	0.172845	0.157132	9.2567e-27	7.11989	38.6
44.5011	2.17377e-25	348.345	0.172852	0.157138	8.6951e-27	7.12017	38.64
44.5028	2.04189e-25	348.359	0.172859	0.157145	8.16757e-27	7.12045	38.68
44.5046	1.91801e-25	348.373	0.172866	0.157151	7.67204e-27	7.12074	38.72
44.5064	1.80164e-25	348.387	0.172873	0.157157	7.20658e-27	7.12102	38.76
44.5082	1.69234e-25	348.401	0.17288	0.157164	6.76936e-27	7.12131	38.8
44.51	1.58966e-25	348.415	0.172887	0.15717	6.35866e-27	7.12159	38.84
44.5117	1.49322e-25	348.429	0.172894	0.157176	5.97288e-27	7.12188	38.88
44.5135	1.40263e-25	348.443	0.172901	0.157182	5.6105e-27	7.12216	38.92
44.5153	1.31753e-25	348.456	0.172908	0.157189	5.27011e-27	7.12245	38.96
44.5171	1.23759e-25	348.47	0.172915	0.157195	4.95038e-27	7.12273	39
44.5189	1.16251e-25	348.484	0.172921	0.157201	4.65004e-27	7.12302	39.04
44.5206	1.09198e-25	348.498	0.172928	0.157208	4.36792e-27	7.1233	39.08
44.5224	1.02573e-25	348.512	0.172935	0.157214	4.10292e-27	7.12359	39.12
44.5242	9.63498e-26	348.526	0.172942	0.15722	3.85399e-27	7.12387	39.16
44.526	9.05043e-26	348.54	0.172949	0.157226	3.62017e-27	7.12416	39.2
44.5278	8.50134e-26	348.554	0.172956	0.157233	3.40054e-27	7.12444	39.24
44.5295	7.98556e-26	348.568	0.172963	0.157239	3.19422e-27	7.12473	39.28
44.5313	7.50108e-26	348.582	0.17297	0.157245	3.00043e-27	7.12501	39.32
44.5331	7.04599e-26	348.596	0.172977	0.157252	2.8184e-27	7.1253	39.36
44.5349	6.61851e-26	348.61	0.172984	0.157258	2.6474e-27	7.12558	39.4
44.5367	6.21696e-26	348.624	0.172991	0.157264	2.48679e-27	7.12587	39.44
44.5385	5.83978e-26	348.638	0.172998	0.15727	2.33591e-27	7.12615	39.48
44.5402	5.48548e-26	348.652	0.173004	0.157277	2.19419e-27	7.12644	39.52
44.542	5.15268e-26	348.666	0.173011	0.157283	2.06107e-27	7.12672	39.56
44.5438	4.84006e-26	348.68	0.173018	0.157289	1.93603e-27	7.12701	39.6
44.5456	4.54642e-26	348.693	0.173025	0.157296	1.81857e-27	7.12729	39.64
44.5474	4.27058e-26	348.707	0.173032	0.157302	1.70823e-27	7.12758	39.68
44.5491	4.01149e-26	348.721	0.173039	0.157308	1.6046e-27	7.12786	39.72
44.5509	3.76811e-26	348.735	0.173046	0.157314	1.50724e-27	7.12815	39.76
44.5527	3.5395e-26	348.749	0.173053	0.157321	1.4158e-27	7.12843	39.8
44.5545	3.32476e-26	348.763	0.17306	0.157327	1.3299e-27	7.12872	39.84
44.5563	3.12305e-26	348.777	0.173067	0.157333	1.24922e-27	7.129	39.88
44.558	2.93357e-26	348.791	0.173074	0.15734	1.17343e-27	7.12929	39.92
44.5598	2.75559e-26	348.805	0.173081	0.157346	1.10224e-27	7.12957	39.96
