S	I	R	e	d	dI	f	t
380	20	0	0.176	0.16	0.8	121.6	0
271.649	21.0697	106.494	0.175654	0.159685	0.84279	86.9276	0.04
195.999	21.3962	180.977	0.175284	0.159349	0.855847	62.7198	0.08
143.264	21.1646	233.102	0.174913	0.159012	0.846585	45.8444	0.12
106.528	20.5545	269.624	0.174551	0.158682	0.822179	34.0889	0.16
80.9486	19.7073	295.256	0.174201	0.158365	0.788292	25.9035	0.2
63.142	18.7265	313.285	0.173868	0.158062	0.74906	20.2055	0.24
50.749	17.6836	326.005	0.173553	0.157775	0.707346	16.2397	0.28
42.1258	16.6263	335.012	0.173256	0.157505	0.665052	13.4803	0.32
36.1281	15.5848	341.419	0.172978	0.157253	0.623393	11.561	0.36
31.9592	14.5778	346.005	0.172718	0.157017	0.583111	10.227	0.4
29.0645	13.6158	349.311	0.172476	0.156796	0.544634	9.30063	0.44
27.0574	12.7045	351.716	0.17225	0.156591	0.508179	8.65838	0.48
25.669	11.8458	353.486	0.17204	0.1564	0.473832	8.21409	0.52
24.7116	11.0398	354.805	0.171845	0.156223	0.441593	7.90772	0.56
24.0544	10.2853	355.804	0.171663	0.156057	0.411412	7.69742	0.6
23.6062	9.5802	356.574	0.171495	0.155904	0.383208	7.55399	0.64
23.3034	8.9221	357.179	0.171338	0.155762	0.356884	7.45709	0.68
23.1015	8.30839	357.664	0.171192	0.15563	0.332336	7.39249	0.72
22.9696	7.73641	358.061	0.171058	0.155507	0.309456	7.35028	0.76
22.8861	7.20352	358.393	0.170932	0.155393	0.288141	7.32354	0.8
22.8358	6.7072	358.676	0.170816	0.155287	0.268288	7.30746	0.84
22.8083	6.24501	358.921	0.170709	0.15519	0.2498	7.29866	0.88
22.7962	5.81465	359.136	0.170609	0.155099	0.232586	7.2948	0.92
22.7945	5.41397	359.329	0.170516	0.155015	0.216559	7.29425	0.96
22.7997	5.04092	359.502	0.170431	0.154937	0.201637	7.29589	1
22.8091	4.69361	359.66	0.170352	0.154865	0.187745	7.29893	1.04
22.8213	4.37027	359.805	0.170278	0.154799	0.174811	7.30282	1.08
22.835	4.06925	359.938	0.170211	0.154737	0.16277	7.3072	1.12
22.8494	3.78899	360.061	0.170148	0.15468	0.15156	7.31182	1.16
22.8641	3.52808	360.176	0.17009	0.154627	0.141123	7.31651	1.2
22.8786	3.28515	360.283	0.170037	0.154579	0.131406	7.32115	1.24
22.8927	3.05899	360.383	0.169987	0.154534	0.122359	7.32567	1.28
22.9064	2.84842	360.477	0.169942	0.154493	0.113937	7.33003	1.32
22.9194	2.65236	360.565	0.1699	0.154455	0.106094	7.3342	1.36
22.9318	2.46982	360.648	0.169862	0.15442	0.0987927	7.33817	1.4
22.9435	2.29986	360.726	0.169826	0.154388	0.0919942	7.34193	1.44
22.9547	2.1416	360.799	0.169794	0.154358	0.0856642	7.34549	1.48
22.9651	1.99425	360.868	0.169764	0.154331	0.0797702	7.34885	1.52
22.975	1.85705	360.934	0.169737	0.154306	0.0742822	7.35201	1.56
22.9843	1.7293	360.995	0.169712	0.154284	0.0691721	7.35498	1.6
22.9931	1.61035	361.054	0.169689	0.154263	0.0644139	7.35778	1.64
23.0013	1.49958	361.11	0.169669	0.154244	0.0599833	7.36042	1.68
23.0091	1.39644	361.162	0.16965	0.154227	0.0558577	7.3629	1.72
23.0163	1.3004	361.212	0.169633	0.154212	0.0520161	7.36523	1.76
23.0232	1.21097	361.26	0.169617	0.154198	0.0484389	7.36742	1.8
23.0297	1.1277	361.305	0.169603	0.154185	0.0451078	7.36949	1.84
23.0357	1.05015	361.348	0.169591	0.154174	0.042006	7.37144	1.88
23.0415	0.97794	361.389	0.16958	0.154163	0.0391176	7.37327	1.92
23.0469	0.910698	361.429	0.16957	0.154154	0.0364279	7.375	1.96
23.052	0.848082	361.466	0.169561	0.154147	0.0339233	7.37663	2
23.0568	0.789773	361.502	0.169553	0.15414	0.0315909	7.37817	2.04
23.0613	0.735474	361.537	0.169547	0.154133	0.029419	7.37962	2.08
23.0656	0.684911	361.57	0.169541	0.154128	0.0273964	7.381	2.12
23.0697	0.637825	361.602	0.169536	0.154124	0.025513	7.3823	2.16
23.0735	0.593977	361.632	0.169532	0.15412	0.0237591	7.38353	2.2
23.0772	0.553144	361.662	0.169529	0.154117	0.0221258	7.3847	2.24
23.0807	0.51512	361.691	0.169526	0.154115	0.0206048	7.38581	2.28
23.0839	0.47971	361.718	0.169524	0.154113	0.0191884	7.38686	2.32
23.0871	0.446735	361.745	0.169523	0.154111	0.0178694	7.38786	2.36
23.0901	0.416027	361.771	0.169522	0.154111	0.0166411	7.38882	2.4
23.0929	0.38743	361.796	0.169521	0.15411	0.0154972	7.38972	2.44
23.0956	0.3608	361.82	0.169522	0.154111	0.014432	7.39059	2.48
23.0982	0.336	361.844	0.169522	0.154111	0.01344	7.39142	2.52
23.1006	0.312905	361.867	0.169523	0.154112	0.0125162	7.39221	2.56
23.103	0.291398	361.889	0.169525	0.154113	0.0116559	7.39296	2.6
23.1053	0.27137	361.911	0.169526	0.154115	0.0108548	7.39369	2.64
23.1074	0.252718	361.932	0.169529	0.154117	0.0101087	7.39438	2.68
23.1095	0.235348	361.953	0.169531	0.154119	0.00941394	7.39505	2.72
23.1115	0.219173	361.973	0.169534	0.154122	0.00876692	7.39569	2.76
23.1135	0.204109	361.994	0.169537	0.154124	0.00816437	7.39631	2.8
23.1153	0.190081	362.013	0.16954	0.154127	0.00760324	7.39691	2.84
23.1171	0.177017	362.032	0.169544	0.154131	0.00708068	7.39748	2.88
23.1189	0.164851	362.051	0.169547	0.154134	0.00659404	7.39804	2.92
23.1206	0.153521	362.07	0.169551	0.154138	0.00614084	7.39858	2.96
23.1222	0.14297	362.089	0.169556	0.154141	0.0057188	7.3991	3
23.1238	0.133144	362.107	0.16956	0.154145	0.00532577	7.39961	3.04
23.1253	0.123994	362.124	0.169564	0.15415	0.00495974	7.4001	3.08
23.1268	0.115472	362.142	0.169569	0.154154	0.00461888	7.40058	3.12
23.1283	0.107536	362.16	0.169574	0.154158	0.00430145	7.40104	3.16
23.1297	0.100146	362.177	0.169579	0.154163	0.00400583	7.4015	3.2
23.1311	0.0932631	362.194	0.169584	0.154167	0.00373053	7.40194	3.24
23.1324	0.0868536	362.211	0.169589	0.154172	0.00347415	7.40238	3.28
23.1337	0.0808847	362.227	0.169594	0.154177	0.00323539	7.4028	3.32
23.135	0.0753259	362.244	0.1696	0.154182	0.00301304	7.40321	3.36
23.1363	0.0701492	362.26	0.169605	0.154187	0.00280597	7.40362	3.4
23.1376	0.0653283	362.276	0.169611	0.154192	0.00261313	7.40402	3.44
23.1388	0.0608387	362.293	0.169617	0.154197	0.00243355	7.40441	3.48
23.14	0.0566576	362.309	0.169622	0.154202	0.0022663	7.4048	3.52
23.1412	0.0527639	362.325	0.169628	0.154207	0.00211056	7.40518	3.56
23.1424	0.0491378	362.34	0.169634	0.154213	0.00196551	7.40555	3.6
23.1435	0.0457609	362.356	0.16964	0.154218	0.00183044	7.40592	3.64
23.1446	0.0426161	362.372	0.169646	0.154224	0.00170464	7.40629	3.68
23.1458	0.0396874	362.387	0.169652	0.154229	0.00158749	7.40664	3.72
23.1469	0.0369599	362.403	0.169658	0.154235	0.0014784	7.407	3.76
23.148	0.0344199	362.418	0.169664	0.15424	0.0013768	7.40735	3.8
23.1491	0.0320545	362.434	0.169671	0.154246	0.00128218	7.4077	3.84
23.1501	0.0298516	362.449	0.169677	0.154252	0.00119407	7.40804	3.88
23.1512	0.0278002	362.464	0.169683	0.154257	0.00111201	7.40838	3.92
23.1522	0.0258897	362.479	0.169689	0.154263	0.00103559	7.40872	3.96
23.1533	0.0241105	362.495	0.169696	0.154269	0.000964419	7.40905	4
23.1543	0.0224536	362.51	0.169702	0.154275	0.000898142	7.40938	4.04
23.1554	0.0209105	362.525	0.169708	0.15428	0.00083642	7.40971	4.08
23.1564	0.0194735	362.54	0.169715	0.154286	0.000778939	7.41004	4.12
23.1574	0.0181352	362.555	0.169721	0.154292	0.000725409	7.41037	4.16
23.1584	0.0168889	362.57	0.169728	0.154298	0.000675558	7.41069	4.2
23.1594	0.0157283	362.585	0.169734	0.154304	0.000629132	7.41101	4.24
23.1604	0.0146474	362.6	0.169741	0.15431	0.000585897	7.41133	4.28
23.1614	0.0136408	362.614	0.169747	0.154316	0.000545633	7.41165	4.32
23.1624	0.0127034	362.629	0.169754	0.154322	0.000508136	7.41196	4.36
23.1634	0.0118304	362.644	0.169761	0.154328	0.000473216	7.41228	4.4
23.1644	0.0110174	362.659	0.169767	0.154334	0.000440696	7.41259	4.44
23.1653	0.0102603	362.674	0.169774	0.15434	0.00041041	7.41291	4.48
23.1663	0.00955516	362.688	0.16978	0.154346	0.000382206	7.41322	4.52
23.1673	0.00889851	362.703	0.169787	0.154352	0.000355941	7.41353	4.56
23.1682	0.00828699	362.718	0.169794	0.154358	0.00033148	7.41384	4.6
23.1692	0.0077175	362.733	0.1698	0.154364	0.0003087	7.41415	4.64
23.1702	0.00718714	362.747	0.169807	0.15437	0.000287486	7.41445	4.68
23.1711	0.00669323	362.762	0.169814	0.154376	0.000267729	7.41476	4.72
23.1721	0.00623326	362.777	0.16982	0.154382	0.00024933	7.41507	4.76
23.173	0.0058049	362.791	0.169827	0.154388	0.000232196	7.41537	4.8
23.174	0.00540598	362.806	0.169834	0.154394	0.000216239	7.41568	4.84
23.1749	0.00503447	362.821	0.16984	0.1544	0.000201379	7.41598	4.88
23.1759	0.0046885	362.835	0.169847	0.154406	0.00018754	7.41629	4.92
23.1768	0.0043663	362.85	0.169854	0.154412	0.000174652	7.41659	4.96
23.1778	0.00406624	362.865	0.16986	0.154419	0.000162649	7.41689	5
23.1787	0.0037868	362.879	0.169867	0.154425	0.000151472	7.4172	5.04
23.1797	0.00352657	362.894	0.169874	0.154431	0.000141063	7.4175	5.08
23.1806	0.00328421	362.908	0.169881	0.154437	0.000131369	7.4178	5.12
23.1816	0.00305852	362.923	0.169887	0.154443	0.000122341	7.4181	5.16
23.1825	0.00284833	362.938	0.169894	0.154449	0.000113933	7.4184	5.2
23.1834	0.00265259	362.952	0.169901	0.154455	0.000106104	7.4187	5.24
23.1844	0.0024703	362.967	0.169908	0.154461	9.88121e-05	7.419	5.28
23.1853	0.00230054	362.981	0.169914	0.154468	9.20216e-05	7.4193	5.32
23.1863	0.00214244	362.996	0.169921	0.154474	8.56977e-05	7.4196	5.36
23.1872	0.00199521	363.011	0.169928	0.15448	7.98085e-05	7.4199	5.4
23.1881	0.0018581	363.025	0.169935	0.154486	7.43239e-05	7.4202	5.44
23.1891	0.00173041	363.04	0.169941	0.154492	6.92163e-05	7.4205	5.48
23.19	0.00161149	363.054	0.169948	0.154498	6.44596e-05	7.4208	5.52
23.1909	0.00150075	363.069	0.169955	0.154504	6.00299e-05	7.4211	5.56
23.1919	0.00139761	363.083	0.169962	0.154511	5.59046e-05	7.4214	5.6
23.1928	0.00130157	363.098	0.169968	0.154517	5.20627e-05	7.4217	5.64
23.1937	0.00121212	363.112	0.169975	0.154523	4.84849e-05	7.422	5.68
23.1947	0.00112882	363.127	0.169982	0.154529	4.5153e-05	7.4223	5.72
23.1956	0.00105125	363.142	0.169989	0.154535	4.205e-05	7.4226	5.76
23.1965	0.000979006	363.156	0.169996	0.154541	3.91603e-05	7.42289	5.8
23.1975	0.000911728	363.171	0.170002	0.154548	3.64691e-05	7.42319	5.84
23.1984	0.000849073	363.185	0.170009	0.154554	3.39629e-05	7.42349	5.88
23.1993	0.000790723	363.2	0.170016	0.15456	3.16289e-05	7.42379	5.92
23.2003	0.000736384	363.214	0.170023	0.154566	2.94554e-05	7.42409	5.96
23.2012	0.000685779	363.229	0.17003	0.154572	2.74311e-05	7.42439	6
23.2021	0.000638651	363.243	0.170036	0.154578	2.5546e-05	7.42468	6.04
23.2031	0.000594762	363.258	0.170043	0.154585	2.37905e-05	7.42498	6.08
23.204	0.000553889	363.272	0.17005	0.154591	2.21556e-05	7.42528	6.12
23.2049	0.000515825	363.287	0.170057	0.154597	2.0633e-05	7.42558	6.16
23.2059	0.000480377	363.302	0.170063	0.154603	1.92151e-05	7.42587	6.2
23.2068	0.000447365	363.316	0.17007	0.154609	1.78946e-05	7.42617	6.24
23.2077	0.000416621	363.331	0.170077	0.154616	1.66649e-05	7.42647	6.28
23.2086	0.000387991	363.345	0.170084	0.154622	1.55196e-05	7.42677	6.32
23.2096	0.000361327	363.36	0.170091	0.154628	1.44531e-05	7.42707	6.36
23.2105	0.000336497	363.374	0.170097	0.154634	1.34599e-05	7.42736	6.4
23.2114	0.000313372	363.389	0.170104	0.15464	1.25349e-05	7.42766	6.44
23.2124	0.000291837	363.403	0.170111	0.154646	1.16735e-05	7.42796	6.48
23.2133	0.000271781	363.418	0.170118	0.154653	1.08713e-05	7.42826	6.52
23.2142	0.000253104	363.432	0.170125	0.154659	1.01242e-05	7.42855	6.56
23.2152	0.000235711	363.447	0.170131	0.154665	9.42842e-06	7.42885	6.6
23.2161	0.000219512	363.462	0.170138	0.154671	8.78049e-06	7.42915	6.64
23.217	0.000204427	363.476	0.170145	0.154677	8.17708e-06	7.42945	6.68
23.2179	0.000190379	363.491	0.170152	0.154683	7.61514e-06	7.42974	6.72
23.2189	0.000177296	363.505	0.170159	0.15469	7.09182e-06	7.43004	6.76
23.2198	0.000165112	363.52	0.170165	0.154696	6.60446e-06	7.43034	6.8
23.2207	0.000153765	363.534	0.170172	0.154702	6.15059e-06	7.43063	6.84
23.2217	0.000143198	363.549	0.170179	0.154708	5.72792e-06	7.43093	6.88
23.2226	0.000133357	363.563	0.170186	0.154714	5.33429e-06	7.43123	6.92
23.2235	0.000124193	363.578	0.170193	0.154721	4.96771e-06	7.43153	6.96
23.2245	0.000115658	363.592	0.170199	0.154727	4.62632e-06	7.43182	7
23.2254	0.00010771	363.607	0.170206	0.154733	4.30839e-06	7.43212	7.04
23.2263	0.000100308	363.621	0.170213	0.154739	4.01232e-06	7.43242	7.08
23.2272	9.34146e-05	363.636	0.17022	0.154745	3.73658e-06	7.43272	7.12
23.2282	8.6995e-05	363.651	0.170227	0.154752	3.4798e-06	7.43301	7.16
23.2291	8.10166e-05	363.665	0.170233	0.154758	3.24067e-06	7.43331	7.2
23.23	7.54491e-05	363.68	0.17024	0.154764	3.01796e-06	7.43361	7.24
23.231	7.02641e-05	363.694	0.170247	0.15477	2.81056e-06	7.43391	7.28
23.2319	6.54355e-05	363.709	0.170254	0.154776	2.61742e-06	7.4342	7.32
23.2328	6.09387e-05	363.723	0.170261	0.154782	2.43755e-06	7.4345	7.36
23.2337	5.67509e-05	363.738	0.170268	0.154789	2.27004e-06	7.4348	7.4
23.2347	5.28509e-05	363.752	0.170274	0.154795	2.11404e-06	7.4351	7.44
23.2356	4.92189e-05	363.767	0.170281	0.154801	1.96876e-06	7.43539	7.48
23.2365	4.58365e-05	363.782	0.170288	0.154807	1.83346e-06	7.43569	7.52
23.2375	4.26866e-05	363.796	0.170295	0.154813	1.70746e-06	7.43599	7.56
23.2384	3.97531e-05	363.811	0.170302	0.15482	1.59012e-06	7.43629	7.6
23.2393	3.70212e-05	363.825	0.170308	0.154826	1.48085e-06	7.43658	7.64
23.2403	3.44771e-05	363.84	0.170315	0.154832	1.37908e-06	7.43688	7.68
23.2412	3.21078e-05	363.854	0.170322	0.154838	1.28431e-06	7.43718	7.72
23.2421	2.99013e-05	363.869	0.170329	0.154844	1.19605e-06	7.43748	7.76
23.243	2.78464e-05	363.883	0.170336	0.154851	1.11386e-06	7.43777	7.8
23.244	2.59328e-05	363.898	0.170342	0.154857	1.03731e-06	7.43807	7.84
23.2449	2.41506e-05	363.912	0.170349	0.154863	9.66026e-07	7.43837	7.88
23.2458	2.2491e-05	363.927	0.170356	0.154869	8.99639e-07	7.43867	7.92
23.2468	2.09454e-05	363.942	0.170363	0.154875	8.37815e-07	7.43896	7.96
23.2477	1.9506e-05	363.956	0.17037	0.154882	7.80239e-07	7.43926	8
23.2486	1.81655e-05	363.971	0.170377	0.154888	7.2662e-07	7.43956	8.04
23.2495	1.69172e-05	363.985	0.170383	0.154894	6.76686e-07	7.43986	8.08
23.2505	1.57546e-05	364	0.17039	0.1549	6.30183e-07	7.44015	8.12
23.2514	1.46719e-05	364.014	0.170397	0.154906	5.86876e-07	7.44045	8.16
23.2523	1.36636e-05	364.029	0.170404	0.154913	5.46545e-07	7.44075	8.2
23.2533	1.27247e-05	364.043	0.170411	0.154919	5.08986e-07	7.44105	8.24
23.2542	1.18502e-05	364.058	0.170417	0.154925	4.74008e-07	7.44134	8.28
23.2551	1.10358e-05	364.073	0.170424	0.154931	4.41434e-07	7.44164	8.32
23.2561	1.02774e-05	364.087	0.170431	0.154937	4.11098e-07	7.44194	8.36
23.257	9.57116e-06	364.102	0.170438	0.154943	3.82846e-07	7.44224	8.4
23.2579	8.91342e-06	364.116	0.170445	0.15495	3.56537e-07	7.44253	8.44
23.2588	8.30088e-06	364.131	0.170451	0.154956	3.32035e-07	7.44283	8.48
23.2598	7.73043e-06	364.145	0.170458	0.154962	3.09217e-07	7.44313	8.52
23.2607	7.19919e-06	364.16	0.170465	0.154968	2.87967e-07	7.44343	8.56
23.2616	6.70445e-06	364.175	0.170472	0.154974	2.68178e-07	7.44372	8.6
23.2626	6.24371e-06	364.189	0.170479	0.154981	2.49748e-07	7.44402	8.64
23.2635	5.81464e-06	364.204	0.170486	0.154987	2.32585e-07	7.44432	8.68
23.2644	5.41505e-06	364.218	0.170492	0.154993	2.16602e-07	7.44462	8.72
23.2654	5.04292e-06	364.233	0.170499	0.154999	2.01717e-07	7.44492	8.76
23.2663	4.69636e-06	364.247	0.170506	0.155005	1.87854e-07	7.44521	8.8
23.2672	4.37362e-06	364.262	0.170513	0.155012	1.74945e-07	7.44551	8.84
23.2682	4.07306e-06	364.277	0.17052	0.155018	1.62922e-07	7.44581	8.88
23.2691	3.79315e-06	364.291	0.170526	0.155024	1.51726e-07	7.44611	8.92
23.27	3.53248e-06	364.306	0.170533	0.15503	1.41299e-07	7.4464	8.96
23.2709	3.28973e-06	364.32	0.17054	0.155036	1.31589e-07	7.4467	9
23.2719	3.06365e-06	364.335	0.170547	0.155043	1.22546e-07	7.447	9.04
23.2728	2.85312e-06	364.349	0.170554	0.155049	1.14125e-07	7.4473	9.08
23.2737	2.65705e-06	364.364	0.170561	0.155055	1.06282e-07	7.4476	9.12
23.2747	2.47445e-06	364.379	0.170567	0.155061	9.8978e-08	7.44789	9.16
23.2756	2.3044e-06	364.393	0.170574	0.155067	9.21761e-08	7.44819	9.2
23.2765	2.14604e-06	364.408	0.170581	0.155074	8.58416e-08	7.44849	9.24
23.2775	1.99856e-06	364.422	0.170588	0.15508	7.99425e-08	7.44879	9.28
23.2784	1.86122e-06	364.437	0.170595	0.155086	7.44487e-08	7.44909	9.32
23.2793	1.73331e-06	364.451	0.170602	0.155092	6.93325e-08	7.44938	9.36
23.2803	1.6142e-06	364.466	0.170608	0.155098	6.45679e-08	7.44968	9.4
23.2812	1.50327e-06	364.481	0.170615	0.155105	6.01307e-08	7.44998	9.44
23.2821	1.39996e-06	364.495	0.170622	0.155111	5.59985e-08	7.45028	9.48
23.283	1.30375e-06	364.51	0.170629	0.155117	5.21502e-08	7.45058	9.52
23.284	1.21416e-06	364.524	0.170636	0.155123	4.85664e-08	7.45087	9.56
23.2849	1.13072e-06	364.539	0.170642	0.155129	4.52288e-08	7.45117	9.6
23.2858	1.05302e-06	364.553	0.170649	0.155136	4.21206e-08	7.45147	9.64
23.2868	9.80651e-07	364.568	0.170656	0.155142	3.9226e-08	7.45177	9.68
23.2877	9.1326e-07	364.583	0.170663	0.155148	3.65304e-08	7.45207	9.72
23.2886	8.50499e-07	364.597	0.17067	0.155154	3.402e-08	7.45236	9.76
23.2896	7.92052e-07	364.612	0.170677	0.155161	3.16821e-08	7.45266	9.8
23.2905	7.37621e-07	364.626	0.170683	0.155167	2.95048e-08	7.45296	9.84
23.2914	6.86931e-07	364.641	0.17069	0.155173	2.74772e-08	7.45326	9.88
23.2924	6.39724e-07	364.655	0.170697	0.155179	2.5589e-08	7.45356	9.92
23.2933	5.95761e-07	364.67	0.170704	0.155185	2.38305e-08	7.45385	9.96
23.2942	5.5482e-07	364.685	0.170711	0.155192	2.21928e-08	7.45415	10
23.2952	5.16692e-07	364.699	0.170718	0.155198	2.06677e-08	7.45445	10.04
23.2961	4.81184e-07	364.714	0.170724	0.155204	1.92474e-08	7.45475	10.08
23.297	4.48117e-07	364.728	0.170731	0.15521	1.79247e-08	7.45505	10.12
23.298	4.17321e-07	364.743	0.170738	0.155216	1.66929e-08	7.45534	10.16
23.2989	3.88643e-07	364.758	0.170745	0.155223	1.55457e-08	7.45564	10.2
23.2998	3.61935e-07	364.772	0.170752	0.155229	1.44774e-08	7.45594	10.24
23.3007	3.37062e-07	364.787	0.170759	0.155235	1.34825e-08	7.45624	10.28
23.3017	3.13899e-07	364.801	0.170765	0.155241	1.25559e-08	7.45654	10.32
23.3026	2.92327e-07	364.816	0.170772	0.155247	1.16931e-08	7.45684	10.36
23.3035	2.72238e-07	364.831	0.170779	0.155254	1.08895e-08	7.45713	10.4
23.3045	2.5353e-07	364.845	0.170786	0.15526	1.01412e-08	7.45743	10.44
23.3054	2.36107e-07	364.86	0.170793	0.155266	9.44427e-09	7.45773	10.48
23.3063	2.19881e-07	364.874	0.170799	0.155272	8.79524e-09	7.45803	10.52
23.3073	2.04771e-07	364.889	0.170806	0.155278	8.19082e-09	7.45833	10.56
23.3082	1.90698e-07	364.903	0.170813	0.155285	7.62794e-09	7.45862	10.6
23.3091	1.77593e-07	364.918	0.17082	0.155291	7.10374e-09	7.45892	10.64
23.3101	1.65389e-07	364.933	0.170827	0.155297	6.61556e-09	7.45922	10.68
23.311	1.54023e-07	364.947	0.170834	0.155303	6.16093e-09	7.45952	10.72
23.3119	1.43439e-07	364.962	0.17084	0.15531	5.73754e-09	7.45982	10.76
23.3129	1.33581e-07	364.976	0.170847	0.155316	5.34325e-09	7.46012	10.8
23.3138	1.24401e-07	364.991	0.170854	0.155322	4.97606e-09	7.46041	10.84
23.3147	1.15852e-07	365.006	0.170861	0.155328	4.6341e-09	7.46071	10.88
23.3157	1.07891e-07	365.02	0.170868	0.155334	4.31563e-09	7.46101	10.92
23.3166	1.00476e-07	365.035	0.170875	0.155341	4.01906e-09	7.46131	10.96
23.3175	9.35716e-08	365.049	0.170881	0.155347	3.74286e-09	7.46161	11
23.3185	8.71412e-08	365.064	0.170888	0.155353	3.48565e-09	7.46191	11.04
23.3194	8.11528e-08	365.079	0.170895	0.155359	3.24611e-09	7.4622	11.08
23.3203	7.55759e-08	365.093	0.170902	0.155365	3.02303e-09	7.4625	11.12
23.3213	7.03822e-08	365.108	0.170909	0.155372	2.81529e-09	7.4628	11.16
23.3222	6.55454e-08	365.122	0.170916	0.155378	2.62182e-09	7.4631	11.2
23.3231	6.10411e-08	365.137	0.170922	0.155384	2.44164e-09	7.4634	11.24
23.3241	5.68463e-08	365.152	0.170929	0.15539	2.27385e-09	7.4637	11.28
23.325	5.29397e-08	365.166	0.170936	0.155397	2.11759e-09	7.464	11.32
23.3259	4.93016e-08	365.181	0.170943	0.155403	1.97206e-09	7.46429	11.36
23.3269	4.59136e-08	365.195	0.17095	0.155409	1.83654e-09	7.46459	11.4
23.3278	4.27583e-08	365.21	0.170957	0.155415	1.71033e-09	7.46489	11.44
23.3287	3.98199e-08	365.225	0.170963	0.155421	1.5928e-09	7.46519	11.48
23.3297	3.70834e-08	365.239	0.17097	0.155428	1.48334e-09	7.46549	11.52
23.3306	3.4535e-08	365.254	0.170977	0.155434	1.3814e-09	7.46579	11.56
23.3315	3.21617e-08	365.269	0.170984	0.15544	1.28647e-09	7.46609	11.6
23.3325	2.99515e-08	365.283	0.170991	0.155446	1.19806e-09	7.46638	11.64
23.3334	2.78932e-08	365.298	0.170998	0.155452	1.11573e-09	7.46668	11.68
23.3343	2.59764e-08	365.312	0.171005	0.155459	1.03905e-09	7.46698	11.72
23.3352	2.41912e-08	365.327	0.171011	0.155465	9.67649e-10	7.46728	11.76
23.3362	2.25288e-08	365.342	0.171018	0.155471	9.01151e-10	7.46758	11.8
23.3371	2.09806e-08	365.356	0.171025	0.155477	8.39223e-10	7.46788	11.84
23.338	1.95388e-08	365.371	0.171032	0.155484	7.81551e-10	7.46818	11.88
23.339	1.8196e-08	365.385	0.171039	0.15549	7.27841e-10	7.46847	11.92
23.3399	1.69456e-08	365.4	0.171046	0.155496	6.77823e-10	7.46877	11.96
23.3409	1.57811e-08	365.415	0.171052	0.155502	6.31242e-10	7.46907	12
23.3418	1.46966e-08	365.429	0.171059	0.155508	5.87863e-10	7.46937	12.04
23.3427	1.36866e-08	365.444	0.171066	0.155515	5.47464e-10	7.46967	12.08
23.3437	1.2746e-08	365.458	0.171073	0.155521	5.09842e-10	7.46997	12.12
23.3446	1.18701e-08	365.473	0.17108	0.155527	4.74805e-10	7.47027	12.16
23.3455	1.10544e-08	365.488	0.171087	0.155533	4.42175e-10	7.47057	12.2
23.3465	1.02947e-08	365.502	0.171093	0.15554	4.11789e-10	7.47086	12.24
23.3474	9.58725e-09	365.517	0.1711	0.155546	3.8349e-10	7.47116	12.28
23.3483	8.9284e-09	365.532	0.171107	0.155552	3.57136e-10	7.47146	12.32
23.3493	8.31483e-09	365.546	0.171114	0.155558	3.32593e-10	7.47176	12.36
23.3502	7.74342e-09	365.561	0.171121	0.155564	3.09737e-10	7.47206	12.4
23.3511	7.21129e-09	365.575	0.171128	0.155571	2.88451e-10	7.47236	12.44
23.3521	6.71572e-09	365.59	0.171135	0.155577	2.68629e-10	7.47266	12.48
23.353	6.2542e-09	365.605	0.171141	0.155583	2.50168e-10	7.47296	12.52
23.3539	5.82441e-09	365.619	0.171148	0.155589	2.32976e-10	7.47326	12.56
23.3549	5.42415e-09	365.634	0.171155	0.155595	2.16966e-10	7.47355	12.6
23.3558	5.05139e-09	365.649	0.171162	0.155602	2.02056e-10	7.47385	12.64
23.3567	4.70425e-09	365.663	0.171169	0.155608	1.8817e-10	7.47415	12.68
23.3577	4.38097e-09	365.678	0.171176	0.155614	1.75239e-10	7.47445	12.72
23.3586	4.07991e-09	365.692	0.171182	0.15562	1.63196e-10	7.47475	12.76
23.3595	3.79953e-09	365.707	0.171189	0.155627	1.51981e-10	7.47505	12.8
23.3605	3.53842e-09	365.722	0.171196	0.155633	1.41537e-10	7.47535	12.84
23.3614	3.29526e-09	365.736	0.171203	0.155639	1.3181e-10	7.47565	12.88
23.3623	3.0688e-09	365.751	0.17121	0.155645	1.22752e-10	7.47595	12.92
23.3633	2.85791e-09	365.766	0.171217	0.155652	1.14316e-10	7.47624	12.96
23.3642	2.66151e-09	365.78	0.171224	0.155658	1.0646e-10	7.47654	13
23.3651	2.47861e-09	365.795	0.17123	0.155664	9.91443e-11	7.47684	13.04
23.3661	2.30828e-09	365.809	0.171237	0.15567	9.2331e-11	7.47714	13.08
23.367	2.14965e-09	365.824	0.171244	0.155676	8.59859e-11	7.47744	13.12
23.3679	2.00192e-09	365.839	0.171251	0.155683	8.00768e-11	7.47774	13.16
23.3689	1.86435e-09	365.853	0.171258	0.155689	7.45739e-11	7.47804	13.2
23.3698	1.73623e-09	365.868	0.171265	0.155695	6.94491e-11	7.47834	13.24
23.3707	1.61691e-09	365.883	0.171271	0.155701	6.46764e-11	7.47864	13.28
23.3717	1.50579e-09	365.897	0.171278	0.155708	6.02318e-11	7.47894	13.32
23.3726	1.40231e-09	365.912	0.171285	0.155714	5.60926e-11	7.47923	13.36
23.3735	1.30595e-09	365.926	0.171292	0.15572	5.22378e-11	7.47953	13.4
23.3745	1.2162e-09	365.941	0.171299	0.155726	4.8648e-11	7.47983	13.44
23.3754	1.13262e-09	365.956	0.171306	0.155732	4.53048e-11	7.48013	13.48
23.3763	1.05479e-09	365.97	0.171313	0.155739	4.21914e-11	7.48043	13.52
23.3773	9.82299e-10	365.985	0.171319	0.155745	3.9292e-11	7.48073	13.56
23.3782	9.14794e-10	366	0.171326	0.155751	3.65918e-11	7.48103	13.6
23.3792	8.51929e-10	366.014	0.171333	0.155757	3.40771e-11	7.48133	13.64
23.3801	7.93383e-10	366.029	0.17134	0.155764	3.17353e-11	7.48163	13.68
23.381	7.38861e-10	366.044	0.171347	0.15577	2.95544e-11	7.48193	13.72
23.382	6.88085e-10	366.058	0.171354	0.155776	2.75234e-11	7.48223	13.76
23.3829	6.40799e-10	366.073	0.171361	0.155782	2.5632e-11	7.48253	13.8
23.3838	5.96763e-10	366.087	0.171367	0.155789	2.38705e-11	7.48283	13.84
23.3848	5.55752e-10	366.102	0.171374	0.155795	2.22301e-11	7.48312	13.88
23.3857	5.1756e-10	366.117	0.171381	0.155801	2.07024e-11	7.48342	13.92
23.3866	4.81993e-10	366.131	0.171388	0.155807	1.92797e-11	7.48372	13.96
23.3876	4.4887e-10	366.146	0.171395	0.155813	1.79548e-11	7.48402	14
23.3885	4.18023e-10	366.161	0.171402	0.15582	1.67209e-11	7.48432	14.04
23.3894	3.89296e-10	366.175	0.171408	0.155826	1.55718e-11	7.48462	14.08
23.3904	3.62543e-10	366.19	0.171415	0.155832	1.45017e-11	7.48492	14.12
23.3913	3.37628e-10	366.205	0.171422	0.155838	1.35051e-11	7.48522	14.16
23.3922	3.14426e-10	366.219	0.171429	0.155845	1.2577e-11	7.48552	14.2
23.3932	2.92818e-10	366.234	0.171436	0.155851	1.17127e-11	7.48582	14.24
23.3941	2.72696e-10	366.249	0.171443	0.155857	1.09078e-11	7.48612	14.28
23.3951	2.53956e-10	366.263	0.17145	0.155863	1.01582e-11	7.48642	14.32
23.396	2.36503e-10	366.278	0.171456	0.15587	9.46014e-12	7.48672	14.36
23.3969	2.20251e-10	366.293	0.171463	0.155876	8.81002e-12	7.48702	14.4
23.3979	2.05115e-10	366.307	0.17147	0.155882	8.20459e-12	7.48732	14.44
23.3988	1.91019e-10	366.322	0.171477	0.155888	7.64076e-12	7.48761	14.48
23.3997	1.77892e-10	366.336	0.171484	0.155894	7.11568e-12	7.48791	14.52
23.4007	1.65667e-10	366.351	0.171491	0.155901	6.62668e-12	7.48821	14.56
23.4016	1.54282e-10	366.366	0.171498	0.155907	6.17128e-12	7.48851	14.6
23.4025	1.4368e-10	366.38	0.171504	0.155913	5.74719e-12	7.48881	14.64
23.4035	1.33806e-10	366.395	0.171511	0.155919	5.35223e-12	7.48911	14.68
23.4044	1.2461e-10	366.41	0.171518	0.155926	4.98442e-12	7.48941	14.72
23.4053	1.16047e-10	366.424	0.171525	0.155932	4.64188e-12	7.48971	14.76
23.4063	1.08072e-10	366.439	0.171532	0.155938	4.32289e-12	7.49001	14.8
23.4072	1.00645e-10	366.454	0.171539	0.155944	4.02581e-12	7.49031	14.84
23.4082	9.37289e-11	366.468	0.171546	0.155951	3.74915e-12	7.49061	14.88
23.4091	8.72877e-11	366.483	0.171553	0.155957	3.49151e-12	7.49091	14.92
23.41	8.12892e-11	366.498	0.171559	0.155963	3.25157e-12	7.49121	14.96
23.411	7.57029e-11	366.512	0.171566	0.155969	3.02812e-12	7.49151	15
23.4119	7.05005e-11	366.527	0.171573	0.155976	2.82002e-12	7.49181	15.04
23.4128	6.56556e-11	366.542	0.17158	0.155982	2.62622e-12	7.49211	15.08
23.4138	6.11437e-11	366.556	0.171587	0.155988	2.44575e-12	7.49241	15.12
23.4147	5.69418e-11	366.571	0.171594	0.155994	2.27767e-12	7.49271	15.16
23.4156	5.30287e-11	366.586	0.171601	0.156	2.12115e-12	7.49301	15.2
23.4166	4.93845e-11	366.6	0.171607	0.156007	1.97538e-12	7.49331	15.24
23.4175	4.59907e-11	366.615	0.171614	0.156013	1.83963e-12	7.49361	15.28
23.4185	4.28302e-11	366.63	0.171621	0.156019	1.71321e-12	7.49391	15.32
23.4194	3.98868e-11	366.644	0.171628	0.156025	1.59547e-12	7.49421	15.36
23.4203	3.71458e-11	366.659	0.171635	0.156032	1.48583e-12	7.49451	15.4
23.4213	3.45931e-11	366.674	0.171642	0.156038	1.38372e-12	7.49481	15.44
23.4222	3.22158e-11	366.688	0.171649	0.156044	1.28863e-12	7.4951	15.48
23.4231	3.00019e-11	366.703	0.171655	0.15605	1.20007e-12	7.4954	15.52
23.4241	2.79401e-11	366.718	0.171662	0.156057	1.1176e-12	7.4957	15.56
23.425	2.602e-11	366.732	0.171669	0.156063	1.0408e-12	7.496	15.6
23.4259	2.42319e-11	366.747	0.171676	0.156069	9.69276e-13	7.4963	15.64
23.4269	2.25666e-11	366.762	0.171683	0.156075	9.02666e-13	7.4966	15.68
23.4278	2.10158e-11	366.776	0.17169	0.156082	8.40633e-13	7.4969	15.72
23.4288	1.95716e-11	366.791	0.171697	0.156088	7.82864e-13	7.4972	15.76
23.4297	1.82266e-11	366.806	0.171704	0.156094	7.29065e-13	7.4975	15.8
23.4306	1.69741e-11	366.82	0.17171	0.1561	6.78962e-13	7.4978	15.84
23.4316	1.58076e-11	366.835	0.171717	0.156107	6.32303e-13	7.4981	15.88
23.4325	1.47213e-11	366.85	0.171724	0.156113	5.88851e-13	7.4984	15.92
23.4334	1.37096e-11	366.864	0.171731	0.156119	5.48384e-13	7.4987	15.96
23.4344	1.27675e-11	366.879	0.171738	0.156125	5.10698e-13	7.499	16
23.4353	1.18901e-11	366.894	0.171745	0.156132	4.75602e-13	7.4993	16.04
23.4363	1.1073e-11	366.908	0.171752	0.156138	4.42918e-13	7.4996	16.08
23.4372	1.0312e-11	366.923	0.171758	0.156144	4.12481e-13	7.4999	16.12
23.4381	9.60336e-12	366.938	0.171765	0.15615	3.84134e-13	7.5002	16.16
23.4391	8.9434e-12	366.952	0.171772	0.156157	3.57736e-13	7.5005	16.2
23.44	8.3288e-12	366.967	0.171779	0.156163	3.33152e-13	7.5008	16.24
23.4409	7.75644e-12	366.982	0.171786	0.156169	3.10257e-13	7.5011	16.28
23.4419	7.2234e-12	366.996	0.171793	0.156175	2.88936e-13	7.5014	16.32
23.4428	6.727e-12	367.011	0.1718	0.156182	2.6908e-13	7.5017	16.36
23.4438	6.26471e-12	367.026	0.171807	0.156188	2.50589e-13	7.502	16.4
23.4447	5.8342e-12	367.04	0.171813	0.156194	2.33368e-13	7.5023	16.44
23.4456	5.43326e-12	367.055	0.17182	0.1562	2.1733e-13	7.5026	16.48
23.4466	5.05988e-12	367.07	0.171827	0.156207	2.02395e-13	7.5029	16.52
23.4475	4.71216e-12	367.084	0.171834	0.156213	1.88486e-13	7.5032	16.56
23.4484	4.38833e-12	367.099	0.171841	0.156219	1.75533e-13	7.5035	16.6
23.4494	4.08676e-12	367.114	0.171848	0.156225	1.6347e-13	7.5038	16.64
23.4503	3.80591e-12	367.128	0.171855	0.156232	1.52237e-13	7.5041	16.68
23.4513	3.54437e-12	367.143	0.171862	0.156238	1.41775e-13	7.5044	16.72
23.4522	3.30079e-12	367.158	0.171868	0.156244	1.32032e-13	7.5047	16.76
23.4531	3.07396e-12	367.172	0.171875	0.15625	1.22958e-13	7.505	16.8
23.4541	2.86271e-12	367.187	0.171882	0.156257	1.14509e-13	7.5053	16.84
23.455	2.66598e-12	367.202	0.171889	0.156263	1.06639e-13	7.5056	16.88
23.4559	2.48277e-12	367.217	0.171896	0.156269	9.9311e-14	7.5059	16.92
23.4569	2.31215e-12	367.231	0.171903	0.156275	9.24862e-14	7.5062	16.96
23.4578	2.15326e-12	367.246	0.17191	0.156281	8.61304e-14	7.5065	17
23.4588	2.00529e-12	367.261	0.171917	0.156288	8.02114e-14	7.5068	17.04
23.4597	1.86748e-12	367.275	0.171923	0.156294	7.46992e-14	7.5071	17.08
23.4606	1.73914e-12	367.29	0.17193	0.1563	6.95658e-14	7.5074	17.12
23.4616	1.61963e-12	367.305	0.171937	0.156307	6.47851e-14	7.5077	17.16
23.4625	1.50833e-12	367.319	0.171944	0.156313	6.0333e-14	7.50801	17.2
23.4635	1.40467e-12	367.334	0.171951	0.156319	5.61868e-14	7.50831	17.24
23.4644	1.30814e-12	367.349	0.171958	0.156325	5.23256e-14	7.50861	17.28
23.4653	1.21824e-12	367.363	0.171965	0.156332	4.87297e-14	7.50891	17.32
23.4663	1.13452e-12	367.378	0.171972	0.156338	4.5381e-14	7.50921	17.36
23.4672	1.05656e-12	367.393	0.171978	0.156344	4.22623e-14	7.50951	17.4
23.4681	9.8395e-13	367.408	0.171985	0.15635	3.9358e-14	7.50981	17.44
23.4691	9.16332e-13	367.422	0.171992	0.156357	3.66533e-14	7.51011	17.48
23.47	8.5336e-13	367.437	0.171999	0.156363	3.41344e-14	7.51041	17.52
23.471	7.94716e-13	367.452	0.172006	0.156369	3.17886e-14	7.51071	17.56
23.4719	7.40102e-13	367.466	0.172013	0.156375	2.96041e-14	7.51101	17.6
23.4728	6.89242e-13	367.481	0.17202	0.156382	2.75697e-14	7.51131	17.64
23.4738	6.41876e-13	367.496	0.172027	0.156388	2.5675e-14	7.51161	17.68
23.4747	5.97765e-13	367.51	0.172033	0.156394	2.39106e-14	7.51191	17.72
23.4757	5.56686e-13	367.525	0.17204	0.1564	2.22675e-14	7.51221	17.76
23.4766	5.1843e-13	367.54	0.172047	0.156407	2.07372e-14	7.51251	17.8
23.4775	4.82803e-13	367.554	0.172054	0.156413	1.93121e-14	7.51281	17.84
23.4785	4.49624e-13	367.569	0.172061	0.156419	1.7985e-14	7.51311	17.88
23.4794	4.18725e-13	367.584	0.172068	0.156425	1.6749e-14	7.51341	17.92
23.4804	3.8995e-13	367.599	0.172075	0.156432	1.5598e-14	7.51371	17.96
23.4813	3.63152e-13	367.613	0.172082	0.156438	1.45261e-14	7.51401	18
23.4822	3.38196e-13	367.628	0.172088	0.156444	1.35278e-14	7.51431	18.04
23.4832	3.14955e-13	367.643	0.172095	0.15645	1.25982e-14	7.51461	18.08
23.4841	2.93311e-13	367.657	0.172102	0.156457	1.17324e-14	7.51491	18.12
23.485	2.73154e-13	367.672	0.172109	0.156463	1.09262e-14	7.51521	18.16
23.486	2.54382e-13	367.687	0.172116	0.156469	1.01753e-14	7.51552	18.2
23.4869	2.36901e-13	367.702	0.172123	0.156475	9.47604e-15	7.51582	18.24
23.4879	2.20621e-13	367.716	0.17213	0.156482	8.82483e-15	7.51612	18.28
23.4888	2.05459e-13	367.731	0.172137	0.156488	8.21838e-15	7.51642	18.32
23.4897	1.9134e-13	367.746	0.172144	0.156494	7.6536e-15	7.51672	18.36
23.4907	1.78191e-13	367.76	0.17215	0.1565	7.12763e-15	7.51702	18.4
23.4916	1.65945e-13	367.775	0.172157	0.156507	6.63781e-15	7.51732	18.44
23.4926	1.54541e-13	367.79	0.172164	0.156513	6.18166e-15	7.51762	18.48
23.4935	1.43921e-13	367.804	0.172171	0.156519	5.75684e-15	7.51792	18.52
23.4944	1.34031e-13	367.819	0.172178	0.156525	5.36123e-15	7.51822	18.56
23.4954	1.2482e-13	367.834	0.172185	0.156532	4.9928e-15	7.51852	18.6
23.4963	1.16242e-13	367.849	0.172192	0.156538	4.64968e-15	7.51882	18.64
23.4973	1.08254e-13	367.863	0.172199	0.156544	4.33015e-15	7.51912	18.68
23.4982	1.00814e-13	367.878	0.172206	0.15655	4.03258e-15	7.51942	18.72
23.4991	9.38864e-14	367.893	0.172212	0.156557	3.75546e-15	7.51972	18.76
23.5001	8.74344e-14	367.907	0.172219	0.156563	3.49738e-15	7.52003	18.8
23.501	8.14258e-14	367.922	0.172226	0.156569	3.25703e-15	7.52033	18.84
23.502	7.58301e-14	367.937	0.172233	0.156576	3.0332e-15	7.52063	18.88
23.5029	7.0619e-14	367.952	0.17224	0.156582	2.82476e-15	7.52093	18.92
23.5038	6.57659e-14	367.966	0.172247	0.156588	2.63064e-15	7.52123	18.96
23.5048	6.12464e-14	367.981	0.172254	0.156594	2.44986e-15	7.52153	19
23.5057	5.70375e-14	367.996	0.172261	0.156601	2.2815e-15	7.52183	19.04
23.5067	5.31178e-14	368.01	0.172268	0.156607	2.12471e-15	7.52213	19.08
23.5076	4.94675e-14	368.025	0.172274	0.156613	1.9787e-15	7.52243	19.12
23.5085	4.6068e-14	368.04	0.172281	0.156619	1.84272e-15	7.52273	19.16
23.5095	4.29022e-14	368.055	0.172288	0.156626	1.71609e-15	7.52303	19.2
23.5104	3.99539e-14	368.069	0.172295	0.156632	1.59815e-15	7.52333	19.24
23.5114	3.72082e-14	368.084	0.172302	0.156638	1.48833e-15	7.52364	19.28
23.5123	3.46512e-14	368.099	0.172309	0.156644	1.38605e-15	7.52394	19.32
23.5132	3.22699e-14	368.113	0.172316	0.156651	1.2908e-15	7.52424	19.36
23.5142	3.00523e-14	368.128	0.172323	0.156657	1.20209e-15	7.52454	19.4
23.5151	2.79871e-14	368.143	0.17233	0.156663	1.11948e-15	7.52484	19.44
23.5161	2.60637e-14	368.158	0.172336	0.156669	1.04255e-15	7.52514	19.48
23.517	2.42726e-14	368.172	0.172343	0.156676	9.70905e-16	7.52544	19.52
23.5179	2.26046e-14	368.187	0.17235	0.156682	9.04183e-16	7.52574	19.56
23.5189	2.10512e-14	368.202	0.172357	0.156688	8.42046e-16	7.52604	19.6
23.5198	1.96045e-14	368.217	0.172364	0.156695	7.8418e-16	7.52634	19.64
23.5208	1.82572e-14	368.231	0.172371	0.156701	7.3029e-16	7.52664	19.68
23.5217	1.70026e-14	368.246	0.172378	0.156707	6.80103e-16	7.52695	19.72
23.5226	1.58341e-14	368.261	0.172385	0.156713	6.33366e-16	7.52725	19.76
23.5236	1.4746e-14	368.275	0.172392	0.15672	5.8984e-16	7.52755	19.8
23.5245	1.37326e-14	368.29	0.172398	0.156726	5.49306e-16	7.52785	19.84
23.5255	1.27889e-14	368.305	0.172405	0.156732	5.11557e-16	7.52815	19.88
23.5264	1.191e-14	368.32	0.172412	0.156738	4.76402e-16	7.52845	19.92
23.5273	1.10916e-14	368.334	0.172419	0.156745	4.43663e-16	7.52875	19.96
23.5283	1.03293e-14	368.349	0.172426	0.156751	4.13174e-16	7.52905	20
23.5292	9.6195e-15	368.364	0.172433	0.156757	3.8478e-16	7.52935	20.04
23.5302	8.95843e-15	368.379	0.17244	0.156763	3.58337e-16	7.52966	20.08
23.5311	8.3428e-15	368.393	0.172447	0.15677	3.33712e-16	7.52996	20.12
23.5321	7.76947e-15	368.408	0.172454	0.156776	3.10779e-16	7.53026	20.16
23.533	7.23554e-15	368.423	0.172461	0.156782	2.89422e-16	7.53056	20.2
23.5339	6.73831e-15	368.438	0.172467	0.156789	2.69532e-16	7.53086	20.24
23.5349	6.27524e-15	368.452	0.172474	0.156795	2.5101e-16	7.53116	20.28
23.5358	5.844e-15	368.467	0.172481	0.156801	2.3376e-16	7.53146	20.32
23.5368	5.44239e-15	368.482	0.172488	0.156807	2.17696e-16	7.53176	20.36
23.5377	5.06838e-15	368.496	0.172495	0.156814	2.02735e-16	7.53206	20.4
23.5386	4.72008e-15	368.511	0.172502	0.15682	1.88803e-16	7.53237	20.44
23.5396	4.39571e-15	368.526	0.172509	0.156826	1.75828e-16	7.53267	20.48
23.5405	4.09363e-15	368.541	0.172516	0.156832	1.63745e-16	7.53297	20.52
23.5415	3.81231e-15	368.555	0.172523	0.156839	1.52492e-16	7.53327	20.56
23.5424	3.55032e-15	368.57	0.17253	0.156845	1.42013e-16	7.53357	20.6
23.5434	3.30634e-15	368.585	0.172536	0.156851	1.32254e-16	7.53387	20.64
23.5443	3.07913e-15	368.6	0.172543	0.156858	1.23165e-16	7.53417	20.68
23.5452	2.86752e-15	368.614	0.17255	0.156864	1.14701e-16	7.53447	20.72
23.5462	2.67046e-15	368.629	0.172557	0.15687	1.06819e-16	7.53478	20.76
23.5471	2.48695e-15	368.644	0.172564	0.156876	9.94779e-17	7.53508	20.8
23.5481	2.31604e-15	368.659	0.172571	0.156883	9.26416e-17	7.53538	20.84
23.549	2.15688e-15	368.673	0.172578	0.156889	8.62752e-17	7.53568	20.88
23.5499	2.00866e-15	368.688	0.172585	0.156895	8.03462e-17	7.53598	20.92
23.5509	1.87062e-15	368.703	0.172592	0.156901	7.48247e-17	7.53628	20.96
23.5518	1.74207e-15	368.718	0.172599	0.156908	6.96827e-17	7.53658	21
23.5528	1.62235e-15	368.732	0.172605	0.156914	6.4894e-17	7.53689	21.04
23.5537	1.51086e-15	368.747	0.172612	0.15692	6.04344e-17	7.53719	21.08
23.5547	1.40703e-15	368.762	0.172619	0.156927	5.62813e-17	7.53749	21.12
23.5556	1.31034e-15	368.777	0.172626	0.156933	5.24135e-17	7.53779	21.16
23.5565	1.22029e-15	368.791	0.172633	0.156939	4.88116e-17	7.53809	21.2
23.5575	1.13643e-15	368.806	0.17264	0.156945	4.54572e-17	7.53839	21.24
23.5584	1.05833e-15	368.821	0.172647	0.156952	4.23333e-17	7.53869	21.28
23.5594	9.85604e-16	368.836	0.172654	0.156958	3.94241e-17	7.539	21.32
23.5603	9.17872e-16	368.85	0.172661	0.156964	3.67149e-17	7.5393	21.36
23.5612	8.54794e-16	368.865	0.172668	0.156971	3.41918e-17	7.5396	21.4
23.5622	7.96052e-16	368.88	0.172674	0.156977	3.18421e-17	7.5399	21.44
23.5631	7.41346e-16	368.895	0.172681	0.156983	2.96538e-17	7.5402	21.48
23.5641	6.904e-16	368.909	0.172688	0.156989	2.7616e-17	7.5405	21.52
23.565	6.42955e-16	368.924	0.172695	0.156996	2.57182e-17	7.54081	21.56
23.566	5.9877e-16	368.939	0.172702	0.157002	2.39508e-17	7.54111	21.6
23.5669	5.57622e-16	368.954	0.172709	0.157008	2.23049e-17	7.54141	21.64
23.5678	5.19301e-16	368.968	0.172716	0.157014	2.07721e-17	7.54171	21.68
23.5688	4.83614e-16	368.983	0.172723	0.157021	1.93446e-17	7.54201	21.72
23.5697	4.5038e-16	368.998	0.17273	0.157027	1.80152e-17	7.54231	21.76
23.5707	4.19429e-16	369.013	0.172737	0.157033	1.67772e-17	7.54261	21.8
23.5716	3.90605e-16	369.027	0.172744	0.15704	1.56242e-17	7.54292	21.84
23.5726	3.63762e-16	369.042	0.17275	0.157046	1.45505e-17	7.54322	21.88
23.5735	3.38764e-16	369.057	0.172757	0.157052	1.35506e-17	7.54352	21.92
23.5744	3.15484e-16	369.072	0.172764	0.157058	1.26194e-17	7.54382	21.96
23.5754	2.93803e-16	369.086	0.172771	0.157065	1.17521e-17	7.54412	22
23.5763	2.73613e-16	369.101	0.172778	0.157071	1.09445e-17	7.54443	22.04
23.5773	2.5481e-16	369.116	0.172785	0.157077	1.01924e-17	7.54473	22.08
23.5782	2.37299e-16	369.131	0.172792	0.157084	9.49196e-18	7.54503	22.12
23.5792	2.20992e-16	369.145	0.172799	0.15709	8.83966e-18	7.54533	22.16
23.5801	2.05805e-16	369.16	0.172806	0.157096	8.23219e-18	7.54563	22.2
23.581	1.91662e-16	369.175	0.172813	0.157102	7.66646e-18	7.54593	22.24
23.582	1.7849e-16	369.19	0.17282	0.157109	7.13961e-18	7.54624	22.28
23.5829	1.66224e-16	369.205	0.172826	0.157115	6.64897e-18	7.54654	22.32
23.5839	1.54801e-16	369.219	0.172833	0.157121	6.19204e-18	7.54684	22.36
23.5848	1.44163e-16	369.234	0.17284	0.157128	5.76652e-18	7.54714	22.4
23.5858	1.34256e-16	369.249	0.172847	0.157134	5.37024e-18	7.54744	22.44
23.5867	1.2503e-16	369.264	0.172854	0.15714	5.00119e-18	7.54774	22.48
23.5876	1.16437e-16	369.278	0.172861	0.157146	4.6575e-18	7.54805	22.52
23.5886	1.08436e-16	369.293	0.172868	0.157153	4.33743e-18	7.54835	22.56
23.5895	1.00984e-16	369.308	0.172875	0.157159	4.03936e-18	7.54865	22.6
23.5905	9.40442e-17	369.323	0.172882	0.157165	3.76177e-18	7.54895	22.64
23.5914	8.75813e-17	369.337	0.172889	0.157172	3.50325e-18	7.54925	22.68
23.5924	8.15626e-17	369.352	0.172896	0.157178	3.26251e-18	7.54956	22.72
23.5933	7.59575e-17	369.367	0.172903	0.157184	3.0383e-18	7.54986	22.76
23.5942	7.07376e-17	369.382	0.172909	0.15719	2.82951e-18	7.55016	22.8
23.5952	6.58765e-17	369.397	0.172916	0.157197	2.63506e-18	7.55046	22.84
23.5961	6.13493e-17	369.411	0.172923	0.157203	2.45397e-18	7.55076	22.88
23.5971	5.71333e-17	369.426	0.17293	0.157209	2.28533e-18	7.55107	22.92
23.598	5.32071e-17	369.441	0.172937	0.157216	2.12828e-18	7.55137	22.96
23.599	4.95506e-17	369.456	0.172944	0.157222	1.98202e-18	7.55167	23
23.5999	4.61454e-17	369.47	0.172951	0.157228	1.84582e-18	7.55197	23.04
23.6009	4.29743e-17	369.485	0.172958	0.157234	1.71897e-18	7.55227	23.08
23.6018	4.0021e-17	369.5	0.172965	0.157241	1.60084e-18	7.55258	23.12
23.6027	3.72707e-17	369.515	0.172972	0.157247	1.49083e-18	7.55288	23.16
23.6037	3.47094e-17	369.529	0.172979	0.157253	1.38838e-18	7.55318	23.2
23.6046	3.23241e-17	369.544	0.172986	0.15726	1.29297e-18	7.55348	23.24
23.6056	3.01028e-17	369.559	0.172992	0.157266	1.20411e-18	7.55378	23.28
23.6065	2.80341e-17	369.574	0.172999	0.157272	1.12136e-18	7.55409	23.32
23.6075	2.61076e-17	369.589	0.173006	0.157278	1.0443e-18	7.55439	23.36
23.6084	2.43134e-17	369.603	0.173013	0.157285	9.72536e-19	7.55469	23.4
23.6094	2.26426e-17	369.618	0.17302	0.157291	9.05702e-19	7.55499	23.44
23.6103	2.10865e-17	369.633	0.173027	0.157297	8.43461e-19	7.55529	23.48
23.6112	1.96374e-17	369.648	0.173034	0.157304	7.85498e-19	7.5556	23.52
23.6122	1.82879e-17	369.663	0.173041	0.15731	7.31517e-19	7.5559	23.56
23.6131	1.70312e-17	369.677	0.173048	0.157316	6.81246e-19	7.5562	23.6
23.6141	1.58608e-17	369.692	0.173055	0.157322	6.3443e-19	7.5565	23.64
23.615	1.47708e-17	369.707	0.173062	0.157329	5.90831e-19	7.55681	23.68
23.616	1.37557e-17	369.722	0.173069	0.157335	5.50229e-19	7.55711	23.72
23.6169	1.28104e-17	369.736	0.173075	0.157341	5.12416e-19	7.55741	23.76
23.6179	1.19301e-17	369.751	0.173082	0.157348	4.77202e-19	7.55771	23.8
23.6188	1.11102e-17	369.766	0.173089	0.157354	4.44408e-19	7.55801	23.84
23.6197	1.03467e-17	369.781	0.173096	0.15736	4.13868e-19	7.55832	23.88
23.6207	9.63566e-18	369.796	0.173103	0.157367	3.85427e-19	7.55862	23.92
23.6216	8.97349e-18	369.81	0.17311	0.157373	3.5894e-19	7.55892	23.96
23.6226	8.35682e-18	369.825	0.173117	0.157379	3.34273e-19	7.55922	24
23.6235	7.78253e-18	369.84	0.173124	0.157385	3.11301e-19	7.55953	24.04
23.6245	7.2477e-18	369.855	0.173131	0.157392	2.89908e-19	7.55983	24.08
23.6254	6.74963e-18	369.87	0.173138	0.157398	2.69985e-19	7.56013	24.12
23.6264	6.28579e-18	369.884	0.173145	0.157404	2.51432e-19	7.56043	24.16
23.6273	5.85382e-18	369.899	0.173152	0.157411	2.34153e-19	7.56074	24.2
23.6282	5.45154e-18	369.914	0.173159	0.157417	2.18062e-19	7.56104	24.24
23.6292	5.0769e-18	369.929	0.173165	0.157423	2.03076e-19	7.56134	24.28
23.6301	4.72801e-18	369.944	0.173172	0.157429	1.8912e-19	7.56164	24.32
23.6311	4.4031e-18	369.958	0.173179	0.157436	1.76124e-19	7.56195	24.36
23.632	4.10051e-18	369.973	0.173186	0.157442	1.6402e-19	7.56225	24.4
23.633	3.81872e-18	369.988	0.173193	0.157448	1.52749e-19	7.56255	24.44
23.6339	3.55629e-18	370.003	0.1732	0.157455	1.42252e-19	7.56285	24.48
23.6349	3.3119e-18	370.018	0.173207	0.157461	1.32476e-19	7.56315	24.52
23.6358	3.0843e-18	370.032	0.173214	0.157467	1.23372e-19	7.56346	24.56
23.6367	2.87234e-18	370.047	0.173221	0.157474	1.14894e-19	7.56376	24.6
23.6377	2.67495e-18	370.062	0.173228	0.15748	1.06998e-19	7.56406	24.64
23.6386	2.49113e-18	370.077	0.173235	0.157486	9.9645e-20	7.56436	24.68
23.6396	2.31993e-18	370.092	0.173242	0.157492	9.27973e-20	7.56467	24.72
23.6405	2.1605e-18	370.106	0.173249	0.157499	8.64202e-20	7.56497	24.76
23.6415	2.01203e-18	370.121	0.173256	0.157505	8.04812e-20	7.56527	24.8
23.6424	1.87376e-18	370.136	0.173262	0.157511	7.49505e-20	7.56558	24.84
23.6434	1.74499e-18	370.151	0.173269	0.157518	6.97998e-20	7.56588	24.88
23.6443	1.62508e-18	370.166	0.173276	0.157524	6.50031e-20	7.56618	24.92
23.6453	1.5134e-18	370.18	0.173283	0.15753	6.0536e-20	7.56648	24.96
23.6462	1.4094e-18	370.195	0.17329	0.157537	5.63759e-20	7.56679	25
23.6472	1.31254e-18	370.21	0.173297	0.157543	5.25016e-20	7.56709	25.04
23.6481	1.22234e-18	370.225	0.173304	0.157549	4.88937e-20	7.56739	25.08
23.649	1.13834e-18	370.24	0.173311	0.157555	4.55336e-20	7.56769	25.12
23.65	1.06011e-18	370.254	0.173318	0.157562	4.24045e-20	7.568	25.16
23.6509	9.8726e-19	370.269	0.173325	0.157568	3.94904e-20	7.5683	25.2
23.6519	9.19414e-19	370.284	0.173332	0.157574	3.67766e-20	7.5686	25.24
23.6528	8.56231e-19	370.299	0.173339	0.157581	3.42492e-20	7.5689	25.28
23.6538	7.9739e-19	370.314	0.173346	0.157587	3.18956e-20	7.56921	25.32
23.6547	7.42592e-19	370.328	0.173353	0.157593	2.97037e-20	7.56951	25.36
23.6557	6.9156e-19	370.343	0.17336	0.1576	2.76624e-20	7.56981	25.4
23.6566	6.44035e-19	370.358	0.173366	0.157606	2.57614e-20	7.57011	25.44
23.6576	5.99776e-19	370.373	0.173373	0.157612	2.39911e-20	7.57042	25.48
23.6585	5.58559e-19	370.388	0.17338	0.157618	2.23424e-20	7.57072	25.52
23.6594	5.20174e-19	370.402	0.173387	0.157625	2.0807e-20	7.57102	25.56
23.6604	4.84427e-19	370.417	0.173394	0.157631	1.93771e-20	7.57133	25.6
23.6613	4.51137e-19	370.432	0.173401	0.157637	1.80455e-20	7.57163	25.64
23.6623	4.20134e-19	370.447	0.173408	0.157644	1.68054e-20	7.57193	25.68
23.6632	3.91262e-19	370.462	0.173415	0.15765	1.56505e-20	7.57223	25.72
23.6642	3.64374e-19	370.477	0.173422	0.157656	1.4575e-20	7.57254	25.76
23.6651	3.39334e-19	370.491	0.173429	0.157663	1.35733e-20	7.57284	25.8
23.6661	3.16014e-19	370.506	0.173436	0.157669	1.26406e-20	7.57314	25.84
23.667	2.94297e-19	370.521	0.173443	0.157675	1.17719e-20	7.57345	25.88
23.668	2.74073e-19	370.536	0.17345	0.157682	1.09629e-20	7.57375	25.92
23.6689	2.55238e-19	370.551	0.173457	0.157688	1.02095e-20	7.57405	25.96
23.6699	2.37698e-19	370.565	0.173464	0.157694	9.50791e-21	7.57435	26
23.6708	2.21363e-19	370.58	0.17347	0.1577	8.85452e-21	7.57466	26.04
23.6718	2.06151e-19	370.595	0.173477	0.157707	8.24602e-21	7.57496	26.08
23.6727	1.91984e-19	370.61	0.173484	0.157713	7.67935e-21	7.57526	26.12
23.6736	1.7879e-19	370.625	0.173491	0.157719	7.15161e-21	7.57557	26.16
23.6746	1.66504e-19	370.64	0.173498	0.157726	6.66014e-21	7.57587	26.2
23.6755	1.55061e-19	370.654	0.173505	0.157732	6.20245e-21	7.57617	26.24
23.6765	1.44405e-19	370.669	0.173512	0.157738	5.77621e-21	7.57648	26.28
23.6774	1.34482e-19	370.684	0.173519	0.157745	5.37926e-21	7.57678	26.32
23.6784	1.2524e-19	370.699	0.173526	0.157751	5.00959e-21	7.57708	26.36
23.6793	1.16633e-19	370.714	0.173533	0.157757	4.66533e-21	7.57738	26.4
23.6803	1.08618e-19	370.728	0.17354	0.157764	4.34472e-21	7.57769	26.44
23.6812	1.01154e-19	370.743	0.173547	0.15777	4.04614e-21	7.57799	26.48
23.6822	9.42022e-20	370.758	0.173554	0.157776	3.76809e-21	7.57829	26.52
23.6831	8.77285e-20	370.773	0.173561	0.157782	3.50914e-21	7.5786	26.56
23.6841	8.16997e-20	370.788	0.173568	0.157789	3.26799e-21	7.5789	26.6
23.685	7.60852e-20	370.803	0.173575	0.157795	3.04341e-21	7.5792	26.64
23.686	7.08565e-20	370.817	0.173582	0.157801	2.83426e-21	7.57951	26.68
23.6869	6.59872e-20	370.832	0.173588	0.157808	2.63949e-21	7.57981	26.72
23.6879	6.14524e-20	370.847	0.173595	0.157814	2.4581e-21	7.58011	26.76
23.6888	5.72294e-20	370.862	0.173602	0.15782	2.28917e-21	7.58042	26.8
23.6897	5.32965e-20	370.877	0.173609	0.157827	2.13186e-21	7.58072	26.84
23.6907	4.96339e-20	370.892	0.173616	0.157833	1.98536e-21	7.58102	26.88
23.6916	4.6223e-20	370.906	0.173623	0.157839	1.84892e-21	7.58132	26.92
23.6926	4.30465e-20	370.921	0.17363	0.157846	1.72186e-21	7.58163	26.96
23.6935	4.00883e-20	370.936	0.173637	0.157852	1.60353e-21	7.58193	27
23.6945	3.73334e-20	370.951	0.173644	0.157858	1.49333e-21	7.58223	27.04
23.6954	3.47678e-20	370.966	0.173651	0.157864	1.39071e-21	7.58254	27.08
23.6964	3.23785e-20	370.981	0.173658	0.157871	1.29514e-21	7.58284	27.12
23.6973	3.01534e-20	370.995	0.173665	0.157877	1.20614e-21	7.58314	27.16
23.6983	2.80812e-20	371.01	0.173672	0.157883	1.12325e-21	7.58345	27.2
23.6992	2.61514e-20	371.025	0.173679	0.15789	1.04606e-21	7.58375	27.24
23.7002	2.43543e-20	371.04	0.173686	0.157896	9.74171e-22	7.58405	27.28
23.7011	2.26806e-20	371.055	0.173693	0.157902	9.07224e-22	7.58436	27.32
23.7021	2.1122e-20	371.07	0.1737	0.157909	8.44879e-22	7.58466	27.36
23.703	1.96704e-20	371.084	0.173707	0.157915	7.86818e-22	7.58496	27.4
23.704	1.83187e-20	371.099	0.173713	0.157921	7.32747e-22	7.58527	27.44
23.7049	1.70598e-20	371.114	0.17372	0.157928	6.82391e-22	7.58557	27.48
23.7059	1.58874e-20	371.129	0.173727	0.157934	6.35496e-22	7.58587	27.52
23.7068	1.47956e-20	371.144	0.173734	0.15794	5.91824e-22	7.58618	27.56
23.7078	1.37788e-20	371.159	0.173741	0.157947	5.51153e-22	7.58648	27.6
23.7087	1.28319e-20	371.174	0.173748	0.157953	5.13277e-22	7.58678	27.64
23.7096	1.19501e-20	371.188	0.173755	0.157959	4.78004e-22	7.58709	27.68
23.7106	1.11289e-20	371.203	0.173762	0.157966	4.45155e-22	7.58739	27.72
23.7115	1.03641e-20	371.218	0.173769	0.157972	4.14564e-22	7.58769	27.76
23.7125	9.65186e-21	371.233	0.173776	0.157978	3.86074e-22	7.588	27.8
23.7134	8.98857e-21	371.248	0.173783	0.157984	3.59543e-22	7.5883	27.84
23.7144	8.37086e-21	371.263	0.17379	0.157991	3.34835e-22	7.58861	27.88
23.7153	7.79561e-21	371.277	0.173797	0.157997	3.11824e-22	7.58891	27.92
23.7163	7.25988e-21	371.292	0.173804	0.158003	2.90395e-22	7.58921	27.96
23.7172	6.76098e-21	371.307	0.173811	0.15801	2.70439e-22	7.58952	28
23.7182	6.29635e-21	371.322	0.173818	0.158016	2.51854e-22	7.58982	28.04
23.7191	5.86366e-21	371.337	0.173825	0.158022	2.34546e-22	7.59012	28.08
23.7201	5.4607e-21	371.352	0.173832	0.158029	2.18428e-22	7.59043	28.12
23.721	5.08543e-21	371.367	0.173839	0.158035	2.03417e-22	7.59073	28.16
23.722	4.73596e-21	371.381	0.173845	0.158041	1.89438e-22	7.59103	28.2
23.7229	4.4105e-21	371.396	0.173852	0.158048	1.7642e-22	7.59134	28.24
23.7239	4.1074e-21	371.411	0.173859	0.158054	1.64296e-22	7.59164	28.28
23.7248	3.82514e-21	371.426	0.173866	0.15806	1.53005e-22	7.59194	28.32
23.7258	3.56227e-21	371.441	0.173873	0.158067	1.42491e-22	7.59225	28.36
23.7267	3.31746e-21	371.456	0.17388	0.158073	1.32699e-22	7.59255	28.4
23.7277	3.08948e-21	371.471	0.173887	0.158079	1.23579e-22	7.59286	28.44
23.7286	2.87717e-21	371.485	0.173894	0.158086	1.15087e-22	7.59316	28.48
23.7296	2.67945e-21	371.5	0.173901	0.158092	1.07178e-22	7.59346	28.52
23.7305	2.49531e-21	371.515	0.173908	0.158098	9.98125e-23	7.59377	28.56
23.7315	2.32383e-21	371.53	0.173915	0.158105	9.29533e-23	7.59407	28.6
23.7324	2.16413e-21	371.545	0.173922	0.158111	8.65654e-23	7.59437	28.64
23.7334	2.01541e-21	371.56	0.173929	0.158117	8.06165e-23	7.59468	28.68
23.7343	1.87691e-21	371.575	0.173936	0.158124	7.50764e-23	7.59498	28.72
23.7353	1.74793e-21	371.589	0.173943	0.15813	6.99171e-23	7.59528	28.76
23.7362	1.62781e-21	371.604	0.17395	0.158136	6.51123e-23	7.59559	28.8
23.7372	1.51594e-21	371.619	0.173957	0.158143	6.06377e-23	7.59589	28.84
23.7381	1.41176e-21	371.634	0.173964	0.158149	5.64706e-23	7.5962	28.88
23.7391	1.31475e-21	371.649	0.173971	0.158155	5.25899e-23	7.5965	28.92
23.74	1.2244e-21	371.664	0.173978	0.158161	4.89758e-23	7.5968	28.96
23.741	1.14025e-21	371.679	0.173985	0.158168	4.56101e-23	7.59711	29
23.7419	1.06189e-21	371.693	0.173992	0.158174	4.24758e-23	7.59741	29.04
23.7429	9.88919e-22	371.708	0.173999	0.15818	3.95568e-23	7.59772	29.08
23.7438	9.20959e-22	371.723	0.174005	0.158187	3.68384e-23	7.59802	29.12
23.7448	8.5767e-22	371.738	0.174012	0.158193	3.43068e-23	7.59832	29.16
23.7457	7.9873e-22	371.753	0.174019	0.158199	3.19492e-23	7.59863	29.2
23.7467	7.4384e-22	371.768	0.174026	0.158206	2.97536e-23	7.59893	29.24
23.7476	6.92722e-22	371.783	0.174033	0.158212	2.77089e-23	7.59923	29.28
23.7486	6.45118e-22	371.798	0.17404	0.158218	2.58047e-23	7.59954	29.32
23.7495	6.00784e-22	371.812	0.174047	0.158225	2.40314e-23	7.59984	29.36
23.7505	5.59498e-22	371.827	0.174054	0.158231	2.23799e-23	7.60015	29.4
23.7514	5.21048e-22	371.842	0.174061	0.158237	2.08419e-23	7.60045	29.44
23.7524	4.85241e-22	371.857	0.174068	0.158244	1.94096e-23	7.60075	29.48
23.7533	4.51895e-22	371.872	0.174075	0.15825	1.80758e-23	7.60106	29.52
23.7543	4.2084e-22	371.887	0.174082	0.158256	1.68336e-23	7.60136	29.56
23.7552	3.91919e-22	371.902	0.174089	0.158263	1.56768e-23	7.60167	29.6
23.7562	3.64986e-22	371.916	0.174096	0.158269	1.45994e-23	7.60197	29.64
23.7571	3.39904e-22	371.931	0.174103	0.158275	1.35962e-23	7.60227	29.68
23.7581	3.16545e-22	371.946	0.17411	0.158282	1.26618e-23	7.60258	29.72
23.759	2.94792e-22	371.961	0.174117	0.158288	1.17917e-23	7.60288	29.76
23.76	2.74533e-22	371.976	0.174124	0.158294	1.09813e-23	7.60319	29.8
23.7609	2.55667e-22	371.991	0.174131	0.158301	1.02267e-23	7.60349	29.84
23.7619	2.38097e-22	372.006	0.174138	0.158307	9.52389e-24	7.60379	29.88
23.7628	2.21735e-22	372.021	0.174145	0.158313	8.8694e-24	7.6041	29.92
23.7638	2.06497e-22	372.036	0.174152	0.15832	8.25988e-24	7.6044	29.96
23.7647	1.92306e-22	372.05	0.174159	0.158326	7.69225e-24	7.60471	30
23.7657	1.79091e-22	372.065	0.174166	0.158332	7.16363e-24	7.60501	30.04
23.7666	1.66783e-22	372.08	0.174173	0.158339	6.67134e-24	7.60532	30.08
23.7676	1.55322e-22	372.095	0.17418	0.158345	6.21287e-24	7.60562	30.12
23.7685	1.44648e-22	372.11	0.174187	0.158351	5.78592e-24	7.60592	30.16
23.7695	1.34708e-22	372.125	0.174193	0.158358	5.3883e-24	7.60623	30.2
23.7704	1.2545e-22	372.14	0.1742	0.158364	5.01801e-24	7.60653	30.24
23.7714	1.16829e-22	372.155	0.174207	0.15837	4.67317e-24	7.60684	30.28
23.7723	1.08801e-22	372.169	0.174214	0.158377	4.35202e-24	7.60714	30.32
23.7733	1.01324e-22	372.184	0.174221	0.158383	4.05294e-24	7.60744	30.36
23.7742	9.43605e-23	372.199	0.174228	0.158389	3.77442e-24	7.60775	30.4
23.7752	8.78759e-23	372.214	0.174235	0.158396	3.51504e-24	7.60805	30.44
23.7761	8.1837e-23	372.229	0.174242	0.158402	3.27348e-24	7.60836	30.48
23.7771	7.62131e-23	372.244	0.174249	0.158408	3.04852e-24	7.60866	30.52
23.778	7.09756e-23	372.259	0.174256	0.158415	2.83902e-24	7.60897	30.56
23.779	6.60981e-23	372.274	0.174263	0.158421	2.64392e-24	7.60927	30.6
23.7799	6.15557e-23	372.289	0.17427	0.158427	2.46223e-24	7.60957	30.64
23.7809	5.73255e-23	372.303	0.174277	0.158434	2.29302e-24	7.60988	30.68
23.7818	5.33861e-23	372.318	0.174284	0.15844	2.13544e-24	7.61018	30.72
23.7828	4.97173e-23	372.333	0.174291	0.158446	1.98869e-24	7.61049	30.76
23.7837	4.63007e-23	372.348	0.174298	0.158453	1.85203e-24	7.61079	30.8
23.7847	4.31188e-23	372.363	0.174305	0.158459	1.72475e-24	7.6111	30.84
23.7856	4.01556e-23	372.378	0.174312	0.158465	1.60623e-24	7.6114	30.88
23.7866	3.73961e-23	372.393	0.174319	0.158472	1.49584e-24	7.61171	30.92
23.7875	3.48262e-23	372.408	0.174326	0.158478	1.39305e-24	7.61201	30.96
23.7885	3.24329e-23	372.423	0.174333	0.158484	1.29732e-24	7.61231	31
23.7894	3.02041e-23	372.437	0.17434	0.158491	1.20816e-24	7.61262	31.04
23.7904	2.81284e-23	372.452	0.174347	0.158497	1.12514e-24	7.61292	31.08
23.7913	2.61954e-23	372.467	0.174354	0.158503	1.04782e-24	7.61323	31.12
23.7923	2.43952e-23	372.482	0.174361	0.15851	9.75808e-25	7.61353	31.16
23.7932	2.27187e-23	372.497	0.174368	0.158516	9.08749e-25	7.61384	31.2
23.7942	2.11575e-23	372.512	0.174375	0.158522	8.46299e-25	7.61414	31.24
23.7951	1.97035e-23	372.527	0.174382	0.158529	7.8814e-25	7.61445	31.28
23.7961	1.83494e-23	372.542	0.174389	0.158535	7.33978e-25	7.61475	31.32
23.797	1.70885e-23	372.557	0.174396	0.158541	6.83538e-25	7.61505	31.36
23.798	1.59141e-23	372.572	0.174403	0.158548	6.36564e-25	7.61536	31.4
23.7989	1.48205e-23	372.586	0.17441	0.158554	5.92819e-25	7.61566	31.44
23.7999	1.3802e-23	372.601	0.174417	0.15856	5.5208e-25	7.61597	31.48
23.8009	1.28535e-23	372.616	0.174424	0.158567	5.1414e-25	7.61627	31.52
23.8018	1.19702e-23	372.631	0.17443	0.158573	4.78808e-25	7.61658	31.56
23.8028	1.11476e-23	372.646	0.174437	0.15858	4.45903e-25	7.61688	31.6
23.8037	1.03815e-23	372.661	0.174444	0.158586	4.1526e-25	7.61719	31.64
23.8047	9.66808e-24	372.676	0.174451	0.158592	3.86723e-25	7.61749	31.68
23.8056	9.00368e-24	372.691	0.174458	0.158599	3.60147e-25	7.6178	31.72
23.8066	8.38493e-24	372.706	0.174465	0.158605	3.35397e-25	7.6181	31.76
23.8075	7.80871e-24	372.721	0.174472	0.158611	3.12348e-25	7.61841	31.8
23.8085	7.27208e-24	372.735	0.174479	0.158618	2.90883e-25	7.61871	31.84
23.8094	6.77234e-24	372.75	0.174486	0.158624	2.70894e-25	7.61901	31.88
23.8104	6.30693e-24	372.765	0.174493	0.15863	2.52277e-25	7.61932	31.92
23.8113	5.87351e-24	372.78	0.1745	0.158637	2.34941e-25	7.61962	31.96
23.8123	5.46988e-24	372.795	0.174507	0.158643	2.18795e-25	7.61993	32
23.8132	5.09398e-24	372.81	0.174514	0.158649	2.03759e-25	7.62023	32.04
23.8142	4.74392e-24	372.825	0.174521	0.158656	1.89757e-25	7.62054	32.08
23.8151	4.41791e-24	372.84	0.174528	0.158662	1.76716e-25	7.62084	32.12
23.8161	4.1143e-24	372.855	0.174535	0.158668	1.64572e-25	7.62115	32.16
23.817	3.83156e-24	372.87	0.174542	0.158675	1.53263e-25	7.62145	32.2
23.818	3.56825e-24	372.885	0.174549	0.158681	1.4273e-25	7.62176	32.24
23.8189	3.32304e-24	372.899	0.174556	0.158687	1.32922e-25	7.62206	32.28
23.8199	3.09468e-24	372.914	0.174563	0.158694	1.23787e-25	7.62237	32.32
23.8208	2.88201e-24	372.929	0.17457	0.1587	1.1528e-25	7.62267	32.36
23.8218	2.68395e-24	372.944	0.174577	0.158706	1.07358e-25	7.62298	32.4
23.8228	2.49951e-24	372.959	0.174584	0.158713	9.99802e-26	7.62328	32.44
23.8237	2.32774e-24	372.974	0.174591	0.158719	9.31095e-26	7.62359	32.48
23.8247	2.16777e-24	372.989	0.174598	0.158725	8.67109e-26	7.62389	32.52
23.8256	2.0188e-24	373.004	0.174605	0.158732	8.0752e-26	7.6242	32.56
23.8266	1.88007e-24	373.019	0.174612	0.158738	7.52026e-26	7.6245	32.6
23.8275	1.75086e-24	373.034	0.174619	0.158744	7.00346e-26	7.62481	32.64
23.8285	1.63054e-24	373.049	0.174626	0.158751	6.52217e-26	7.62511	32.68
23.8294	1.51849e-24	373.064	0.174633	0.158757	6.07396e-26	7.62542	32.72
23.8304	1.41414e-24	373.078	0.17464	0.158764	5.65655e-26	7.62572	32.76
23.8313	1.31696e-24	373.093	0.174647	0.15877	5.26782e-26	7.62603	32.8
23.8323	1.22645e-24	373.108	0.174654	0.158776	4.90581e-26	7.62633	32.84
23.8332	1.14217e-24	373.123	0.174661	0.158783	4.56868e-26	7.62664	32.88
23.8342	1.06368e-24	373.138	0.174668	0.158789	4.25471e-26	7.62694	32.92
23.8351	9.90581e-25	373.153	0.174675	0.158795	3.96232e-26	7.62725	32.96
23.8361	9.22507e-25	373.168	0.174682	0.158802	3.69003e-26	7.62755	33
23.8371	8.59111e-25	373.183	0.174689	0.158808	3.43645e-26	7.62786	33.04
23.838	8.00072e-25	373.198	0.174696	0.158814	3.20029e-26	7.62816	33.08
23.839	7.4509e-25	373.213	0.174703	0.158821	2.98036e-26	7.62847	33.12
23.8399	6.93887e-25	373.228	0.17471	0.158827	2.77555e-26	7.62877	33.16
23.8409	6.46202e-25	373.243	0.174717	0.158833	2.58481e-26	7.62908	33.2
23.8418	6.01794e-25	373.258	0.174724	0.15884	2.40718e-26	7.62938	33.24
23.8428	5.60438e-25	373.272	0.174731	0.158846	2.24175e-26	7.62969	33.28
23.8437	5.21924e-25	373.287	0.174738	0.158852	2.0877e-26	7.62999	33.32
23.8447	4.86057e-25	373.302	0.174745	0.158859	1.94423e-26	7.6303	33.36
23.8456	4.52654e-25	373.317	0.174752	0.158865	1.81062e-26	7.6306	33.4
23.8466	4.21547e-25	373.332	0.174759	0.158872	1.68619e-26	7.63091	33.44
23.8475	3.92578e-25	373.347	0.174766	0.158878	1.57031e-26	7.63121	33.48
23.8485	3.656e-25	373.362	0.174773	0.158884	1.4624e-26	7.63152	33.52
23.8494	3.40475e-25	373.377	0.17478	0.158891	1.3619e-26	7.63182	33.56
23.8504	3.17077e-25	373.392	0.174787	0.158897	1.26831e-26	7.63213	33.6
23.8514	2.95287e-25	373.407	0.174794	0.158903	1.18115e-26	7.63243	33.64
23.8523	2.74995e-25	373.422	0.174801	0.15891	1.09998e-26	7.63274	33.68
23.8533	2.56097e-25	373.437	0.174808	0.158916	1.02439e-26	7.63304	33.72
23.8542	2.38497e-25	373.452	0.174815	0.158922	9.5399e-27	7.63335	33.76
23.8552	2.22108e-25	373.467	0.174822	0.158929	8.8843e-27	7.63365	33.8
23.8561	2.06844e-25	373.482	0.174829	0.158935	8.27376e-27	7.63396	33.84
23.8571	1.92629e-25	373.496	0.174836	0.158941	7.70518e-27	7.63427	33.88
23.858	1.79392e-25	373.511	0.174843	0.158948	7.17567e-27	7.63457	33.92
23.859	1.67064e-25	373.526	0.17485	0.158954	6.68255e-27	7.63488	33.96
23.8599	1.55583e-25	373.541	0.174857	0.15896	6.22332e-27	7.63518	34
23.8609	1.44891e-25	373.556	0.174864	0.158967	5.79564e-27	7.63549	34.04
23.8618	1.34934e-25	373.571	0.174871	0.158973	5.39736e-27	7.63579	34.08
23.8628	1.25661e-25	373.586	0.174878	0.15898	5.02644e-27	7.6361	34.12
23.8638	1.17026e-25	373.601	0.174885	0.158986	4.68102e-27	7.6364	34.16
23.8647	1.08983e-25	373.616	0.174892	0.158992	4.35933e-27	7.63671	34.2
23.8657	1.01494e-25	373.631	0.174899	0.158999	4.05976e-27	7.63701	34.24
23.8666	9.45191e-26	373.646	0.174905	0.159005	3.78076e-27	7.63732	34.28
23.8676	8.80236e-26	373.661	0.174912	0.159011	3.52095e-27	7.63762	34.32
23.8685	8.19745e-26	373.676	0.174919	0.159018	3.27898e-27	7.63793	34.36
23.8695	7.63411e-26	373.691	0.174926	0.159024	3.05365e-27	7.63824	34.4
23.8704	7.10949e-26	373.706	0.174933	0.15903	2.8438e-27	7.63854	34.44
23.8714	6.62091e-26	373.721	0.17494	0.159037	2.64837e-27	7.63885	34.48
23.8723	6.16592e-26	373.736	0.174947	0.159043	2.46637e-27	7.63915	34.52
23.8733	5.74219e-26	373.75	0.174954	0.15905	2.29688e-27	7.63946	34.56
23.8743	5.34758e-26	373.765	0.174961	0.159056	2.13903e-27	7.63976	34.6
23.8752	4.98008e-26	373.78	0.174968	0.159062	1.99203e-27	7.64007	34.64
23.8762	4.63785e-26	373.795	0.174975	0.159069	1.85514e-27	7.64037	34.68
23.8771	4.31913e-26	373.81	0.174982	0.159075	1.72765e-27	7.64068	34.72
23.8781	4.02231e-26	373.825	0.174989	0.159081	1.60892e-27	7.64098	34.76
23.879	3.74589e-26	373.84	0.174996	0.159088	1.49836e-27	7.64129	34.8
23.88	3.48847e-26	373.855	0.175003	0.159094	1.39539e-27	7.6416	34.84
23.8809	3.24874e-26	373.87	0.17501	0.1591	1.2995e-27	7.6419	34.88
23.8819	3.02548e-26	373.885	0.175017	0.159107	1.21019e-27	7.64221	34.92
23.8829	2.81757e-26	373.9	0.175024	0.159113	1.12703e-27	7.64251	34.96
23.8838	2.62394e-26	373.915	0.175031	0.15912	1.04958e-27	7.64282	35
23.8848	2.44362e-26	373.93	0.175038	0.159126	9.77448e-28	7.64312	35.04
23.8857	2.27569e-26	373.945	0.175045	0.159132	9.10276e-28	7.64343	35.08
23.8867	2.1193e-26	373.96	0.175052	0.159139	8.47721e-28	7.64374	35.12
23.8876	1.97366e-26	373.975	0.175059	0.159145	7.89465e-28	7.64404	35.16
23.8886	1.83803e-26	373.99	0.175066	0.159151	7.35212e-28	7.64435	35.2
23.8895	1.71172e-26	374.005	0.175073	0.159158	6.84687e-28	7.64465	35.24
23.8905	1.59409e-26	374.02	0.17508	0.159164	6.37634e-28	7.64496	35.28
23.8915	1.48454e-26	374.035	0.175087	0.15917	5.93815e-28	7.64526	35.32
23.8924	1.38252e-26	374.05	0.175094	0.159177	5.53008e-28	7.64557	35.36
23.8934	1.28751e-26	374.065	0.175101	0.159183	5.15004e-28	7.64588	35.4
23.8943	1.19903e-26	374.079	0.175108	0.15919	4.79612e-28	7.64618	35.44
23.8953	1.11663e-26	374.094	0.175115	0.159196	4.46653e-28	7.64649	35.48
23.8962	1.0399e-26	374.109	0.175122	0.159202	4.15958e-28	7.64679	35.52
23.8972	9.68433e-27	374.124	0.175129	0.159209	3.87373e-28	7.6471	35.56
23.8981	9.01881e-27	374.139	0.175136	0.159215	3.60752e-28	7.6474	35.6
23.8991	8.39902e-27	374.154	0.175143	0.159221	3.35961e-28	7.64771	35.64
23.9001	7.82183e-27	374.169	0.17515	0.159228	3.12873e-28	7.64802	35.68
23.901	7.28431e-27	374.184	0.175157	0.159234	2.91372e-28	7.64832	35.72
23.902	6.78372e-27	374.199	0.175165	0.15924	2.71349e-28	7.64863	35.76
23.9029	6.31753e-27	374.214	0.175172	0.159247	2.52701e-28	7.64893	35.8
23.9039	5.88338e-27	374.229	0.175179	0.159253	2.35335e-28	7.64924	35.84
23.9048	5.47907e-27	374.244	0.175186	0.15926	2.19163e-28	7.64955	35.88
23.9058	5.10254e-27	374.259	0.175193	0.159266	2.04102e-28	7.64985	35.92
23.9067	4.75189e-27	374.274	0.1752	0.159272	1.90076e-28	7.65016	35.96
23.9077	4.42533e-27	374.289	0.175207	0.159279	1.77013e-28	7.65046	36
23.9087	4.12122e-27	374.304	0.175214	0.159285	1.64849e-28	7.65077	36.04
23.9096	3.838e-27	374.319	0.175221	0.159291	1.5352e-28	7.65108	36.08
23.9106	3.57425e-27	374.334	0.175228	0.159298	1.4297e-28	7.65138	36.12
23.9115	3.32862e-27	374.349	0.175235	0.159304	1.33145e-28	7.65169	36.16
23.9125	3.09988e-27	374.364	0.175242	0.159311	1.23995e-28	7.65199	36.2
23.9134	2.88685e-27	374.379	0.175249	0.159317	1.15474e-28	7.6523	36.24
23.9144	2.68846e-27	374.394	0.175256	0.159323	1.07538e-28	7.65261	36.28
23.9153	2.50371e-27	374.409	0.175263	0.15933	1.00148e-28	7.65291	36.32
23.9163	2.33165e-27	374.424	0.17527	0.159336	9.32659e-29	7.65322	36.36
23.9173	2.17141e-27	374.439	0.175277	0.159342	8.68566e-29	7.65352	36.4
23.9182	2.02219e-27	374.454	0.175284	0.159349	8.08877e-29	7.65383	36.44
23.9192	1.88322e-27	374.469	0.175291	0.159355	7.5329e-29	7.65414	36.48
23.9201	1.75381e-27	374.484	0.175298	0.159362	7.01523e-29	7.65444	36.52
23.9211	1.63328e-27	374.499	0.175305	0.159368	6.53313e-29	7.65475	36.56
23.922	1.52104e-27	374.514	0.175312	0.159374	6.08417e-29	7.65505	36.6
23.923	1.41651e-27	374.529	0.175319	0.159381	5.66606e-29	7.65536	36.64
23.924	1.31917e-27	374.544	0.175326	0.159387	5.27668e-29	7.65567	36.68
23.9249	1.22851e-27	374.559	0.175333	0.159393	4.91406e-29	7.65597	36.72
23.9259	1.14409e-27	374.573	0.17534	0.1594	4.57636e-29	7.65628	36.76
23.9268	1.06547e-27	374.588	0.175347	0.159406	4.26186e-29	7.65659	36.8
23.9278	9.92246e-28	374.603	0.175354	0.159412	3.96898e-29	7.65689	36.84
23.9287	9.24057e-28	374.618	0.175361	0.159419	3.69623e-29	7.6572	36.88
23.9297	8.60555e-28	374.633	0.175368	0.159425	3.44222e-29	7.6575	36.92
23.9307	8.01417e-28	374.648	0.175375	0.159432	3.20567e-29	7.65781	36.96
23.9316	7.46342e-28	374.663	0.175382	0.159438	2.98537e-29	7.65812	37
23.9326	6.95053e-28	374.678	0.175389	0.159444	2.78021e-29	7.65842	37.04
23.9335	6.47288e-28	374.693	0.175396	0.159451	2.58915e-29	7.65873	37.08
23.9345	6.02805e-28	374.708	0.175403	0.159457	2.41122e-29	7.65904	37.12
23.9354	5.6138e-28	374.723	0.17541	0.159464	2.24552e-29	7.65934	37.16
23.9364	5.22801e-28	374.738	0.175417	0.15947	2.0912e-29	7.65965	37.2
23.9374	4.86874e-28	374.753	0.175424	0.159476	1.94749e-29	7.65995	37.24
23.9383	4.53415e-28	374.768	0.175431	0.159483	1.81366e-29	7.66026	37.28
23.9393	4.22256e-28	374.783	0.175438	0.159489	1.68902e-29	7.66057	37.32
23.9402	3.93238e-28	374.798	0.175445	0.159495	1.57295e-29	7.66087	37.36
23.9412	3.66214e-28	374.813	0.175452	0.159502	1.46486e-29	7.66118	37.4
23.9421	3.41047e-28	374.828	0.175459	0.159508	1.36419e-29	7.66149	37.44
23.9431	3.1761e-28	374.843	0.175466	0.159515	1.27044e-29	7.66179	37.48
23.9441	2.95783e-28	374.858	0.175473	0.159521	1.18313e-29	7.6621	37.52
23.945	2.75457e-28	374.873	0.17548	0.159527	1.10183e-29	7.66241	37.56
23.946	2.56527e-28	374.888	0.175487	0.159534	1.02611e-29	7.66271	37.6
23.9469	2.38898e-28	374.903	0.175494	0.15954	9.55593e-30	7.66302	37.64
23.9479	2.22481e-28	374.918	0.175501	0.159546	8.89923e-30	7.66333	37.68
23.9488	2.07192e-28	374.933	0.175508	0.159553	8.28767e-30	7.66363	37.72
23.9498	1.92953e-28	374.948	0.175515	0.159559	7.71813e-30	7.66394	37.76
23.9508	1.79693e-28	374.963	0.175522	0.159566	7.18773e-30	7.66424	37.8
23.9517	1.67344e-28	374.978	0.175529	0.159572	6.69378e-30	7.66455	37.84
23.9527	1.55844e-28	374.993	0.175536	0.159578	6.23377e-30	7.66486	37.88
23.9536	1.45135e-28	375.008	0.175543	0.159585	5.80538e-30	7.66516	37.92
23.9546	1.35161e-28	375.023	0.17555	0.159591	5.40643e-30	7.66547	37.96
23.9556	1.25872e-28	375.038	0.175557	0.159597	5.03489e-30	7.66578	38
23.9565	1.17222e-28	375.053	0.175564	0.159604	4.68889e-30	7.66608	38.04
23.9575	1.09167e-28	375.068	0.175571	0.15961	4.36666e-30	7.66639	38.08
23.9584	1.01664e-28	375.083	0.175578	0.159617	4.06658e-30	7.6667	38.12
23.9594	9.4678e-29	375.098	0.175585	0.159623	3.78712e-30	7.667	38.16
23.9603	8.81716e-29	375.113	0.175592	0.159629	3.52686e-30	7.66731	38.2
23.9613	8.21123e-29	375.128	0.175599	0.159636	3.28449e-30	7.66762	38.24
23.9623	7.64694e-29	375.143	0.175606	0.159642	3.05878e-30	7.66792	38.28
23.9632	7.12144e-29	375.158	0.175613	0.159649	2.84857e-30	7.66823	38.32
23.9642	6.63204e-29	375.173	0.17562	0.159655	2.65282e-30	7.66854	38.36
23.9651	6.17628e-29	375.188	0.175627	0.159661	2.47051e-30	7.66884	38.4
23.9661	5.75184e-29	375.203	0.175634	0.159668	2.30074e-30	7.66915	38.44
23.9671	5.35656e-29	375.218	0.175642	0.159674	2.14263e-30	7.66946	38.48
23.968	4.98845e-29	375.233	0.175649	0.15968	1.99538e-30	7.66976	38.52
23.969	4.64564e-29	375.248	0.175656	0.159687	1.85826e-30	7.67007	38.56
23.9699	4.32639e-29	375.263	0.175663	0.159693	1.73055e-30	7.67038	38.6
23.9709	4.02907e-29	375.278	0.17567	0.1597	1.61163e-30	7.67068	38.64
23.9718	3.75219e-29	375.293	0.175677	0.159706	1.50088e-30	7.67099	38.68
23.9728	3.49433e-29	375.308	0.175684	0.159712	1.39773e-30	7.6713	38.72
23.9738	3.2542e-29	375.323	0.175691	0.159719	1.30168e-30	7.6716	38.76
23.9747	3.03057e-29	375.338	0.175698	0.159725	1.21223e-30	7.67191	38.8
23.9757	2.8223e-29	375.353	0.175705	0.159732	1.12892e-30	7.67222	38.84
23.9766	2.62835e-29	375.368	0.175712	0.159738	1.05134e-30	7.67252	38.88
23.9776	2.44773e-29	375.383	0.175719	0.159744	9.7909e-31	7.67283	38.92
23.9786	2.27952e-29	375.398	0.175726	0.159751	9.11806e-31	7.67314	38.96
23.9795	2.12286e-29	375.413	0.175733	0.159757	8.49146e-31	7.67345	39
23.9805	1.97698e-29	375.428	0.17574	0.159764	7.90791e-31	7.67375	39.04
23.9814	1.84112e-29	375.443	0.175747	0.15977	7.36447e-31	7.67406	39.08
23.9824	1.71459e-29	375.458	0.175754	0.159776	6.85838e-31	7.67437	39.12
23.9834	1.59676e-29	375.473	0.175761	0.159783	6.38706e-31	7.67467	39.16
23.9843	1.48703e-29	375.488	0.175768	0.159789	5.94813e-31	7.67498	39.2
23.9853	1.38484e-29	375.503	0.175775	0.159795	5.53937e-31	7.67529	39.24
23.9862	1.28967e-29	375.518	0.175782	0.159802	5.1587e-31	7.67559	39.28
23.9872	1.20105e-29	375.533	0.175789	0.159808	4.80418e-31	7.6759	39.32
23.9881	1.11851e-29	375.548	0.175796	0.159815	4.47403e-31	7.67621	39.36
23.9891	1.04164e-29	375.563	0.175803	0.159821	4.16657e-31	7.67651	39.4
23.9901	9.7006e-30	375.579	0.17581	0.159827	3.88024e-31	7.67682	39.44
23.991	9.03396e-30	375.594	0.175817	0.159834	3.61359e-31	7.67713	39.48
23.992	8.41314e-30	375.609	0.175824	0.15984	3.36526e-31	7.67744	39.52
23.9929	7.83498e-30	375.624	0.175831	0.159847	3.13399e-31	7.67774	39.56
23.9939	7.29655e-30	375.639	0.175838	0.159853	2.91862e-31	7.67805	39.6
23.9949	6.79512e-30	375.654	0.175845	0.159859	2.71805e-31	7.67836	39.64
23.9958	6.32815e-30	375.669	0.175852	0.159866	2.53126e-31	7.67866	39.68
23.9968	5.89327e-30	375.684	0.175859	0.159872	2.35731e-31	7.67897	39.72
23.9977	5.48828e-30	375.699	0.175866	0.159879	2.19531e-31	7.67928	39.76
23.9987	5.11112e-30	375.714	0.175873	0.159885	2.04445e-31	7.67959	39.8
23.9997	4.75987e-30	375.729	0.17588	0.159891	1.90395e-31	7.67989	39.84
24.0006	4.43277e-30	375.744	0.175888	0.159898	1.77311e-31	7.6802	39.88
24.0016	4.12814e-30	375.759	0.175895	0.159904	1.65126e-31	7.68051	39.92
24.0025	3.84445e-30	375.774	0.175902	0.159911	1.53778e-31	7.68081	39.96
