S	I	R	e	d	dI	f	t
300	100	0	0.176	0.16	4	96	0
207.365	98.3626	90.28	0.174243	0.158403	3.9345	66.3569	0.04
145.056	93.7647	153.296	0.172531	0.156846	3.75059	46.4178	0.08
103.276	87.5023	197.681	0.170922	0.155384	3.50009	33.0482	0.12
75.2931	80.4907	229.297	0.169436	0.154032	3.21963	24.0938	0.16
56.5602	73.3238	252.111	0.168078	0.152798	2.93295	18.0993	0.2
44.0264	66.3578	268.815	0.166848	0.15168	2.65431	14.0884	0.24
35.6506	59.7887	281.238	0.165738	0.150671	2.39155	11.4082	0.28
30.068	53.7105	290.634	0.164741	0.149765	2.14842	9.62176	0.32
26.3644	48.1551	297.862	0.163848	0.148953	1.9262	8.43661	0.36
23.9261	43.1179	303.52	0.163048	0.148226	1.72472	7.65636	0.4
22.3402	38.5749	308.024	0.162333	0.147576	1.543	7.14887	0.44
21.3281	34.4919	311.667	0.161694	0.146995	1.37967	6.82498	0.48
20.7013	30.8307	314.659	0.161124	0.146477	1.23323	6.6244	0.52
20.3322	27.5528	317.15	0.160615	0.146014	1.10211	6.50629	0.56
20.1342	24.6209	319.247	0.160161	0.145601	0.984835	6.44293	0.6
20.0486	22.0001	321.033	0.159756	0.145233	0.880003	6.41554	0.64
20.0355	19.6582	322.566	0.159394	0.144904	0.786329	6.41137	0.68
20.0682	17.5661	323.894	0.159072	0.144611	0.702643	6.42181	0.72
20.1282	15.6972	325.05	0.158785	0.14435	0.627887	6.44104	0.76
20.2037	14.0278	326.062	0.158529	0.144117	0.561111	6.46518	0.8
20.2864	12.5366	326.952	0.158301	0.14391	0.501462	6.49165	0.84
20.3712	11.2044	327.737	0.158098	0.143725	0.448177	6.51878	0.88
20.4546	10.0143	328.432	0.157917	0.14356	0.400574	6.54548	0.92
20.5347	8.9511	329.049	0.157755	0.143414	0.358044	6.5711	0.96
20.6102	8.0011	329.598	0.157612	0.143284	0.320044	6.59527	1
20.6805	7.15222	330.087	0.157485	0.143168	0.286089	6.61777	1.04
20.7455	6.39365	330.523	0.157371	0.143065	0.255746	6.63855	1.08
20.805	5.71574	330.913	0.157271	0.142973	0.22863	6.6576	1.12
20.8594	5.10987	331.261	0.157181	0.142892	0.204395	6.675	1.16
20.9088	4.56836	331.574	0.157102	0.14282	0.182734	6.69081	1.2
20.9536	4.08434	331.853	0.157032	0.142757	0.163373	6.70516	1.24
20.9942	3.65169	332.105	0.15697	0.1427	0.146067	6.71814	1.28
21.0308	3.26494	332.33	0.156915	0.14265	0.130597	6.72986	1.32
21.0639	2.9192	332.533	0.156867	0.142606	0.116768	6.74045	1.36
21.0937	2.61013	332.716	0.156825	0.142568	0.104405	6.74999	1.4
21.1206	2.33381	332.88	0.156787	0.142534	0.0933524	6.75859	1.44
21.1448	2.08678	333.029	0.156754	0.142504	0.083471	6.76633	1.48
21.1666	1.86591	333.163	0.156726	0.142478	0.0746365	6.77331	1.52
21.1862	1.66844	333.284	0.156701	0.142455	0.0667378	6.77959	1.56
21.2039	1.49189	333.393	0.156679	0.142436	0.0596756	6.78525	1.6
21.2198	1.33403	333.493	0.156661	0.142419	0.0533612	6.79035	1.64
21.2342	1.19288	333.583	0.156645	0.142404	0.0477153	6.79494	1.68
21.2471	1.06668	333.665	0.156631	0.142392	0.0426671	6.79909	1.72
21.2588	0.953831	333.74	0.156619	0.142381	0.0381532	6.80282	1.76
21.2694	0.852928	333.809	0.15661	0.142372	0.0341171	6.8062	1.8
21.2789	0.762703	333.871	0.156602	0.142365	0.0305081	6.80925	1.84
21.2875	0.682025	333.928	0.156595	0.142359	0.027281	6.81201	1.88
21.2953	0.609884	333.981	0.15659	0.142355	0.0243954	6.8145	1.92
21.3024	0.545376	334.03	0.156586	0.142351	0.021815	6.81677	1.96
21.3088	0.487692	334.074	0.156583	0.142348	0.0195077	6.81882	2
21.3146	0.436111	334.116	0.156581	0.142347	0.0174444	6.82068	2.04
21.3199	0.389987	334.154	0.15658	0.142346	0.0155995	6.82238	2.08
21.3248	0.348741	334.19	0.15658	0.142345	0.0139496	6.82393	2.12
21.3292	0.311859	334.224	0.15658	0.142346	0.0124743	6.82534	2.16
21.3332	0.278877	334.255	0.156581	0.142347	0.0111551	6.82664	2.2
21.3369	0.249384	334.284	0.156583	0.142348	0.00997537	6.82782	2.24
21.3403	0.223011	334.312	0.156585	0.14235	0.00892043	6.82891	2.28
21.3435	0.199427	334.338	0.156588	0.142352	0.00797706	6.82991	2.32
21.3464	0.178337	334.363	0.156591	0.142355	0.00713347	6.83084	2.36
21.349	0.159477	334.387	0.156594	0.142358	0.0063791	6.8317	2.4
21.3515	0.142613	334.409	0.156597	0.142361	0.0057045	6.83249	2.44
21.3538	0.127531	334.431	0.156601	0.142365	0.00510125	6.83323	2.48
21.356	0.114045	334.452	0.156605	0.142369	0.0045618	6.83392	2.52
21.358	0.101985	334.471	0.15661	0.142373	0.0040794	6.83457	2.56
21.3599	0.0912003	334.491	0.156614	0.142377	0.00364801	6.83518	2.6
21.3617	0.0815561	334.509	0.156619	0.142381	0.00326224	6.83575	2.64
21.3634	0.0729318	334.527	0.156624	0.142386	0.00291727	6.83629	2.68
21.365	0.0652195	334.545	0.156629	0.14239	0.00260878	6.8368	2.72
21.3665	0.0583228	334.562	0.156634	0.142395	0.00233291	6.83729	2.76
21.368	0.0521554	334.579	0.15664	0.1424	0.00208622	6.83775	2.8
21.3694	0.0466402	334.595	0.156645	0.142405	0.00186561	6.8382	2.84
21.3707	0.0417082	334.611	0.15665	0.142409	0.00166833	6.83862	2.88
21.372	0.0372978	334.627	0.156656	0.142415	0.00149191	6.83903	2.92
21.3732	0.0333538	334.643	0.156662	0.14242	0.00133415	6.83943	2.96
21.3744	0.0298268	334.658	0.156667	0.142425	0.00119307	6.83981	3
21.3756	0.0266728	334.673	0.156673	0.14243	0.00106691	6.84018	3.04
21.3767	0.0238523	334.688	0.156679	0.142435	0.000954091	6.84055	3.08
21.3778	0.02133	334.703	0.156685	0.142441	0.000853201	6.8409	3.12
21.3789	0.0190745	334.717	0.156691	0.142446	0.00076298	6.84124	3.16
21.3799	0.0170575	334.732	0.156697	0.142452	0.0006823	6.84158	3.2
21.381	0.0152538	334.746	0.156703	0.142457	0.000610151	6.84191	3.24
21.382	0.0136408	334.76	0.156709	0.142462	0.000545631	6.84223	3.28
21.383	0.0121984	334.775	0.156715	0.142468	0.000487934	6.84255	3.32
21.3839	0.0109085	334.789	0.156721	0.142473	0.000436338	6.84286	3.36
21.3849	0.00975496	334.803	0.156727	0.142479	0.000390198	6.84317	3.4
21.3859	0.00872343	334.817	0.156733	0.142484	0.000348937	6.84348	3.44
21.3868	0.00780099	334.831	0.156739	0.14249	0.00031204	6.84378	3.48
21.3877	0.00697609	334.844	0.156745	0.142496	0.000279043	6.84408	3.52
21.3887	0.00623841	334.858	0.156751	0.142501	0.000249536	6.84437	3.56
21.3896	0.00557874	334.872	0.156758	0.142507	0.00022315	6.84467	3.6
21.3905	0.00498883	334.886	0.156764	0.142512	0.000199553	6.84496	3.64
21.3914	0.00446129	334.899	0.15677	0.142518	0.000178452	6.84525	3.68
21.3923	0.00398954	334.913	0.156776	0.142524	0.000159582	6.84554	3.72
21.3932	0.00356767	334.927	0.156782	0.142529	0.000142707	6.84583	3.76
21.3941	0.00319042	334.94	0.156788	0.142535	0.000127617	6.84611	3.8
21.395	0.00285305	334.954	0.156795	0.142541	0.000114122	6.8464	3.84
21.3959	0.00255136	334.967	0.156801	0.142546	0.000102054	6.84668	3.88
21.3968	0.00228157	334.981	0.156807	0.142552	9.12629e-05	6.84696	3.92
21.3976	0.00204031	334.994	0.156813	0.142558	8.16124e-05	6.84724	3.96
21.3985	0.00182456	335.008	0.15682	0.142563	7.29825e-05	6.84752	4
21.3994	0.00163163	335.021	0.156826	0.142569	6.52651e-05	6.8478	4.04
21.4003	0.00145909	335.035	0.156832	0.142575	5.83638e-05	6.84808	4.08
21.4011	0.0013048	335.048	0.156838	0.14258	5.21922e-05	6.84836	4.12
21.402	0.00116683	335.062	0.156845	0.142586	4.66732e-05	6.84864	4.16
21.4029	0.00104345	335.075	0.156851	0.142592	4.17379e-05	6.84892	4.2
21.4037	0.000933109	335.089	0.156857	0.142597	3.73244e-05	6.84919	4.24
21.4046	0.000834439	335.102	0.156863	0.142603	3.33776e-05	6.84947	4.28
21.4055	0.000746203	335.116	0.15687	0.142609	2.98481e-05	6.84975	4.32
21.4063	0.000667297	335.129	0.156876	0.142614	2.66919e-05	6.85002	4.36
21.4072	0.000596735	335.143	0.156882	0.14262	2.38694e-05	6.8503	4.4
21.4081	0.000533635	335.156	0.156888	0.142626	2.13454e-05	6.85058	4.44
21.4089	0.000477206	335.169	0.156895	0.142632	1.90883e-05	6.85085	4.48
21.4098	0.000426745	335.183	0.156901	0.142637	1.70698e-05	6.85113	4.52
21.4106	0.00038162	335.196	0.156907	0.142643	1.52648e-05	6.8514	4.56
21.4115	0.000341266	335.21	0.156914	0.142649	1.36506e-05	6.85168	4.6
21.4124	0.00030518	335.223	0.15692	0.142654	1.22072e-05	6.85195	4.64
21.4132	0.000272909	335.237	0.156926	0.14266	1.09164e-05	6.85223	4.68
21.4141	0.000244051	335.25	0.156932	0.142666	9.76203e-06	6.8525	4.72
21.4149	0.000218244	335.263	0.156939	0.142671	8.72977e-06	6.85278	4.76
21.4158	0.000195166	335.277	0.156945	0.142677	7.80665e-06	6.85305	4.8
21.4166	0.000174529	335.29	0.156951	0.142683	6.98115e-06	6.85333	4.84
21.4175	0.000156074	335.304	0.156957	0.142689	6.24295e-06	6.8536	4.88
21.4184	0.00013957	335.317	0.156964	0.142694	5.5828e-06	6.85388	4.92
21.4192	0.000124811	335.331	0.15697	0.1427	4.99246e-06	6.85415	4.96
21.4201	0.000111613	335.344	0.156976	0.142706	4.46454e-06	6.85443	5
21.4209	9.98111e-05	335.357	0.156983	0.142711	3.99244e-06	6.8547	5.04
21.4218	8.92568e-05	335.371	0.156989	0.142717	3.57027e-06	6.85498	5.08
21.4227	7.98185e-05	335.384	0.156995	0.142723	3.19274e-06	6.85525	5.12
21.4235	7.13783e-05	335.398	0.157001	0.142728	2.85513e-06	6.85552	5.16
21.4244	6.38305e-05	335.411	0.157008	0.142734	2.55322e-06	6.8558	5.2
21.4252	5.70809e-05	335.424	0.157014	0.14274	2.28323e-06	6.85607	5.24
21.4261	5.1045e-05	335.438	0.15702	0.142746	2.0418e-06	6.85635	5.28
21.4269	4.56473e-05	335.451	0.157026	0.142751	1.82589e-06	6.85662	5.32
21.4278	4.08204e-05	335.465	0.157033	0.142757	1.63282e-06	6.8569	5.36
21.4287	3.6504e-05	335.478	0.157039	0.142763	1.46016e-06	6.85717	5.4
21.4295	3.26439e-05	335.492	0.157045	0.142768	1.30576e-06	6.85744	5.44
21.4304	2.9192e-05	335.505	0.157052	0.142774	1.16768e-06	6.85772	5.48
21.4312	2.61052e-05	335.518	0.157058	0.14278	1.04421e-06	6.85799	5.52
21.4321	2.33447e-05	335.532	0.157064	0.142786	9.3379e-07	6.85827	5.56
21.4329	2.08762e-05	335.545	0.15707	0.142791	8.35048e-07	6.85854	5.6
21.4338	1.86687e-05	335.559	0.157077	0.142797	7.46748e-07	6.85882	5.64
21.4347	1.66946e-05	335.572	0.157083	0.142803	6.67784e-07	6.85909	5.68
21.4355	1.49293e-05	335.586	0.157089	0.142808	5.97171e-07	6.85937	5.72
21.4364	1.33506e-05	335.599	0.157096	0.142814	5.34024e-07	6.85964	5.76
21.4372	1.19389e-05	335.612	0.157102	0.14282	4.77555e-07	6.85991	5.8
21.4381	1.06764e-05	335.626	0.157108	0.142826	4.27057e-07	6.86019	5.84
21.4389	9.54746e-06	335.639	0.157114	0.142831	3.81898e-07	6.86046	5.88
21.4398	8.53788e-06	335.653	0.157121	0.142837	3.41515e-07	6.86074	5.92
21.4407	7.63506e-06	335.666	0.157127	0.142843	3.05402e-07	6.86101	5.96
21.4415	6.82771e-06	335.679	0.157133	0.142848	2.73108e-07	6.86129	6
21.4424	6.10572e-06	335.693	0.15714	0.142854	2.44229e-07	6.86156	6.04
21.4432	5.46009e-06	335.706	0.157146	0.14286	2.18403e-07	6.86183	6.08
21.4441	4.88272e-06	335.72	0.157152	0.142866	1.95309e-07	6.86211	6.12
21.4449	4.36641e-06	335.733	0.157158	0.142871	1.74656e-07	6.86238	6.16
21.4458	3.90469e-06	335.747	0.157165	0.142877	1.56188e-07	6.86266	6.2
21.4467	3.4918e-06	335.76	0.157171	0.142883	1.39672e-07	6.86293	6.24
21.4475	3.12256e-06	335.773	0.157177	0.142888	1.24903e-07	6.86321	6.28
21.4484	2.79237e-06	335.787	0.157184	0.142894	1.11695e-07	6.86348	6.32
21.4492	2.4971e-06	335.8	0.15719	0.1429	9.9884e-08	6.86376	6.36
21.4501	2.23305e-06	335.814	0.157196	0.142906	8.93219e-08	6.86403	6.4
21.451	1.99692e-06	335.827	0.157202	0.142911	7.98768e-08	6.86431	6.44
21.4518	1.78576e-06	335.841	0.157209	0.142917	7.14304e-08	6.86458	6.48
21.4527	1.59693e-06	335.854	0.157215	0.142923	6.38771e-08	6.86485	6.52
21.4535	1.42806e-06	335.867	0.157221	0.142928	5.71225e-08	6.86513	6.56
21.4544	1.27706e-06	335.881	0.157228	0.142934	5.10822e-08	6.8654	6.6
21.4552	1.14202e-06	335.894	0.157234	0.14294	4.56806e-08	6.86568	6.64
21.4561	1.02126e-06	335.908	0.15724	0.142946	4.08502e-08	6.86595	6.68
21.457	9.13265e-07	335.921	0.157246	0.142951	3.65306e-08	6.86623	6.72
21.4578	8.16694e-07	335.935	0.157253	0.142957	3.26677e-08	6.8665	6.76
21.4587	7.30334e-07	335.948	0.157259	0.142963	2.92134e-08	6.86678	6.8
21.4595	6.53106e-07	335.962	0.157265	0.142968	2.61242e-08	6.86705	6.84
21.4604	5.84045e-07	335.975	0.157272	0.142974	2.33618e-08	6.86733	6.88
21.4613	5.22286e-07	335.988	0.157278	0.14298	2.08914e-08	6.8676	6.92
21.4621	4.67058e-07	336.002	0.157284	0.142986	1.86823e-08	6.86787	6.96
21.463	4.1767e-07	336.015	0.15729	0.142991	1.67068e-08	6.86815	7
21.4638	3.73504e-07	336.029	0.157297	0.142997	1.49402e-08	6.86842	7.04
21.4647	3.34009e-07	336.042	0.157303	0.143003	1.33603e-08	6.8687	7.08
21.4655	2.9869e-07	336.056	0.157309	0.143008	1.19476e-08	6.86897	7.12
21.4664	2.67105e-07	336.069	0.157316	0.143014	1.06842e-08	6.86925	7.16
21.4673	2.38861e-07	336.082	0.157322	0.14302	9.55443e-09	6.86952	7.2
21.4681	2.13603e-07	336.096	0.157328	0.143026	8.54412e-09	6.8698	7.24
21.469	1.91016e-07	336.109	0.157334	0.143031	7.64064e-09	6.87007	7.28
21.4698	1.70817e-07	336.123	0.157341	0.143037	6.83269e-09	6.87035	7.32
21.4707	1.52755e-07	336.136	0.157347	0.143043	6.11018e-09	6.87062	7.36
21.4716	1.36602e-07	336.15	0.157353	0.143048	5.46407e-09	6.8709	7.4
21.4724	1.22157e-07	336.163	0.15736	0.143054	4.88629e-09	6.87117	7.44
21.4733	1.0924e-07	336.177	0.157366	0.14306	4.36959e-09	6.87145	7.48
21.4741	9.76885e-08	336.19	0.157372	0.143066	3.90754e-09	6.87172	7.52
21.475	8.73586e-08	336.203	0.157379	0.143071	3.49435e-09	6.872	7.56
21.4758	7.81211e-08	336.217	0.157385	0.143077	3.12484e-09	6.87227	7.6
21.4767	6.98603e-08	336.23	0.157391	0.143083	2.79441e-09	6.87255	7.64
21.4776	6.24731e-08	336.244	0.157397	0.143089	2.49892e-09	6.87282	7.68
21.4784	5.5867e-08	336.257	0.157404	0.143094	2.23468e-09	6.8731	7.72
21.4793	4.99594e-08	336.271	0.15741	0.1431	1.99838e-09	6.87337	7.76
21.4801	4.46766e-08	336.284	0.157416	0.143106	1.78706e-09	6.87365	7.8
21.481	3.99523e-08	336.298	0.157423	0.143111	1.59809e-09	6.87392	7.84
21.4819	3.57277e-08	336.311	0.157429	0.143117	1.42911e-09	6.8742	7.88
21.4827	3.19497e-08	336.324	0.157435	0.143123	1.27799e-09	6.87447	7.92
21.4836	2.85712e-08	336.338	0.157441	0.143129	1.14285e-09	6.87474	7.96
21.4844	2.555e-08	336.351	0.157448	0.143134	1.022e-09	6.87502	8
21.4853	2.28483e-08	336.365	0.157454	0.14314	9.13932e-10	6.87529	8.04
21.4862	2.04322e-08	336.378	0.15746	0.143146	8.1729e-10	6.87557	8.08
21.487	1.82717e-08	336.392	0.157467	0.143152	7.30867e-10	6.87584	8.12
21.4879	1.63396e-08	336.405	0.157473	0.143157	6.53583e-10	6.87612	8.16
21.4887	1.46118e-08	336.419	0.157479	0.143163	5.84471e-10	6.87639	8.2
21.4896	1.30667e-08	336.432	0.157486	0.143169	5.22667e-10	6.87667	8.24
21.4905	1.1685e-08	336.446	0.157492	0.143174	4.67399e-10	6.87694	8.28
21.4913	1.04494e-08	336.459	0.157498	0.14318	4.17975e-10	6.87722	8.32
21.4922	9.34442e-09	336.472	0.157504	0.143186	3.73777e-10	6.87749	8.36
21.493	8.35631e-09	336.486	0.157511	0.143192	3.34253e-10	6.87777	8.4
21.4939	7.47269e-09	336.499	0.157517	0.143197	2.98908e-10	6.87804	8.44
21.4948	6.68251e-09	336.513	0.157523	0.143203	2.673e-10	6.87832	8.48
21.4956	5.97588e-09	336.526	0.15753	0.143209	2.39035e-10	6.8786	8.52
21.4965	5.34397e-09	336.54	0.157536	0.143214	2.13759e-10	6.87887	8.56
21.4973	4.77888e-09	336.553	0.157542	0.14322	1.91155e-10	6.87915	8.6
21.4982	4.27355e-09	336.567	0.157549	0.143226	1.70942e-10	6.87942	8.64
21.499	3.82165e-09	336.58	0.157555	0.143232	1.52866e-10	6.8797	8.68
21.4999	3.41754e-09	336.594	0.157561	0.143237	1.36702e-10	6.87997	8.72
21.5008	3.05616e-09	336.607	0.157567	0.143243	1.22246e-10	6.88025	8.76
21.5016	2.73299e-09	336.621	0.157574	0.143249	1.0932e-10	6.88052	8.8
21.5025	2.444e-09	336.634	0.15758	0.143255	9.77598e-11	6.8808	8.84
21.5033	2.18556e-09	336.647	0.157586	0.14326	8.74224e-11	6.88107	8.88
21.5042	1.95445e-09	336.661	0.157593	0.143266	7.81781e-11	6.88135	8.92
21.5051	1.74778e-09	336.674	0.157599	0.143272	6.99113e-11	6.88162	8.96
21.5059	1.56297e-09	336.688	0.157605	0.143278	6.25187e-11	6.8819	9
21.5068	1.39769e-09	336.701	0.157612	0.143283	5.59078e-11	6.88217	9.04
21.5076	1.2499e-09	336.715	0.157618	0.143289	4.99959e-11	6.88245	9.08
21.5085	1.11773e-09	336.728	0.157624	0.143295	4.47092e-11	6.88272	9.12
21.5094	9.99537e-10	336.742	0.15763	0.1433	3.99815e-11	6.883	9.16
21.5102	8.93843e-10	336.755	0.157637	0.143306	3.57537e-11	6.88327	9.2
21.5111	7.99326e-10	336.769	0.157643	0.143312	3.1973e-11	6.88355	9.24
21.5119	7.14803e-10	336.782	0.157649	0.143318	2.85921e-11	6.88382	9.28
21.5128	6.39217e-10	336.796	0.157656	0.143323	2.55687e-11	6.8841	9.32
21.5137	5.71624e-10	336.809	0.157662	0.143329	2.2865e-11	6.88437	9.36
21.5145	5.11179e-10	336.823	0.157668	0.143335	2.04472e-11	6.88465	9.4
21.5154	4.57125e-10	336.836	0.157675	0.143341	1.8285e-11	6.88493	9.44
21.5163	4.08788e-10	336.849	0.157681	0.143346	1.63515e-11	6.8852	9.48
21.5171	3.65561e-10	336.863	0.157687	0.143352	1.46224e-11	6.88548	9.52
21.518	3.26906e-10	336.876	0.157694	0.143358	1.30762e-11	6.88575	9.56
21.5188	2.92338e-10	336.89	0.1577	0.143363	1.16935e-11	6.88603	9.6
21.5197	2.61425e-10	336.903	0.157706	0.143369	1.0457e-11	6.8863	9.64
21.5206	2.33781e-10	336.917	0.157712	0.143375	9.35124e-12	6.88658	9.68
21.5214	2.0906e-10	336.93	0.157719	0.143381	8.36241e-12	6.88685	9.72
21.5223	1.86954e-10	336.944	0.157725	0.143386	7.47815e-12	6.88713	9.76
21.5231	1.67185e-10	336.957	0.157731	0.143392	6.68739e-12	6.8874	9.8
21.524	1.49506e-10	336.971	0.157738	0.143398	5.98024e-12	6.88768	9.84
21.5249	1.33697e-10	336.984	0.157744	0.143404	5.34787e-12	6.88795	9.88
21.5257	1.19559e-10	336.998	0.15775	0.143409	4.78237e-12	6.88823	9.92
21.5266	1.06917e-10	337.011	0.157757	0.143415	4.27667e-12	6.88851	9.96
21.5274	9.5611e-11	337.025	0.157763	0.143421	3.82444e-12	6.88878	10
21.5283	8.55008e-11	337.038	0.157769	0.143427	3.42003e-12	6.88906	10.04
21.5292	7.64597e-11	337.052	0.157776	0.143432	3.05839e-12	6.88933	10.08
21.53	6.83746e-11	337.065	0.157782	0.143438	2.73499e-12	6.88961	10.12
21.5309	6.11445e-11	337.079	0.157788	0.143444	2.44578e-12	6.88988	10.16
21.5317	5.46789e-11	337.092	0.157794	0.14345	2.18716e-12	6.89016	10.2
21.5326	4.8897e-11	337.106	0.157801	0.143455	1.95588e-12	6.89043	10.24
21.5335	4.37265e-11	337.119	0.157807	0.143461	1.74906e-12	6.89071	10.28
21.5343	3.91027e-11	337.132	0.157813	0.143467	1.56411e-12	6.89099	10.32
21.5352	3.49679e-11	337.146	0.15782	0.143472	1.39871e-12	6.89126	10.36
21.5361	3.12703e-11	337.159	0.157826	0.143478	1.25081e-12	6.89154	10.4
21.5369	2.79636e-11	337.173	0.157832	0.143484	1.11855e-12	6.89181	10.44
21.5378	2.50067e-11	337.186	0.157839	0.14349	1.00027e-12	6.89209	10.48
21.5386	2.23624e-11	337.2	0.157845	0.143495	8.94496e-13	6.89236	10.52
21.5395	1.99977e-11	337.213	0.157851	0.143501	7.99909e-13	6.89264	10.56
21.5404	1.78831e-11	337.227	0.157858	0.143507	7.15324e-13	6.89291	10.6
21.5412	1.59921e-11	337.24	0.157864	0.143513	6.39684e-13	6.89319	10.64
21.5421	1.4301e-11	337.254	0.15787	0.143518	5.72042e-13	6.89347	10.68
21.5429	1.27888e-11	337.267	0.157877	0.143524	5.11552e-13	6.89374	10.72
21.5438	1.14365e-11	337.281	0.157883	0.14353	4.57459e-13	6.89402	10.76
21.5447	1.02272e-11	337.294	0.157889	0.143536	4.09086e-13	6.89429	10.8
21.5455	9.1457e-12	337.308	0.157895	0.143541	3.65828e-13	6.89457	10.84
21.5464	8.17861e-12	337.321	0.157902	0.143547	3.27144e-13	6.89484	10.88
21.5473	7.31378e-12	337.335	0.157908	0.143553	2.92551e-13	6.89512	10.92
21.5481	6.5404e-12	337.348	0.157914	0.143559	2.61616e-13	6.8954	10.96
21.549	5.84879e-12	337.362	0.157921	0.143564	2.33952e-13	6.89567	11
21.5498	5.23032e-12	337.375	0.157927	0.14357	2.09213e-13	6.89595	11.04
21.5507	4.67725e-12	337.389	0.157933	0.143576	1.8709e-13	6.89622	11.08
21.5516	4.18267e-12	337.402	0.15794	0.143582	1.67307e-13	6.8965	11.12
21.5524	3.74038e-12	337.416	0.157946	0.143587	1.49615e-13	6.89678	11.16
21.5533	3.34486e-12	337.429	0.157952	0.143593	1.33794e-13	6.89705	11.2
21.5541	2.99116e-12	337.443	0.157959	0.143599	1.19647e-13	6.89733	11.24
21.555	2.67487e-12	337.456	0.157965	0.143604	1.06995e-13	6.8976	11.28
21.5559	2.39202e-12	337.47	0.157971	0.14361	9.56808e-14	6.89788	11.32
21.5567	2.13908e-12	337.483	0.157978	0.143616	8.55633e-14	6.89815	11.36
21.5576	1.91289e-12	337.497	0.157984	0.143622	7.65155e-14	6.89843	11.4
21.5585	1.71061e-12	337.51	0.15799	0.143627	6.84246e-14	6.89871	11.44
21.5593	1.52973e-12	337.524	0.157997	0.143633	6.11891e-14	6.89898	11.48
21.5602	1.36797e-12	337.537	0.158003	0.143639	5.47188e-14	6.89926	11.52
21.561	1.22332e-12	337.551	0.158009	0.143645	4.89327e-14	6.89953	11.56
21.5619	1.09396e-12	337.564	0.158015	0.14365	4.37584e-14	6.89981	11.6
21.5628	9.78281e-13	337.578	0.158022	0.143656	3.91312e-14	6.90009	11.64
21.5636	8.74835e-13	337.591	0.158028	0.143662	3.49934e-14	6.90036	11.68
21.5645	7.82327e-13	337.605	0.158034	0.143668	3.12931e-14	6.90064	11.72
21.5654	6.99601e-13	337.618	0.158041	0.143673	2.79841e-14	6.90091	11.76
21.5662	6.25623e-13	337.632	0.158047	0.143679	2.50249e-14	6.90119	11.8
21.5671	5.59468e-13	337.645	0.158053	0.143685	2.23787e-14	6.90147	11.84
21.5679	5.00308e-13	337.659	0.15806	0.143691	2.00123e-14	6.90174	11.88
21.5688	4.47404e-13	337.672	0.158066	0.143696	1.78962e-14	6.90202	11.92
21.5697	4.00094e-13	337.686	0.158072	0.143702	1.60038e-14	6.90229	11.96
21.5705	3.57787e-13	337.699	0.158079	0.143708	1.43115e-14	6.90257	12
21.5714	3.19954e-13	337.713	0.158085	0.143714	1.27981e-14	6.90285	12.04
21.5723	2.86121e-13	337.726	0.158091	0.143719	1.14448e-14	6.90312	12.08
21.5731	2.55865e-13	337.74	0.158098	0.143725	1.02346e-14	6.9034	12.12
21.574	2.28809e-13	337.753	0.158104	0.143731	9.15238e-15	6.90367	12.16
21.5748	2.04614e-13	337.767	0.15811	0.143737	8.18458e-15	6.90395	12.2
21.5757	1.82978e-13	337.78	0.158117	0.143742	7.31912e-15	6.90423	12.24
21.5766	1.63629e-13	337.794	0.158123	0.143748	6.54517e-15	6.9045	12.28
21.5774	1.46327e-13	337.807	0.158129	0.143754	5.85306e-15	6.90478	12.32
21.5783	1.30854e-13	337.821	0.158136	0.14376	5.23414e-15	6.90505	12.36
21.5792	1.17017e-13	337.834	0.158142	0.143765	4.68067e-15	6.90533	12.4
21.58	1.04643e-13	337.848	0.158148	0.143771	4.18572e-15	6.90561	12.44
21.5809	9.35778e-14	337.861	0.158155	0.143777	3.74311e-15	6.90588	12.48
21.5817	8.36826e-14	337.875	0.158161	0.143783	3.3473e-15	6.90616	12.52
21.5826	7.48337e-14	337.888	0.158167	0.143788	2.99335e-15	6.90644	12.56
21.5835	6.69206e-14	337.902	0.158174	0.143794	2.67682e-15	6.90671	12.6
21.5843	5.98442e-14	337.915	0.15818	0.1438	2.39377e-15	6.90699	12.64
21.5852	5.35161e-14	337.929	0.158186	0.143806	2.14064e-15	6.90726	12.68
21.5861	4.78571e-14	337.942	0.158193	0.143811	1.91429e-15	6.90754	12.72
21.5869	4.27966e-14	337.956	0.158199	0.143817	1.71186e-15	6.90782	12.76
21.5878	3.82711e-14	337.969	0.158205	0.143823	1.53085e-15	6.90809	12.8
21.5887	3.42242e-14	337.983	0.158212	0.143829	1.36897e-15	6.90837	12.84
21.5895	3.06053e-14	337.996	0.158218	0.143834	1.22421e-15	6.90865	12.88
21.5904	2.7369e-14	338.01	0.158224	0.14384	1.09476e-15	6.90892	12.92
21.5912	2.44749e-14	338.024	0.15823	0.143846	9.78995e-16	6.9092	12.96
21.5921	2.18868e-14	338.037	0.158237	0.143852	8.75473e-16	6.90947	13
21.593	1.95725e-14	338.051	0.158243	0.143857	7.82898e-16	6.90975	13.04
21.5938	1.75028e-14	338.064	0.158249	0.143863	7.00112e-16	6.91003	13.08
21.5947	1.5652e-14	338.078	0.158256	0.143869	6.2608e-16	6.9103	13.12
21.5956	1.39969e-14	338.091	0.158262	0.143875	5.59877e-16	6.91058	13.16
21.5964	1.25168e-14	338.105	0.158268	0.14388	5.00673e-16	6.91086	13.2
21.5973	1.11933e-14	338.118	0.158275	0.143886	4.47731e-16	6.91113	13.24
21.5982	1.00097e-14	338.132	0.158281	0.143892	4.00386e-16	6.91141	13.28
21.599	8.95121e-15	338.145	0.158287	0.143898	3.58048e-16	6.91169	13.32
21.5999	8.00468e-15	338.159	0.158294	0.143903	3.20187e-16	6.91196	13.36
21.6007	7.15824e-15	338.172	0.1583	0.143909	2.8633e-16	6.91224	13.4
21.6016	6.40131e-15	338.186	0.158306	0.143915	2.56052e-16	6.91251	13.44
21.6025	5.72441e-15	338.199	0.158313	0.143921	2.28976e-16	6.91279	13.48
21.6033	5.1191e-15	338.213	0.158319	0.143926	2.04764e-16	6.91307	13.52
21.6042	4.57779e-15	338.226	0.158325	0.143932	1.83111e-16	6.91334	13.56
21.6051	4.09372e-15	338.24	0.158332	0.143938	1.63749e-16	6.91362	13.6
21.6059	3.66084e-15	338.253	0.158338	0.143944	1.46433e-16	6.9139	13.64
21.6068	3.27373e-15	338.267	0.158344	0.143949	1.30949e-16	6.91417	13.68
21.6077	2.92755e-15	338.28	0.158351	0.143955	1.17102e-16	6.91445	13.72
21.6085	2.61799e-15	338.294	0.158357	0.143961	1.04719e-16	6.91473	13.76
21.6094	2.34115e-15	338.308	0.158363	0.143967	9.36461e-17	6.915	13.8
21.6102	2.09359e-15	338.321	0.15837	0.143973	8.37437e-17	6.91528	13.84
21.6111	1.87221e-15	338.335	0.158376	0.143978	7.48883e-17	6.91556	13.88
21.612	1.67424e-15	338.348	0.158382	0.143984	6.69694e-17	6.91583	13.92
21.6128	1.4972e-15	338.362	0.158389	0.14399	5.98879e-17	6.91611	13.96
21.6137	1.33888e-15	338.375	0.158395	0.143996	5.35551e-17	6.91639	14
21.6146	1.1973e-15	338.389	0.158401	0.144001	4.78921e-17	6.91666	14.04
21.6154	1.0707e-15	338.402	0.158408	0.144007	4.28278e-17	6.91694	14.08
21.6163	9.57477e-16	338.416	0.158414	0.144013	3.82991e-17	6.91722	14.12
21.6172	8.5623e-16	338.429	0.15842	0.144019	3.42492e-17	6.91749	14.16
21.618	7.6569e-16	338.443	0.158427	0.144024	3.06276e-17	6.91777	14.2
21.6189	6.84723e-16	338.456	0.158433	0.14403	2.73889e-17	6.91805	14.24
21.6198	6.12319e-16	338.47	0.158439	0.144036	2.44927e-17	6.91832	14.28
21.6206	5.4757e-16	338.483	0.158446	0.144042	2.19028e-17	6.9186	14.32
21.6215	4.89669e-16	338.497	0.158452	0.144047	1.95867e-17	6.91888	14.36
21.6224	4.3789e-16	338.511	0.158458	0.144053	1.75156e-17	6.91915	14.4
21.6232	3.91586e-16	338.524	0.158465	0.144059	1.56634e-17	6.91943	14.44
21.6241	3.50178e-16	338.538	0.158471	0.144065	1.40071e-17	6.91971	14.48
21.6249	3.13149e-16	338.551	0.158477	0.14407	1.2526e-17	6.91998	14.52
21.6258	2.80036e-16	338.565	0.158484	0.144076	1.12014e-17	6.92026	14.56
21.6267	2.50424e-16	338.578	0.15849	0.144082	1.0017e-17	6.92054	14.6
21.6275	2.23944e-16	338.592	0.158496	0.144088	8.95774e-18	6.92081	14.64
21.6284	2.00263e-16	338.605	0.158503	0.144093	8.01052e-18	6.92109	14.68
21.6293	1.79087e-16	338.619	0.158509	0.144099	7.16347e-18	6.92137	14.72
21.6301	1.60149e-16	338.632	0.158516	0.144105	6.40598e-18	6.92164	14.76
21.631	1.43215e-16	338.646	0.158522	0.144111	5.72859e-18	6.92192	14.8
21.6319	1.28071e-16	338.659	0.158528	0.144117	5.12283e-18	6.9222	14.84
21.6327	1.14528e-16	338.673	0.158535	0.144122	4.58113e-18	6.92247	14.88
21.6336	1.02418e-16	338.687	0.158541	0.144128	4.09671e-18	6.92275	14.92
21.6345	9.15877e-17	338.7	0.158547	0.144134	3.66351e-18	6.92303	14.96
21.6353	8.19029e-17	338.714	0.158554	0.14414	3.27612e-18	6.9233	15
21.6362	7.32423e-17	338.727	0.15856	0.144145	2.92969e-18	6.92358	15.04
21.6371	6.54974e-17	338.741	0.158566	0.144151	2.6199e-18	6.92386	15.08
21.6379	5.85715e-17	338.754	0.158573	0.144157	2.34286e-18	6.92414	15.12
21.6388	5.2378e-17	338.768	0.158579	0.144163	2.09512e-18	6.92441	15.16
21.6397	4.68394e-17	338.781	0.158585	0.144168	1.87358e-18	6.92469	15.2
21.6405	4.18864e-17	338.795	0.158592	0.144174	1.67546e-18	6.92497	15.24
21.6414	3.74572e-17	338.809	0.158598	0.14418	1.49829e-18	6.92524	15.28
21.6423	3.34964e-17	338.822	0.158604	0.144186	1.33986e-18	6.92552	15.32
21.6431	2.99544e-17	338.836	0.158611	0.144191	1.19818e-18	6.9258	15.36
21.644	2.67869e-17	338.849	0.158617	0.144197	1.07148e-18	6.92607	15.4
21.6448	2.39544e-17	338.863	0.158623	0.144203	9.58176e-19	6.92635	15.44
21.6457	2.14214e-17	338.876	0.15863	0.144209	8.56855e-19	6.92663	15.48
21.6466	1.91562e-17	338.89	0.158636	0.144215	7.66249e-19	6.92691	15.52
21.6474	1.71306e-17	338.903	0.158642	0.14422	6.85223e-19	6.92718	15.56
21.6483	1.53191e-17	338.917	0.158649	0.144226	6.12766e-19	6.92746	15.6
21.6492	1.36993e-17	338.93	0.158655	0.144232	5.4797e-19	6.92774	15.64
21.65	1.22507e-17	338.944	0.158661	0.144238	4.90026e-19	6.92801	15.68
21.6509	1.09552e-17	338.958	0.158668	0.144243	4.38209e-19	6.92829	15.72
21.6518	9.79679e-18	338.971	0.158674	0.144249	3.91872e-19	6.92857	15.76
21.6526	8.76085e-18	338.985	0.15868	0.144255	3.50434e-19	6.92884	15.8
21.6535	7.83445e-18	338.998	0.158687	0.144261	3.13378e-19	6.92912	15.84
21.6544	7.00601e-18	339.012	0.158693	0.144266	2.8024e-19	6.9294	15.88
21.6552	6.26517e-18	339.025	0.158699	0.144272	2.50607e-19	6.92968	15.92
21.6561	5.60268e-18	339.039	0.158706	0.144278	2.24107e-19	6.92995	15.96
21.657	5.01023e-18	339.052	0.158712	0.144284	2.00409e-19	6.93023	16
21.6578	4.48043e-18	339.066	0.158719	0.14429	1.79217e-19	6.93051	16.04
21.6587	4.00666e-18	339.08	0.158725	0.144295	1.60266e-19	6.93078	16.08
21.6596	3.58298e-18	339.093	0.158731	0.144301	1.43319e-19	6.93106	16.12
21.6604	3.20411e-18	339.107	0.158738	0.144307	1.28164e-19	6.93134	16.16
21.6613	2.8653e-18	339.12	0.158744	0.144313	1.14612e-19	6.93162	16.2
21.6622	2.56231e-18	339.134	0.15875	0.144318	1.02492e-19	6.93189	16.24
21.663	2.29136e-18	339.147	0.158757	0.144324	9.16546e-20	6.93217	16.28
21.6639	2.04907e-18	339.161	0.158763	0.14433	8.19627e-20	6.93245	16.32
21.6648	1.83239e-18	339.175	0.158769	0.144336	7.32958e-20	6.93273	16.36
21.6656	1.63863e-18	339.188	0.158776	0.144341	6.55452e-20	6.933	16.4
21.6665	1.46536e-18	339.202	0.158782	0.144347	5.86143e-20	6.93328	16.44
21.6674	1.31041e-18	339.215	0.158788	0.144353	5.24162e-20	6.93356	16.48
21.6682	1.17184e-18	339.229	0.158795	0.144359	4.68736e-20	6.93383	16.52
21.6691	1.04793e-18	339.242	0.158801	0.144365	4.1917e-20	6.93411	16.56
21.67	9.37115e-19	339.256	0.158807	0.14437	3.74846e-20	6.93439	16.6
21.6708	8.38021e-19	339.27	0.158814	0.144376	3.35209e-20	6.93467	16.64
21.6717	7.49407e-19	339.283	0.15882	0.144382	2.99763e-20	6.93494	16.68
21.6726	6.70162e-19	339.297	0.158826	0.144388	2.68065e-20	6.93522	16.72
21.6734	5.99297e-19	339.31	0.158833	0.144393	2.39719e-20	6.9355	16.76
21.6743	5.35926e-19	339.324	0.158839	0.144399	2.1437e-20	6.93578	16.8
21.6752	4.79255e-19	339.337	0.158846	0.144405	1.91702e-20	6.93605	16.84
21.676	4.28577e-19	339.351	0.158852	0.144411	1.71431e-20	6.93633	16.88
21.6769	3.83258e-19	339.365	0.158858	0.144417	1.53303e-20	6.93661	16.92
21.6778	3.42731e-19	339.378	0.158865	0.144422	1.37093e-20	6.93689	16.96
21.6786	3.0649e-19	339.392	0.158871	0.144428	1.22596e-20	6.93716	17
21.6795	2.74081e-19	339.405	0.158877	0.144434	1.09632e-20	6.93744	17.04
21.6804	2.45099e-19	339.419	0.158884	0.14444	9.80394e-21	6.93772	17.08
21.6812	2.19181e-19	339.432	0.15889	0.144445	8.76724e-21	6.938	17.12
21.6821	1.96004e-19	339.446	0.158896	0.144451	7.84017e-21	6.93827	17.16
21.683	1.75278e-19	339.46	0.158903	0.144457	7.01113e-21	6.93855	17.2
21.6838	1.56744e-19	339.473	0.158909	0.144463	6.26975e-21	6.93883	17.24
21.6847	1.40169e-19	339.487	0.158915	0.144469	5.60677e-21	6.93911	17.28
21.6856	1.25347e-19	339.5	0.158922	0.144474	5.01389e-21	6.93938	17.32
21.6864	1.12093e-19	339.514	0.158928	0.14448	4.48371e-21	6.93966	17.36
21.6873	1.0024e-19	339.527	0.158934	0.144486	4.00959e-21	6.93994	17.4
21.6882	8.964e-20	339.541	0.158941	0.144492	3.5856e-21	6.94022	17.44
21.689	8.01612e-20	339.555	0.158947	0.144497	3.20645e-21	6.94049	17.48
21.6899	7.16847e-20	339.568	0.158954	0.144503	2.86739e-21	6.94077	17.52
21.6908	6.41045e-20	339.582	0.15896	0.144509	2.56418e-21	6.94105	17.56
21.6916	5.73259e-20	339.595	0.158966	0.144515	2.29304e-21	6.94133	17.6
21.6925	5.12641e-20	339.609	0.158973	0.144521	2.05056e-21	6.9416	17.64
21.6934	4.58433e-20	339.622	0.158979	0.144526	1.83373e-21	6.94188	17.68
21.6942	4.09957e-20	339.636	0.158985	0.144532	1.63983e-21	6.94216	17.72
21.6951	3.66607e-20	339.65	0.158992	0.144538	1.46643e-21	6.94244	17.76
21.696	3.27841e-20	339.663	0.158998	0.144544	1.31136e-21	6.94271	17.8
21.6968	2.93174e-20	339.677	0.159004	0.144549	1.1727e-21	6.94299	17.84
21.6977	2.62173e-20	339.69	0.159011	0.144555	1.04869e-21	6.94327	17.88
21.6986	2.3445e-20	339.704	0.159017	0.144561	9.37799e-22	6.94355	17.92
21.6995	2.09658e-20	339.718	0.159023	0.144567	8.38633e-22	6.94382	17.96
21.7003	1.87488e-20	339.731	0.15903	0.144573	7.49954e-22	6.9441	18
21.7012	1.67663e-20	339.745	0.159036	0.144578	6.70651e-22	6.94438	18.04
21.7021	1.49934e-20	339.758	0.159043	0.144584	5.99735e-22	6.94466	18.08
21.7029	1.34079e-20	339.772	0.159049	0.14459	5.36317e-22	6.94494	18.12
21.7038	1.19901e-20	339.785	0.159055	0.144596	4.79605e-22	6.94521	18.16
21.7047	1.07223e-20	339.799	0.159062	0.144601	4.2889e-22	6.94549	18.2
21.7055	9.58845e-21	339.813	0.159068	0.144607	3.83538e-22	6.94577	18.24
21.7064	8.57454e-21	339.826	0.159074	0.144613	3.42982e-22	6.94605	18.28
21.7073	7.66784e-21	339.84	0.159081	0.144619	3.06714e-22	6.94632	18.32
21.7081	6.85702e-21	339.853	0.159087	0.144625	2.74281e-22	6.9466	18.36
21.709	6.13194e-21	339.867	0.159093	0.14463	2.45278e-22	6.94688	18.4
21.7099	5.48353e-21	339.881	0.1591	0.144636	2.19341e-22	6.94716	18.44
21.7107	4.90368e-21	339.894	0.159106	0.144642	1.96147e-22	6.94744	18.48
21.7116	4.38515e-21	339.908	0.159113	0.144648	1.75406e-22	6.94771	18.52
21.7125	3.92145e-21	339.921	0.159119	0.144654	1.56858e-22	6.94799	18.56
21.7133	3.50679e-21	339.935	0.159125	0.144659	1.40271e-22	6.94827	18.6
21.7142	3.13597e-21	339.949	0.159132	0.144665	1.25439e-22	6.94855	18.64
21.7151	2.80436e-21	339.962	0.159138	0.144671	1.12174e-22	6.94882	18.68
21.7159	2.50782e-21	339.976	0.159144	0.144677	1.00313e-22	6.9491	18.72
21.7168	2.24264e-21	339.989	0.159151	0.144682	8.97054e-23	6.94938	18.76
21.7177	2.00549e-21	340.003	0.159157	0.144688	8.02197e-23	6.94966	18.8
21.7186	1.79343e-21	340.017	0.159163	0.144694	7.1737e-23	6.94994	18.84
21.7194	1.60378e-21	340.03	0.15917	0.1447	6.41513e-23	6.95021	18.88
21.7203	1.43419e-21	340.044	0.159176	0.144706	5.73678e-23	6.95049	18.92
21.7212	1.28254e-21	340.057	0.159183	0.144711	5.13015e-23	6.95077	18.96
21.722	1.14692e-21	340.071	0.159189	0.144717	4.58768e-23	6.95105	19
21.7229	1.02564e-21	340.085	0.159195	0.144723	4.10256e-23	6.95133	19.04
21.7238	9.17186e-22	340.098	0.159202	0.144729	3.66874e-23	6.9516	19.08
21.7246	8.202e-22	340.112	0.159208	0.144735	3.2808e-23	6.95188	19.12
21.7255	7.33469e-22	340.125	0.159214	0.14474	2.93388e-23	6.95216	19.16
21.7264	6.5591e-22	340.139	0.159221	0.144746	2.62364e-23	6.95244	19.2
21.7272	5.86552e-22	340.153	0.159227	0.144752	2.34621e-23	6.95272	19.24
21.7281	5.24528e-22	340.166	0.159233	0.144758	2.09811e-23	6.95299	19.28
21.729	4.69063e-22	340.18	0.15924	0.144764	1.87625e-23	6.95327	19.32
21.7298	4.19463e-22	340.193	0.159246	0.144769	1.67785e-23	6.95355	19.36
21.7307	3.75108e-22	340.207	0.159253	0.144775	1.50043e-23	6.95383	19.4
21.7316	3.35443e-22	340.221	0.159259	0.144781	1.34177e-23	6.95411	19.44
21.7325	2.99972e-22	340.234	0.159265	0.144787	1.19989e-23	6.95438	19.48
21.7333	2.68252e-22	340.248	0.159272	0.144792	1.07301e-23	6.95466	19.52
21.7342	2.39886e-22	340.261	0.159278	0.144798	9.59545e-24	6.95494	19.56
21.7351	2.1452e-22	340.275	0.159284	0.144804	8.5808e-24	6.95522	19.6
21.7359	1.91836e-22	340.289	0.159291	0.14481	7.67344e-24	6.9555	19.64
21.7368	1.71551e-22	340.302	0.159297	0.144816	6.86203e-24	6.95578	19.68
21.7377	1.5341e-22	340.316	0.159304	0.144821	6.13641e-24	6.95605	19.72
21.7385	1.37188e-22	340.329	0.15931	0.144827	5.48753e-24	6.95633	19.76
21.7394	1.22682e-22	340.343	0.159316	0.144833	4.90726e-24	6.95661	19.8
21.7403	1.09709e-22	340.357	0.159323	0.144839	4.38835e-24	6.95689	19.84
21.7411	9.81079e-23	340.37	0.159329	0.144845	3.92432e-24	6.95717	19.88
21.742	8.77337e-23	340.384	0.159335	0.14485	3.50935e-24	6.95745	19.92
21.7429	7.84565e-23	340.398	0.159342	0.144856	3.13826e-24	6.95772	19.96
21.7438	7.01602e-23	340.411	0.159348	0.144862	2.80641e-24	6.958	20
21.7446	6.27413e-23	340.425	0.159355	0.144868	2.50965e-24	6.95828	20.04
21.7455	5.61068e-23	340.438	0.159361	0.144874	2.24427e-24	6.95856	20.08
21.7464	5.01739e-23	340.452	0.159367	0.144879	2.00696e-24	6.95884	20.12
21.7472	4.48684e-23	340.466	0.159374	0.144885	1.79473e-24	6.95911	20.16
21.7481	4.01239e-23	340.479	0.15938	0.144891	1.60495e-24	6.95939	20.2
21.749	3.5881e-23	340.493	0.159386	0.144897	1.43524e-24	6.95967	20.24
21.7498	3.20869e-23	340.506	0.159393	0.144903	1.28347e-24	6.95995	20.28
21.7507	2.86939e-23	340.52	0.159399	0.144908	1.14776e-24	6.96023	20.32
21.7516	2.56597e-23	340.534	0.159406	0.144914	1.02639e-24	6.96051	20.36
21.7525	2.29464e-23	340.547	0.159412	0.14492	9.17856e-25	6.96078	20.4
21.7533	2.052e-23	340.561	0.159418	0.144926	8.20799e-25	6.96106	20.44
21.7542	1.83501e-23	340.575	0.159425	0.144932	7.34005e-25	6.96134	20.48
21.7551	1.64097e-23	340.588	0.159431	0.144937	6.56389e-25	6.96162	20.52
21.7559	1.46745e-23	340.602	0.159437	0.144943	5.8698e-25	6.9619	20.56
21.7568	1.31228e-23	340.615	0.159444	0.144949	5.24911e-25	6.96218	20.6
21.7577	1.17351e-23	340.629	0.15945	0.144955	4.69406e-25	6.96246	20.64
21.7585	1.04942e-23	340.643	0.159457	0.14496	4.19769e-25	6.96273	20.68
21.7594	9.38454e-24	340.656	0.159463	0.144966	3.75382e-25	6.96301	20.72
21.7603	8.39219e-24	340.67	0.159469	0.144972	3.35688e-25	6.96329	20.76
21.7612	7.50477e-24	340.684	0.159476	0.144978	3.00191e-25	6.96357	20.8
21.762	6.7112e-24	340.697	0.159482	0.144984	2.68448e-25	6.96385	20.84
21.7629	6.00153e-24	340.711	0.159488	0.144989	2.40061e-25	6.96413	20.88
21.7638	5.36691e-24	340.724	0.159495	0.144995	2.14677e-25	6.9644	20.92
21.7646	4.7994e-24	340.738	0.159501	0.145001	1.91976e-25	6.96468	20.96
21.7655	4.2919e-24	340.752	0.159508	0.145007	1.71676e-25	6.96496	21
21.7664	3.83806e-24	340.765	0.159514	0.145013	1.53522e-25	6.96524	21.04
21.7672	3.43221e-24	340.779	0.15952	0.145018	1.37288e-25	6.96552	21.08
21.7681	3.06928e-24	340.793	0.159527	0.145024	1.22771e-25	6.9658	21.12
21.769	2.74472e-24	340.806	0.159533	0.14503	1.09789e-25	6.96608	21.16
21.7699	2.45449e-24	340.82	0.159539	0.145036	9.81795e-26	6.96635	21.2
21.7707	2.19494e-24	340.833	0.159546	0.145042	8.77977e-26	6.96663	21.24
21.7716	1.96284e-24	340.847	0.159552	0.145047	7.85137e-26	6.96691	21.28
21.7725	1.75529e-24	340.861	0.159559	0.145053	7.02115e-26	6.96719	21.32
21.7733	1.56968e-24	340.874	0.159565	0.145059	6.27871e-26	6.96747	21.36
21.7742	1.40369e-24	340.888	0.159571	0.145065	5.61478e-26	6.96775	21.4
21.7751	1.25526e-24	340.902	0.159578	0.145071	5.02105e-26	6.96803	21.44
21.776	1.12253e-24	340.915	0.159584	0.145076	4.49011e-26	6.96831	21.48
21.7768	1.00383e-24	340.929	0.159591	0.145082	4.01531e-26	6.96858	21.52
21.7777	8.97681e-25	340.943	0.159597	0.145088	3.59072e-26	6.96886	21.56
21.7786	8.02757e-25	340.956	0.159603	0.145094	3.21103e-26	6.96914	21.6
21.7794	7.17871e-25	340.97	0.15961	0.1451	2.87149e-26	6.96942	21.64
21.7803	6.41961e-25	340.983	0.159616	0.145105	2.56785e-26	6.9697	21.68
21.7812	5.74078e-25	340.997	0.159622	0.145111	2.29631e-26	6.96998	21.72
21.7821	5.13374e-25	341.011	0.159629	0.145117	2.05349e-26	6.97026	21.76
21.7829	4.59088e-25	341.024	0.159635	0.145123	1.83635e-26	6.97053	21.8
21.7838	4.10543e-25	341.038	0.159642	0.145129	1.64217e-26	6.97081	21.84
21.7847	3.67131e-25	341.052	0.159648	0.145135	1.46852e-26	6.97109	21.88
21.7855	3.28309e-25	341.065	0.159654	0.14514	1.31324e-26	6.97137	21.92
21.7864	2.93593e-25	341.079	0.159661	0.145146	1.17437e-26	6.97165	21.96
21.7873	2.62547e-25	341.093	0.159667	0.145152	1.05019e-26	6.97193	22
21.7881	2.34785e-25	341.106	0.159674	0.145158	9.39139e-27	6.97221	22.04
21.789	2.09958e-25	341.12	0.15968	0.145164	8.39832e-27	6.97249	22.08
21.7899	1.87756e-25	341.133	0.159686	0.145169	7.51025e-27	6.97277	22.12
21.7908	1.67902e-25	341.147	0.159693	0.145175	6.7161e-27	6.97304	22.16
21.7916	1.50148e-25	341.161	0.159699	0.145181	6.00592e-27	6.97332	22.2
21.7925	1.34271e-25	341.174	0.159705	0.145187	5.37083e-27	6.9736	22.24
21.7934	1.20073e-25	341.188	0.159712	0.145193	4.8029e-27	6.97388	22.28
21.7942	1.07376e-25	341.202	0.159718	0.145198	4.29503e-27	6.97416	22.32
21.7951	9.60215e-26	341.215	0.159725	0.145204	3.84086e-27	6.97444	22.36
21.796	8.58679e-26	341.229	0.159731	0.14521	3.43472e-27	6.97472	22.4
21.7969	7.6788e-26	341.243	0.159737	0.145216	3.07152e-27	6.975	22.44
21.7977	6.86682e-26	341.256	0.159744	0.145222	2.74673e-27	6.97528	22.48
21.7986	6.1407e-26	341.27	0.15975	0.145227	2.45628e-27	6.97555	22.52
21.7995	5.49136e-26	341.284	0.159757	0.145233	2.19655e-27	6.97583	22.56
21.8004	4.91069e-26	341.297	0.159763	0.145239	1.96428e-27	6.97611	22.6
21.8012	4.39142e-26	341.311	0.159769	0.145245	1.75657e-27	6.97639	22.64
21.8021	3.92706e-26	341.325	0.159776	0.145251	1.57082e-27	6.97667	22.68
21.803	3.5118e-26	341.338	0.159782	0.145256	1.40472e-27	6.97695	22.72
21.8038	3.14045e-26	341.352	0.159788	0.145262	1.25618e-27	6.97723	22.76
21.8047	2.80837e-26	341.365	0.159795	0.145268	1.12335e-27	6.97751	22.8
21.8056	2.5114e-26	341.379	0.159801	0.145274	1.00456e-27	6.97779	22.84
21.8065	2.24584e-26	341.393	0.159808	0.14528	8.98336e-28	6.97807	22.88
21.8073	2.00836e-26	341.406	0.159814	0.145286	8.03343e-28	6.97834	22.92
21.8082	1.79599e-26	341.42	0.15982	0.145291	7.18395e-28	6.97862	22.96
21.8091	1.60608e-26	341.434	0.159827	0.145297	6.4243e-28	6.9789	23
21.8099	1.43624e-26	341.447	0.159833	0.145303	5.74498e-28	6.97918	23.04
21.8108	1.28437e-26	341.461	0.15984	0.145309	5.13748e-28	6.97946	23.08
21.8117	1.14856e-26	341.475	0.159846	0.145315	4.59423e-28	6.97974	23.12
21.8126	1.02711e-26	341.488	0.159852	0.14532	4.10842e-28	6.98002	23.16
21.8134	9.18497e-27	341.502	0.159859	0.145326	3.67399e-28	6.9803	23.2
21.8143	8.21372e-27	341.516	0.159865	0.145332	3.28549e-28	6.98058	23.24
21.8152	7.34518e-27	341.529	0.159872	0.145338	2.93807e-28	6.98086	23.28
21.8161	6.56848e-27	341.543	0.159878	0.145344	2.62739e-28	6.98114	23.32
21.8169	5.8739e-27	341.557	0.159884	0.145349	2.34956e-28	6.98142	23.36
21.8178	5.25278e-27	341.57	0.159891	0.145355	2.10111e-28	6.98169	23.4
21.8187	4.69734e-27	341.584	0.159897	0.145361	1.87893e-28	6.98197	23.44
21.8195	4.20062e-27	341.598	0.159904	0.145367	1.68025e-28	6.98225	23.48
21.8204	3.75644e-27	341.611	0.15991	0.145373	1.50258e-28	6.98253	23.52
21.8213	3.35922e-27	341.625	0.159916	0.145378	1.34369e-28	6.98281	23.56
21.8222	3.00401e-27	341.639	0.159923	0.145384	1.2016e-28	6.98309	23.6
21.823	2.68635e-27	341.652	0.159929	0.14539	1.07454e-28	6.98337	23.64
21.8239	2.40229e-27	341.666	0.159936	0.145396	9.60916e-29	6.98365	23.68
21.8248	2.14827e-27	341.68	0.159942	0.145402	8.59306e-29	6.98393	23.72
21.8256	1.9211e-27	341.693	0.159948	0.145408	7.6844e-29	6.98421	23.76
21.8265	1.71796e-27	341.707	0.159955	0.145413	6.87183e-29	6.98449	23.8
21.8274	1.5363e-27	341.721	0.159961	0.145419	6.14518e-29	6.98477	23.84
21.8283	1.37384e-27	341.734	0.159968	0.145425	5.49537e-29	6.98505	23.88
21.8291	1.22857e-27	341.748	0.159974	0.145431	4.91428e-29	6.98533	23.92
21.83	1.09866e-27	341.762	0.15998	0.145437	4.39463e-29	6.9856	23.96
21.8309	9.82481e-28	341.775	0.159987	0.145442	3.92992e-29	6.98588	24
21.8318	8.78591e-28	341.789	0.159993	0.145448	3.51436e-29	6.98616	24.04
21.8326	7.85686e-28	341.803	0.16	0.145454	3.14274e-29	6.98644	24.08
21.8335	7.02605e-28	341.816	0.160006	0.14546	2.81042e-29	6.98672	24.12
21.8344	6.28309e-28	341.83	0.160012	0.145466	2.51324e-29	6.987	24.16
21.8353	5.6187e-28	341.844	0.160019	0.145472	2.24748e-29	6.98728	24.2
21.8361	5.02456e-28	341.857	0.160025	0.145477	2.00982e-29	6.98756	24.24
21.837	4.49325e-28	341.871	0.160032	0.145483	1.7973e-29	6.98784	24.28
21.8379	4.01812e-28	341.885	0.160038	0.145489	1.60725e-29	6.98812	24.32
21.8387	3.59323e-28	341.898	0.160044	0.145495	1.43729e-29	6.9884	24.36
21.8396	3.21327e-28	341.912	0.160051	0.145501	1.28531e-29	6.98868	24.4
21.8405	2.87349e-28	341.926	0.160057	0.145506	1.1494e-29	6.98896	24.44
21.8414	2.56964e-28	341.939	0.160064	0.145512	1.02786e-29	6.98924	24.48
21.8422	2.29792e-28	341.953	0.16007	0.145518	9.19167e-30	6.98952	24.52
21.8431	2.05493e-28	341.967	0.160076	0.145524	8.21972e-30	6.9898	24.56
21.844	1.83763e-28	341.98	0.160083	0.14553	7.35054e-30	6.99008	24.6
21.8449	1.64332e-28	341.994	0.160089	0.145536	6.57327e-30	6.99036	24.64
21.8457	1.46955e-28	342.008	0.160096	0.145541	5.87819e-30	6.99064	24.68
21.8466	1.31415e-28	342.021	0.160102	0.145547	5.25661e-30	6.99091	24.72
21.8475	1.17519e-28	342.035	0.160108	0.145553	4.70076e-30	6.99119	24.76
21.8484	1.05092e-28	342.049	0.160115	0.145559	4.20369e-30	6.99147	24.8
21.8492	9.39795e-29	342.062	0.160121	0.145565	3.75918e-30	6.99175	24.84
21.8501	8.40418e-29	342.076	0.160128	0.14557	3.36167e-30	6.99203	24.88
21.851	7.5155e-29	342.09	0.160134	0.145576	3.0062e-30	6.99231	24.92
21.8519	6.72079e-29	342.103	0.16014	0.145582	2.68831e-30	6.99259	24.96
21.8527	6.01011e-29	342.117	0.160147	0.145588	2.40404e-30	6.99287	25
21.8536	5.37458e-29	342.131	0.160153	0.145594	2.14983e-30	6.99315	25.04
21.8545	4.80626e-29	342.145	0.16016	0.1456	1.9225e-30	6.99343	25.08
21.8553	4.29803e-29	342.158	0.160166	0.145605	1.71921e-30	6.99371	25.12
21.8562	3.84354e-29	342.172	0.160172	0.145611	1.53742e-30	6.99399	25.16
21.8571	3.43712e-29	342.186	0.160179	0.145617	1.37485e-30	6.99427	25.2
21.858	3.07366e-29	342.199	0.160185	0.145623	1.22947e-30	6.99455	25.24
21.8588	2.74865e-29	342.213	0.160192	0.145629	1.09946e-30	6.99483	25.28
21.8597	2.458e-29	342.227	0.160198	0.145635	9.83198e-31	6.99511	25.32
21.8606	2.19808e-29	342.24	0.160204	0.14564	8.79232e-31	6.99539	25.36
21.8615	1.96565e-29	342.254	0.160211	0.145646	7.86259e-31	6.99567	25.4
21.8623	1.75779e-29	342.268	0.160217	0.145652	7.03118e-31	6.99595	25.44
21.8632	1.57192e-29	342.281	0.160224	0.145658	6.28768e-31	6.99623	25.48
21.8641	1.4057e-29	342.295	0.16023	0.145664	5.6228e-31	6.99651	25.52
21.865	1.25706e-29	342.309	0.160236	0.145669	5.02823e-31	6.99679	25.56
21.8658	1.12413e-29	342.322	0.160243	0.145675	4.49653e-31	6.99707	25.6
21.8667	1.00526e-29	342.336	0.160249	0.145681	4.02105e-31	6.99735	25.64
21.8676	8.98964e-30	342.35	0.160256	0.145687	3.59585e-31	6.99763	25.68
21.8685	8.03905e-30	342.364	0.160262	0.145693	3.21562e-31	6.99791	25.72
21.8693	7.18897e-30	342.377	0.160268	0.145699	2.87559e-31	6.99819	25.76
21.8702	6.42879e-30	342.391	0.160275	0.145704	2.57152e-31	6.99847	25.8
21.8711	5.74899e-30	342.405	0.160281	0.14571	2.2996e-31	6.99875	25.84
21.872	5.14107e-30	342.418	0.160288	0.145716	2.05643e-31	6.99903	25.88
21.8728	4.59744e-30	342.432	0.160294	0.145722	1.83898e-31	6.99931	25.92
21.8737	4.11129e-30	342.446	0.160301	0.145728	1.64452e-31	6.99959	25.96
21.8746	3.67655e-30	342.459	0.160307	0.145734	1.47062e-31	6.99987	26
21.8755	3.28778e-30	342.473	0.160313	0.145739	1.31511e-31	7.00015	26.04
21.8763	2.94012e-30	342.487	0.16032	0.145745	1.17605e-31	7.00043	26.08
21.8772	2.62923e-30	342.5	0.160326	0.145751	1.05169e-31	7.00071	26.12
21.8781	2.3512e-30	342.514	0.160333	0.145757	9.40481e-32	7.00099	26.16
21.879	2.10258e-30	342.528	0.160339	0.145763	8.41032e-32	7.00127	26.2
21.8798	1.88025e-30	342.542	0.160345	0.145769	7.52099e-32	7.00155	26.24
21.8807	1.68142e-30	342.555	0.160352	0.145774	6.72569e-32	7.00183	26.28
21.8816	1.50362e-30	342.569	0.160358	0.14578	6.0145e-32	7.00211	26.32
21.8825	1.34463e-30	342.583	0.160365	0.145786	5.37851e-32	7.00239	26.36
21.8833	1.20244e-30	342.596	0.160371	0.145792	4.80977e-32	7.00267	26.4
21.8842	1.07529e-30	342.61	0.160377	0.145798	4.30117e-32	7.00295	26.44
21.8851	9.61587e-31	342.624	0.160384	0.145804	3.84635e-32	7.00323	26.48
21.886	8.59906e-31	342.637	0.16039	0.145809	3.43962e-32	7.00351	26.52
21.8868	7.68977e-31	342.651	0.160397	0.145815	3.07591e-32	7.00379	26.56
21.8877	6.87663e-31	342.665	0.160403	0.145821	2.75065e-32	7.00407	26.6
21.8886	6.14948e-31	342.679	0.16041	0.145827	2.45979e-32	7.00435	26.64
21.8895	5.49921e-31	342.692	0.160416	0.145833	2.19968e-32	7.00463	26.68
21.8903	4.91771e-31	342.706	0.160422	0.145839	1.96708e-32	7.00491	26.72
21.8912	4.39769e-31	342.72	0.160429	0.145844	1.75908e-32	7.00519	26.76
21.8921	3.93267e-31	342.733	0.160435	0.14585	1.57307e-32	7.00547	26.8
21.893	3.51682e-31	342.747	0.160442	0.145856	1.40673e-32	7.00575	26.84
21.8938	3.14494e-31	342.761	0.160448	0.145862	1.25798e-32	7.00603	26.88
21.8947	2.81238e-31	342.775	0.160454	0.145868	1.12495e-32	7.00631	26.92
21.8956	2.51499e-31	342.788	0.160461	0.145874	1.006e-32	7.00659	26.96
21.8965	2.24905e-31	342.802	0.160467	0.145879	8.9962e-33	7.00687	27
21.8973	2.01123e-31	342.816	0.160474	0.145885	8.04491e-33	7.00715	27.04
21.8982	1.79856e-31	342.829	0.16048	0.145891	7.19422e-33	7.00743	27.08
21.8991	1.60837e-31	342.843	0.160487	0.145897	6.43348e-33	7.00771	27.12
21.9	1.4383e-31	342.857	0.160493	0.145903	5.75319e-33	7.00799	27.16
21.9008	1.28621e-31	342.871	0.160499	0.145909	5.14483e-33	7.00827	27.2
21.9017	1.1502e-31	342.884	0.160506	0.145914	4.6008e-33	7.00855	27.24
21.9026	1.02857e-31	342.898	0.160512	0.14592	4.11429e-33	7.00883	27.28
21.9035	9.19809e-32	342.912	0.160519	0.145926	3.67924e-33	7.00911	27.32
21.9043	8.22546e-32	342.925	0.160525	0.145932	3.29018e-33	7.00939	27.36
21.9052	7.35567e-32	342.939	0.160531	0.145938	2.94227e-33	7.00967	27.4
21.9061	6.57786e-32	342.953	0.160538	0.145944	2.63114e-33	7.00995	27.44
21.907	5.8823e-32	342.967	0.160544	0.145949	2.35292e-33	7.01023	27.48
21.9079	5.26029e-32	342.98	0.160551	0.145955	2.10411e-33	7.01051	27.52
21.9087	4.70405e-32	342.994	0.160557	0.145961	1.88162e-33	7.01079	27.56
21.9096	4.20663e-32	343.008	0.160564	0.145967	1.68265e-33	7.01107	27.6
21.9105	3.76181e-32	343.021	0.16057	0.145973	1.50472e-33	7.01135	27.64
21.9114	3.36402e-32	343.035	0.160576	0.145979	1.34561e-33	7.01163	27.68
21.9122	3.0083e-32	343.049	0.160583	0.145984	1.20332e-33	7.01192	27.72
21.9131	2.69019e-32	343.063	0.160589	0.14599	1.07608e-33	7.0122	27.76
21.914	2.40572e-32	343.076	0.160596	0.145996	9.62289e-34	7.01248	27.8
21.9149	2.15134e-32	343.09	0.160602	0.146002	8.60534e-34	7.01276	27.84
21.9157	1.92385e-32	343.104	0.160609	0.146008	7.69539e-34	7.01304	27.88
21.9166	1.72041e-32	343.117	0.160615	0.146014	6.88165e-34	7.01332	27.92
21.9175	1.53849e-32	343.131	0.160621	0.146019	6.15397e-34	7.0136	27.96
21.9184	1.37581e-32	343.145	0.160628	0.146025	5.50323e-34	7.01388	28
21.9192	1.23032e-32	343.159	0.160634	0.146031	4.9213e-34	7.01416	28.04
21.9201	1.10023e-32	343.172	0.160641	0.146037	4.40091e-34	7.01444	28.08
21.921	9.83885e-33	343.186	0.160647	0.146043	3.93554e-34	7.01472	28.12
21.9219	8.79846e-33	343.2	0.160654	0.146049	3.51938e-34	7.015	28.16
21.9228	7.86808e-33	343.213	0.16066	0.146054	3.14723e-34	7.01528	28.2
21.9236	7.03609e-33	343.227	0.160666	0.14606	2.81444e-34	7.01556	28.24
21.9245	6.29207e-33	343.241	0.160673	0.146066	2.51683e-34	7.01584	28.28
21.9254	5.62673e-33	343.255	0.160679	0.146072	2.25069e-34	7.01612	28.32
21.9263	5.03174e-33	343.268	0.160686	0.146078	2.0127e-34	7.0164	28.36
21.9271	4.49967e-33	343.282	0.160692	0.146084	1.79987e-34	7.01668	28.4
21.928	4.02386e-33	343.296	0.160698	0.14609	1.60954e-34	7.01696	28.44
21.9289	3.59837e-33	343.31	0.160705	0.146095	1.43935e-34	7.01725	28.48
21.9298	3.21786e-33	343.323	0.160711	0.146101	1.28715e-34	7.01753	28.52
21.9306	2.8776e-33	343.337	0.160718	0.146107	1.15104e-34	7.01781	28.56
21.9315	2.57331e-33	343.351	0.160724	0.146113	1.02932e-34	7.01809	28.6
21.9324	2.3012e-33	343.365	0.160731	0.146119	9.20481e-35	7.01837	28.64
21.9333	2.05787e-33	343.378	0.160737	0.146125	8.23146e-35	7.01865	28.68
21.9342	1.84026e-33	343.392	0.160743	0.14613	7.36104e-35	7.01893	28.72
21.935	1.64567e-33	343.406	0.16075	0.146136	6.58266e-35	7.01921	28.76
21.9359	1.47165e-33	343.419	0.160756	0.146142	5.88659e-35	7.01949	28.8
21.9368	1.31603e-33	343.433	0.160763	0.146148	5.26413e-35	7.01977	28.84
21.9377	1.17687e-33	343.447	0.160769	0.146154	4.70748e-35	7.02005	28.88
21.9385	1.05242e-33	343.461	0.160776	0.14616	4.2097e-35	7.02033	28.92
21.9394	9.41138e-34	343.474	0.160782	0.146166	3.76455e-35	7.02061	28.96
21.9403	8.41619e-34	343.488	0.160788	0.146171	3.36648e-35	7.02089	29
21.9412	7.52624e-34	343.502	0.160795	0.146177	3.0105e-35	7.02118	29.04
21.942	6.73039e-34	343.516	0.160801	0.146183	2.69216e-35	7.02146	29.08
21.9429	6.0187e-34	343.529	0.160808	0.146189	2.40748e-35	7.02174	29.12
21.9438	5.38226e-34	343.543	0.160814	0.146195	2.15291e-35	7.02202	29.16
21.9447	4.81313e-34	343.557	0.160821	0.146201	1.92525e-35	7.0223	29.2
21.9456	4.30417e-34	343.571	0.160827	0.146206	1.72167e-35	7.02258	29.24
21.9464	3.84904e-34	343.584	0.160834	0.146212	1.53961e-35	7.02286	29.28
21.9473	3.44203e-34	343.598	0.16084	0.146218	1.37681e-35	7.02314	29.32
21.9482	3.07806e-34	343.612	0.160846	0.146224	1.23122e-35	7.02342	29.36
21.9491	2.75257e-34	343.626	0.160853	0.14623	1.10103e-35	7.0237	29.4
21.9499	2.46151e-34	343.639	0.160859	0.146236	9.84603e-36	7.02398	29.44
21.9508	2.20122e-34	343.653	0.160866	0.146242	8.80488e-36	7.02426	29.48
21.9517	1.96846e-34	343.667	0.160872	0.146247	7.87383e-36	7.02455	29.52
21.9526	1.76031e-34	343.68	0.160879	0.146253	7.04123e-36	7.02483	29.56
21.9535	1.57417e-34	343.694	0.160885	0.146259	6.29667e-36	7.02511	29.6
21.9543	1.40771e-34	343.708	0.160891	0.146265	5.63084e-36	7.02539	29.64
21.9552	1.25885e-34	343.722	0.160898	0.146271	5.03542e-36	7.02567	29.68
21.9561	1.12574e-34	343.735	0.160904	0.146277	4.50296e-36	7.02595	29.72
21.957	1.0067e-34	343.749	0.160911	0.146282	4.0268e-36	7.02623	29.76
21.9579	9.00248e-35	343.763	0.160917	0.146288	3.60099e-36	7.02651	29.8
21.9587	8.05053e-35	343.777	0.160924	0.146294	3.22021e-36	7.02679	29.84
21.9596	7.19925e-35	343.79	0.16093	0.1463	2.8797e-36	7.02707	29.88
21.9605	6.43798e-35	343.804	0.160936	0.146306	2.57519e-36	7.02736	29.92
21.9614	5.7572e-35	343.818	0.160943	0.146312	2.30288e-36	7.02764	29.96
21.9622	5.14842e-35	343.832	0.160949	0.146318	2.05937e-36	7.02792	30
21.9631	4.60401e-35	343.845	0.160956	0.146323	1.8416e-36	7.0282	30.04
21.964	4.11717e-35	343.859	0.160962	0.146329	1.64687e-36	7.02848	30.08
21.9649	3.68181e-35	343.873	0.160969	0.146335	1.47272e-36	7.02876	30.12
21.9658	3.29248e-35	343.887	0.160975	0.146341	1.31699e-36	7.02904	30.16
21.9666	2.94432e-35	343.9	0.160982	0.146347	1.17773e-36	7.02932	30.2
21.9675	2.63298e-35	343.914	0.160988	0.146353	1.05319e-36	7.0296	30.24
21.9684	2.35456e-35	343.928	0.160994	0.146359	9.41825e-37	7.02989	30.28
21.9693	2.10558e-35	343.942	0.161001	0.146364	8.42234e-37	7.03017	30.32
21.9701	1.88293e-35	343.955	0.161007	0.14637	7.53173e-37	7.03045	30.36
21.971	1.68383e-35	343.969	0.161014	0.146376	6.73531e-37	7.03073	30.4
21.9719	1.50577e-35	343.983	0.16102	0.146382	6.02309e-37	7.03101	30.44
21.9728	1.34655e-35	343.997	0.161027	0.146388	5.38619e-37	7.03129	30.48
21.9737	1.20416e-35	344.011	0.161033	0.146394	4.81664e-37	7.03157	30.52
21.9745	1.07683e-35	344.024	0.161039	0.1464	4.30731e-37	7.03185	30.56
21.9754	9.62962e-36	344.038	0.161046	0.146405	3.85185e-37	7.03213	30.6
21.9763	8.61135e-36	344.052	0.161052	0.146411	3.44454e-37	7.03242	30.64
21.9772	7.70076e-36	344.066	0.161059	0.146417	3.0803e-37	7.0327	30.68
21.9781	6.88646e-36	344.079	0.161065	0.146423	2.75458e-37	7.03298	30.72
21.9789	6.15826e-36	344.093	0.161072	0.146429	2.46331e-37	7.03326	30.76
21.9798	5.50707e-36	344.107	0.161078	0.146435	2.20283e-37	7.03354	30.8
21.9807	4.92474e-36	344.121	0.161085	0.146441	1.96989e-37	7.03382	30.84
21.9816	4.40398e-36	344.134	0.161091	0.146446	1.76159e-37	7.0341	30.88
21.9825	3.93829e-36	344.148	0.161097	0.146452	1.57532e-37	7.03438	30.92
21.9833	3.52184e-36	344.162	0.161104	0.146458	1.40874e-37	7.03467	30.96
21.9842	3.14943e-36	344.176	0.16111	0.146464	1.25977e-37	7.03495	31
21.9851	2.8164e-36	344.189	0.161117	0.14647	1.12656e-37	7.03523	31.04
21.986	2.51859e-36	344.203	0.161123	0.146476	1.00743e-37	7.03551	31.08
21.9868	2.25226e-36	344.217	0.16113	0.146482	9.00906e-38	7.03579	31.12
21.9877	2.0141e-36	344.231	0.161136	0.146487	8.05641e-38	7.03607	31.16
21.9886	1.80113e-36	344.244	0.161143	0.146493	7.2045e-38	7.03635	31.2
21.9895	1.61067e-36	344.258	0.161149	0.146499	6.44268e-38	7.03664	31.24
21.9904	1.44035e-36	344.272	0.161155	0.146505	5.76141e-38	7.03692	31.28
21.9912	1.28804e-36	344.286	0.161162	0.146511	5.15218e-38	7.0372	31.32
21.9921	1.15184e-36	344.3	0.161168	0.146517	4.60737e-38	7.03748	31.36
21.993	1.03004e-36	344.313	0.161175	0.146523	4.12017e-38	7.03776	31.4
21.9939	9.21124e-37	344.327	0.161181	0.146528	3.68449e-38	7.03804	31.44
21.9948	8.23721e-37	344.341	0.161188	0.146534	3.29488e-38	7.03832	31.48
21.9956	7.36618e-37	344.355	0.161194	0.14654	2.94647e-38	7.03861	31.52
21.9965	6.58726e-37	344.368	0.161201	0.146546	2.6349e-38	7.03889	31.56
21.9974	5.8907e-37	344.382	0.161207	0.146552	2.35628e-38	7.03917	31.6
21.9983	5.2678e-37	344.396	0.161213	0.146558	2.10712e-38	7.03945	31.64
21.9992	4.71077e-37	344.41	0.16122	0.146564	1.88431e-38	7.03973	31.68
22	4.21264e-37	344.423	0.161226	0.146569	1.68506e-38	7.04001	31.72
22.0009	3.76718e-37	344.437	0.161233	0.146575	1.50687e-38	7.0403	31.76
22.0018	3.36883e-37	344.451	0.161239	0.146581	1.34753e-38	7.04058	31.8
22.0027	3.0126e-37	344.465	0.161246	0.146587	1.20504e-38	7.04086	31.84
22.0036	2.69404e-37	344.479	0.161252	0.146593	1.07761e-38	7.04114	31.88
22.0044	2.40916e-37	344.492	0.161259	0.146599	9.63665e-39	7.04142	31.92
22.0053	2.15441e-37	344.506	0.161265	0.146605	8.61764e-39	7.0417	31.96
22.0062	1.9266e-37	344.52	0.161271	0.14661	7.70638e-39	7.04198	32
22.0071	1.72287e-37	344.534	0.161278	0.146616	6.89149e-39	7.04227	32.04
22.008	1.54069e-37	344.547	0.161284	0.146622	6.16276e-39	7.04255	32.08
22.0088	1.37777e-37	344.561	0.161291	0.146628	5.51109e-39	7.04283	32.12
22.0097	1.23208e-37	344.575	0.161297	0.146634	4.92833e-39	7.04311	32.16
22.0106	1.1018e-37	344.589	0.161304	0.14664	4.40719e-39	7.04339	32.2
22.0115	9.85291e-38	344.603	0.16131	0.146646	3.94116e-39	7.04367	32.24
22.0124	8.81103e-38	344.616	0.161317	0.146652	3.52441e-39	7.04396	32.28
22.0132	7.87933e-38	344.63	0.161323	0.146657	3.15173e-39	7.04424	32.32
22.0141	7.04614e-38	344.644	0.16133	0.146663	2.81846e-39	7.04452	32.36
22.015	6.30106e-38	344.658	0.161336	0.146669	2.52043e-39	7.0448	32.4
22.0159	5.63477e-38	344.672	0.161342	0.146675	2.25391e-39	7.04508	32.44
22.0168	5.03893e-38	344.685	0.161349	0.146681	2.01557e-39	7.04537	32.48
22.0176	4.5061e-38	344.699	0.161355	0.146687	1.80244e-39	7.04565	32.52
22.0185	4.02961e-38	344.713	0.161362	0.146693	1.61184e-39	7.04593	32.56
22.0194	3.60351e-38	344.727	0.161368	0.146698	1.4414e-39	7.04621	32.6
22.0203	3.22246e-38	344.74	0.161375	0.146704	1.28899e-39	7.04649	32.64
22.0212	2.88171e-38	344.754	0.161381	0.14671	1.15268e-39	7.04677	32.68
22.022	2.57699e-38	344.768	0.161388	0.146716	1.0308e-39	7.04706	32.72
22.0229	2.30449e-38	344.782	0.161394	0.146722	9.21796e-40	7.04734	32.76
22.0238	2.06081e-38	344.796	0.161401	0.146728	8.24323e-40	7.04762	32.8
22.0247	1.84289e-38	344.809	0.161407	0.146734	7.37156e-40	7.0479	32.84
22.0256	1.64802e-38	344.823	0.161413	0.14674	6.59207e-40	7.04818	32.88
22.0265	1.47375e-38	344.837	0.16142	0.146745	5.89501e-40	7.04847	32.92
22.0273	1.31791e-38	344.851	0.161426	0.146751	5.27165e-40	7.04875	32.96
22.0282	1.17855e-38	344.865	0.161433	0.146757	4.71421e-40	7.04903	33
22.0291	1.05393e-38	344.878	0.161439	0.146763	4.21571e-40	7.04931	33.04
22.03	9.42483e-39	344.892	0.161446	0.146769	3.76993e-40	7.04959	33.08
22.0309	8.42822e-39	344.906	0.161452	0.146775	3.37129e-40	7.04987	33.12
22.0317	7.53699e-39	344.92	0.161459	0.146781	3.0148e-40	7.05016	33.16
22.0326	6.74001e-39	344.934	0.161465	0.146786	2.696e-40	7.05044	33.2
22.0335	6.0273e-39	344.947	0.161472	0.146792	2.41092e-40	7.05072	33.24
22.0344	5.38996e-39	344.961	0.161478	0.146798	2.15598e-40	7.051	33.28
22.0353	4.82001e-39	344.975	0.161484	0.146804	1.928e-40	7.05128	33.32
22.0361	4.31032e-39	344.989	0.161491	0.14681	1.72413e-40	7.05157	33.36
22.037	3.85454e-39	345.003	0.161497	0.146816	1.54181e-40	7.05185	33.4
22.0379	3.44695e-39	345.016	0.161504	0.146822	1.37878e-40	7.05213	33.44
22.0388	3.08246e-39	345.03	0.16151	0.146828	1.23298e-40	7.05241	33.48
22.0397	2.75651e-39	345.044	0.161517	0.146833	1.1026e-40	7.05269	33.52
22.0406	2.46503e-39	345.058	0.161523	0.146839	9.8601e-41	7.05298	33.56
22.0414	2.20437e-39	345.072	0.16153	0.146845	8.81747e-41	7.05326	33.6
22.0423	1.97127e-39	345.085	0.161536	0.146851	7.88508e-41	7.05354	33.64
22.0432	1.76282e-39	345.099	0.161543	0.146857	7.05129e-41	7.05382	33.68
22.0441	1.57642e-39	345.113	0.161549	0.146863	6.30566e-41	7.05411	33.72
22.045	1.40972e-39	345.127	0.161556	0.146869	5.63888e-41	7.05439	33.76
22.0458	1.26065e-39	345.141	0.161562	0.146875	5.04261e-41	7.05467	33.8
22.0467	1.12735e-39	345.154	0.161568	0.14688	4.50939e-41	7.05495	33.84
22.0476	1.00814e-39	345.168	0.161575	0.146886	4.03255e-41	7.05523	33.88
22.0485	9.01535e-40	345.182	0.161581	0.146892	3.60614e-41	7.05552	33.92
22.0494	8.06204e-40	345.196	0.161588	0.146898	3.22482e-41	7.0558	33.96
22.0503	7.20953e-40	345.21	0.161594	0.146904	2.88381e-41	7.05608	34
22.0511	6.44718e-40	345.223	0.161601	0.14691	2.57887e-41	7.05636	34.04
22.052	5.76543e-40	345.237	0.161607	0.146916	2.30617e-41	7.05664	34.08
22.0529	5.15578e-40	345.251	0.161614	0.146922	2.06231e-41	7.05693	34.12
22.0538	4.61059e-40	345.265	0.16162	0.146927	1.84424e-41	7.05721	34.16
22.0547	4.12305e-40	345.279	0.161627	0.146933	1.64922e-41	7.05749	34.2
22.0555	3.68707e-40	345.292	0.161633	0.146939	1.47483e-41	7.05777	34.24
22.0564	3.29719e-40	345.306	0.16164	0.146945	1.31887e-41	7.05806	34.28
22.0573	2.94853e-40	345.32	0.161646	0.146951	1.17941e-41	7.05834	34.32
22.0582	2.63675e-40	345.334	0.161652	0.146957	1.0547e-41	7.05862	34.36
22.0591	2.35793e-40	345.348	0.161659	0.146963	9.43171e-42	7.0589	34.4
22.06	2.10859e-40	345.361	0.161665	0.146969	8.43437e-42	7.05918	34.44
22.0608	1.88562e-40	345.375	0.161672	0.146974	7.5425e-42	7.05947	34.48
22.0617	1.68623e-40	345.389	0.161678	0.14698	6.74493e-42	7.05975	34.52
22.0626	1.50793e-40	345.403	0.161685	0.146986	6.0317e-42	7.06003	34.56
22.0635	1.34847e-40	345.417	0.161691	0.146992	5.39389e-42	7.06031	34.6
22.0644	1.20588e-40	345.43	0.161698	0.146998	4.82352e-42	7.0606	34.64
22.0652	1.07837e-40	345.444	0.161704	0.147004	4.31347e-42	7.06088	34.68
22.0661	9.64338e-41	345.458	0.161711	0.14701	3.85735e-42	7.06116	34.72
22.067	8.62366e-41	345.472	0.161717	0.147016	3.44946e-42	7.06144	34.76
22.0679	7.71177e-41	345.486	0.161724	0.147021	3.08471e-42	7.06173	34.8
22.0688	6.8963e-41	345.5	0.16173	0.147027	2.75852e-42	7.06201	34.84
22.0697	6.16706e-41	345.513	0.161737	0.147033	2.46683e-42	7.06229	34.88
22.0705	5.51494e-41	345.527	0.161743	0.147039	2.20598e-42	7.06257	34.92
22.0714	4.93177e-41	345.541	0.161749	0.147045	1.97271e-42	7.06286	34.96
22.0723	4.41027e-41	345.555	0.161756	0.147051	1.76411e-42	7.06314	35
22.0732	3.94392e-41	345.569	0.161762	0.147057	1.57757e-42	7.06342	35.04
22.0741	3.52688e-41	345.582	0.161769	0.147063	1.41075e-42	7.0637	35.08
22.075	3.15393e-41	345.596	0.161775	0.147069	1.26157e-42	7.06399	35.12
22.0758	2.82043e-41	345.61	0.161782	0.147074	1.12817e-42	7.06427	35.16
22.0767	2.52219e-41	345.624	0.161788	0.14708	1.00887e-42	7.06455	35.2
22.0776	2.25548e-41	345.638	0.161795	0.147086	9.02193e-43	7.06483	35.24
22.0785	2.01698e-41	345.652	0.161801	0.147092	8.06792e-43	7.06512	35.28
22.0794	1.8037e-41	345.665	0.161808	0.147098	7.2148e-43	7.0654	35.32
22.0803	1.61297e-41	345.679	0.161814	0.147104	6.45188e-43	7.06568	35.36
22.0811	1.44241e-41	345.693	0.161821	0.14711	5.76964e-43	7.06596	35.4
22.082	1.28989e-41	345.707	0.161827	0.147116	5.15954e-43	7.06625	35.44
22.0829	1.15349e-41	345.721	0.161834	0.147121	4.61396e-43	7.06653	35.48
22.0838	1.03152e-41	345.735	0.16184	0.147127	4.12606e-43	7.06681	35.52
22.0847	9.2244e-42	345.748	0.161847	0.147133	3.68976e-43	7.06709	35.56
22.0856	8.24898e-42	345.762	0.161853	0.147139	3.29959e-43	7.06738	35.6
22.0864	7.37671e-42	345.776	0.161859	0.147145	2.95068e-43	7.06766	35.64
22.0873	6.59668e-42	345.79	0.161866	0.147151	2.63867e-43	7.06794	35.68
22.0882	5.89912e-42	345.804	0.161872	0.147157	2.35965e-43	7.06822	35.72
22.0891	5.27533e-42	345.818	0.161879	0.147163	2.11013e-43	7.06851	35.76
22.09	4.7175e-42	345.831	0.161885	0.147169	1.887e-43	7.06879	35.8
22.0909	4.21866e-42	345.845	0.161892	0.147174	1.68746e-43	7.06907	35.84
22.0917	3.77257e-42	345.859	0.161898	0.14718	1.50903e-43	7.06936	35.88
22.0926	3.37364e-42	345.873	0.161905	0.147186	1.34946e-43	7.06964	35.92
22.0935	3.0169e-42	345.887	0.161911	0.147192	1.20676e-43	7.06992	35.96
22.0944	2.69789e-42	345.901	0.161918	0.147198	1.07915e-43	7.0702	36
22.0953	2.4126e-42	345.914	0.161924	0.147204	9.65042e-44	7.07049	36.04
22.0962	2.15749e-42	345.928	0.161931	0.14721	8.62995e-44	7.07077	36.08
22.097	1.92935e-42	345.942	0.161937	0.147216	7.7174e-44	7.07105	36.12
22.0979	1.72533e-42	345.956	0.161944	0.147222	6.90133e-44	7.07133	36.16
22.0988	1.54289e-42	345.97	0.16195	0.147227	6.17157e-44	7.07162	36.2
22.0997	1.37974e-42	345.984	0.161957	0.147233	5.51897e-44	7.0719	36.24
22.1006	1.23384e-42	345.997	0.161963	0.147239	4.93537e-44	7.07218	36.28
22.1015	1.10337e-42	346.011	0.16197	0.147245	4.41349e-44	7.07247	36.32
22.1023	9.86699e-43	346.025	0.161976	0.147251	3.9468e-44	7.07275	36.36
22.1032	8.82363e-43	346.039	0.161983	0.147257	3.52945e-44	7.07303	36.4
22.1041	7.89059e-43	346.053	0.161989	0.147263	3.15624e-44	7.07331	36.44
22.105	7.05621e-43	346.067	0.161995	0.147269	2.82249e-44	7.0736	36.48
22.1059	6.31007e-43	346.08	0.162002	0.147275	2.52403e-44	7.07388	36.52
22.1068	5.64282e-43	346.094	0.162008	0.14728	2.25713e-44	7.07416	36.56
22.1076	5.04613e-43	346.108	0.162015	0.147286	2.01845e-44	7.07445	36.6
22.1085	4.51254e-43	346.122	0.162021	0.147292	1.80502e-44	7.07473	36.64
22.1094	4.03537e-43	346.136	0.162028	0.147298	1.61415e-44	7.07501	36.68
22.1103	3.60866e-43	346.15	0.162034	0.147304	1.44346e-44	7.0753	36.72
22.1112	3.22707e-43	346.163	0.162041	0.14731	1.29083e-44	7.07558	36.76
22.1121	2.88583e-43	346.177	0.162047	0.147316	1.15433e-44	7.07586	36.8
22.113	2.58067e-43	346.191	0.162054	0.147322	1.03227e-44	7.07614	36.84
22.1138	2.30778e-43	346.205	0.16206	0.147328	9.23113e-45	7.07643	36.88
22.1147	2.06375e-43	346.219	0.162067	0.147333	8.25501e-45	7.07671	36.92
22.1156	1.84552e-43	346.233	0.162073	0.147339	7.3821e-45	7.07699	36.96
22.1165	1.65037e-43	346.247	0.16208	0.147345	6.60149e-45	7.07728	37
22.1174	1.47586e-43	346.26	0.162086	0.147351	5.90343e-45	7.07756	37.04
22.1183	1.3198e-43	346.274	0.162093	0.147357	5.27918e-45	7.07784	37.08
22.1191	1.18024e-43	346.288	0.162099	0.147363	4.72095e-45	7.07813	37.12
22.12	1.05543e-43	346.302	0.162106	0.147369	4.22174e-45	7.07841	37.16
22.1209	9.4383e-44	346.316	0.162112	0.147375	3.77532e-45	7.07869	37.2
22.1218	8.44026e-44	346.33	0.162119	0.147381	3.37611e-45	7.07897	37.24
22.1227	7.54777e-44	346.343	0.162125	0.147386	3.01911e-45	7.07926	37.28
22.1236	6.74964e-44	346.357	0.162132	0.147392	2.69986e-45	7.07954	37.32
22.1245	6.03591e-44	346.371	0.162138	0.147398	2.41437e-45	7.07982	37.36
22.1253	5.39766e-44	346.385	0.162145	0.147404	2.15906e-45	7.08011	37.4
22.1262	4.82689e-44	346.399	0.162151	0.14741	1.93076e-45	7.08039	37.44
22.1271	4.31648e-44	346.413	0.162158	0.147416	1.72659e-45	7.08067	37.48
22.128	3.86004e-44	346.427	0.162164	0.147422	1.54402e-45	7.08096	37.52
22.1289	3.45187e-44	346.44	0.16217	0.147428	1.38075e-45	7.08124	37.56
22.1298	3.08686e-44	346.454	0.162177	0.147434	1.23474e-45	7.08152	37.6
22.1306	2.76045e-44	346.468	0.162183	0.14744	1.10418e-45	7.08181	37.64
22.1315	2.46855e-44	346.482	0.16219	0.147445	9.87419e-46	7.08209	37.68
22.1324	2.20752e-44	346.496	0.162196	0.147451	8.83007e-46	7.08237	37.72
22.1333	1.97409e-44	346.51	0.162203	0.147457	7.89635e-46	7.08266	37.76
22.1342	1.76534e-44	346.524	0.162209	0.147463	7.06137e-46	7.08294	37.8
22.1351	1.57867e-44	346.537	0.162216	0.147469	6.31468e-46	7.08322	37.84
22.136	1.41174e-44	346.551	0.162222	0.147475	5.64694e-46	7.08351	37.88
22.1368	1.26245e-44	346.565	0.162229	0.147481	5.04982e-46	7.08379	37.92
22.1377	1.12896e-44	346.579	0.162235	0.147487	4.51583e-46	7.08407	37.96
22.1386	1.00958e-44	346.593	0.162242	0.147493	4.03832e-46	7.08436	38
22.1395	9.02823e-45	346.607	0.162248	0.147498	3.61129e-46	7.08464	38.04
22.1404	8.07356e-45	346.621	0.162255	0.147504	3.22942e-46	7.08492	38.08
22.1413	7.21984e-45	346.634	0.162261	0.14751	2.88793e-46	7.08521	38.12
22.1422	6.45639e-45	346.648	0.162268	0.147516	2.58256e-46	7.08549	38.16
22.143	5.77367e-45	346.662	0.162274	0.147522	2.30947e-46	7.08577	38.2
22.1439	5.16315e-45	346.676	0.162281	0.147528	2.06526e-46	7.08606	38.24
22.1448	4.61718e-45	346.69	0.162287	0.147534	1.84687e-46	7.08634	38.28
22.1457	4.12894e-45	346.704	0.162294	0.14754	1.65158e-46	7.08662	38.32
22.1466	3.69234e-45	346.718	0.1623	0.147546	1.47693e-46	7.08691	38.36
22.1475	3.3019e-45	346.732	0.162307	0.147552	1.32076e-46	7.08719	38.4
22.1484	2.95275e-45	346.745	0.162313	0.147557	1.1811e-46	7.08747	38.44
22.1492	2.64051e-45	346.759	0.16232	0.147563	1.05621e-46	7.08776	38.48
22.1501	2.3613e-45	346.773	0.162326	0.147569	9.44519e-47	7.08804	38.52
22.151	2.11161e-45	346.787	0.162333	0.147575	8.44643e-47	7.08832	38.56
22.1519	1.88832e-45	346.801	0.162339	0.147581	7.55328e-47	7.08861	38.6
22.1528	1.68864e-45	346.815	0.162346	0.147587	6.75457e-47	7.08889	38.64
22.1537	1.51008e-45	346.829	0.162352	0.147593	6.04032e-47	7.08917	38.68
22.1546	1.3504e-45	346.842	0.162359	0.147599	5.4016e-47	7.08946	38.72
22.1554	1.2076e-45	346.856	0.162365	0.147605	4.83042e-47	7.08974	38.76
22.1563	1.07991e-45	346.87	0.162372	0.147611	4.31963e-47	7.09002	38.8
22.1572	9.65716e-46	346.884	0.162378	0.147617	3.86286e-47	7.09031	38.84
22.1581	8.63598e-46	346.898	0.162385	0.147622	3.45439e-47	7.09059	38.88
22.159	7.72279e-46	346.912	0.162391	0.147628	3.08911e-47	7.09088	38.92
22.1599	6.90615e-46	346.926	0.162398	0.147634	2.76246e-47	7.09116	38.96
22.1608	6.17588e-46	346.94	0.162404	0.14764	2.47035e-47	7.09144	39
22.1616	5.52282e-46	346.953	0.162411	0.147646	2.20913e-47	7.09173	39.04
22.1625	4.93882e-46	346.967	0.162417	0.147652	1.97553e-47	7.09201	39.08
22.1634	4.41658e-46	346.981	0.162424	0.147658	1.76663e-47	7.09229	39.12
22.1643	3.94955e-46	346.995	0.16243	0.147664	1.57982e-47	7.09258	39.16
22.1652	3.53192e-46	347.009	0.162437	0.14767	1.41277e-47	7.09286	39.2
22.1661	3.15844e-46	347.023	0.162443	0.147676	1.26338e-47	7.09314	39.24
22.167	2.82446e-46	347.037	0.16245	0.147681	1.12978e-47	7.09343	39.28
22.1678	2.52579e-46	347.051	0.162456	0.147687	1.01032e-47	7.09371	39.32
22.1687	2.25871e-46	347.064	0.162463	0.147693	9.03482e-48	7.094	39.36
22.1696	2.01986e-46	347.078	0.162469	0.147699	8.07945e-48	7.09428	39.4
22.1705	1.80628e-46	347.092	0.162476	0.147705	7.22511e-48	7.09456	39.44
22.1714	1.61528e-46	347.106	0.162482	0.147711	6.4611e-48	7.09485	39.48
22.1723	1.44447e-46	347.12	0.162489	0.147717	5.77789e-48	7.09513	39.52
22.1732	1.29173e-46	347.134	0.162495	0.147723	5.16691e-48	7.09541	39.56
22.1741	1.15514e-46	347.148	0.162502	0.147729	4.62055e-48	7.0957	39.6
22.1749	1.03299e-46	347.162	0.162508	0.147735	4.13196e-48	7.09598	39.64
22.1758	9.23758e-47	347.176	0.162515	0.147741	3.69503e-48	7.09627	39.68
22.1767	8.26077e-47	347.189	0.162521	0.147746	3.30431e-48	7.09655	39.72
22.1776	7.38725e-47	347.203	0.162528	0.147752	2.9549e-48	7.09683	39.76
22.1785	6.6061e-47	347.217	0.162534	0.147758	2.64244e-48	7.09712	39.8
22.1794	5.90755e-47	347.231	0.162541	0.147764	2.36302e-48	7.0974	39.84
22.1803	5.28287e-47	347.245	0.162547	0.14777	2.11315e-48	7.09768	39.88
22.1812	4.72424e-47	347.259	0.162554	0.147776	1.8897e-48	7.09797	39.92
22.182	4.22469e-47	347.273	0.16256	0.147782	1.68988e-48	7.09825	39.96
