S	I	R	e	d	dI	f	t
300	100	0	0.176	0.16	4	48	0
245.08	103.044	47.8838	0.174243	0.158403	4.12175	39.2127	0.04
200.786	104.182	86.8938	0.172419	0.156745	4.16727	32.1258	0.08
165.296	103.702	118.703	0.170588	0.15508	4.14808	26.4473	0.12
136.969	101.931	144.683	0.168777	0.153433	4.07725	21.915	0.16
114.427	99.179	165.951	0.167005	0.151823	3.96716	18.3084	0.2
96.5305	95.7183	183.407	0.165288	0.150262	3.82873	15.4449	0.24
82.3472	91.7781	197.778	0.163637	0.148761	3.67112	13.1755	0.28
71.1235	87.5434	209.648	0.162059	0.147326	3.50173	11.3798	0.32
62.254	83.1588	219.487	0.160556	0.14596	3.32635	9.96064	0.36
55.2549	78.7344	227.673	0.159131	0.144665	3.14938	8.84078	0.4
49.741	74.3516	234.509	0.157785	0.143441	2.97407	7.95856	0.44
45.4062	70.0689	240.24	0.156515	0.142286	2.80276	7.26499	0.48
42.0076	65.9266	245.064	0.155319	0.141199	2.63707	6.72122	0.52
39.3527	61.9515	249.139	0.154195	0.140177	2.47806	6.29643	0.56
37.2887	58.1596	252.597	0.15314	0.139218	2.32638	5.96618	0.6
35.6941	54.5593	255.542	0.15215	0.138318	2.18237	5.71106	0.64
34.4728	51.1533	258.06	0.151222	0.137475	2.04613	5.51565	0.68
33.548	47.9401	260.222	0.150353	0.136684	1.9176	5.36768	0.72
32.8587	44.9154	262.085	0.149538	0.135944	1.79662	5.25739	0.76
32.3561	42.073	263.697	0.148775	0.13525	1.68292	5.17698	0.8
32.0016	39.4053	265.097	0.148062	0.134601	1.57621	5.12026	0.84
31.764	36.9042	266.317	0.147393	0.133994	1.47617	5.08224	0.88
31.6184	34.5609	267.384	0.146768	0.133425	1.38243	5.05895	0.92
31.5451	32.3667	268.321	0.146182	0.132893	1.29467	5.04722	0.96
31.5281	30.3129	269.146	0.145634	0.132395	1.21252	5.04449	1
31.5545	28.3911	269.876	0.145122	0.131929	1.13565	5.04872	1.04
31.6143	26.5932	270.523	0.144642	0.131492	1.06373	5.05829	1.08
31.6992	24.9112	271.099	0.144192	0.131084	0.99645	5.07187	1.12
31.8027	23.3379	271.614	0.143772	0.130702	0.933515	5.08843	1.16
31.9195	21.8661	272.074	0.143378	0.130344	0.874643	5.10713	1.2
32.0456	20.4892	272.487	0.14301	0.130009	0.819568	5.12729	1.24
32.1775	19.201	272.86	0.142665	0.129695	0.768041	5.14839	1.28
32.3126	17.9957	273.196	0.142342	0.129402	0.71983	5.17002	1.32
32.449	16.8679	273.5	0.14204	0.129127	0.674715	5.19183	1.36
32.5849	15.8123	273.777	0.141757	0.12887	0.632493	5.21359	1.4
32.7192	14.8243	274.028	0.141492	0.128629	0.592972	5.23507	1.44
32.8509	13.8994	274.258	0.141243	0.128403	0.555975	5.25614	1.48
32.9792	13.0334	274.467	0.141011	0.128192	0.521336	5.27668	1.52
33.1038	12.2225	274.659	0.140794	0.127994	0.488899	5.2966	1.56
33.224	11.463	274.836	0.14059	0.127809	0.458521	5.31585	1.6
33.3399	10.7517	274.998	0.140399	0.127636	0.430066	5.33438	1.64
33.4511	10.0853	275.148	0.140221	0.127474	0.40341	5.35217	1.68
33.5576	9.46088	275.286	0.140054	0.127322	0.378435	5.36921	1.72
33.6593	8.87581	275.414	0.139898	0.12718	0.355033	5.38549	1.76
33.7565	8.32751	275.532	0.139751	0.127047	0.3331	5.40103	1.8
33.849	7.81359	275.642	0.139614	0.126922	0.312544	5.41584	1.84
33.937	7.33185	275.745	0.139486	0.126805	0.293274	5.42992	1.88
34.0206	6.88023	275.84	0.139366	0.126696	0.275209	5.4433	1.92
34.1	6.45679	275.929	0.139254	0.126594	0.258272	5.45601	1.96
34.1754	6.05973	276.012	0.139149	0.126499	0.242389	5.46806	2
34.2467	5.68738	276.09	0.139051	0.12641	0.227495	5.47948	2.04
34.3144	5.33817	276.163	0.138959	0.126326	0.213527	5.4903	2.08
34.3784	5.01062	276.231	0.138873	0.126248	0.200425	5.50054	2.12
34.4389	4.70338	276.295	0.138793	0.126175	0.188135	5.51023	2.16
34.4962	4.41515	276.356	0.138718	0.126107	0.176606	5.51939	2.2
34.5503	4.14475	276.413	0.138647	0.126043	0.16579	5.52806	2.24
34.6015	3.89104	276.467	0.138582	0.125984	0.155642	5.53624	2.28
34.6499	3.65299	276.517	0.138521	0.125928	0.14612	5.54398	2.32
34.6955	3.42962	276.566	0.138464	0.125876	0.137185	5.55129	2.36
34.7387	3.22	276.611	0.138411	0.125828	0.1288	5.55819	2.4
34.7794	3.02328	276.654	0.138361	0.125783	0.120931	5.5647	2.44
34.8178	2.83865	276.695	0.138315	0.125741	0.113546	5.57086	2.48
34.8542	2.66536	276.734	0.138272	0.125702	0.106615	5.57666	2.52
34.8884	2.50272	276.772	0.138232	0.125665	0.100109	5.58215	2.56
34.9208	2.35005	276.807	0.138194	0.125631	0.0940019	5.58732	2.6
34.9513	2.20674	276.841	0.13816	0.1256	0.0882695	5.59221	2.64
34.9801	2.07221	276.873	0.138127	0.12557	0.0828883	5.59682	2.68
35.0073	1.94592	276.904	0.138097	0.125543	0.0778366	5.60117	2.72
35.033	1.82735	276.934	0.138069	0.125518	0.0730941	5.60528	2.76
35.0573	1.71604	276.962	0.138044	0.125494	0.0686417	5.60916	2.8
35.0802	1.61154	276.99	0.13802	0.125473	0.0644615	5.61283	2.84
35.1018	1.51342	277.016	0.137998	0.125452	0.0605368	5.61629	2.88
35.1222	1.42129	277.041	0.137977	0.125434	0.0568518	5.61955	2.92
35.1415	1.33479	277.066	0.137958	0.125417	0.0533918	5.62264	2.96
35.1597	1.25357	277.089	0.137941	0.125401	0.050143	5.62556	3
35.177	1.17731	277.112	0.137925	0.125387	0.0470924	5.62831	3.04
35.1932	1.1057	277.134	0.137911	0.125373	0.0442278	5.63092	3.08
35.2086	1.03845	277.155	0.137897	0.125361	0.041538	5.63338	3.12
35.2232	0.975302	277.176	0.137885	0.12535	0.0390121	5.63571	3.16
35.2369	0.916003	277.196	0.137874	0.12534	0.0366401	5.63791	3.2
35.25	0.860317	277.216	0.137863	0.12533	0.0344127	5.63999	3.24
35.2623	0.808022	277.235	0.137854	0.125322	0.0323209	5.64197	3.28
35.274	0.758911	277.253	0.137846	0.125314	0.0303565	5.64383	3.32
35.285	0.712791	277.271	0.137838	0.125308	0.0285116	5.6456	3.36
35.2955	0.669477	277.289	0.137832	0.125302	0.0267791	5.64728	3.4
35.3054	0.6288	277.306	0.137826	0.125296	0.025152	5.64887	3.44
35.3148	0.590597	277.323	0.137821	0.125291	0.0236239	5.65037	3.48
35.3238	0.554719	277.339	0.137816	0.125287	0.0221888	5.6518	3.52
35.3323	0.521023	277.356	0.137812	0.125284	0.0208409	5.65316	3.56
35.3403	0.489376	277.371	0.137808	0.12528	0.019575	5.65445	3.6
35.348	0.459653	277.387	0.137806	0.125278	0.0183861	5.65568	3.64
35.3553	0.431737	277.402	0.137803	0.125276	0.0172695	5.65684	3.68
35.3622	0.405519	277.417	0.137801	0.125274	0.0162208	5.65795	3.72
35.3688	0.380894	277.432	0.1378	0.125273	0.0152358	5.659	3.76
35.3751	0.357765	277.447	0.137799	0.125272	0.0143106	5.66001	3.8
35.381	0.336043	277.461	0.137798	0.125271	0.0134417	5.66097	3.84
35.3868	0.31564	277.475	0.137798	0.125271	0.0126256	5.66188	3.88
35.3922	0.296476	277.489	0.137798	0.125271	0.0118591	5.66275	3.92
35.3974	0.278477	277.503	0.137799	0.125271	0.0111391	5.66359	3.96
35.4024	0.261572	277.516	0.137799	0.125272	0.0104629	5.66438	4
35.4072	0.245693	277.53	0.1378	0.125273	0.00982771	5.66515	4.04
35.4117	0.230778	277.543	0.137802	0.125274	0.00923114	5.66588	4.08
35.4161	0.21677	277.556	0.137803	0.125276	0.0086708	5.66658	4.12
35.4203	0.203612	277.569	0.137805	0.125277	0.00814449	5.66725	4.16
35.4243	0.191253	277.582	0.137807	0.125279	0.00765014	5.66789	4.2
35.4282	0.179645	277.595	0.137809	0.125281	0.00718581	5.66851	4.24
35.4319	0.168742	277.608	0.137812	0.125283	0.00674967	5.6691	4.28
35.4355	0.1585	277.62	0.137814	0.125286	0.00634001	5.66968	4.32
35.4389	0.148881	277.633	0.137817	0.125288	0.00595523	5.67023	4.36
35.4423	0.139845	277.645	0.13782	0.125291	0.0055938	5.67076	4.4
35.4455	0.131358	277.658	0.137823	0.125294	0.00525432	5.67127	4.44
35.4486	0.123386	277.67	0.137826	0.125297	0.00493545	5.67177	4.48
35.4516	0.115898	277.682	0.13783	0.1253	0.00463593	5.67225	4.52
35.4545	0.108865	277.694	0.137833	0.125303	0.0043546	5.67272	4.56
35.4573	0.102259	277.706	0.137837	0.125306	0.00409034	5.67317	4.6
35.46	0.0960531	277.718	0.137841	0.12531	0.00384212	5.6736	4.64
35.4627	0.0902243	277.73	0.137845	0.125313	0.00360897	5.67403	4.68
35.4652	0.0847493	277.742	0.137849	0.125317	0.00338997	5.67444	4.72
35.4678	0.0796066	277.754	0.137853	0.125321	0.00318426	5.67484	4.76
35.4702	0.074776	277.766	0.137857	0.125324	0.00299104	5.67523	4.8
35.4726	0.0702386	277.778	0.137861	0.125328	0.00280954	5.67561	4.84
35.4749	0.0659765	277.79	0.137865	0.125332	0.00263906	5.67598	4.88
35.4772	0.0619732	277.801	0.13787	0.125336	0.00247893	5.67634	4.92
35.4794	0.0582127	277.813	0.137874	0.12534	0.00232851	5.6767	4.96
35.4815	0.0546805	277.825	0.137879	0.125344	0.00218722	5.67705	5
35.4837	0.0513626	277.836	0.137883	0.125348	0.00205451	5.67739	5.04
35.4857	0.0482461	277.848	0.137888	0.125353	0.00192984	5.67772	5.08
35.4878	0.0453187	277.859	0.137893	0.125357	0.00181275	5.67804	5.12
35.4898	0.0425689	277.871	0.137897	0.125361	0.00170276	5.67836	5.16
35.4917	0.039986	277.882	0.137902	0.125366	0.00159944	5.67868	5.2
35.4937	0.0375599	277.894	0.137907	0.12537	0.00150239	5.67899	5.24
35.4956	0.0352809	277.905	0.137912	0.125374	0.00141124	5.67929	5.28
35.4974	0.0331402	277.917	0.137917	0.125379	0.00132561	5.67959	5.32
35.4993	0.0311295	277.928	0.137922	0.125383	0.00124518	5.67989	5.36
35.5011	0.0292407	277.939	0.137927	0.125388	0.00116963	5.68018	5.4
35.5029	0.0274666	277.951	0.137932	0.125392	0.00109866	5.68047	5.44
35.5047	0.0258001	277.962	0.137937	0.125397	0.001032	5.68075	5.48
35.5064	0.0242347	277.974	0.137942	0.125402	0.000969388	5.68103	5.52
35.5082	0.0227643	277.985	0.137947	0.125406	0.000910572	5.68131	5.56
35.5099	0.0213831	277.996	0.137952	0.125411	0.000855325	5.68158	5.6
35.5116	0.0200857	278.007	0.137957	0.125416	0.00080343	5.68185	5.64
35.5132	0.0188671	278.019	0.137962	0.12542	0.000754683	5.68212	5.68
35.5149	0.0177224	278.03	0.137968	0.125425	0.000708895	5.68239	5.72
35.5166	0.0166471	278.041	0.137973	0.12543	0.000665884	5.68265	5.76
35.5182	0.0156371	278.053	0.137978	0.125435	0.000625484	5.68291	5.8
35.5198	0.0146884	278.064	0.137983	0.125439	0.000587534	5.68317	5.84
35.5214	0.0137972	278.075	0.137989	0.125444	0.000551887	5.68343	5.88
35.523	0.0129601	278.086	0.137994	0.125449	0.000518403	5.68368	5.92
35.5246	0.0121738	278.098	0.137999	0.125454	0.000486951	5.68394	5.96
35.5262	0.0114352	278.109	0.138004	0.125459	0.000457407	5.68419	6
35.5278	0.0107414	278.12	0.13801	0.125463	0.000429655	5.68444	6.04
35.5293	0.0100897	278.131	0.138015	0.125468	0.000403587	5.68469	6.08
35.5309	0.00947753	278.143	0.13802	0.125473	0.000379101	5.68494	6.12
35.5324	0.00890252	278.154	0.138026	0.125478	0.000356101	5.68519	6.16
35.5339	0.00836239	278.165	0.138031	0.125483	0.000334496	5.68543	6.2
35.5355	0.00785503	278.176	0.138037	0.125488	0.000314201	5.68568	6.24
35.537	0.00737846	278.187	0.138042	0.125493	0.000295138	5.68592	6.28
35.5385	0.0069308	278.199	0.138047	0.125498	0.000277232	5.68616	6.32
35.54	0.0065103	278.21	0.138053	0.125502	0.000260412	5.6864	6.36
35.5415	0.00611532	278.221	0.138058	0.125507	0.000244613	5.68664	6.4
35.543	0.0057443	278.232	0.138064	0.125512	0.000229772	5.68688	6.44
35.5445	0.00539578	278.243	0.138069	0.125517	0.000215831	5.68712	6.48
35.546	0.00506842	278.254	0.138074	0.125522	0.000202737	5.68736	6.52
35.5475	0.00476091	278.266	0.13808	0.125527	0.000190437	5.6876	6.56
35.549	0.00447207	278.277	0.138085	0.125532	0.000178883	5.68784	6.6
35.5505	0.00420074	278.288	0.138091	0.125537	0.00016803	5.68807	6.64
35.5519	0.00394588	278.299	0.138096	0.125542	0.000157835	5.68831	6.68
35.5534	0.00370648	278.31	0.138102	0.125547	0.000148259	5.68855	6.72
35.5549	0.00348161	278.321	0.138107	0.125552	0.000139264	5.68878	6.76
35.5563	0.00327038	278.333	0.138113	0.125557	0.000130815	5.68902	6.8
35.5578	0.00307196	278.344	0.138118	0.125562	0.000122878	5.68925	6.84
35.5593	0.00288558	278.355	0.138124	0.125567	0.000115423	5.68948	6.88
35.5607	0.00271052	278.366	0.138129	0.125572	0.000108421	5.68972	6.92
35.5622	0.00254607	278.377	0.138134	0.125577	0.000101843	5.68995	6.96
35.5636	0.0023916	278.388	0.13814	0.125582	9.56639e-05	5.69018	7
35.5651	0.0022465	278.4	0.138145	0.125587	8.98599e-05	5.69041	7.04
35.5665	0.0021102	278.411	0.138151	0.125592	8.44081e-05	5.69065	7.08
35.568	0.00198218	278.422	0.138156	0.125597	7.9287e-05	5.69088	7.12
35.5694	0.00186192	278.433	0.138162	0.125602	7.44766e-05	5.69111	7.16
35.5709	0.00174895	278.444	0.138167	0.125607	6.99581e-05	5.69134	7.2
35.5723	0.00164284	278.455	0.138173	0.125612	6.57137e-05	5.69157	7.24
35.5738	0.00154317	278.466	0.138178	0.125617	6.17269e-05	5.6918	7.28
35.5752	0.00144955	278.478	0.138184	0.125622	5.79819e-05	5.69204	7.32
35.5767	0.0013616	278.489	0.138189	0.125627	5.44641e-05	5.69227	7.36
35.5781	0.00127899	278.5	0.138195	0.125632	5.11598e-05	5.6925	7.4
35.5795	0.0012014	278.511	0.1382	0.125637	4.80559e-05	5.69273	7.44
35.581	0.00112851	278.522	0.138206	0.125642	4.51403e-05	5.69296	7.48
35.5824	0.00106004	278.533	0.138211	0.125647	4.24017e-05	5.69319	7.52
35.5839	0.000995729	278.544	0.138217	0.125652	3.98291e-05	5.69342	7.56
35.5853	0.000935318	278.556	0.138222	0.125657	3.74127e-05	5.69365	7.6
35.5867	0.000878572	278.567	0.138228	0.125662	3.51429e-05	5.69388	7.64
35.5882	0.000825269	278.578	0.138233	0.125667	3.30108e-05	5.69411	7.68
35.5896	0.0007752	278.589	0.138239	0.125672	3.1008e-05	5.69433	7.72
35.591	0.000728168	278.6	0.138244	0.125677	2.91267e-05	5.69456	7.76
35.5925	0.00068399	278.611	0.13825	0.125682	2.73596e-05	5.69479	7.8
35.5939	0.000642492	278.623	0.138256	0.125687	2.56997e-05	5.69502	7.84
35.5953	0.000603512	278.634	0.138261	0.125692	2.41405e-05	5.69525	7.88
35.5968	0.000566897	278.645	0.138267	0.125697	2.26759e-05	5.69548	7.92
35.5982	0.000532503	278.656	0.138272	0.125702	2.13001e-05	5.69571	7.96
35.5996	0.000500196	278.667	0.138278	0.125707	2.00079e-05	5.69594	8
35.601	0.000469849	278.678	0.138283	0.125712	1.8794e-05	5.69617	8.04
35.6025	0.000441344	278.689	0.138289	0.125717	1.76537e-05	5.6964	8.08
35.6039	0.000414567	278.701	0.138294	0.125722	1.65827e-05	5.69662	8.12
35.6053	0.000389415	278.712	0.1383	0.125727	1.55766e-05	5.69685	8.16
35.6068	0.00036579	278.723	0.138305	0.125732	1.46316e-05	5.69708	8.2
35.6082	0.000343597	278.734	0.138311	0.125737	1.37439e-05	5.69731	8.24
35.6096	0.000322751	278.745	0.138316	0.125742	1.291e-05	5.69754	8.28
35.611	0.00030317	278.756	0.138322	0.125747	1.21268e-05	5.69777	8.32
35.6125	0.000284776	278.767	0.138327	0.125752	1.13911e-05	5.698	8.36
35.6139	0.000267499	278.779	0.138333	0.125757	1.07e-05	5.69822	8.4
35.6153	0.00025127	278.79	0.138338	0.125762	1.00508e-05	5.69845	8.44
35.6168	0.000236025	278.801	0.138344	0.125767	9.44101e-06	5.69868	8.48
35.6182	0.000221706	278.812	0.138349	0.125772	8.86822e-06	5.69891	8.52
35.6196	0.000208255	278.823	0.138355	0.125777	8.33019e-06	5.69914	8.56
35.621	0.00019562	278.834	0.13836	0.125782	7.8248e-06	5.69937	8.6
35.6225	0.000183752	278.846	0.138366	0.125787	7.35006e-06	5.6996	8.64
35.6239	0.000172603	278.857	0.138372	0.125792	6.90414e-06	5.69982	8.68
35.6253	0.000162132	278.868	0.138377	0.125797	6.48526e-06	5.70005	8.72
35.6268	0.000152295	278.879	0.138383	0.125802	6.0918e-06	5.70028	8.76
35.6282	0.000143055	278.89	0.138388	0.125807	5.72221e-06	5.70051	8.8
35.6296	0.000134376	278.901	0.138394	0.125812	5.37504e-06	5.70074	8.84
35.631	0.000126224	278.912	0.138399	0.125817	5.04894e-06	5.70096	8.88
35.6325	0.000118566	278.924	0.138405	0.125822	4.74262e-06	5.70119	8.92
35.6339	0.000111372	278.935	0.13841	0.125828	4.45489e-06	5.70142	8.96
35.6353	0.000104615	278.946	0.138416	0.125833	4.18461e-06	5.70165	9
35.6367	9.82682e-05	278.957	0.138421	0.125838	3.93073e-06	5.70188	9.04
35.6382	9.23062e-05	278.968	0.138427	0.125843	3.69225e-06	5.70211	9.08
35.6396	8.6706e-05	278.979	0.138432	0.125848	3.46824e-06	5.70233	9.12
35.641	8.14456e-05	278.991	0.138438	0.125853	3.25782e-06	5.70256	9.16
35.6424	7.65043e-05	279.002	0.138443	0.125858	3.06017e-06	5.70279	9.2
35.6439	7.18627e-05	279.013	0.138449	0.125863	2.87451e-06	5.70302	9.24
35.6453	6.75028e-05	279.024	0.138455	0.125868	2.70011e-06	5.70325	9.28
35.6467	6.34074e-05	279.035	0.13846	0.125873	2.5363e-06	5.70348	9.32
35.6481	5.95605e-05	279.046	0.138466	0.125878	2.38242e-06	5.7037	9.36
35.6496	5.5947e-05	279.058	0.138471	0.125883	2.23788e-06	5.70393	9.4
35.651	5.25527e-05	279.069	0.138477	0.125888	2.10211e-06	5.70416	9.44
35.6524	4.93643e-05	279.08	0.138482	0.125893	1.97457e-06	5.70439	9.48
35.6539	4.63694e-05	279.091	0.138488	0.125898	1.85477e-06	5.70462	9.52
35.6553	4.35561e-05	279.102	0.138493	0.125903	1.74225e-06	5.70485	9.56
35.6567	4.09136e-05	279.113	0.138499	0.125908	1.63654e-06	5.70507	9.6
35.6581	3.84313e-05	279.124	0.138504	0.125913	1.53725e-06	5.7053	9.64
35.6596	3.60997e-05	279.136	0.13851	0.125918	1.44399e-06	5.70553	9.68
35.661	3.39095e-05	279.147	0.138515	0.125923	1.35638e-06	5.70576	9.72
35.6624	3.18523e-05	279.158	0.138521	0.125928	1.27409e-06	5.70599	9.76
35.6638	2.99198e-05	279.169	0.138527	0.125933	1.19679e-06	5.70621	9.8
35.6653	2.81045e-05	279.18	0.138532	0.125938	1.12418e-06	5.70644	9.84
35.6667	2.63994e-05	279.191	0.138538	0.125943	1.05598e-06	5.70667	9.88
35.6681	2.47978e-05	279.203	0.138543	0.125948	9.91911e-07	5.7069	9.92
35.6695	2.32933e-05	279.214	0.138549	0.125953	9.31732e-07	5.70713	9.96
35.671	2.18801e-05	279.225	0.138554	0.125958	8.75204e-07	5.70736	10
35.6724	2.05526e-05	279.236	0.13856	0.125963	8.22105e-07	5.70758	10.04
35.6738	1.93057e-05	279.247	0.138565	0.125968	7.72228e-07	5.70781	10.08
35.6753	1.81344e-05	279.258	0.138571	0.125974	7.25377e-07	5.70804	10.12
35.6767	1.70342e-05	279.27	0.138576	0.125979	6.81368e-07	5.70827	10.16
35.6781	1.60007e-05	279.281	0.138582	0.125984	6.4003e-07	5.7085	10.2
35.6795	1.503e-05	279.292	0.138587	0.125989	6.01199e-07	5.70873	10.24
35.681	1.41181e-05	279.303	0.138593	0.125994	5.64724e-07	5.70895	10.28
35.6824	1.32616e-05	279.314	0.138599	0.125999	5.30463e-07	5.70918	10.32
35.6838	1.2457e-05	279.326	0.138604	0.126004	4.98279e-07	5.70941	10.36
35.6852	1.17012e-05	279.337	0.13861	0.126009	4.68049e-07	5.70964	10.4
35.6867	1.09913e-05	279.348	0.138615	0.126014	4.39652e-07	5.70987	10.44
35.6881	1.03245e-05	279.359	0.138621	0.126019	4.12979e-07	5.7101	10.48
35.6895	9.69808e-06	279.37	0.138626	0.126024	3.87923e-07	5.71032	10.52
35.691	9.10969e-06	279.381	0.138632	0.126029	3.64388e-07	5.71055	10.56
35.6924	8.55701e-06	279.393	0.138637	0.126034	3.4228e-07	5.71078	10.6
35.6938	8.03786e-06	279.404	0.138643	0.126039	3.21514e-07	5.71101	10.64
35.6952	7.5502e-06	279.415	0.138648	0.126044	3.02008e-07	5.71124	10.68
35.6967	7.09213e-06	279.426	0.138654	0.126049	2.83685e-07	5.71147	10.72
35.6981	6.66185e-06	279.437	0.13866	0.126054	2.66474e-07	5.71169	10.76
35.6995	6.25767e-06	279.448	0.138665	0.126059	2.50307e-07	5.71192	10.8
35.7009	5.87802e-06	279.46	0.138671	0.126064	2.35121e-07	5.71215	10.84
35.7024	5.5214e-06	279.471	0.138676	0.126069	2.20856e-07	5.71238	10.88
35.7038	5.18642e-06	279.482	0.138682	0.126074	2.07457e-07	5.71261	10.92
35.7052	4.87176e-06	279.493	0.138687	0.126079	1.9487e-07	5.71284	10.96
35.7067	4.57619e-06	279.504	0.138693	0.126084	1.83048e-07	5.71307	11
35.7081	4.29855e-06	279.515	0.138698	0.126089	1.71942e-07	5.71329	11.04
35.7095	4.03776e-06	279.527	0.138704	0.126094	1.6151e-07	5.71352	11.08
35.7109	3.79279e-06	279.538	0.138709	0.1261	1.51711e-07	5.71375	11.12
35.7124	3.56268e-06	279.549	0.138715	0.126105	1.42507e-07	5.71398	11.16
35.7138	3.34653e-06	279.56	0.138721	0.12611	1.33861e-07	5.71421	11.2
35.7152	3.1435e-06	279.571	0.138726	0.126115	1.2574e-07	5.71444	11.24
35.7167	2.95278e-06	279.583	0.138732	0.12612	1.18111e-07	5.71467	11.28
35.7181	2.77364e-06	279.594	0.138737	0.126125	1.10945e-07	5.71489	11.32
35.7195	2.60536e-06	279.605	0.138743	0.12613	1.04214e-07	5.71512	11.36
35.7209	2.44729e-06	279.616	0.138748	0.126135	9.78917e-08	5.71535	11.4
35.7224	2.29881e-06	279.627	0.138754	0.12614	9.19526e-08	5.71558	11.44
35.7238	2.15935e-06	279.638	0.138759	0.126145	8.63738e-08	5.71581	11.48
35.7252	2.02834e-06	279.65	0.138765	0.12615	8.11335e-08	5.71604	11.52
35.7267	1.90528e-06	279.661	0.13877	0.126155	7.62111e-08	5.71627	11.56
35.7281	1.78969e-06	279.672	0.138776	0.12616	7.15874e-08	5.71649	11.6
35.7295	1.6811e-06	279.683	0.138782	0.126165	6.72442e-08	5.71672	11.64
35.7309	1.57911e-06	279.694	0.138787	0.12617	6.31645e-08	5.71695	11.68
35.7324	1.48331e-06	279.706	0.138793	0.126175	5.93323e-08	5.71718	11.72
35.7338	1.39332e-06	279.717	0.138798	0.12618	5.57326e-08	5.71741	11.76
35.7352	1.30878e-06	279.728	0.138804	0.126185	5.23513e-08	5.71764	11.8
35.7367	1.22938e-06	279.739	0.138809	0.12619	4.91752e-08	5.71787	11.84
35.7381	1.15479e-06	279.75	0.138815	0.126195	4.61917e-08	5.71809	11.88
35.7395	1.08473e-06	279.762	0.13882	0.1262	4.33892e-08	5.71832	11.92
35.7409	1.01892e-06	279.773	0.138826	0.126205	4.07568e-08	5.71855	11.96
35.7424	9.57103e-07	279.784	0.138832	0.126211	3.82841e-08	5.71878	12
35.7438	8.99035e-07	279.795	0.138837	0.126216	3.59614e-08	5.71901	12.04
35.7452	8.44491e-07	279.806	0.138843	0.126221	3.37796e-08	5.71924	12.08
35.7467	7.93255e-07	279.817	0.138848	0.126226	3.17302e-08	5.71947	12.12
35.7481	7.45129e-07	279.829	0.138854	0.126231	2.98051e-08	5.7197	12.16
35.7495	6.99922e-07	279.84	0.138859	0.126236	2.79969e-08	5.71992	12.2
35.751	6.57457e-07	279.851	0.138865	0.126241	2.62983e-08	5.72015	12.24
35.7524	6.17569e-07	279.862	0.13887	0.126246	2.47028e-08	5.72038	12.28
35.7538	5.80101e-07	279.873	0.138876	0.126251	2.32041e-08	5.72061	12.32
35.7552	5.44907e-07	279.885	0.138882	0.126256	2.17963e-08	5.72084	12.36
35.7567	5.11847e-07	279.896	0.138887	0.126261	2.04739e-08	5.72107	12.4
35.7581	4.80793e-07	279.907	0.138893	0.126266	1.92317e-08	5.7213	12.44
35.7595	4.51624e-07	279.918	0.138898	0.126271	1.80649e-08	5.72153	12.48
35.761	4.24224e-07	279.929	0.138904	0.126276	1.69689e-08	5.72175	12.52
35.7624	3.98486e-07	279.941	0.138909	0.126281	1.59394e-08	5.72198	12.56
35.7638	3.7431e-07	279.952	0.138915	0.126286	1.49724e-08	5.72221	12.6
35.7653	3.516e-07	279.963	0.13892	0.126291	1.4064e-08	5.72244	12.64
35.7667	3.30269e-07	279.974	0.138926	0.126296	1.32108e-08	5.72267	12.68
35.7681	3.10231e-07	279.985	0.138932	0.126301	1.24093e-08	5.7229	12.72
35.7695	2.9141e-07	279.997	0.138937	0.126306	1.16564e-08	5.72313	12.76
35.771	2.7373e-07	280.008	0.138943	0.126311	1.09492e-08	5.72336	12.8
35.7724	2.57123e-07	280.019	0.138948	0.126317	1.02849e-08	5.72359	12.84
35.7738	2.41523e-07	280.03	0.138954	0.126322	9.66092e-09	5.72381	12.88
35.7753	2.2687e-07	280.041	0.138959	0.126327	9.07479e-09	5.72404	12.92
35.7767	2.13106e-07	280.053	0.138965	0.126332	8.52422e-09	5.72427	12.96
35.7781	2.00176e-07	280.064	0.13897	0.126337	8.00706e-09	5.7245	13
35.7796	1.88032e-07	280.075	0.138976	0.126342	7.52127e-09	5.72473	13.04
35.781	1.76624e-07	280.086	0.138982	0.126347	7.06496e-09	5.72496	13.08
35.7824	1.65908e-07	280.097	0.138987	0.126352	6.63632e-09	5.72519	13.12
35.7839	1.55842e-07	280.109	0.138993	0.126357	6.2337e-09	5.72542	13.16
35.7853	1.46387e-07	280.12	0.138998	0.126362	5.8555e-09	5.72565	13.2
35.7867	1.37506e-07	280.131	0.139004	0.126367	5.50025e-09	5.72588	13.24
35.7882	1.29164e-07	280.142	0.139009	0.126372	5.16655e-09	5.7261	13.28
35.7896	1.21327e-07	280.153	0.139015	0.126377	4.85309e-09	5.72633	13.32
35.791	1.13966e-07	280.165	0.13902	0.126382	4.55865e-09	5.72656	13.36
35.7924	1.07052e-07	280.176	0.139026	0.126387	4.28208e-09	5.72679	13.4
35.7939	1.00557e-07	280.187	0.139032	0.126392	4.02229e-09	5.72702	13.44
35.7953	9.44564e-08	280.198	0.139037	0.126397	3.77825e-09	5.72725	13.48
35.7967	8.87257e-08	280.209	0.139043	0.126402	3.54903e-09	5.72748	13.52
35.7982	8.33427e-08	280.221	0.139048	0.126408	3.33371e-09	5.72771	13.56
35.7996	7.82863e-08	280.232	0.139054	0.126413	3.13145e-09	5.72794	13.6
35.801	7.35367e-08	280.243	0.139059	0.126418	2.94147e-09	5.72817	13.64
35.8025	6.90752e-08	280.254	0.139065	0.126423	2.76301e-09	5.72839	13.68
35.8039	6.48844e-08	280.265	0.139071	0.126428	2.59538e-09	5.72862	13.72
35.8053	6.09479e-08	280.277	0.139076	0.126433	2.43791e-09	5.72885	13.76
35.8068	5.72502e-08	280.288	0.139082	0.126438	2.29001e-09	5.72908	13.8
35.8082	5.37768e-08	280.299	0.139087	0.126443	2.15107e-09	5.72931	13.84
35.8096	5.05142e-08	280.31	0.139093	0.126448	2.02057e-09	5.72954	13.88
35.8111	4.74495e-08	280.321	0.139098	0.126453	1.89798e-09	5.72977	13.92
35.8125	4.45707e-08	280.333	0.139104	0.126458	1.78283e-09	5.73	13.96
35.8139	4.18666e-08	280.344	0.139109	0.126463	1.67466e-09	5.73023	14
35.8154	3.93265e-08	280.355	0.139115	0.126468	1.57306e-09	5.73046	14.04
35.8168	3.69406e-08	280.366	0.139121	0.126473	1.47762e-09	5.73069	14.08
35.8182	3.46994e-08	280.378	0.139126	0.126478	1.38798e-09	5.73092	14.12
35.8197	3.25942e-08	280.389	0.139132	0.126483	1.30377e-09	5.73114	14.16
35.8211	3.06167e-08	280.4	0.139137	0.126488	1.22467e-09	5.73137	14.2
35.8225	2.87592e-08	280.411	0.139143	0.126493	1.15037e-09	5.7316	14.24
35.8239	2.70144e-08	280.422	0.139148	0.126499	1.08058e-09	5.73183	14.28
35.8254	2.53754e-08	280.434	0.139154	0.126504	1.01502e-09	5.73206	14.32
35.8268	2.38359e-08	280.445	0.13916	0.126509	9.53435e-10	5.73229	14.36
35.8282	2.23898e-08	280.456	0.139165	0.126514	8.95591e-10	5.73252	14.4
35.8297	2.10314e-08	280.467	0.139171	0.126519	8.41255e-10	5.73275	14.44
35.8311	1.97554e-08	280.478	0.139176	0.126524	7.90216e-10	5.73298	14.48
35.8325	1.85568e-08	280.49	0.139182	0.126529	7.42274e-10	5.73321	14.52
35.834	1.7431e-08	280.501	0.139187	0.126534	6.9724e-10	5.73344	14.56
35.8354	1.63735e-08	280.512	0.139193	0.126539	6.54938e-10	5.73367	14.6
35.8368	1.53801e-08	280.523	0.139198	0.126544	6.15203e-10	5.7339	14.64
35.8383	1.4447e-08	280.535	0.139204	0.126549	5.77879e-10	5.73412	14.68
35.8397	1.35705e-08	280.546	0.13921	0.126554	5.42819e-10	5.73435	14.72
35.8411	1.27472e-08	280.557	0.139215	0.126559	5.09886e-10	5.73458	14.76
35.8426	1.19738e-08	280.568	0.139221	0.126564	4.78951e-10	5.73481	14.8
35.844	1.12473e-08	280.579	0.139226	0.126569	4.49893e-10	5.73504	14.84
35.8454	1.0565e-08	280.591	0.139232	0.126574	4.22598e-10	5.73527	14.88
35.8469	9.92398e-09	280.602	0.139237	0.12658	3.96959e-10	5.7355	14.92
35.8483	9.32189e-09	280.613	0.139243	0.126585	3.72876e-10	5.73573	14.96
35.8497	8.75633e-09	280.624	0.139249	0.12659	3.50253e-10	5.73596	15
35.8512	8.22509e-09	280.636	0.139254	0.126595	3.29003e-10	5.73619	15.04
35.8526	7.72607e-09	280.647	0.13926	0.1266	3.09043e-10	5.73642	15.08
35.854	7.25733e-09	280.658	0.139265	0.126605	2.90293e-10	5.73665	15.12
35.8555	6.81703e-09	280.669	0.139271	0.12661	2.72681e-10	5.73688	15.16
35.8569	6.40344e-09	280.68	0.139276	0.126615	2.56138e-10	5.73711	15.2
35.8584	6.01494e-09	280.692	0.139282	0.12662	2.40598e-10	5.73734	15.24
35.8598	5.65001e-09	280.703	0.139288	0.126625	2.26001e-10	5.73757	15.28
35.8612	5.30723e-09	280.714	0.139293	0.12663	2.12289e-10	5.7378	15.32
35.8627	4.98524e-09	280.725	0.139299	0.126635	1.9941e-10	5.73802	15.36
35.8641	4.68278e-09	280.737	0.139304	0.12664	1.87311e-10	5.73825	15.4
35.8655	4.39868e-09	280.748	0.13931	0.126645	1.75947e-10	5.73848	15.44
35.867	4.13181e-09	280.759	0.139315	0.12665	1.65272e-10	5.73871	15.48
35.8684	3.88113e-09	280.77	0.139321	0.126655	1.55245e-10	5.73894	15.52
35.8698	3.64567e-09	280.782	0.139327	0.126661	1.45827e-10	5.73917	15.56
35.8713	3.42448e-09	280.793	0.139332	0.126666	1.36979e-10	5.7394	15.6
35.8727	3.21672e-09	280.804	0.139338	0.126671	1.28669e-10	5.73963	15.64
35.8741	3.02156e-09	280.815	0.139343	0.126676	1.20862e-10	5.73986	15.68
35.8756	2.83824e-09	280.826	0.139349	0.126681	1.1353e-10	5.74009	15.72
35.877	2.66605e-09	280.838	0.139354	0.126686	1.06642e-10	5.74032	15.76
35.8784	2.5043e-09	280.849	0.13936	0.126691	1.00172e-10	5.74055	15.8
35.8799	2.35236e-09	280.86	0.139366	0.126696	9.40945e-11	5.74078	15.84
35.8813	2.20964e-09	280.871	0.139371	0.126701	8.83858e-11	5.74101	15.88
35.8827	2.07558e-09	280.883	0.139377	0.126706	8.30234e-11	5.74124	15.92
35.8842	1.94966e-09	280.894	0.139382	0.126711	7.79864e-11	5.74147	15.96
35.8856	1.83137e-09	280.905	0.139388	0.126716	7.32549e-11	5.7417	16
35.887	1.72026e-09	280.916	0.139393	0.126721	6.88106e-11	5.74193	16.04
35.8885	1.6159e-09	280.928	0.139399	0.126726	6.46358e-11	5.74216	16.08
35.8899	1.51786e-09	280.939	0.139405	0.126731	6.07144e-11	5.74239	16.12
35.8913	1.42577e-09	280.95	0.13941	0.126737	5.70308e-11	5.74262	16.16
35.8928	1.33927e-09	280.961	0.139416	0.126742	5.35708e-11	5.74285	16.2
35.8942	1.25802e-09	280.972	0.139421	0.126747	5.03206e-11	5.74308	16.24
35.8957	1.18169e-09	280.984	0.139427	0.126752	4.72677e-11	5.7433	16.28
35.8971	1.11e-09	280.995	0.139432	0.126757	4.43999e-11	5.74353	16.32
35.8985	1.04265e-09	281.006	0.139438	0.126762	4.17062e-11	5.74376	16.36
35.9	9.79397e-10	281.017	0.139444	0.126767	3.91759e-11	5.74399	16.4
35.9014	9.19977e-10	281.029	0.139449	0.126772	3.67991e-11	5.74422	16.44
35.9028	8.64162e-10	281.04	0.139455	0.126777	3.45665e-11	5.74445	16.48
35.9043	8.11733e-10	281.051	0.13946	0.126782	3.24693e-11	5.74468	16.52
35.9057	7.62485e-10	281.062	0.139466	0.126787	3.04994e-11	5.74491	16.56
35.9071	7.16225e-10	281.074	0.139472	0.126792	2.8649e-11	5.74514	16.6
35.9086	6.72772e-10	281.085	0.139477	0.126797	2.69109e-11	5.74537	16.64
35.91	6.31955e-10	281.096	0.139483	0.126802	2.52782e-11	5.7456	16.68
35.9115	5.93614e-10	281.107	0.139488	0.126808	2.37446e-11	5.74583	16.72
35.9129	5.57599e-10	281.119	0.139494	0.126813	2.2304e-11	5.74606	16.76
35.9143	5.2377e-10	281.13	0.139499	0.126818	2.09508e-11	5.74629	16.8
35.9158	4.91993e-10	281.141	0.139505	0.126823	1.96797e-11	5.74652	16.84
35.9172	4.62144e-10	281.152	0.139511	0.126828	1.84857e-11	5.74675	16.88
35.9186	4.34105e-10	281.164	0.139516	0.126833	1.73642e-11	5.74698	16.92
35.9201	4.07768e-10	281.175	0.139522	0.126838	1.63107e-11	5.74721	16.96
35.9215	3.83029e-10	281.186	0.139527	0.126843	1.53212e-11	5.74744	17
35.9229	3.5979e-10	281.197	0.139533	0.126848	1.43916e-11	5.74767	17.04
35.9244	3.37962e-10	281.209	0.139538	0.126853	1.35185e-11	5.7479	17.08
35.9258	3.17458e-10	281.22	0.139544	0.126858	1.26983e-11	5.74813	17.12
35.9273	2.98198e-10	281.231	0.13955	0.126863	1.19279e-11	5.74836	17.16
35.9287	2.80106e-10	281.242	0.139555	0.126868	1.12042e-11	5.74859	17.2
35.9301	2.63112e-10	281.254	0.139561	0.126873	1.05245e-11	5.74882	17.24
35.9316	2.47149e-10	281.265	0.139566	0.126879	9.88596e-12	5.74905	17.28
35.933	2.32154e-10	281.276	0.139572	0.126884	9.28618e-12	5.74928	17.32
35.9344	2.1807e-10	281.287	0.139578	0.126889	8.72278e-12	5.74951	17.36
35.9359	2.04839e-10	281.299	0.139583	0.126894	8.19357e-12	5.74974	17.4
35.9373	1.92412e-10	281.31	0.139589	0.126899	7.69647e-12	5.74997	17.44
35.9387	1.80738e-10	281.321	0.139594	0.126904	7.22952e-12	5.7502	17.48
35.9402	1.69773e-10	281.332	0.1396	0.126909	6.79091e-12	5.75043	17.52
35.9416	1.59473e-10	281.344	0.139605	0.126914	6.3789e-12	5.75066	17.56
35.9431	1.49797e-10	281.355	0.139611	0.126919	5.9919e-12	5.75089	17.6
35.9445	1.40709e-10	281.366	0.139617	0.126924	5.62837e-12	5.75112	17.64
35.9459	1.32172e-10	281.377	0.139622	0.126929	5.28689e-12	5.75135	17.68
35.9474	1.24153e-10	281.389	0.139628	0.126934	4.96614e-12	5.75158	17.72
35.9488	1.16621e-10	281.4	0.139633	0.126939	4.66484e-12	5.75181	17.76
35.9502	1.09546e-10	281.411	0.139639	0.126945	4.38183e-12	5.75204	17.8
35.9517	1.029e-10	281.422	0.139645	0.12695	4.11598e-12	5.75227	17.84
35.9531	9.66566e-11	281.434	0.13965	0.126955	3.86626e-12	5.7525	17.88
35.9546	9.07924e-11	281.445	0.139656	0.12696	3.6317e-12	5.75273	17.92
35.956	8.52841e-11	281.456	0.139661	0.126965	3.41136e-12	5.75296	17.96
35.9574	8.01099e-11	281.467	0.139667	0.12697	3.2044e-12	5.75319	18
35.9589	7.52496e-11	281.479	0.139672	0.126975	3.00998e-12	5.75342	18.04
35.9603	7.06842e-11	281.49	0.139678	0.12698	2.82737e-12	5.75365	18.08
35.9618	6.63958e-11	281.501	0.139684	0.126985	2.65583e-12	5.75388	18.12
35.9632	6.23676e-11	281.512	0.139689	0.12699	2.4947e-12	5.75411	18.16
35.9646	5.85837e-11	281.524	0.139695	0.126995	2.34335e-12	5.75434	18.2
35.9661	5.50295e-11	281.535	0.1397	0.127	2.20118e-12	5.75457	18.24
35.9675	5.16908e-11	281.546	0.139706	0.127005	2.06763e-12	5.7548	18.28
35.9689	4.85547e-11	281.557	0.139712	0.127011	1.94219e-12	5.75503	18.32
35.9704	4.56089e-11	281.569	0.139717	0.127016	1.82436e-12	5.75526	18.36
35.9718	4.28418e-11	281.58	0.139723	0.127021	1.71367e-12	5.75549	18.4
35.9733	4.02426e-11	281.591	0.139728	0.127026	1.6097e-12	5.75572	18.44
35.9747	3.78011e-11	281.602	0.139734	0.127031	1.51204e-12	5.75595	18.48
35.9761	3.55077e-11	281.614	0.13974	0.127036	1.42031e-12	5.75618	18.52
35.9776	3.33534e-11	281.625	0.139745	0.127041	1.33414e-12	5.75641	18.56
35.979	3.13299e-11	281.636	0.139751	0.127046	1.2532e-12	5.75664	18.6
35.9805	2.94291e-11	281.647	0.139756	0.127051	1.17716e-12	5.75687	18.64
35.9819	2.76436e-11	281.659	0.139762	0.127056	1.10575e-12	5.7571	18.68
35.9833	2.59665e-11	281.67	0.139767	0.127061	1.03866e-12	5.75733	18.72
35.9848	2.43911e-11	281.681	0.139773	0.127066	9.75644e-13	5.75756	18.76
35.9862	2.29113e-11	281.693	0.139779	0.127072	9.16452e-13	5.75779	18.8
35.9876	2.15213e-11	281.704	0.139784	0.127077	8.60851e-13	5.75802	18.84
35.9891	2.02156e-11	281.715	0.13979	0.127082	8.08623e-13	5.75825	18.88
35.9905	1.89891e-11	281.726	0.139795	0.127087	7.59564e-13	5.75848	18.92
35.992	1.7837e-11	281.738	0.139801	0.127092	7.13481e-13	5.75871	18.96
35.9934	1.67549e-11	281.749	0.139807	0.127097	6.70194e-13	5.75895	19
35.9948	1.57383e-11	281.76	0.139812	0.127102	6.29534e-13	5.75918	19.04
35.9963	1.47835e-11	281.771	0.139818	0.127107	5.9134e-13	5.75941	19.08
35.9977	1.38866e-11	281.783	0.139823	0.127112	5.55463e-13	5.75964	19.12
35.9992	1.30441e-11	281.794	0.139829	0.127117	5.21763e-13	5.75987	19.16
36.0006	1.22527e-11	281.805	0.139835	0.127122	4.90108e-13	5.7601	19.2
36.002	1.15093e-11	281.816	0.13984	0.127127	4.60373e-13	5.76033	19.24
36.0035	1.08111e-11	281.828	0.139846	0.127133	4.32442e-13	5.76056	19.28
36.0049	1.01551e-11	281.839	0.139851	0.127138	4.06206e-13	5.76079	19.32
36.0064	9.53903e-12	281.85	0.139857	0.127143	3.81561e-13	5.76102	19.36
36.0078	8.9603e-12	281.862	0.139863	0.127148	3.58412e-13	5.76125	19.4
36.0092	8.41668e-12	281.873	0.139868	0.127153	3.36667e-13	5.76148	19.44
36.0107	7.90604e-12	281.884	0.139874	0.127158	3.16242e-13	5.76171	19.48
36.0121	7.42638e-12	281.895	0.139879	0.127163	2.97055e-13	5.76194	19.52
36.0136	6.97582e-12	281.907	0.139885	0.127168	2.79033e-13	5.76217	19.56
36.015	6.5526e-12	281.918	0.139891	0.127173	2.62104e-13	5.7624	19.6
36.0164	6.15505e-12	281.929	0.139896	0.127178	2.46202e-13	5.76263	19.64
36.0179	5.78162e-12	281.941	0.139902	0.127183	2.31265e-13	5.76286	19.68
36.0193	5.43085e-12	281.952	0.139907	0.127188	2.17234e-13	5.76309	19.72
36.0208	5.10136e-12	281.963	0.139913	0.127194	2.04054e-13	5.76332	19.76
36.0222	4.79186e-12	281.974	0.139918	0.127199	1.91675e-13	5.76355	19.8
36.0236	4.50114e-12	281.986	0.139924	0.127204	1.80046e-13	5.76378	19.84
36.0251	4.22806e-12	281.997	0.13993	0.127209	1.69122e-13	5.76401	19.88
36.0265	3.97154e-12	282.008	0.139935	0.127214	1.58862e-13	5.76424	19.92
36.028	3.73059e-12	282.019	0.139941	0.127219	1.49223e-13	5.76448	19.96
36.0294	3.50425e-12	282.031	0.139946	0.127224	1.4017e-13	5.76471	20
36.0309	3.29165e-12	282.042	0.139952	0.127229	1.31666e-13	5.76494	20.04
36.0323	3.09194e-12	282.053	0.139958	0.127234	1.23678e-13	5.76517	20.08
36.0337	2.90436e-12	282.065	0.139963	0.127239	1.16174e-13	5.7654	20.12
36.0352	2.72815e-12	282.076	0.139969	0.127244	1.09126e-13	5.76563	20.16
36.0366	2.56263e-12	282.087	0.139974	0.127249	1.02505e-13	5.76586	20.2
36.0381	2.40716e-12	282.098	0.13998	0.127255	9.62863e-14	5.76609	20.24
36.0395	2.26111e-12	282.11	0.139986	0.12726	9.04446e-14	5.76632	20.28
36.0409	2.12393e-12	282.121	0.139991	0.127265	8.49573e-14	5.76655	20.32
36.0424	1.99507e-12	282.132	0.139997	0.12727	7.98029e-14	5.76678	20.36
36.0438	1.87403e-12	282.144	0.140002	0.127275	7.49613e-14	5.76701	20.4
36.0453	1.76033e-12	282.155	0.140008	0.12728	7.04134e-14	5.76724	20.44
36.0467	1.65354e-12	282.166	0.140014	0.127285	6.61414e-14	5.76747	20.48
36.0481	1.55322e-12	282.177	0.140019	0.12729	6.21286e-14	5.7677	20.52
36.0496	1.45898e-12	282.189	0.140025	0.127295	5.83593e-14	5.76793	20.56
36.051	1.37047e-12	282.2	0.14003	0.1273	5.48186e-14	5.76817	20.6
36.0525	1.28732e-12	282.211	0.140036	0.127305	5.14928e-14	5.7684	20.64
36.0539	1.20922e-12	282.223	0.140042	0.127311	4.83687e-14	5.76863	20.68
36.0554	1.13585e-12	282.234	0.140047	0.127316	4.54342e-14	5.76886	20.72
36.0568	1.06694e-12	282.245	0.140053	0.127321	4.26777e-14	5.76909	20.76
36.0582	1.00221e-12	282.256	0.140058	0.127326	4.00884e-14	5.76932	20.8
36.0597	9.41406e-13	282.268	0.140064	0.127331	3.76563e-14	5.76955	20.84
36.0611	8.84291e-13	282.279	0.14007	0.127336	3.53716e-14	5.76978	20.88
36.0626	8.30641e-13	282.29	0.140075	0.127341	3.32257e-14	5.77001	20.92
36.064	7.80246e-13	282.302	0.140081	0.127346	3.12099e-14	5.77024	20.96
36.0655	7.32909e-13	282.313	0.140086	0.127351	2.93163e-14	5.77047	21
36.0669	6.88443e-13	282.324	0.140092	0.127356	2.75377e-14	5.7707	21.04
36.0683	6.46675e-13	282.335	0.140098	0.127362	2.5867e-14	5.77093	21.08
36.0698	6.07441e-13	282.347	0.140103	0.127367	2.42977e-14	5.77116	21.12
36.0712	5.70588e-13	282.358	0.140109	0.127372	2.28235e-14	5.7714	21.16
36.0727	5.3597e-13	282.369	0.140114	0.127377	2.14388e-14	5.77163	21.2
36.0741	5.03453e-13	282.381	0.14012	0.127382	2.01381e-14	5.77186	21.24
36.0755	4.72909e-13	282.392	0.140126	0.127387	1.89163e-14	5.77209	21.28
36.077	4.44217e-13	282.403	0.140131	0.127392	1.77687e-14	5.77232	21.32
36.0784	4.17267e-13	282.414	0.140137	0.127397	1.66907e-14	5.77255	21.36
36.0799	3.91951e-13	282.426	0.140142	0.127402	1.5678e-14	5.77278	21.4
36.0813	3.68171e-13	282.437	0.140148	0.127407	1.47269e-14	5.77301	21.44
36.0828	3.45834e-13	282.448	0.140154	0.127412	1.38334e-14	5.77324	21.48
36.0842	3.24853e-13	282.46	0.140159	0.127418	1.29941e-14	5.77347	21.52
36.0857	3.05144e-13	282.471	0.140165	0.127423	1.22057e-14	5.7737	21.56
36.0871	2.86631e-13	282.482	0.140171	0.127428	1.14652e-14	5.77394	21.6
36.0885	2.69241e-13	282.494	0.140176	0.127433	1.07696e-14	5.77417	21.64
36.09	2.52906e-13	282.505	0.140182	0.127438	1.01162e-14	5.7744	21.68
36.0914	2.37562e-13	282.516	0.140187	0.127443	9.50248e-15	5.77463	21.72
36.0929	2.23149e-13	282.527	0.140193	0.127448	8.92597e-15	5.77486	21.76
36.0943	2.09611e-13	282.539	0.140199	0.127453	8.38443e-15	5.77509	21.8
36.0958	1.96894e-13	282.55	0.140204	0.127458	7.87575e-15	5.77532	21.84
36.0972	1.84948e-13	282.561	0.14021	0.127463	7.39792e-15	5.77555	21.88
36.0986	1.73727e-13	282.573	0.140215	0.127469	6.94909e-15	5.77578	21.92
36.1001	1.63187e-13	282.584	0.140221	0.127474	6.52749e-15	5.77601	21.96
36.1015	1.53287e-13	282.595	0.140227	0.127479	6.13147e-15	5.77624	22
36.103	1.43987e-13	282.607	0.140232	0.127484	5.75947e-15	5.77648	22.04
36.1044	1.35251e-13	282.618	0.140238	0.127489	5.41004e-15	5.77671	22.08
36.1059	1.27045e-13	282.629	0.140243	0.127494	5.08182e-15	5.77694	22.12
36.1073	1.19338e-13	282.64	0.140249	0.127499	4.7735e-15	5.77717	22.16
36.1087	1.12097e-13	282.652	0.140255	0.127504	4.48389e-15	5.7774	22.2
36.1102	1.05296e-13	282.663	0.14026	0.127509	4.21186e-15	5.77763	22.24
36.1116	9.89081e-14	282.674	0.140266	0.127514	3.95632e-15	5.77786	22.28
36.1131	9.29073e-14	282.686	0.140271	0.12752	3.71629e-15	5.77809	22.32
36.1145	8.72706e-14	282.697	0.140277	0.127525	3.49083e-15	5.77832	22.36
36.116	8.19759e-14	282.708	0.140283	0.12753	3.27904e-15	5.77856	22.4
36.1174	7.70024e-14	282.72	0.140288	0.127535	3.0801e-15	5.77879	22.44
36.1189	7.23307e-14	282.731	0.140294	0.12754	2.89323e-15	5.77902	22.48
36.1203	6.79424e-14	282.742	0.1403	0.127545	2.7177e-15	5.77925	22.52
36.1217	6.38203e-14	282.754	0.140305	0.12755	2.55281e-15	5.77948	22.56
36.1232	5.99484e-14	282.765	0.140311	0.127555	2.39793e-15	5.77971	22.6
36.1246	5.63113e-14	282.776	0.140316	0.12756	2.25245e-15	5.77994	22.64
36.1261	5.28949e-14	282.787	0.140322	0.127565	2.1158e-15	5.78017	22.68
36.1275	4.96857e-14	282.799	0.140328	0.127571	1.98743e-15	5.7804	22.72
36.129	4.66713e-14	282.81	0.140333	0.127576	1.86685e-15	5.78064	22.76
36.1304	4.38398e-14	282.821	0.140339	0.127581	1.75359e-15	5.78087	22.8
36.1319	4.118e-14	282.833	0.140344	0.127586	1.6472e-15	5.7811	22.84
36.1333	3.86816e-14	282.844	0.14035	0.127591	1.54726e-15	5.78133	22.88
36.1348	3.63348e-14	282.855	0.140356	0.127596	1.45339e-15	5.78156	22.92
36.1362	3.41304e-14	282.867	0.140361	0.127601	1.36521e-15	5.78179	22.96
36.1376	3.20597e-14	282.878	0.140367	0.127606	1.28239e-15	5.78202	23
36.1391	3.01146e-14	282.889	0.140372	0.127611	1.20458e-15	5.78225	23.04
36.1405	2.82876e-14	282.901	0.140378	0.127616	1.1315e-15	5.78249	23.08
36.142	2.65714e-14	282.912	0.140384	0.127622	1.06285e-15	5.78272	23.12
36.1434	2.49593e-14	282.923	0.140389	0.127627	9.98371e-16	5.78295	23.16
36.1449	2.3445e-14	282.934	0.140395	0.127632	9.37799e-16	5.78318	23.2
36.1463	2.20226e-14	282.946	0.140401	0.127637	8.80903e-16	5.78341	23.24
36.1478	2.06865e-14	282.957	0.140406	0.127642	8.27459e-16	5.78364	23.28
36.1492	1.94314e-14	282.968	0.140412	0.127647	7.77257e-16	5.78387	23.32
36.1507	1.82525e-14	282.98	0.140417	0.127652	7.30101e-16	5.7841	23.36
36.1521	1.71451e-14	282.991	0.140423	0.127657	6.85805e-16	5.78434	23.4
36.1535	1.61049e-14	283.002	0.140429	0.127662	6.44198e-16	5.78457	23.44
36.155	1.51279e-14	283.014	0.140434	0.127667	6.05114e-16	5.7848	23.48
36.1564	1.421e-14	283.025	0.14044	0.127673	5.68402e-16	5.78503	23.52
36.1579	1.33479e-14	283.036	0.140445	0.127678	5.33917e-16	5.78526	23.56
36.1593	1.25381e-14	283.048	0.140451	0.127683	5.01524e-16	5.78549	23.6
36.1608	1.17774e-14	283.059	0.140457	0.127688	4.71097e-16	5.78572	23.64
36.1622	1.10629e-14	283.07	0.140462	0.127693	4.42515e-16	5.78596	23.68
36.1637	1.03917e-14	283.082	0.140468	0.127698	4.15668e-16	5.78619	23.72
36.1651	9.76123e-15	283.093	0.140474	0.127703	3.90449e-16	5.78642	23.76
36.1666	9.16902e-15	283.104	0.140479	0.127708	3.66761e-16	5.78665	23.8
36.168	8.61273e-15	283.116	0.140485	0.127713	3.44509e-16	5.78688	23.84
36.1695	8.0902e-15	283.127	0.14049	0.127719	3.23608e-16	5.78711	23.88
36.1709	7.59937e-15	283.138	0.140496	0.127724	3.03975e-16	5.78734	23.92
36.1723	7.13831e-15	283.15	0.140502	0.127729	2.85532e-16	5.78758	23.96
36.1738	6.70523e-15	283.161	0.140507	0.127734	2.68209e-16	5.78781	24
36.1752	6.29842e-15	283.172	0.140513	0.127739	2.51937e-16	5.78804	24.04
36.1767	5.9163e-15	283.184	0.140518	0.127744	2.36652e-16	5.78827	24.08
36.1781	5.55736e-15	283.195	0.140524	0.127749	2.22294e-16	5.7885	24.12
36.1796	5.22019e-15	283.206	0.14053	0.127754	2.08808e-16	5.78873	24.16
36.181	4.90348e-15	283.218	0.140535	0.127759	1.96139e-16	5.78896	24.2
36.1825	4.60599e-15	283.229	0.140541	0.127765	1.8424e-16	5.7892	24.24
36.1839	4.32654e-15	283.24	0.140547	0.12777	1.73062e-16	5.78943	24.28
36.1854	4.06405e-15	283.252	0.140552	0.127775	1.62562e-16	5.78966	24.32
36.1868	3.81749e-15	283.263	0.140558	0.12778	1.52699e-16	5.78989	24.36
36.1883	3.58588e-15	283.274	0.140563	0.127785	1.43435e-16	5.79012	24.4
36.1897	3.36832e-15	283.285	0.140569	0.12779	1.34733e-16	5.79035	24.44
36.1912	3.16397e-15	283.297	0.140575	0.127795	1.26559e-16	5.79058	24.48
36.1926	2.97201e-15	283.308	0.14058	0.1278	1.1888e-16	5.79082	24.52
36.194	2.7917e-15	283.319	0.140586	0.127805	1.11668e-16	5.79105	24.56
36.1955	2.62232e-15	283.331	0.140592	0.127811	1.04893e-16	5.79128	24.6
36.1969	2.46323e-15	283.342	0.140597	0.127816	9.85291e-17	5.79151	24.64
36.1984	2.31378e-15	283.353	0.140603	0.127821	9.25514e-17	5.79174	24.68
36.1998	2.17341e-15	283.365	0.140608	0.127826	8.69363e-17	5.79197	24.72
36.2013	2.04155e-15	283.376	0.140614	0.127831	8.16618e-17	5.79221	24.76
36.2027	1.91769e-15	283.387	0.14062	0.127836	7.67074e-17	5.79244	24.8
36.2042	1.80134e-15	283.399	0.140625	0.127841	7.20536e-17	5.79267	24.84
36.2056	1.69205e-15	283.41	0.140631	0.127846	6.76821e-17	5.7929	24.88
36.2071	1.5894e-15	283.421	0.140637	0.127851	6.35758e-17	5.79313	24.92
36.2085	1.49297e-15	283.433	0.140642	0.127857	5.97187e-17	5.79336	24.96
36.21	1.40239e-15	283.444	0.140648	0.127862	5.60955e-17	5.7936	25
36.2114	1.31731e-15	283.455	0.140653	0.127867	5.26922e-17	5.79383	25.04
36.2129	1.23738e-15	283.467	0.140659	0.127872	4.94954e-17	5.79406	25.08
36.2143	1.16231e-15	283.478	0.140665	0.127877	4.64925e-17	5.79429	25.12
36.2158	1.09179e-15	283.489	0.14067	0.127882	4.36718e-17	5.79452	25.16
36.2172	1.02556e-15	283.501	0.140676	0.127887	4.10222e-17	5.79475	25.2
36.2187	9.63335e-16	283.512	0.140682	0.127892	3.85334e-17	5.79499	25.24
36.2201	9.0489e-16	283.524	0.140687	0.127897	3.61956e-17	5.79522	25.28
36.2216	8.4999e-16	283.535	0.140693	0.127903	3.39996e-17	5.79545	25.32
36.223	7.98421e-16	283.546	0.140698	0.127908	3.19368e-17	5.79568	25.36
36.2245	7.49981e-16	283.558	0.140704	0.127913	2.99992e-17	5.79591	25.4
36.2259	7.04479e-16	283.569	0.14071	0.127918	2.81792e-17	5.79615	25.44
36.2274	6.61739e-16	283.58	0.140715	0.127923	2.64695e-17	5.79638	25.48
36.2288	6.21591e-16	283.592	0.140721	0.127928	2.48636e-17	5.79661	25.52
36.2303	5.83879e-16	283.603	0.140727	0.127933	2.33552e-17	5.79684	25.56
36.2317	5.48455e-16	283.614	0.140732	0.127938	2.19382e-17	5.79707	25.6
36.2332	5.1518e-16	283.626	0.140738	0.127943	2.06072e-17	5.7973	25.64
36.2346	4.83924e-16	283.637	0.140743	0.127949	1.9357e-17	5.79754	25.68
36.2361	4.54565e-16	283.648	0.140749	0.127954	1.81826e-17	5.79777	25.72
36.2375	4.26986e-16	283.66	0.140755	0.127959	1.70794e-17	5.798	25.76
36.2389	4.01081e-16	283.671	0.14076	0.127964	1.60432e-17	5.79823	25.8
36.2404	3.76747e-16	283.682	0.140766	0.127969	1.50699e-17	5.79846	25.84
36.2418	3.5389e-16	283.694	0.140772	0.127974	1.41556e-17	5.7987	25.88
36.2433	3.3242e-16	283.705	0.140777	0.127979	1.32968e-17	5.79893	25.92
36.2447	3.12252e-16	283.716	0.140783	0.127984	1.24901e-17	5.79916	25.96
36.2462	2.93307e-16	283.728	0.140789	0.12799	1.17323e-17	5.79939	26
36.2476	2.75512e-16	283.739	0.140794	0.127995	1.10205e-17	5.79962	26.04
36.2491	2.58797e-16	283.75	0.1408	0.128	1.03519e-17	5.79986	26.08
36.2505	2.43096e-16	283.762	0.140805	0.128005	9.72383e-18	5.80009	26.12
36.252	2.28347e-16	283.773	0.140811	0.12801	9.13389e-18	5.80032	26.16
36.2534	2.14493e-16	283.784	0.140817	0.128015	8.57973e-18	5.80055	26.2
36.2549	2.0148e-16	283.796	0.140822	0.12802	8.0592e-18	5.80078	26.24
36.2563	1.89256e-16	283.807	0.140828	0.128025	7.57025e-18	5.80102	26.28
36.2578	1.77774e-16	283.818	0.140834	0.128031	7.11096e-18	5.80125	26.32
36.2592	1.66988e-16	283.83	0.140839	0.128036	6.67954e-18	5.80148	26.36
36.2607	1.56857e-16	283.841	0.140845	0.128041	6.27429e-18	5.80171	26.4
36.2621	1.47341e-16	283.853	0.14085	0.128046	5.89363e-18	5.80194	26.44
36.2636	1.38402e-16	283.864	0.140856	0.128051	5.53606e-18	5.80218	26.48
36.265	1.30005e-16	283.875	0.140862	0.128056	5.20019e-18	5.80241	26.52
36.2665	1.22117e-16	283.887	0.140867	0.128061	4.8847e-18	5.80264	26.56
36.2679	1.14709e-16	283.898	0.140873	0.128066	4.58834e-18	5.80287	26.6
36.2694	1.07749e-16	283.909	0.140879	0.128071	4.30997e-18	5.8031	26.64
36.2708	1.01212e-16	283.921	0.140884	0.128077	4.04848e-18	5.80334	26.68
36.2723	9.50715e-17	283.932	0.14089	0.128082	3.80286e-18	5.80357	26.72
36.2737	8.93035e-17	283.943	0.140896	0.128087	3.57214e-18	5.8038	26.76
36.2752	8.38854e-17	283.955	0.140901	0.128092	3.35542e-18	5.80403	26.8
36.2767	7.87961e-17	283.966	0.140907	0.128097	3.15184e-18	5.80426	26.84
36.2781	7.40155e-17	283.977	0.140912	0.128102	2.96062e-18	5.8045	26.88
36.2796	6.9525e-17	283.989	0.140918	0.128107	2.781e-18	5.80473	26.92
36.281	6.53069e-17	284	0.140924	0.128112	2.61228e-18	5.80496	26.96
36.2825	6.13448e-17	284.011	0.140929	0.128118	2.45379e-18	5.80519	27
36.2839	5.7623e-17	284.023	0.140935	0.128123	2.30492e-18	5.80542	27.04
36.2854	5.4127e-17	284.034	0.140941	0.128128	2.16508e-18	5.80566	27.08
36.2868	5.08431e-17	284.046	0.140946	0.128133	2.03372e-18	5.80589	27.12
36.2883	4.77585e-17	284.057	0.140952	0.128138	1.91034e-18	5.80612	27.16
36.2897	4.48609e-17	284.068	0.140958	0.128143	1.79444e-18	5.80635	27.2
36.2912	4.21392e-17	284.08	0.140963	0.128148	1.68557e-18	5.80659	27.24
36.2926	3.95826e-17	284.091	0.140969	0.128153	1.58331e-18	5.80682	27.28
36.2941	3.71812e-17	284.102	0.140974	0.128159	1.48725e-18	5.80705	27.32
36.2955	3.49254e-17	284.114	0.14098	0.128164	1.39702e-18	5.80728	27.36
36.297	3.28065e-17	284.125	0.140986	0.128169	1.31226e-18	5.80751	27.4
36.2984	3.08161e-17	284.136	0.140991	0.128174	1.23264e-18	5.80775	27.44
36.2999	2.89465e-17	284.148	0.140997	0.128179	1.15786e-18	5.80798	27.48
36.3013	2.71903e-17	284.159	0.141003	0.128184	1.08761e-18	5.80821	27.52
36.3028	2.55407e-17	284.171	0.141008	0.128189	1.02163e-18	5.80844	27.56
36.3042	2.39911e-17	284.182	0.141014	0.128194	9.59644e-19	5.80868	27.6
36.3057	2.25356e-17	284.193	0.14102	0.1282	9.01423e-19	5.80891	27.64
36.3071	2.11683e-17	284.205	0.141025	0.128205	8.46733e-19	5.80914	27.68
36.3086	1.9884e-17	284.216	0.141031	0.12821	7.95362e-19	5.80937	27.72
36.31	1.86777e-17	284.227	0.141036	0.128215	7.47107e-19	5.80961	27.76
36.3115	1.75445e-17	284.239	0.141042	0.12822	7.0178e-19	5.80984	27.8
36.3129	1.64801e-17	284.25	0.141048	0.128225	6.59203e-19	5.81007	27.84
36.3144	1.54802e-17	284.261	0.141053	0.12823	6.19209e-19	5.8103	27.88
36.3158	1.4541e-17	284.273	0.141059	0.128235	5.81642e-19	5.81053	27.92
36.3173	1.36588e-17	284.284	0.141065	0.128241	5.46354e-19	5.81077	27.96
36.3187	1.28302e-17	284.296	0.14107	0.128246	5.13206e-19	5.811	28
36.3202	1.20518e-17	284.307	0.141076	0.128251	4.8207e-19	5.81123	28.04
36.3217	1.13206e-17	284.318	0.141082	0.128256	4.52823e-19	5.81146	28.08
36.3231	1.06338e-17	284.33	0.141087	0.128261	4.2535e-19	5.8117	28.12
36.3246	9.9886e-18	284.341	0.141093	0.128266	3.99544e-19	5.81193	28.16
36.326	9.3826e-18	284.352	0.141099	0.128271	3.75304e-19	5.81216	28.2
36.3275	8.81335e-18	284.364	0.141104	0.128277	3.52534e-19	5.81239	28.24
36.3289	8.27865e-18	284.375	0.14111	0.128282	3.31146e-19	5.81263	28.28
36.3304	7.77638e-18	284.387	0.141115	0.128287	3.11055e-19	5.81286	28.32
36.3318	7.30459e-18	284.398	0.141121	0.128292	2.92184e-19	5.81309	28.36
36.3333	6.86142e-18	284.409	0.141127	0.128297	2.74457e-19	5.81332	28.4
36.3347	6.44514e-18	284.421	0.141132	0.128302	2.57805e-19	5.81356	28.44
36.3362	6.05411e-18	284.432	0.141138	0.128307	2.42164e-19	5.81379	28.48
36.3376	5.68681e-18	284.443	0.141144	0.128312	2.27472e-19	5.81402	28.52
36.3391	5.34179e-18	284.455	0.141149	0.128318	2.13672e-19	5.81425	28.56
36.3405	5.0177e-18	284.466	0.141155	0.128323	2.00708e-19	5.81449	28.6
36.342	4.71328e-18	284.478	0.141161	0.128328	1.88531e-19	5.81472	28.64
36.3434	4.42732e-18	284.489	0.141166	0.128333	1.77093e-19	5.81495	28.68
36.3449	4.15872e-18	284.5	0.141172	0.128338	1.66349e-19	5.81518	28.72
36.3464	3.90641e-18	284.512	0.141178	0.128343	1.56256e-19	5.81542	28.76
36.3478	3.66941e-18	284.523	0.141183	0.128348	1.46776e-19	5.81565	28.8
36.3493	3.44678e-18	284.534	0.141189	0.128353	1.37871e-19	5.81588	28.84
36.3507	3.23767e-18	284.546	0.141194	0.128359	1.29507e-19	5.81611	28.88
36.3522	3.04124e-18	284.557	0.1412	0.128364	1.21649e-19	5.81635	28.92
36.3536	2.85673e-18	284.569	0.141206	0.128369	1.14269e-19	5.81658	28.96
36.3551	2.68341e-18	284.58	0.141211	0.128374	1.07336e-19	5.81681	29
36.3565	2.52061e-18	284.591	0.141217	0.128379	1.00824e-19	5.81705	29.04
36.358	2.36768e-18	284.603	0.141223	0.128384	9.47072e-20	5.81728	29.08
36.3594	2.22403e-18	284.614	0.141228	0.128389	8.89613e-20	5.81751	29.12
36.3609	2.0891e-18	284.626	0.141234	0.128395	8.3564e-20	5.81774	29.16
36.3623	1.96236e-18	284.637	0.14124	0.1284	7.84942e-20	5.81798	29.2
36.3638	1.8433e-18	284.648	0.141245	0.128405	7.3732e-20	5.81821	29.24
36.3653	1.73147e-18	284.66	0.141251	0.12841	6.92586e-20	5.81844	29.28
36.3667	1.62642e-18	284.671	0.141257	0.128415	6.50567e-20	5.81867	29.32
36.3682	1.52774e-18	284.682	0.141262	0.12842	6.11097e-20	5.81891	29.36
36.3696	1.43505e-18	284.694	0.141268	0.128425	5.74022e-20	5.81914	29.4
36.3711	1.34799e-18	284.705	0.141274	0.128431	5.39196e-20	5.81937	29.44
36.3725	1.26621e-18	284.717	0.141279	0.128436	5.06483e-20	5.8196	29.48
36.374	1.18939e-18	284.728	0.141285	0.128441	4.75755e-20	5.81984	29.52
36.3754	1.11723e-18	284.739	0.141291	0.128446	4.46891e-20	5.82007	29.56
36.3769	1.04944e-18	284.751	0.141296	0.128451	4.19778e-20	5.8203	29.6
36.3783	9.85775e-19	284.762	0.141302	0.128456	3.9431e-20	5.82054	29.64
36.3798	9.25968e-19	284.774	0.141307	0.128461	3.70387e-20	5.82077	29.68
36.3813	8.69789e-19	284.785	0.141313	0.128466	3.47916e-20	5.821	29.72
36.3827	8.17019e-19	284.796	0.141319	0.128472	3.26808e-20	5.82123	29.76
36.3842	7.67451e-19	284.808	0.141324	0.128477	3.0698e-20	5.82147	29.8
36.3856	7.20889e-19	284.819	0.14133	0.128482	2.88356e-20	5.8217	29.84
36.3871	6.77153e-19	284.83	0.141336	0.128487	2.70861e-20	5.82193	29.88
36.3885	6.3607e-19	284.842	0.141341	0.128492	2.54428e-20	5.82217	29.92
36.39	5.9748e-19	284.853	0.141347	0.128497	2.38992e-20	5.8224	29.96
36.3914	5.61231e-19	284.865	0.141353	0.128502	2.24492e-20	5.82263	30
36.3929	5.27181e-19	284.876	0.141358	0.128508	2.10872e-20	5.82286	30.04
36.3944	4.95197e-19	284.887	0.141364	0.128513	1.98079e-20	5.8231	30.08
36.3958	4.65153e-19	284.899	0.14137	0.128518	1.86061e-20	5.82333	30.12
36.3973	4.36932e-19	284.91	0.141375	0.128523	1.74773e-20	5.82356	30.16
36.3987	4.10424e-19	284.922	0.141381	0.128528	1.64169e-20	5.8238	30.2
36.4002	3.85523e-19	284.933	0.141387	0.128533	1.54209e-20	5.82403	30.24
36.4016	3.62133e-19	284.944	0.141392	0.128538	1.44853e-20	5.82426	30.28
36.4031	3.40163e-19	284.956	0.141398	0.128544	1.36065e-20	5.82449	30.32
36.4045	3.19525e-19	284.967	0.141404	0.128549	1.2781e-20	5.82473	30.36
36.406	3.00139e-19	284.979	0.141409	0.128554	1.20056e-20	5.82496	30.4
36.4075	2.8193e-19	284.99	0.141415	0.128559	1.12772e-20	5.82519	30.44
36.4089	2.64825e-19	285.001	0.141421	0.128564	1.0593e-20	5.82543	30.48
36.4104	2.48758e-19	285.013	0.141426	0.128569	9.95033e-21	5.82566	30.52
36.4118	2.33666e-19	285.024	0.141432	0.128574	9.34665e-21	5.82589	30.56
36.4133	2.1949e-19	285.036	0.141438	0.12858	8.77959e-21	5.82613	30.6
36.4147	2.06173e-19	285.047	0.141443	0.128585	8.24693e-21	5.82636	30.64
36.4162	1.93665e-19	285.058	0.141449	0.12859	7.74659e-21	5.82659	30.68
36.4177	1.81915e-19	285.07	0.141454	0.128595	7.2766e-21	5.82682	30.72
36.4191	1.70878e-19	285.081	0.14146	0.1286	6.83513e-21	5.82706	30.76
36.4206	1.60511e-19	285.093	0.141466	0.128605	6.42044e-21	5.82729	30.8
36.422	1.50773e-19	285.104	0.141471	0.12861	6.03091e-21	5.82752	30.84
36.4235	1.41625e-19	285.115	0.141477	0.128616	5.66502e-21	5.82776	30.88
36.4249	1.33033e-19	285.127	0.141483	0.128621	5.32132e-21	5.82799	30.92
36.4264	1.24962e-19	285.138	0.141488	0.128626	4.99848e-21	5.82822	30.96
36.4278	1.1738e-19	285.15	0.141494	0.128631	4.69522e-21	5.82846	31
36.4293	1.10259e-19	285.161	0.1415	0.128636	4.41036e-21	5.82869	31.04
36.4308	1.0357e-19	285.172	0.141505	0.128641	4.14278e-21	5.82892	31.08
36.4322	9.7286e-20	285.184	0.141511	0.128646	3.89144e-21	5.82916	31.12
36.4337	9.13837e-20	285.195	0.141517	0.128652	3.65535e-21	5.82939	31.16
36.4351	8.58394e-20	285.207	0.141522	0.128657	3.43358e-21	5.82962	31.2
36.4366	8.06315e-20	285.218	0.141528	0.128662	3.22526e-21	5.82985	31.24
36.438	7.57396e-20	285.229	0.141534	0.128667	3.02959e-21	5.83009	31.28
36.4395	7.11445e-20	285.241	0.141539	0.128672	2.84578e-21	5.83032	31.32
36.441	6.68282e-20	285.252	0.141545	0.128677	2.67313e-21	5.83055	31.36
36.4424	6.27737e-20	285.264	0.141551	0.128682	2.51095e-21	5.83079	31.4
36.4439	5.89652e-20	285.275	0.141556	0.128688	2.35861e-21	5.83102	31.44
36.4453	5.53878e-20	285.286	0.141562	0.128693	2.21551e-21	5.83125	31.48
36.4468	5.20274e-20	285.298	0.141568	0.128698	2.0811e-21	5.83149	31.52
36.4482	4.88709e-20	285.309	0.141573	0.128703	1.95484e-21	5.83172	31.56
36.4497	4.59059e-20	285.321	0.141579	0.128708	1.83624e-21	5.83195	31.6
36.4512	4.31208e-20	285.332	0.141585	0.128713	1.72483e-21	5.83219	31.64
36.4526	4.05047e-20	285.344	0.14159	0.128718	1.62019e-21	5.83242	31.68
36.4541	3.80472e-20	285.355	0.141596	0.128724	1.52189e-21	5.83265	31.72
36.4555	3.57389e-20	285.366	0.141602	0.128729	1.42956e-21	5.83289	31.76
36.457	3.35706e-20	285.378	0.141607	0.128734	1.34283e-21	5.83312	31.8
36.4585	3.15339e-20	285.389	0.141613	0.128739	1.26136e-21	5.83335	31.84
36.4599	2.96207e-20	285.401	0.141619	0.128744	1.18483e-21	5.83359	31.88
36.4614	2.78237e-20	285.412	0.141624	0.128749	1.11295e-21	5.83382	31.92
36.4628	2.61356e-20	285.423	0.14163	0.128755	1.04542e-21	5.83405	31.96
36.4643	2.45499e-20	285.435	0.141636	0.12876	9.81998e-22	5.83429	32
36.4657	2.30605e-20	285.446	0.141641	0.128765	9.2242e-22	5.83452	32.04
36.4672	2.16614e-20	285.458	0.141647	0.12877	8.66457e-22	5.83475	32.08
36.4687	2.03472e-20	285.469	0.141653	0.128775	8.13889e-22	5.83499	32.12
36.4701	1.91128e-20	285.481	0.141658	0.12878	7.6451e-22	5.83522	32.16
36.4716	1.79532e-20	285.492	0.141664	0.128785	7.18127e-22	5.83545	32.2
36.473	1.6864e-20	285.503	0.14167	0.128791	6.74558e-22	5.83569	32.24
36.4745	1.58408e-20	285.515	0.141675	0.128796	6.33633e-22	5.83592	32.28
36.476	1.48798e-20	285.526	0.141681	0.128801	5.9519e-22	5.83615	32.32
36.4774	1.3977e-20	285.538	0.141687	0.128806	5.5908e-22	5.83639	32.36
36.4789	1.3129e-20	285.549	0.141692	0.128811	5.25161e-22	5.83662	32.4
36.4803	1.23325e-20	285.56	0.141698	0.128816	4.93299e-22	5.83685	32.44
36.4818	1.15843e-20	285.572	0.141704	0.128821	4.63371e-22	5.83709	32.48
36.4833	1.08815e-20	285.583	0.141709	0.128827	4.35258e-22	5.83732	32.52
36.4847	1.02213e-20	285.595	0.141715	0.128832	4.08851e-22	5.83755	32.56
36.4862	9.60115e-21	285.606	0.141721	0.128837	3.84046e-22	5.83779	32.6
36.4876	9.01865e-21	285.618	0.141726	0.128842	3.60746e-22	5.83802	32.64
36.4891	8.47149e-21	285.629	0.141732	0.128847	3.38859e-22	5.83825	32.68
36.4905	7.95752e-21	285.64	0.141738	0.128852	3.18301e-22	5.83849	32.72
36.492	7.47474e-21	285.652	0.141743	0.128858	2.9899e-22	5.83872	32.76
36.4935	7.02125e-21	285.663	0.141749	0.128863	2.8085e-22	5.83895	32.8
36.4949	6.59527e-21	285.675	0.141755	0.128868	2.63811e-22	5.83919	32.84
36.4964	6.19513e-21	285.686	0.14176	0.128873	2.47805e-22	5.83942	32.88
36.4978	5.81927e-21	285.698	0.141766	0.128878	2.32771e-22	5.83965	32.92
36.4993	5.46622e-21	285.709	0.141772	0.128883	2.18649e-22	5.83989	32.96
36.5008	5.13458e-21	285.72	0.141777	0.128888	2.05383e-22	5.84012	33
36.5022	4.82307e-21	285.732	0.141783	0.128894	1.92923e-22	5.84036	33.04
36.5037	4.53045e-21	285.743	0.141789	0.128899	1.81218e-22	5.84059	33.08
36.5051	4.25559e-21	285.755	0.141794	0.128904	1.70224e-22	5.84082	33.12
36.5066	3.9974e-21	285.766	0.1418	0.128909	1.59896e-22	5.84106	33.16
36.5081	3.75488e-21	285.778	0.141806	0.128914	1.50195e-22	5.84129	33.2
36.5095	3.52707e-21	285.789	0.141811	0.128919	1.41083e-22	5.84152	33.24
36.511	3.31308e-21	285.8	0.141817	0.128925	1.32523e-22	5.84176	33.28
36.5124	3.11208e-21	285.812	0.141823	0.12893	1.24483e-22	5.84199	33.32
36.5139	2.92327e-21	285.823	0.141828	0.128935	1.16931e-22	5.84222	33.36
36.5154	2.74591e-21	285.835	0.141834	0.12894	1.09837e-22	5.84246	33.4
36.5168	2.57932e-21	285.846	0.14184	0.128945	1.03173e-22	5.84269	33.44
36.5183	2.42283e-21	285.858	0.141845	0.12895	9.69133e-23	5.84293	33.48
36.5197	2.27584e-21	285.869	0.141851	0.128955	9.10336e-23	5.84316	33.52
36.5212	2.13776e-21	285.88	0.141857	0.128961	8.55105e-23	5.84339	33.56
36.5227	2.00807e-21	285.892	0.141862	0.128966	8.03226e-23	5.84363	33.6
36.5241	1.88624e-21	285.903	0.141868	0.128971	7.54494e-23	5.84386	33.64
36.5256	1.7718e-21	285.915	0.141874	0.128976	7.08719e-23	5.84409	33.68
36.527	1.6643e-21	285.926	0.141879	0.128981	6.65721e-23	5.84433	33.72
36.5285	1.56333e-21	285.938	0.141885	0.128986	6.25332e-23	5.84456	33.76
36.53	1.46848e-21	285.949	0.141891	0.128992	5.87393e-23	5.8448	33.8
36.5314	1.37939e-21	285.96	0.141896	0.128997	5.51756e-23	5.84503	33.84
36.5329	1.2957e-21	285.972	0.141902	0.129002	5.18281e-23	5.84526	33.88
36.5344	1.21709e-21	285.983	0.141908	0.129007	4.86837e-23	5.8455	33.92
36.5358	1.14325e-21	285.995	0.141913	0.129012	4.573e-23	5.84573	33.96
36.5373	1.07389e-21	286.006	0.141919	0.129017	4.29556e-23	5.84596	34
36.5387	1.00874e-21	286.018	0.141925	0.129023	4.03495e-23	5.8462	34.04
36.5402	9.47537e-22	286.029	0.14193	0.129028	3.79015e-23	5.84643	34.08
36.5417	8.9005e-22	286.04	0.141936	0.129033	3.5602e-23	5.84667	34.12
36.5431	8.3605e-22	286.052	0.141942	0.129038	3.3442e-23	5.8469	34.16
36.5446	7.85327e-22	286.063	0.141947	0.129043	3.14131e-23	5.84713	34.2
36.546	7.37681e-22	286.075	0.141953	0.129048	2.95073e-23	5.84737	34.24
36.5475	6.92926e-22	286.086	0.141959	0.129054	2.7717e-23	5.8476	34.28
36.549	6.50886e-22	286.098	0.141965	0.129059	2.60355e-23	5.84783	34.32
36.5504	6.11397e-22	286.109	0.14197	0.129064	2.44559e-23	5.84807	34.36
36.5519	5.74304e-22	286.121	0.141976	0.129069	2.29721e-23	5.8483	34.4
36.5534	5.39461e-22	286.132	0.141982	0.129074	2.15784e-23	5.84854	34.44
36.5548	5.06732e-22	286.143	0.141987	0.129079	2.02693e-23	5.84877	34.48
36.5563	4.75988e-22	286.155	0.141993	0.129084	1.90395e-23	5.849	34.52
36.5577	4.4711e-22	286.166	0.141999	0.12909	1.78844e-23	5.84924	34.56
36.5592	4.19984e-22	286.178	0.142004	0.129095	1.67993e-23	5.84947	34.6
36.5607	3.94503e-22	286.189	0.14201	0.1291	1.57801e-23	5.84971	34.64
36.5621	3.70569e-22	286.201	0.142016	0.129105	1.48228e-23	5.84994	34.68
36.5636	3.48086e-22	286.212	0.142021	0.12911	1.39235e-23	5.85017	34.72
36.565	3.26968e-22	286.224	0.142027	0.129115	1.30787e-23	5.85041	34.76
36.5665	3.07131e-22	286.235	0.142033	0.129121	1.22852e-23	5.85064	34.8
36.568	2.88497e-22	286.246	0.142038	0.129126	1.15399e-23	5.85088	34.84
36.5694	2.70994e-22	286.258	0.142044	0.129131	1.08398e-23	5.85111	34.88
36.5709	2.54553e-22	286.269	0.14205	0.129136	1.01821e-23	5.85134	34.92
36.5724	2.39109e-22	286.281	0.142055	0.129141	9.56436e-24	5.85158	34.96
36.5738	2.24602e-22	286.292	0.142061	0.129146	8.98409e-24	5.85181	35
36.5753	2.10976e-22	286.304	0.142067	0.129152	8.43903e-24	5.85205	35.04
36.5767	1.98176e-22	286.315	0.142072	0.129157	7.92703e-24	5.85228	35.08
36.5782	1.86152e-22	286.327	0.142078	0.129162	7.4461e-24	5.85251	35.12
36.5797	1.74859e-22	286.338	0.142084	0.129167	6.99434e-24	5.85275	35.16
36.5811	1.6425e-22	286.35	0.142089	0.129172	6.57e-24	5.85298	35.2
36.5826	1.54285e-22	286.361	0.142095	0.129177	6.1714e-24	5.85322	35.24
36.5841	1.44924e-22	286.372	0.142101	0.129183	5.79698e-24	5.85345	35.28
36.5855	1.36132e-22	286.384	0.142107	0.129188	5.44527e-24	5.85368	35.32
36.587	1.27873e-22	286.395	0.142112	0.129193	5.11491e-24	5.85392	35.36
36.5885	1.20115e-22	286.407	0.142118	0.129198	4.80459e-24	5.85415	35.4
36.5899	1.12827e-22	286.418	0.142124	0.129203	4.51309e-24	5.85439	35.44
36.5914	1.05982e-22	286.43	0.142129	0.129208	4.23928e-24	5.85462	35.48
36.5928	9.95522e-23	286.441	0.142135	0.129214	3.98209e-24	5.85485	35.52
36.5943	9.35123e-23	286.453	0.142141	0.129219	3.74049e-24	5.85509	35.56
36.5958	8.78389e-23	286.464	0.142146	0.129224	3.51356e-24	5.85532	35.6
36.5972	8.25097e-23	286.476	0.142152	0.129229	3.30039e-24	5.85556	35.64
36.5987	7.75039e-23	286.487	0.142158	0.129234	3.10016e-24	5.85579	35.68
36.6002	7.28017e-23	286.498	0.142163	0.129239	2.91207e-24	5.85603	35.72
36.6016	6.83848e-23	286.51	0.142169	0.129245	2.73539e-24	5.85626	35.76
36.6031	6.42359e-23	286.521	0.142175	0.12925	2.56944e-24	5.85649	35.8
36.6046	6.03387e-23	286.533	0.14218	0.129255	2.41355e-24	5.85673	35.84
36.606	5.6678e-23	286.544	0.142186	0.12926	2.26712e-24	5.85696	35.88
36.6075	5.32393e-23	286.556	0.142192	0.129265	2.12957e-24	5.8572	35.92
36.6089	5.00093e-23	286.567	0.142197	0.12927	2.00037e-24	5.85743	35.96
36.6104	4.69752e-23	286.579	0.142203	0.129276	1.87901e-24	5.85767	36
36.6119	4.41252e-23	286.59	0.142209	0.129281	1.76501e-24	5.8579	36.04
36.6133	4.14482e-23	286.602	0.142215	0.129286	1.65793e-24	5.85813	36.08
36.6148	3.89335e-23	286.613	0.14222	0.129291	1.55734e-24	5.85837	36.12
36.6163	3.65714e-23	286.624	0.142226	0.129296	1.46286e-24	5.8586	36.16
36.6177	3.43526e-23	286.636	0.142232	0.129301	1.3741e-24	5.85884	36.2
36.6192	3.22684e-23	286.647	0.142237	0.129307	1.29074e-24	5.85907	36.24
36.6207	3.03107e-23	286.659	0.142243	0.129312	1.21243e-24	5.85931	36.28
36.6221	2.84718e-23	286.67	0.142249	0.129317	1.13887e-24	5.85954	36.32
36.6236	2.67444e-23	286.682	0.142254	0.129322	1.06978e-24	5.85977	36.36
36.6251	2.51218e-23	286.693	0.14226	0.129327	1.00487e-24	5.86001	36.4
36.6265	2.35977e-23	286.705	0.142266	0.129333	9.43906e-25	5.86024	36.44
36.628	2.2166e-23	286.716	0.142271	0.129338	8.8664e-25	5.86048	36.48
36.6294	2.08212e-23	286.728	0.142277	0.129343	8.32847e-25	5.86071	36.52
36.6309	1.9558e-23	286.739	0.142283	0.129348	7.82318e-25	5.86095	36.56
36.6324	1.83714e-23	286.751	0.142289	0.129353	7.34855e-25	5.86118	36.6
36.6338	1.72568e-23	286.762	0.142294	0.129358	6.90271e-25	5.86141	36.64
36.6353	1.62098e-23	286.774	0.1423	0.129364	6.48393e-25	5.86165	36.68
36.6368	1.52264e-23	286.785	0.142306	0.129369	6.09055e-25	5.86188	36.72
36.6382	1.43026e-23	286.796	0.142311	0.129374	5.72103e-25	5.86212	36.76
36.6397	1.34348e-23	286.808	0.142317	0.129379	5.37394e-25	5.86235	36.8
36.6412	1.26198e-23	286.819	0.142323	0.129384	5.0479e-25	5.86259	36.84
36.6426	1.18541e-23	286.831	0.142328	0.129389	4.74164e-25	5.86282	36.88
36.6441	1.11349e-23	286.842	0.142334	0.129395	4.45397e-25	5.86306	36.92
36.6456	1.04594e-23	286.854	0.14234	0.1294	4.18375e-25	5.86329	36.96
36.647	9.8248e-24	286.865	0.142345	0.129405	3.92992e-25	5.86352	37
36.6485	9.22872e-24	286.877	0.142351	0.12941	3.69149e-25	5.86376	37.04
36.65	8.66882e-24	286.888	0.142357	0.129415	3.46753e-25	5.86399	37.08
36.6514	8.14288e-24	286.9	0.142363	0.12942	3.25715e-25	5.86423	37.12
36.6529	7.64885e-24	286.911	0.142368	0.129426	3.05954e-25	5.86446	37.16
36.6544	7.1848e-24	286.923	0.142374	0.129431	2.87392e-25	5.8647	37.2
36.6558	6.74889e-24	286.934	0.14238	0.129436	2.69956e-25	5.86493	37.24
36.6573	6.33944e-24	286.946	0.142385	0.129441	2.53578e-25	5.86517	37.28
36.6588	5.95482e-24	286.957	0.142391	0.129446	2.38193e-25	5.8654	37.32
36.6602	5.59355e-24	286.969	0.142397	0.129452	2.23742e-25	5.86564	37.36
36.6617	5.25418e-24	286.98	0.142402	0.129457	2.10167e-25	5.86587	37.4
36.6632	4.93541e-24	286.992	0.142408	0.129462	1.97417e-25	5.86611	37.44
36.6646	4.63598e-24	287.003	0.142414	0.129467	1.85439e-25	5.86634	37.48
36.6661	4.35472e-24	287.014	0.142419	0.129472	1.74189e-25	5.86657	37.52
36.6676	4.09052e-24	287.026	0.142425	0.129477	1.63621e-25	5.86681	37.56
36.669	3.84234e-24	287.037	0.142431	0.129483	1.53694e-25	5.86704	37.6
36.6705	3.60923e-24	287.049	0.142437	0.129488	1.44369e-25	5.86728	37.64
36.672	3.39026e-24	287.06	0.142442	0.129493	1.3561e-25	5.86751	37.68
36.6734	3.18457e-24	287.072	0.142448	0.129498	1.27383e-25	5.86775	37.72
36.6749	2.99136e-24	287.083	0.142454	0.129503	1.19654e-25	5.86798	37.76
36.6764	2.80988e-24	287.095	0.142459	0.129508	1.12395e-25	5.86822	37.8
36.6778	2.6394e-24	287.106	0.142465	0.129514	1.05576e-25	5.86845	37.84
36.6793	2.47927e-24	287.118	0.142471	0.129519	9.91707e-26	5.86869	37.88
36.6808	2.32885e-24	287.129	0.142476	0.129524	9.31541e-26	5.86892	37.92
36.6822	2.18756e-24	287.141	0.142482	0.129529	8.75024e-26	5.86916	37.96
36.6837	2.05484e-24	287.152	0.142488	0.129534	8.21936e-26	5.86939	38
36.6852	1.93017e-24	287.164	0.142494	0.12954	7.72069e-26	5.86963	38.04
36.6866	1.81307e-24	287.175	0.142499	0.129545	7.25228e-26	5.86986	38.08
36.6881	1.70307e-24	287.187	0.142505	0.12955	6.81228e-26	5.87009	38.12
36.6896	1.59975e-24	287.198	0.142511	0.129555	6.39898e-26	5.87033	38.16
36.691	1.50269e-24	287.21	0.142516	0.12956	6.01076e-26	5.87056	38.2
36.6925	1.41152e-24	287.221	0.142522	0.129565	5.64608e-26	5.8708	38.24
36.694	1.32588e-24	287.233	0.142528	0.129571	5.30353e-26	5.87103	38.28
36.6954	1.24544e-24	287.244	0.142533	0.129576	4.98177e-26	5.87127	38.32
36.6969	1.16988e-24	287.256	0.142539	0.129581	4.67952e-26	5.8715	38.36
36.6984	1.0989e-24	287.267	0.142545	0.129586	4.39562e-26	5.87174	38.4
36.6998	1.03223e-24	287.279	0.142551	0.129591	4.12894e-26	5.87197	38.44
36.7013	9.69608e-25	287.29	0.142556	0.129597	3.87843e-26	5.87221	38.48
36.7028	9.10782e-25	287.302	0.142562	0.129602	3.64313e-26	5.87244	38.52
36.7042	8.55525e-25	287.313	0.142568	0.129607	3.4221e-26	5.87268	38.56
36.7057	8.0362e-25	287.325	0.142573	0.129612	3.21448e-26	5.87291	38.6
36.7072	7.54865e-25	287.336	0.142579	0.129617	3.01946e-26	5.87315	38.64
36.7086	7.09067e-25	287.348	0.142585	0.129622	2.83627e-26	5.87338	38.68
36.7101	6.66048e-25	287.359	0.14259	0.129628	2.66419e-26	5.87362	38.72
36.7116	6.25639e-25	287.371	0.142596	0.129633	2.50255e-26	5.87385	38.76
36.713	5.87681e-25	287.382	0.142602	0.129638	2.35072e-26	5.87409	38.8
36.7145	5.52027e-25	287.394	0.142608	0.129643	2.20811e-26	5.87432	38.84
36.716	5.18535e-25	287.405	0.142613	0.129648	2.07414e-26	5.87456	38.88
36.7174	4.87076e-25	287.417	0.142619	0.129654	1.9483e-26	5.87479	38.92
36.7189	4.57525e-25	287.428	0.142625	0.129659	1.8301e-26	5.87503	38.96
36.7204	4.29767e-25	287.44	0.14263	0.129664	1.71907e-26	5.87526	39
36.7219	4.03693e-25	287.451	0.142636	0.129669	1.61477e-26	5.8755	39.04
36.7233	3.79201e-25	287.463	0.142642	0.129674	1.5168e-26	5.87573	39.08
36.7248	3.56195e-25	287.474	0.142647	0.12968	1.42478e-26	5.87597	39.12
36.7263	3.34584e-25	287.486	0.142653	0.129685	1.33834e-26	5.8762	39.16
36.7277	3.14285e-25	287.497	0.142659	0.12969	1.25714e-26	5.87644	39.2
36.7292	2.95217e-25	287.508	0.142665	0.129695	1.18087e-26	5.87667	39.24
36.7307	2.77306e-25	287.52	0.14267	0.1297	1.10923e-26	5.87691	39.28
36.7321	2.60482e-25	287.531	0.142676	0.129705	1.04193e-26	5.87714	39.32
36.7336	2.44679e-25	287.543	0.142682	0.129711	9.78715e-27	5.87738	39.36
36.7351	2.29834e-25	287.554	0.142687	0.129716	9.19337e-27	5.87761	39.4
36.7365	2.1589e-25	287.566	0.142693	0.129721	8.6356e-27	5.87785	39.44
36.738	2.02792e-25	287.577	0.142699	0.129726	8.11168e-27	5.87808	39.48
36.7395	1.90489e-25	287.589	0.142705	0.129731	7.61955e-27	5.87832	39.52
36.741	1.78932e-25	287.6	0.14271	0.129737	7.15727e-27	5.87855	39.56
36.7424	1.68076e-25	287.612	0.142716	0.129742	6.72304e-27	5.87879	39.6
36.7439	1.57879e-25	287.624	0.142722	0.129747	6.31515e-27	5.87902	39.64
36.7454	1.483e-25	287.635	0.142727	0.129752	5.93201e-27	5.87926	39.68
36.7468	1.39303e-25	287.647	0.142733	0.129757	5.57211e-27	5.87949	39.72
36.7483	1.30851e-25	287.658	0.142739	0.129763	5.23405e-27	5.87973	39.76
36.7498	1.22913e-25	287.67	0.142744	0.129768	4.9165e-27	5.87996	39.8
36.7512	1.15455e-25	287.681	0.14275	0.129773	4.61822e-27	5.8802	39.84
36.7527	1.08451e-25	287.693	0.142756	0.129778	4.33803e-27	5.88043	39.88
36.7542	1.01871e-25	287.704	0.142762	0.129783	4.07484e-27	5.88067	39.92
36.7556	9.56906e-26	287.716	0.142767	0.129788	3.82762e-27	5.8809	39.96
